Kepler I.D.-----Channel

[8746310]--------[42]

-TTYPE1--------TTYPE8------------TTYPE4-----------TTYPE15------------TTYPE17-----------TTYPE6

['TIME']---['PDCSAP_FLUX']---['SAP_FLUX']---['MOM_CENTR1']---['MOM_CENTR2']---['SAP_BKG']

['BJD - 2454833']--['e-/s']--------['e-/s']---------['pixel']---------['pixel']----------['e-/s']

CROWDSAP --- 0.9777

8746310

1559.24660874,  18315.9,  15658.4,  387.678141066,  102.019332566,  1209.49
1559.26704296,  18307.9,  15652.2,  387.677184858,  102.019467889,  1208.16
1559.28747729,  18312.2,  15655.3,  387.67804012,  102.019652188,  1208.91
1559.30791141,  18315.2,  15656.8,  387.677344494,  102.019488394,  1209.0
1559.32834564,  18308.8,  15651.3,  387.677499934,  102.019931637,  1208.18
1559.34877996,  18314.7,  15655.0,  387.677637939,  102.018905869,  1208.68
1559.36921409,  18306.5,  15647.6,  387.677392453,  102.019192129,  1207.8
1559.38964841,  18319.5,  15658.8,  387.677348205,  102.019538229,  1209.02
1559.41008264,  18311.1,  15649.7,  387.677204399,  102.019356419,  1208.23
1559.43051686,  18305.5,  15645.2,  387.677947918,  102.018717785,  1207.68
1559.45095109,  18318.5,  15655.1,  387.677213942,  102.019514213,  1206.85
1559.47138531,  18307.6,  15644.5,  387.677817097,  102.019064951,  1206.89
1559.49181954,  18316.3,  15652.0,  387.677435725,  102.019346817,  1207.12
1559.51225376,  18316.0,  15650.4,  387.677715387,  102.019861795,  1207.04
1559.53268799,  18315.6,  15649.2,  387.677393149,  102.019473125,  1207.31
1559.55312222,  18325.8,  15658.0,  387.678597367,  102.019237348,  1207.21
1559.57355644,  18328.6,  15658.2,  387.677861592,  102.02017703,  1206.02
1559.59399067,  18333.0,  15661.9,  387.677548087,  102.020177231,  1206.55
1559.6144249,  18327.1,  15656.9,  387.678289818,  102.019594275,  1207.31
1559.63485912,  18324.8,  15653.5,  387.677703007,  102.019888009,  1206.66
1559.65529335,  18321.6,  15650.2,  387.677398467,  102.019611156,  1206.57
1559.67572768,  18326.3,  15654.2,  387.678525507,  102.019630271,  1205.54
1559.69616181,  18330.8,  15657.0,  387.677880841,  102.019073954,  1205.68
1559.71659603,  18325.6,  15652.9,  387.677653592,  102.019464168,  1205.43
1559.73703036,  18330.8,  15656.0,  387.677620394,  102.020138313,  1205.64
1559.75746449,  18333.4,  15657.6,  387.67810551,  102.01920945,  1205.32
1559.77789882,  18352.5,  15673.6,  387.677612283,  102.019516246,  1205.58
1559.79833305,  18330.6,  15653.9,  387.67754966,  102.019656846,  1205.05
1559.81876718,  18329.2,  15652.8,  387.677703948,  102.02037161,  1205.13
1559.8392015,  18342.3,  15663.7,  387.676798008,  102.02064822,  1205.37
1559.85963573,  18338.5,  15658.9,  387.677575377,  102.019816644,  1206.41
1559.88006986,  18345.5,  15664.9,  387.678003958,  102.01963423,  1205.05
1559.90050419,  18344.6,  15664.2,  387.678382481,  102.019899192,  1204.95
1559.92093842,  18345.2,  15663.4,  387.677647357,  102.019918521,  1205.61
1559.94137275,  18339.7,  15659.9,  387.677122483,  102.01999034,  1204.19
1559.96180688,  18345.2,  15662.9,  387.677632725,  102.019942011,  1205.27
1559.98224111,  18354.4,  15669.8,  387.678596679,  102.019809349,  1203.62
1560.00267544,  18355.6,  15671.8,  387.6771622,  102.020902687,  1204.98
1560.02310957,  18358.9,  15673.4,  387.677427464,  102.020623692,  1203.84
1560.0435438,  18353.7,  15668.7,  387.677580829,  102.020324125,  1204.14
1560.06397813,  18357.7,  15672.8,  387.678036575,  102.020505829,  1203.33
1560.08441226,  18347.3,  15663.0,  387.677531645,  102.020217593,  1202.96
1560.1048466,  18352.5,  15667.5,  387.677973625,  102.020557049,  1204.38
1560.12528083,  18362.7,  15675.4,  387.678330547,  102.02002097,  1203.26
1560.14571496,  18355.9,  15668.8,  387.678155995,  102.020439636,  1204.79
1560.16614929,  18362.6,  15675.2,  387.67768577,  102.020315106,  1203.12
1560.18658352,  18362.5,  15673.2,  387.677098919,  102.020429399,  1203.75
1560.20701765,  18362.0,  15674.0,  387.677902806,  102.020308098,  1202.31
1560.22745199,  18365.5,  15677.8,  387.67745441,  102.019923502,  1202.73
1560.24788622,  18358.7,  15670.7,  387.678017728,  102.020566058,  1203.09
1560.26832035,  18360.0,  15671.4,  387.677336241,  102.0205052,  1202.94
1560.28875468,  18371.2,  15681.7,  387.677838143,  102.020362512,  1202.18
1560.30918892,  18368.2,  15677.7,  387.677552941,  102.02036612,  1202.26
1560.32962315,  18360.5,  15672.5,  387.677602192,  102.020844695,  1202.07
1560.35005738,  18365.0,  15675.3,  387.677789562,  102.019795952,  1201.34
1560.37049162,  18368.1,  15677.8,  387.678708984,  102.019950605,  1202.36
1560.39092595,  18368.3,  15679.0,  387.67751592,  102.020093003,  1201.42
1560.41136008,  18362.6,  15672.9,  387.678000045,  102.021185369,  1202.38
1560.43179432,  18374.3,  15682.3,  387.674807981,  102.019293997,  1200.88
1560.45222865,  18370.2,  15679.7,  387.676819654,  102.020241204,  1200.35
1560.47266279,  18369.3,  15678.2,  387.677325368,  102.020820951,  1201.13
1560.49309712,  18370.4,  15680.0,  387.677878924,  102.020431646,  1202.24
1560.51353136,  18363.3,  15674.1,  387.67733164,  102.019316732,  1200.89
1560.53396549,  18363.3,  15673.5,  387.678341107,  102.020146512,  1201.14
1560.55439983,  18364.8,  15675.3,  387.677549524,  102.020521769,  1200.54
1560.57483406,  18380.2,  15688.0,  387.67728727,  102.02106438,  1201.52
1560.5952682,  18371.6,  15680.0,  387.678152712,  102.020484551,  1200.4
1560.61570253,  18363.6,  15674.6,  387.676956487,  102.020924307,  1199.91
1560.63613677,  18370.4,  15679.2,  387.678165011,  102.020423108,  1200.96
1560.656571,  18377.4,  15684.9,  387.678606146,  102.020302415,  1199.81
1560.67700524,  18372.0,  15681.1,  387.677178288,  102.02112679,  1200.48
1560.69743948,  18381.5,  15687.9,  387.67761552,  102.020177637,  1201.53
1560.73830795,  18378.5,  15687.0,  387.677714447,  102.020605593,  1200.38
1560.75874218,  18378.8,  15686.5,  387.67728018,  102.020531695,  1199.34
1560.77917652,  18378.7,  15686.9,  387.677428437,  102.020368118,  1200.58
1560.79961066,  18364.7,  15675.6,  387.678006724,  102.020116215,  1200.32
1560.8200449,  18369.1,  15679.3,  387.67795519,  102.01970461,  1200.22
1560.84047923,  18373.0,  15682.5,  387.677728937,  102.020177848,  1205.82
1560.96308466,  18389.7,  15696.1,  387.675697306,  102.020136038,  1216.55
1560.9835188,  18381.9,  15693.4,  387.678464283,  102.020457847,  1215.4
1561.00395314,  18378.5,  15692.0,  387.676357844,  102.019345027,  1214.36
1561.02438738,  18384.1,  15695.0,  387.675990973,  102.018789817,  1212.17
1561.04482172,  18391.7,  15702.0,  387.678313838,  102.021438006,  1212.96
1561.06525586,  18421.4,  15726.9,  387.678162877,  102.01971536,  1211.37
1561.0856901,  18378.2,  15692.7,  387.677438045,  102.019904045,  1209.02
1561.10612444,  18377.8,  15689.8,  387.677307412,  102.019368198,  1209.2
1561.12655858,  18366.3,  15681.4,  387.678302673,  102.020147532,  1212.69
1561.14699282,  18358.5,  15674.7,  387.676680499,  102.020409534,  1211.37
1561.16742716,  18367.6,  15682.5,  387.677310634,  102.021350569,  1209.19
1561.1878613,  18382.3,  15693.8,  387.677377946,  102.021000687,  1208.07
1561.20829554,  18397.3,  15706.5,  387.678316678,  102.019578019,  1205.69
1561.22872988,  18379.6,  15691.8,  387.678144213,  102.020530772,  1205.3
1561.24916402,  18379.1,  15690.4,  387.678522065,  102.020703729,  1206.03
1561.26959836,  18381.6,  15693.0,  387.677880146,  102.020595177,  1205.54
1561.2900326,  18391.5,  15701.6,  387.67929894,  102.020536418,  1204.95
1561.31046684,  18382.6,  15693.2,  387.677822114,  102.01987586,  1202.76
1561.33090108,  18376.5,  15688.7,  387.677634957,  102.020100705,  1203.58
1561.35133533,  18385.7,  15695.7,  387.678861774,  102.021138851,  1202.09
1561.37176957,  18382.4,  15692.9,  387.677631766,  102.0203247,  1203.61
1561.39220381,  18391.0,  15700.3,  387.67874551,  102.020126727,  1201.14
1561.41263805,  18386.3,  15696.4,  387.67678295,  102.02021636,  1201.11
1561.43307239,  18392.5,  15700.7,  387.678403732,  102.020862125,  1201.07
1561.45350654,  18398.9,  15707.7,  387.678624502,  102.019963497,  1201.67
1561.47394078,  18386.6,  15696.2,  387.678042587,  102.020125586,  1200.45
1561.49437502,  18391.9,  15700.3,  387.678601793,  102.02082687,  1200.51
1561.51480927,  18423.5,  15727.0,  387.677003635,  102.021497937,  1200.15
1561.53524351,  18415.7,  15719.8,  387.678094224,  102.021060606,  1199.35
1561.55567785,  18402.1,  15708.2,  387.678494378,  102.020544615,  1199.64
1561.576112,  18417.3,  15721.4,  387.678681073,  102.019628672,  1198.64
1561.59654624,  18409.9,  15714.2,  387.677941072,  102.019919323,  1198.54
1561.61698058,  18401.8,  15706.7,  387.678494792,  102.02130513,  1198.57
1561.63741473,  18407.1,  15712.1,  387.679684238,  102.020918784,  1198.78
1561.65784907,  18410.8,  15714.0,  387.678975001,  102.020053722,  1198.27
1561.67828332,  18427.1,  15728.0,  387.677994326,  102.019738477,  1197.76
1561.69871746,  18416.7,  15719.0,  387.678826884,  102.020668718,  1198.2
1561.71915181,  18415.3,  15717.0,  387.678361032,  102.021220513,  1197.12
1561.73958605,  18425.7,  15726.4,  387.679145083,  102.021294675,  1197.57
1561.7600202,  18414.5,  15717.0,  387.67960105,  102.020845975,  1197.43
1561.78045454,  18416.4,  15717.6,  387.678633559,  102.020726159,  1196.22
1561.80088879,  18417.0,  15719.0,  387.678430607,  102.020667335,  1197.47
1561.82132313,  18418.0,  15718.4,  387.678028177,  102.020426992,  1196.62
1561.84175728,  18436.7,  15734.5,  387.678031821,  102.020672143,  1196.46
1561.86219152,  18424.2,  15724.7,  387.679657344,  102.020207948,  1195.43
1561.88262587,  18441.6,  15736.9,  387.679728745,  102.020376483,  1195.05
1561.90306002,  18434.7,  15732.2,  387.678925924,  102.020676461,  1196.38
1561.92349426,  18440.9,  15737.1,  387.677954086,  102.021867207,  1194.79
1561.94392861,  18146.1,  15491.7,  387.675978238,  102.019407836,  1194.11
1561.96436276,  17542.2,  14989.3,  387.673441689,  102.017700538,  1195.68
1561.984797,  17145.9,  14657.8,  387.6702084,  102.015565956,  1194.02
1562.00523135,  17211.3,  14711.9,  387.669382771,  102.016046308,  1194.08
1562.0256656,  17695.6,  15116.4,  387.673082376,  102.018283886,  1194.31
1562.04609984,  18299.4,  15616.8,  387.677827866,  102.020210623,  1195.05
1562.06653409,  18450.7,  15744.3,  387.678247046,  102.020708116,  1194.68
1562.08696824,  18439.9,  15735.9,  387.678264343,  102.021237526,  1195.22
1562.10740259,  18445.9,  15739.3,  387.678668115,  102.021534525,  1194.19
1562.12783684,  18443.5,  15739.0,  387.679477481,  102.021019733,  1193.41
1562.14827098,  18455.0,  15747.3,  387.677950393,  102.020791446,  1194.48
1562.16870533,  18447.2,  15740.8,  387.678097954,  102.022022433,  1193.75
1562.18913958,  18457.0,  15749.2,  387.678381218,  102.020811411,  1193.6
1562.20957393,  18455.9,  15747.3,  387.678882956,  102.021038895,  1193.12
1562.23000808,  18458.4,  15750.3,  387.679483314,  102.020767774,  1193.63
1562.25044233,  18447.4,  15741.0,  387.678292246,  102.020872148,  1193.92
1562.27087668,  18455.9,  15747.0,  387.679143674,  102.021184662,  1193.04
1562.29131083,  18449.4,  15742.4,  387.679108246,  102.019712877,  1192.72
1562.31174508,  18449.2,  15742.6,  387.678490418,  102.020969567,  1192.61
1562.33217943,  18465.5,  15754.5,  387.678792497,  102.021057585,  1193.64
1562.35261358,  18457.4,  15748.8,  387.679070447,  102.020712207,  1192.36
1562.37304793,  18462.5,  15753.3,  387.678797393,  102.020760418,  1192.0
1562.39348218,  18465.7,  15755.1,  387.678944461,  102.020991405,  1193.08
1562.41391633,  18455.5,  15747.4,  387.678753549,  102.02102656,  1191.64
1562.43435068,  18473.0,  15760.2,  387.678729951,  102.021128368,  1191.11
1562.45478493,  18471.6,  15760.6,  387.679160164,  102.020682064,  1191.74
1562.47521908,  18463.4,  15753.9,  387.679024282,  102.020693015,  1192.25
1562.49565343,  18476.5,  15763.6,  387.67815882,  102.02132219,  1191.84
1562.51608768,  18473.9,  15761.8,  387.678899515,  102.021529503,  1191.59
1562.53652193,  18485.9,  15772.5,  387.67955939,  102.021950098,  1190.47
1562.55695619,  18468.4,  15757.0,  387.678262328,  102.021259234,  1190.89
1562.57739044,  18473.7,  15763.1,  387.678938893,  102.021581046,  1189.75
1562.59782479,  18482.6,  15769.2,  387.679439869,  102.020619425,  1191.22
1562.61825894,  18474.6,  15763.1,  387.678238736,  102.021573458,  1190.82
1562.63869319,  18484.0,  15771.1,  387.68070069,  102.021290516,  1190.32
1562.65912755,  18480.9,  15767.7,  387.679445351,  102.021375844,  1190.46
1562.6795618,  18469.0,  15758.5,  387.67837954,  102.021495397,  1189.92
1562.69999595,  18475.8,  15763.8,  387.679503925,  102.02073862,  1190.41
1562.72043031,  18478.2,  15764.6,  387.678592664,  102.021433884,  1189.64
1562.74086446,  18464.5,  15754.0,  387.678530007,  102.021348107,  1190.61
1562.76129881,  18473.3,  15761.6,  387.67851385,  102.021947501,  1189.64
1562.78173307,  18476.5,  15763.4,  387.678372584,  102.021859981,  1190.12
1562.80216722,  18476.8,  15764.6,  387.678449504,  102.021882189,  1189.24
1562.82260157,  18486.0,  15770.7,  387.679039571,  102.021733465,  1189.86
1562.84303583,  18482.5,  15767.9,  387.678670697,  102.022140644,  1189.6
1562.86346998,  18464.2,  15754.0,  387.678535749,  102.021255683,  1189.17
1562.88390434,  18476.6,  15763.1,  387.678460612,  102.02191839,  1189.79
1562.90433859,  18474.2,  15761.8,  387.679366158,  102.02127562,  1188.19
1562.92477274,  18473.7,  15761.6,  387.678147974,  102.021124187,  1189.8
1562.9452071,  18477.5,  15764.0,  387.679088101,  102.021157588,  1189.09
1562.96564135,  18465.1,  15754.1,  387.678541066,  102.021090588,  1189.15
1562.98607571,  18466.2,  15754.8,  387.679712454,  102.021127539,  1189.19
1563.00650986,  18470.5,  15757.3,  387.679171279,  102.021113354,  1189.15
1563.02694412,  18464.4,  15753.8,  387.678890076,  102.021549616,  1189.89
1563.04737848,  18473.9,  15760.9,  387.679317161,  102.021622259,  1189.38
1563.06781263,  18454.7,  15745.1,  387.679150111,  102.021765628,  1189.79
1563.08824689,  18468.7,  15757.0,  387.6790374,  102.021346846,  1189.08
1563.10868124,  18468.5,  15756.4,  387.679297548,  102.020485575,  1189.12
1563.1291154,  18458.7,  15748.4,  387.679396292,  102.021106448,  1190.28
1563.14954976,  18467.4,  15755.5,  387.678908285,  102.020699583,  1188.96
1563.16998401,  18459.0,  15747.4,  387.678594694,  102.02128385,  1189.36
1563.19041827,  18464.7,  15753.0,  387.678498029,  102.021640623,  1189.83
1563.21085253,  18472.1,  15759.5,  387.678278892,  102.021748772,  1188.39
1563.23128678,  18469.6,  15756.7,  387.678476651,  102.022248248,  1188.99
1563.25172104,  18459.1,  15748.9,  387.678686152,  102.021554782,  1188.14
1563.2721553,  18461.1,  15749.7,  387.678775541,  102.021420311,  1189.19
1563.29258956,  18460.2,  15748.9,  387.678311838,  102.021539814,  1190.99
1563.31302381,  18460.2,  15749.4,  387.679007505,  102.021660978,  1194.57
1563.33345817,  18448.2,  15738.7,  387.678887643,  102.022180522,  1195.03
1563.35389233,  18455.4,  15745.2,  387.678900524,  102.021298532,  1195.28
1563.37432659,  18454.1,  15744.6,  387.679634818,  102.021351075,  1195.24
1563.39476085,  18440.6,  15732.0,  387.678829248,  102.022290421,  1195.14
1563.4151951,  18451.7,  15742.4,  387.67881139,  102.021488532,  1196.23
1563.43562946,  18440.4,  15731.7,  387.678417014,  102.02114881,  1195.24
1563.45606362,  18438.8,  15731.5,  387.67905497,  102.021719472,  1195.14
1563.47649788,  18442.4,  15734.4,  387.678751514,  102.02104962,  1195.84
1563.49693224,  18433.9,  15726.5,  387.678197595,  102.021499486,  1195.23
1563.5173664,  18441.2,  15732.4,  387.678956552,  102.021330662,  1195.59
1563.53780076,  18454.6,  15745.2,  387.679800718,  102.021621124,  1195.46
1563.55823502,  18435.8,  15728.7,  387.678807013,  102.021573244,  1195.5
1563.57866918,  18443.9,  15735.7,  387.67772151,  102.022042195,  1194.67
1563.59910354,  18439.3,  15731.9,  387.678566773,  102.020633833,  1192.85
1563.6195378,  18446.2,  15737.0,  387.678599255,  102.021732374,  1192.32
1563.63997196,  18442.5,  15733.9,  387.678681694,  102.020523587,  1192.33
1563.66040632,  18430.3,  15724.6,  387.678827006,  102.021159882,  1193.39
1563.68084058,  18435.4,  15727.5,  387.678915155,  102.021430569,  1191.28
1563.7217091,  18425.5,  15720.2,  387.678466798,  102.021522637,  1191.14
1563.74214336,  18433.4,  15726.7,  387.679149687,  102.021535134,  1190.49
1563.76257772,  18426.6,  15721.9,  387.678724818,  102.021484176,  1190.21
1563.78301189,  18421.7,  15717.4,  387.679009698,  102.021484888,  1190.47
1563.80344615,  18428.3,  15723.1,  387.678808494,  102.021548096,  1190.43
1563.82388051,  18423.7,  15720.3,  387.678666888,  102.021660814,  1189.84
1563.84431477,  18418.6,  15714.8,  387.678866665,  102.02122774,  1191.13
1563.86474893,  18426.3,  15722.1,  387.678574837,  102.02190372,  1190.89
1563.8851833,  18419.0,  15716.3,  387.678747271,  102.022083411,  1191.51
1563.90561756,  18422.0,  15718.8,  387.678955132,  102.021482352,  1192.57
1563.92605182,  18414.9,  15713.3,  387.678634782,  102.021910454,  1191.89
1563.94648608,  18422.3,  15719.4,  387.678917579,  102.021621243,  1190.72
1563.96692035,  18420.8,  15718.6,  387.678765463,  102.021387725,  1192.28
1563.98735461,  18406.2,  15706.6,  387.679301819,  102.020900916,  1191.88
1564.00778887,  18425.6,  15721.8,  387.679115264,  102.02051476,  1191.92
1564.02822314,  18422.9,  15720.1,  387.679085384,  102.020993141,  1191.61
1564.0486574,  18406.9,  15708.1,  387.678793373,  102.021821765,  1191.37
1564.06909166,  18419.2,  15717.0,  387.678963151,  102.020770024,  1191.48
1564.08952603,  18420.7,  15719.2,  387.678733698,  102.02123551,  1192.03
1564.10996019,  18411.7,  15711.5,  387.679547918,  102.021333425,  1192.66
1564.13039446,  18407.8,  15707.7,  387.677856382,  102.021456149,  1193.95
1564.15082882,  18406.6,  15708.1,  387.678795154,  102.022206598,  1191.96
1564.17126298,  18400.3,  15702.0,  387.678451509,  102.021152926,  1191.84
1564.19169725,  18408.5,  15708.5,  387.678485286,  102.021022635,  1191.01
1564.21213161,  18409.8,  15710.1,  387.679385119,  102.021510171,  1192.59
1564.23256578,  18402.9,  15704.2,  387.678205036,  102.021161728,  1191.29
1564.25300004,  18395.0,  15697.5,  387.679534581,  102.021551259,  1191.64
1564.27343441,  18398.1,  15700.3,  387.678416351,  102.022318671,  1191.57
1564.29386857,  18399.8,  15701.2,  387.679376094,  102.021482032,  1190.16
1564.31430294,  18391.3,  15694.8,  387.678907561,  102.022020192,  1189.21
1564.33473721,  18399.3,  15701.2,  387.67950939,  102.021530474,  1192.5
1564.35517137,  18409.1,  15708.7,  387.678772069,  102.022686285,  1188.1
1564.37560574,  18389.7,  15693.3,  387.678641043,  102.021995422,  1189.0
1564.39604,  18393.8,  15695.8,  387.67845568,  102.021460729,  1189.45
1564.41647427,  18389.0,  15692.1,  387.679551453,  102.021354023,  1188.89
1564.43690854,  18383.5,  15687.8,  387.678930946,  102.021374494,  1189.0
1564.4573428,  18390.4,  15692.7,  387.679022658,  102.021337069,  1188.82
1564.47777717,  18378.2,  15683.5,  387.678256085,  102.021571258,  1187.65
1564.49821144,  18376.3,  15681.6,  387.678737393,  102.022154493,  1187.35
1564.51864561,  18380.6,  15684.5,  387.678194169,  102.022373979,  1186.15
1564.53907997,  18378.6,  15683.2,  387.678844499,  102.021331953,  1186.79
1564.55951424,  18379.3,  15683.6,  387.678571896,  102.021454656,  1185.95
1564.57994841,  18376.6,  15680.6,  387.679101923,  102.021234003,  1185.09
1564.60038278,  18381.1,  15685.7,  387.679120553,  102.02113486,  1186.11
1564.62081704,  18370.4,  15675.5,  387.678963565,  102.021324152,  1185.18
1564.64125121,  18370.0,  15675.0,  387.679278683,  102.020905798,  1184.11
1564.66168558,  18378.2,  15682.0,  387.678823166,  102.021782938,  1183.34
1564.68211975,  18376.0,  15678.8,  387.678605085,  102.021694771,  1182.96
1564.70255412,  18374.4,  15678.5,  387.678495975,  102.021882418,  1182.38
1564.72298839,  18366.4,  15671.3,  387.678827864,  102.021520237,  1181.33
1564.74342255,  18362.0,  15668.1,  387.678357943,  102.022498801,  1182.08
1564.76385692,  18368.9,  15673.3,  387.67838024,  102.020745571,  1179.47
1564.78429119,  18361.7,  15666.5,  387.679003192,  102.021364827,  1180.1
1564.80472536,  18369.2,  15673.2,  387.678305705,  102.021554281,  1181.18
1564.82515973,  18363.6,  15668.7,  387.677685607,  102.021694681,  1180.25
1564.845594,  18361.6,  15666.0,  387.678149992,  102.021557793,  1180.01
1564.86602837,  18366.7,  15669.8,  387.67824498,  102.022129695,  1180.84
1564.88646254,  18368.4,  15672.2,  387.678548516,  102.021580636,  1180.77
1564.90689681,  18366.1,  15668.8,  387.679173227,  102.020655081,  1178.6
1564.92733118,  18369.5,  15672.7,  387.678821402,  102.021310078,  1179.3
1564.94776535,  18361.4,  15665.8,  387.678274468,  102.022352686,  1178.72
1564.96819962,  18362.8,  15666.0,  387.678400456,  102.021357244,  1179.57
1564.98863399,  18369.3,  15671.7,  387.678785182,  102.021626338,  1178.66
1565.00906816,  18367.4,  15670.2,  387.679286803,  102.020832255,  1178.3
1565.02950244,  18355.2,  15659.5,  387.678378485,  102.021943385,  1177.64
1565.04993681,  18363.4,  15667.6,  387.678573497,  102.021780016,  1178.76
1565.07037108,  18354.9,  15658.9,  387.678343965,  102.021509775,  1179.14
1565.09080535,  18365.9,  15668.3,  387.678006512,  102.02169363,  1177.96
1565.11123962,  18349.1,  15654.8,  387.678764925,  102.021941471,  1178.29
1565.13167389,  18358.3,  15660.6,  387.678971958,  102.021536206,  1178.58
1565.15210817,  18357.0,  15660.6,  387.679122279,  102.02161804,  1178.64
1565.17254244,  18363.7,  15666.1,  387.678589013,  102.021650667,  1178.73
1565.19297671,  18352.4,  15656.2,  387.678803019,  102.021042292,  1176.89
1565.21341108,  18359.6,  15662.3,  387.678767398,  102.021523377,  1178.24
1565.23384526,  18360.0,  15662.2,  387.6787287,  102.02091248,  1178.63
1565.25427963,  18340.5,  15646.2,  387.678399911,  102.021463794,  1179.12
1565.2747139,  18352.4,  15656.8,  387.67895642,  102.021317807,  1177.91
1565.29514807,  18347.5,  15651.2,  387.678406259,  102.021242578,  1177.47
1565.31558245,  18342.2,  15647.0,  387.678986559,  102.021453986,  1177.57
1565.33601662,  18347.3,  15651.7,  387.678318369,  102.021322508,  1176.94
1565.35645089,  18337.7,  15642.6,  387.678487233,  102.021253942,  1177.75
1565.37688527,  18290.4,  15603.7,  387.678053654,  102.02204623,  1177.54
1565.39731944,  18194.7,  15523.9,  387.676975899,  102.020823803,  1178.32
1565.41775372,  18157.4,  15492.2,  387.677232122,  102.021265262,  1179.52
1565.43818809,  18183.2,  15514.5,  387.677775006,  102.020934873,  1177.79
1565.45862226,  18263.2,  15580.2,  387.67727049,  102.021984904,  1179.5
1565.47905664,  18335.7,  15640.3,  387.678709221,  102.021544844,  1177.48
1565.49949091,  18333.2,  15639.5,  387.678253326,  102.021001039,  1179.09
1565.51992509,  18337.9,  15642.5,  387.67870249,  102.021287138,  1179.12
1565.54035946,  18328.6,  15633.9,  387.678957613,  102.021501646,  1179.39
1565.56079374,  18323.3,  15630.3,  387.678956305,  102.021648995,  1180.04
1565.58122801,  18335.2,  15639.1,  387.678816133,  102.021483043,  1179.12
1565.60166229,  18329.1,  15635.2,  387.678524292,  102.021490538,  1178.4
1565.62209657,  18328.7,  15634.2,  387.678409401,  102.021730056,  1179.02
1565.64253094,  18330.1,  15634.9,  387.678653257,  102.021163542,  1178.69
1565.66296512,  18327.5,  15633.2,  387.678468517,  102.022200727,  1180.26
1565.68339939,  18332.5,  15636.3,  387.678862396,  102.021611976,  1178.62
1565.70383377,  18314.2,  15621.5,  387.678692054,  102.021170151,  1178.0
1565.72426805,  18327.2,  15633.1,  387.677481284,  102.022139403,  1178.08
1565.74470222,  18330.1,  15633.8,  387.678184831,  102.021996929,  1178.86
1565.7651366,  18331.1,  15635.1,  387.678270437,  102.021714022,  1177.63
1565.78557088,  18320.6,  15627.3,  387.678194466,  102.021783215,  1176.84
1565.80600515,  18326.4,  15631.4,  387.678174687,  102.021525756,  1176.47
1565.82643943,  18316.2,  15624.1,  387.678098026,  102.021707085,  1178.07
1565.84687371,  18310.2,  15617.7,  387.677835312,  102.021222005,  1177.13
1565.86730808,  18305.2,  15613.4,  387.678495494,  102.022244779,  1176.46
1565.88774226,  18312.6,  15620.1,  387.67838969,  102.021678634,  1175.6
1565.90817654,  18317.6,  15623.0,  387.678072615,  102.022181505,  1176.76
1565.92861092,  18317.2,  15623.5,  387.678506773,  102.021374643,  1176.87
1565.9490451,  18301.1,  15610.5,  387.677745961,  102.021875924,  1175.08
1565.96947937,  18315.9,  15621.9,  387.678724435,  102.021633841,  1174.9
1565.98991365,  18311.9,  15618.5,  387.678764592,  102.021860869,  1176.26
1566.01034793,  18302.3,  15610.2,  387.67802822,  102.02170658,  1176.45
1566.03078231,  18310.4,  15617.2,  387.678604709,  102.021027332,  1175.67
1566.05121649,  18315.6,  15622.6,  387.678256141,  102.022099822,  1176.43
1566.07165077,  18308.7,  15615.5,  387.677968707,  102.022202672,  1175.24
1566.09208515,  18312.1,  15618.0,  387.678371613,  102.021418318,  1174.59
1566.11251933,  18308.4,  15616.2,  387.677959385,  102.021796906,  1174.62
1566.1329536,  18307.8,  15614.2,  387.678317648,  102.021755505,  1175.62
1566.15338798,  18302.8,  15610.1,  387.678892566,  102.021719037,  1174.82
1566.17382216,  18302.2,  15611.1,  387.678441054,  102.022002919,  1175.37
1566.19425654,  18302.9,  15610.2,  387.678927826,  102.021268567,  1173.37
1566.21469082,  18304.2,  15611.8,  387.678687123,  102.021440105,  1174.16
1566.235125,  18314.2,  15620.0,  387.678679366,  102.021825171,  1174.52
1566.25555938,  18309.5,  15616.1,  387.677730084,  102.021586573,  1174.07
1566.27599366,  18314.9,  15621.3,  387.678316675,  102.022013935,  1173.57
1566.29642795,  18312.4,  15618.8,  387.67767867,  102.02191932,  1173.0
1566.31686223,  18319.9,  15624.8,  387.677505506,  102.021444094,  1173.51
1566.33729651,  18303.3,  15612.4,  387.677783895,  102.02223937,  1173.68
1566.35773079,  18315.6,  15620.6,  387.678004173,  102.021807849,  1172.14
1566.37816517,  18313.5,  15619.5,  387.677833391,  102.021818352,  1173.11
1566.39859935,  18322.8,  15628.0,  387.681600578,  102.02163786,  1171.16
1566.41903373,  18312.3,  15617.5,  387.678143256,  102.02248767,  1171.82
1566.43946801,  18317.0,  15622.3,  387.677817287,  102.022175104,  1171.36
1566.4599022,  18322.9,  15627.6,  387.678539221,  102.021137306,  1171.42
1566.48033658,  18325.0,  15629.2,  387.678107901,  102.022599758,  1172.18
1566.50077086,  18315.1,  15621.5,  387.678835842,  102.021509233,  1172.29
1566.52120504,  18319.4,  15624.5,  387.677917567,  102.021330097,  1172.23
1566.54163942,  18315.9,  15620.8,  387.678485054,  102.021464116,  1171.56
1566.56207371,  18318.1,  15623.6,  387.677689414,  102.022314625,  1172.02
1566.58250799,  18321.7,  15626.0,  387.677701527,  102.021564077,  1171.91
1566.60294227,  18328.6,  15631.9,  387.678099788,  102.022011528,  1172.06
1566.62337645,  18322.9,  15627.1,  387.679249813,  102.022094733,  1171.98
1566.64381084,  18329.6,  15632.5,  387.677566978,  102.021955566,  1171.6
1566.66424512,  18360.4,  15658.2,  387.67865099,  102.021403001,  1171.39
1566.70511369,  18326.6,  15630.0,  387.678904136,  102.02199278,  1172.03
1566.72554797,  18343.9,  15645.5,  387.678374789,  102.022442053,  1171.43
1566.74598226,  18327.1,  15630.2,  387.678642868,  102.021814367,  1170.87
1566.76641654,  18336.9,  15639.2,  387.678439516,  102.022690045,  1171.28
1566.78685082,  18333.6,  15637.0,  387.678963792,  102.021924429,  1170.82
1566.80728521,  18341.1,  15642.3,  387.678167298,  102.02252126,  1171.13
1566.82771939,  18359.7,  15658.3,  387.678629296,  102.022492008,  1172.02
1566.84815368,  18346.8,  15648.4,  387.678660599,  102.021655143,  1172.47
1566.86858806,  18339.6,  15642.3,  387.678349514,  102.021691457,  1170.74
1566.88902235,  18342.5,  15644.4,  387.67938836,  102.021970766,  1171.88
1566.90945653,  18345.6,  15647.5,  387.67859084,  102.021616571,  1170.95
1566.92989092,  18347.7,  15648.6,  387.678701915,  102.021858147,  1170.94
1566.9503252,  18347.2,  15649.6,  387.679280099,  102.02183345,  1171.26
1566.97075949,  18347.2,  15648.0,  387.678636567,  102.022485785,  1170.81
1566.99119377,  18345.6,  15648.3,  387.678867208,  102.021513661,  1169.12
1567.01162806,  18337.4,  15641.8,  387.679016749,  102.0221306,  1170.95
1567.03206235,  18351.2,  15651.8,  387.67897055,  102.021359083,  1171.06
1567.05249663,  18358.2,  15658.6,  387.679577176,  102.021318822,  1170.43
1567.07293092,  18355.3,  15656.7,  387.679189804,  102.021001157,  1169.99
1567.0933653,  18350.0,  15651.3,  387.67901602,  102.02208397,  1168.91
1567.11379949,  18337.8,  15641.9,  387.678747485,  102.022070445,  1170.51
1567.13423388,  18353.3,  15654.8,  387.679034104,  102.021834223,  1169.99
1567.15466816,  18341.2,  15644.5,  387.678547569,  102.021828243,  1169.85
1567.17510235,  18357.2,  15659.2,  387.679468745,  102.022659251,  1171.08
1567.19553674,  18352.2,  15653.7,  387.678383647,  102.02233083,  1170.14
1567.21597103,  18356.9,  15657.1,  387.679468892,  102.021560279,  1169.34
1567.23640521,  18346.2,  15650.0,  387.679205232,  102.021423119,  1168.68
1567.2568396,  18352.4,  15653.9,  387.678819477,  102.02248259,  1169.02
1567.27727379,  18352.7,  15654.0,  387.678785457,  102.02252043,  1169.46
1567.29770808,  18354.9,  15656.5,  387.678628258,  102.021840478,  1169.12
1567.31814246,  18350.5,  15651.5,  387.678789111,  102.022064413,  1168.97
1567.33857665,  18357.5,  15658.5,  387.679480126,  102.021582006,  1168.53
1567.35901104,  18354.8,  15655.3,  387.679434444,  102.022291566,  1169.59
1567.37944533,  18363.0,  15662.0,  387.679380894,  102.022623811,  1168.43
1567.39987952,  18351.9,  15653.4,  387.678680992,  102.021253325,  1168.89
1567.42031391,  18347.7,  15648.7,  387.679685581,  102.021861739,  1168.28
1567.4407482,  18363.2,  15662.1,  387.678975815,  102.021857266,  1168.34
1567.46118248,  18355.2,  15655.4,  387.679133994,  102.022402382,  1168.96
1567.48161677,  18360.0,  15658.7,  387.679410076,  102.021103496,  1168.16
1567.50205106,  18351.9,  15652.5,  387.678482306,  102.022602452,  1168.1
1567.52248545,  18358.2,  15658.0,  387.678755052,  102.022115373,  1175.35
1567.54291964,  18353.6,  15653.1,  387.678660712,  102.022298811,  1168.34
1567.56335393,  18339.3,  15642.5,  387.678992805,  102.022008357,  1167.83
1567.58378832,  18354.6,  15654.0,  387.678681171,  102.021997348,  1168.17
1567.60422261,  18354.9,  15653.9,  387.679148873,  102.022430231,  1168.58
1567.6246568,  18355.6,  15656.0,  387.67881532,  102.022699213,  1168.29
1567.64509119,  18348.3,  15648.1,  387.679934578,  102.022563246,  1168.18
1567.66552548,  18352.9,  15652.1,  387.678230906,  102.021669217,  1167.53
1567.68595967,  18358.0,  15656.8,  387.678719803,  102.022488479,  1167.8
1567.70639406,  18351.1,  15649.8,  387.679136345,  102.021838149,  1166.9
1567.72682835,  18350.1,  15649.7,  387.67894985,  102.021488511,  1168.53
1567.74726275,  18354.2,  15653.0,  387.678995278,  102.021954654,  1166.41
1567.76769694,  18357.1,  15655.3,  387.678897381,  102.022466378,  1167.07
1567.78813123,  18354.8,  15653.1,  387.678804836,  102.021940773,  1167.96
1567.80856562,  18353.3,  15651.3,  387.678796476,  102.02234274,  1167.47
1567.82899981,  18366.5,  15662.2,  387.679023,  102.022326479,  1166.62
1567.8494341,  18347.1,  15647.2,  387.678749432,  102.021931185,  1167.74
1567.8698685,  18359.2,  15656.2,  387.679009167,  102.021930387,  1166.31
1567.89030269,  18365.1,  15659.9,  387.67904729,  102.021337299,  1166.77
1567.91073708,  18364.9,  15661.4,  387.678557318,  102.022586054,  1166.85
1567.93117127,  18359.9,  15655.7,  387.679565145,  102.021985997,  1166.04
1567.95160556,  18363.5,  15658.9,  387.67916566,  102.022131252,  1166.85
1567.97203996,  18360.5,  15656.7,  387.679355698,  102.021889822,  1166.9
1567.99247415,  18369.5,  15663.8,  387.67953607,  102.022379969,  1166.59
1568.01290844,  18364.3,  15659.8,  387.67912549,  102.022509886,  1167.0
1568.03334284,  18364.4,  15659.1,  387.679257184,  102.021895346,  1166.86
1568.05377703,  18358.5,  15653.9,  387.678562975,  102.021996901,  1165.96
1568.07421132,  18361.1,  15656.8,  387.67867122,  102.022423909,  1167.08
1568.09464572,  18364.4,  15658.4,  387.679816412,  102.022234378,  1166.17
1568.11508001,  18359.0,  15653.6,  387.678671666,  102.022067822,  1167.09
1568.1355143,  18364.2,  15659.1,  387.679285457,  102.021968774,  1166.02
1568.1559486,  18357.9,  15651.9,  387.67897692,  102.02165592,  1166.48
1568.17638289,  18362.9,  15657.6,  387.67847557,  102.021833532,  1166.28
1568.19681718,  18351.8,  15647.3,  387.678837263,  102.022205997,  1167.49
1568.21725148,  18354.9,  15650.0,  387.678763329,  102.022279687,  1166.41
1568.23768577,  18356.5,  15652.2,  387.678820313,  102.022269575,  1166.41
1568.25812017,  18367.6,  15660.7,  387.679214773,  102.022468214,  1165.97
1568.27855436,  18358.9,  15653.1,  387.679100801,  102.02198362,  1166.0
1568.29898876,  18357.3,  15652.5,  387.679982615,  102.021605171,  1166.37
1568.31942305,  18362.6,  15656.0,  387.679258725,  102.022280344,  1166.8
1568.33985725,  18351.4,  15646.5,  387.679004124,  102.022198838,  1166.99
1568.36029164,  18354.2,  15649.6,  387.67946634,  102.022419871,  1166.32
1568.38072594,  18366.7,  15659.3,  387.679356992,  102.022610297,  1166.29
1568.40116013,  18363.8,  15657.3,  387.679125169,  102.022471323,  1166.74
1568.42159453,  18353.0,  15648.0,  387.679347208,  102.022194829,  1166.25
1568.44202883,  18356.4,  15650.9,  387.67934696,  102.02277082,  1166.2
1568.46246302,  18357.4,  15651.8,  387.679442164,  102.022133136,  1167.01
1568.48289742,  18366.7,  15658.8,  387.678845905,  102.022685475,  1165.95
1568.50333171,  18366.8,  15657.8,  387.679324153,  102.022134065,  1166.75
1568.52376611,  18354.6,  15649.5,  387.679830087,  102.022369302,  1167.09
1568.54420031,  18359.7,  15652.2,  387.679698134,  102.02276423,  1166.31
1568.5646345,  18356.0,  15649.9,  387.678344657,  102.022529826,  1166.63
1568.5850689,  18351.6,  15645.5,  387.679110806,  102.022303187,  1166.6
1568.6055032,  18359.1,  15651.0,  387.678613095,  102.022652863,  1166.31
1568.6259375,  18354.7,  15648.2,  387.679347498,  102.022354903,  1166.07
1568.64637179,  18348.8,  15643.7,  387.678866053,  102.021823379,  1166.63
1568.66680609,  18357.1,  15650.0,  387.678824589,  102.022786769,  1166.49
1568.68724049,  18355.1,  15649.4,  387.678956787,  102.02270537,  1165.37
1568.70767469,  18348.8,  15642.5,  387.679098312,  102.022343532,  1167.12
1568.72810898,  18351.6,  15645.0,  387.678676024,  102.023022873,  1166.02
1568.74854338,  18347.8,  15642.0,  387.678475164,  102.022074391,  1166.45
1568.76897768,  18352.6,  15645.7,  387.678277523,  102.023140418,  1166.43
1568.78941188,  18267.4,  15575.1,  387.67790304,  102.022851368,  1166.85
1568.80984628,  17741.9,  15138.1,  387.673755439,  102.019976647,  1166.82
1568.83028058,  17185.2,  14673.3,  387.670380738,  102.018169733,  1165.15
1568.85071487,  17007.9,  14526.2,  387.66813889,  102.017021999,  1166.32
1568.87114917,  17313.4,  14780.3,  387.670504031,  102.018445751,  1166.41
1568.89158347,  17912.2,  15278.2,  387.675654532,  102.020705388,  1167.12
1568.91201787,  18316.7,  15615.6,  387.678864418,  102.02208434,  1167.29
1568.93245207,  18333.4,  15629.4,  387.679038677,  102.022973409,  1167.83
1568.95288637,  18335.6,  15631.3,  387.678703739,  102.022451839,  1178.04
1568.97332077,  18337.6,  15633.8,  387.678521016,  102.022182952,  1169.47
1568.99375497,  18339.9,  15634.8,  387.678786909,  102.022143048,  1170.73
1569.01418927,  18341.3,  15636.2,  387.679083523,  102.02287466,  1170.61
1569.03462367,  18332.6,  15629.2,  387.679077324,  102.022440108,  1170.7
1569.05505787,  18321.8,  15619.4,  387.67931845,  102.022586458,  1170.45
1569.07549227,  18333.4,  15630.0,  387.679197508,  102.022220941,  1170.34
1569.09592657,  18343.7,  15636.8,  387.678887091,  102.023137422,  1169.56
1569.11636077,  18330.2,  15626.4,  387.67823003,  102.022286764,  1168.54
1569.13679517,  18331.8,  15629.4,  387.677957876,  102.023301166,  1167.54
1569.15722947,  18322.4,  15620.3,  387.679009175,  102.023289683,  1167.72
1569.17766367,  18335.2,  15630.1,  387.678816772,  102.021971662,  1169.12
1569.19809807,  18341.6,  15636.8,  387.679162755,  102.021001982,  1170.21
1569.21853227,  18327.0,  15624.1,  387.678529653,  102.022619098,  1168.34
1569.23896668,  18330.1,  15626.9,  387.679161364,  102.0222697,  1168.16
1569.25940098,  18318.3,  15617.5,  387.679062761,  102.021981526,  1167.43
1569.27983518,  18331.1,  15627.4,  387.678449931,  102.022751466,  1167.46
1569.30026958,  18323.3,  15621.5,  387.678502892,  102.022615784,  1166.72
1569.32070388,  18334.3,  15630.1,  387.679047029,  102.02290838,  1167.12
1569.34113818,  18322.1,  15619.5,  387.67902589,  102.022420703,  1166.64
1569.36157249,  18325.1,  15623.2,  387.679231527,  102.022768677,  1166.61
1569.38200679,  18321.3,  15619.2,  387.67911537,  102.022572403,  1167.37
1569.40244109,  18315.7,  15614.4,  387.678522825,  102.022308908,  1166.33
1569.42287539,  18335.7,  15632.1,  387.679043252,  102.021918175,  1166.85
1569.4433097,  18325.8,  15623.1,  387.678877798,  102.022766222,  1166.04
1569.4637441,  18315.6,  15614.6,  387.678604745,  102.022520346,  1167.26
1569.4841784,  18332.6,  15629.5,  387.679334006,  102.021926493,  1166.68
1569.50461261,  18326.9,  15623.7,  387.678808039,  102.022529434,  1166.12
1569.52504701,  18324.2,  15622.3,  387.678233801,  102.022550043,  1167.29
1569.54548131,  18314.3,  15613.5,  387.678573315,  102.022083878,  1165.95
1569.56591552,  18321.9,  15619.3,  387.678745028,  102.022611019,  1166.14
1569.58634992,  18324.0,  15622.3,  387.679086232,  102.022372525,  1164.8
1569.60678422,  18322.7,  15619.5,  387.679080508,  102.022569807,  1164.62
1569.62721863,  18323.9,  15621.1,  387.678880418,  102.022514989,  1164.55
1569.64765283,  18324.1,  15621.9,  387.678879823,  102.022252588,  1163.88
1569.68852154,  18327.0,  15623.8,  387.67907392,  102.022366439,  1163.45
1569.70895574,  18331.2,  15627.9,  387.678534193,  102.023163768,  1162.94
1569.72939005,  18322.6,  15620.9,  387.679193443,  102.021956926,  1161.8
1569.74982445,  18326.9,  15624.9,  387.679684373,  102.022639523,  1162.2
1569.77025866,  18324.6,  15623.2,  387.679136982,  102.022089248,  1163.66
1569.79069296,  18333.1,  15630.4,  387.67986044,  102.023321954,  1162.22
1569.81112737,  18341.2,  15637.4,  387.678884755,  102.022164778,  1161.69
1569.83156157,  18331.0,  15628.0,  387.679149104,  102.023001094,  1162.35
1569.85199598,  18336.2,  15633.1,  387.679099913,  102.022156284,  1162.51
1569.87243018,  18334.8,  15632.9,  387.67863113,  102.02279088,  1162.96
1569.89286449,  18338.3,  15635.0,  387.67880596,  102.022252316,  1161.78
1569.9132989,  18341.8,  15639.4,  387.678810735,  102.023926825,  1162.05
1569.9337331,  18336.9,  15635.2,  387.679624833,  102.022565672,  1161.99
1569.95416741,  18354.5,  15649.4,  387.679455777,  102.022488525,  1161.26
1569.97460181,  18343.5,  15641.0,  387.679165552,  102.022865272,  1161.25
1569.99503612,  18339.2,  15637.3,  387.679286083,  102.022830929,  1160.68
1570.01547043,  18351.8,  15648.2,  387.679492984,  102.022769556,  1161.35
1570.03590473,  18344.4,  15642.8,  387.679170692,  102.022484573,  1159.77
1570.05633904,  18347.3,  15643.9,  387.679241994,  102.021979077,  1160.51
1570.07677335,  18341.6,  15641.0,  387.679040537,  102.023515859,  1161.2
1570.09720765,  18355.7,  15652.6,  387.679369138,  102.02284924,  1160.13
1570.11764196,  18358.8,  15654.0,  387.679947444,  102.023064377,  1159.5
1570.13807637,  18357.9,  15653.5,  387.679344434,  102.022346768,  1159.67
1570.15851058,  18362.7,  15657.8,  387.679127865,  102.022468242,  1159.49
1570.17894498,  18351.7,  15648.1,  387.679098537,  102.02318767,  1159.91
1570.19937929,  18367.2,  15662.6,  387.679172143,  102.022415375,  1159.38
1570.2198135,  18359.5,  15654.8,  387.679070313,  102.023186835,  1159.4
1570.24024791,  18367.0,  15660.6,  387.679608779,  102.022833402,  1159.58
1570.26068222,  18369.1,  15664.3,  387.679247464,  102.022536206,  1159.0
1570.28111642,  18366.2,  15660.3,  387.678773152,  102.022680686,  1159.06
1570.30155083,  18378.8,  15670.9,  387.679386351,  102.022979258,  1158.73
1570.32198514,  18369.3,  15663.8,  387.680328929,  102.02207774,  1158.67
1570.34241935,  18376.1,  15668.6,  387.679651057,  102.022308159,  1159.58
1570.36285376,  18381.1,  15673.0,  387.68020834,  102.022344538,  1158.45
1570.38328807,  18375.6,  15667.8,  387.680073605,  102.022480648,  1158.32
1570.40372238,  18387.2,  15677.2,  387.679390581,  102.022545582,  1159.04
1570.42415669,  18390.7,  15681.3,  387.67957736,  102.023325233,  1157.49
1570.44459099,  18383.8,  15674.3,  387.68039521,  102.022498787,  1157.91
1570.4650253,  18390.4,  15679.9,  387.679953992,  102.022472159,  1159.06
1570.48545961,  18392.1,  15681.7,  387.679147094,  102.023179921,  1158.91
1570.50589392,  18390.1,  15679.2,  387.680376542,  102.022452475,  1157.82
1570.52632823,  18403.7,  15690.8,  387.679386108,  102.022721597,  1157.67
1570.54676254,  18396.5,  15684.4,  387.679837926,  102.02306897,  1156.78
1570.56719695,  18404.5,  15690.1,  387.680207587,  102.022104344,  1156.62
1570.58763116,  18403.1,  15690.7,  387.679429317,  102.023196222,  1157.06
1570.60806547,  18408.3,  15694.2,  387.679509287,  102.022797346,  1156.52
1570.62849988,  18409.8,  15694.0,  387.679638954,  102.022682416,  1155.76
1570.64893419,  18418.6,  15702.3,  387.679817766,  102.023318332,  1157.4
1570.66936841,  18414.8,  15698.4,  387.680447463,  102.022938186,  1155.38
1570.68980282,  18418.1,  15701.7,  387.680205245,  102.023356295,  1155.89
1570.71023713,  18417.2,  15700.7,  387.679787968,  102.023436593,  1156.47
1570.73067134,  18418.4,  15700.2,  387.67942776,  102.02229252,  1156.16
1570.75110575,  18425.1,  15706.5,  387.679249125,  102.023252154,  1155.34
1570.77154006,  18426.7,  15707.8,  387.680378857,  102.02365997,  1155.51
1570.79197447,  18421.3,  15702.4,  387.67992918,  102.022675397,  1156.01
1570.81240868,  18420.8,  15702.7,  387.679735033,  102.022733515,  1155.03
1570.832843,  18434.3,  15713.2,  387.68018177,  102.023072973,  1155.31
1570.85327741,  18436.1,  15714.5,  387.680218241,  102.023586732,  1155.59
1570.87371162,  18442.7,  15720.4,  387.679846345,  102.02311055,  1155.07
1570.89414593,  18426.2,  15706.2,  387.679032065,  102.023102851,  1155.05
1570.91458035,  18430.8,  15710.0,  387.679451589,  102.023345573,  1154.68
1570.93501456,  18434.8,  15714.4,  387.680369494,  102.023443402,  1154.74
1570.95544897,  18442.4,  15718.9,  387.679360485,  102.02287124,  1154.35
1570.97588328,  18443.8,  15720.4,  387.680704703,  102.022644383,  1154.1
1570.9963175,  18438.0,  15715.4,  387.680009303,  102.023291636,  1153.02
1571.01675191,  18438.3,  15714.9,  387.680072936,  102.023041843,  1153.65
1571.03718622,  18454.9,  15729.1,  387.680379797,  102.023426872,  1153.54
1571.05762043,  18445.3,  15721.3,  387.680477251,  102.02320253,  1154.63
1571.07805485,  18455.9,  15729.4,  387.680086929,  102.023391842,  1153.35
1571.09848916,  18451.4,  15726.5,  387.679932714,  102.023480956,  1154.16
1571.11892338,  18439.3,  15715.3,  387.679835608,  102.023557115,  1155.15
1571.13935779,  18453.1,  15727.0,  387.680322473,  102.023398408,  1154.34
1571.1597921,  18448.6,  15723.5,  387.68043178,  102.023625631,  1154.71
1571.18022642,  18450.4,  15724.5,  387.679933137,  102.023110494,  1154.07
1571.20066073,  18450.6,  15725.8,  387.680181089,  102.023306962,  1154.24
1571.22109505,  18469.9,  15740.7,  387.680581274,  102.023646097,  1155.63
1571.24152936,  18463.1,  15735.0,  387.679969956,  102.023809212,  1154.29
1571.26196367,  18459.9,  15732.9,  387.680741109,  102.023710203,  1154.8
1571.28239799,  18442.9,  15717.7,  387.67988156,  102.023355742,  1154.17
1571.3028323,  18455.4,  15727.9,  387.680295385,  102.0239639,  1155.1
1571.32326662,  18456.7,  15729.7,  387.679825069,  102.023727079,  1154.21
1571.34370103,  18458.8,  15730.4,  387.680218251,  102.023028554,  1154.96
1571.36413535,  18463.8,  15735.2,  387.680946654,  102.024433955,  1155.29
1571.38456956,  18468.7,  15739.7,  387.680557536,  102.023222558,  1155.71
1571.40500398,  18463.2,  15733.7,  387.680744575,  102.022843927,  1156.3
1571.4254383,  18467.3,  15737.8,  387.679988567,  102.023317105,  1155.44
1571.44587251,  18464.1,  15735.2,  387.680340057,  102.023402549,  1156.41
1571.46630693,  18460.2,  15730.9,  387.680065747,  102.023609831,  1156.05
1571.48674124,  18468.8,  15739.6,  387.6781256,  102.022114122,  1156.61
1571.50717546,  18466.1,  15736.2,  387.680588473,  102.022913704,  1157.5
1571.52760988,  18460.0,  15731.5,  387.680042356,  102.023369265,  1157.47
1571.54804419,  18464.5,  15735.9,  387.680596107,  102.023715002,  1156.9
1571.56847861,  18464.9,  15734.6,  387.68055884,  102.023418883,  1157.71
1571.58891282,  18474.4,  15743.5,  387.680222139,  102.024281161,  1157.53
1571.60934714,  18461.6,  15732.5,  387.680166471,  102.024156069,  1157.97
1571.62978156,  18467.5,  15737.2,  387.680276256,  102.023525218,  1158.14
1571.65021578,  18465.4,  15735.8,  387.679572796,  102.023611457,  1157.87
1571.67065009,  18466.6,  15736.4,  387.6804091,  102.023831444,  1158.37
1571.69108451,  18463.6,  15733.7,  387.680024425,  102.023223667,  1159.65
1571.71151873,  18463.5,  15734.3,  387.680260323,  102.023206179,  1159.1
1571.73195314,  18464.1,  15733.4,  387.68038843,  102.023399952,  1159.8
1571.75238746,  18462.5,  15732.1,  387.680530936,  102.024239698,  1159.55
1571.77282168,  18461.5,  15733.3,  387.680064025,  102.023975443,  1158.61
1571.7932561,  18473.8,  15742.2,  387.679852774,  102.023519727,  1157.88
1571.81369042,  18466.9,  15737.1,  387.679499941,  102.023771099,  1157.93
1571.83412463,  18464.7,  15734.4,  387.680176394,  102.023491423,  1157.41
1571.85455905,  18462.8,  15732.8,  387.680227865,  102.023671798,  1157.63
1571.87499337,  18459.5,  15729.9,  387.679902371,  102.024706895,  1157.91
1571.89542759,  18466.7,  15736.4,  387.680440126,  102.024297222,  1156.4
1571.91586201,  18475.7,  15743.1,  387.680650123,  102.023721185,  1156.49
1571.93629633,  18456.6,  15727.9,  387.679939451,  102.023700948,  1157.13
1571.95673074,  18449.1,  15720.9,  387.679368533,  102.023494494,  1156.57
1571.97716496,  18459.5,  15729.7,  387.679660998,  102.023651149,  1156.78
1571.99759928,  18466.7,  15736.2,  387.680161983,  102.023028534,  1156.43
1572.0180337,  18458.9,  15728.3,  387.679966583,  102.02343987,  1156.85
1572.03846792,  18455.4,  15726.9,  387.680148801,  102.023593563,  1155.82
1572.05890224,  18450.5,  15723.0,  387.679771079,  102.023294768,  1155.92
1572.07933666,  18482.3,  15747.7,  387.680121935,  102.023498032,  1155.99
1572.09977088,  18460.2,  15731.0,  387.678869966,  102.023623489,  1155.07
1572.1202053,  18451.5,  15723.0,  387.680201267,  102.023200263,  1155.36
1572.14063962,  18443.8,  15716.6,  387.680545578,  102.023559191,  1154.41
1572.16107384,  18453.2,  15724.6,  387.680523817,  102.02310377,  1155.0
1572.18150826,  18459.3,  15729.1,  387.680194259,  102.023334077,  1153.62
1572.20194258,  18450.5,  15721.8,  387.680196621,  102.023400519,  1154.41
1572.2223768,  18429.5,  15705.4,  387.679177956,  102.023994345,  1153.83
1572.24281122,  18347.0,  15635.7,  387.679795634,  102.023075623,  1153.15
1572.26324554,  18277.7,  15578.7,  387.679276251,  102.023392392,  1153.89
1572.28367986,  18271.6,  15573.1,  387.678619523,  102.022547603,  1152.92
1572.30411418,  18318.0,  15611.6,  387.679518734,  102.023551898,  1151.93
1572.32454851,  18406.3,  15686.5,  387.678822557,  102.023352576,  1151.68
1572.34498283,  18446.6,  15718.8,  387.680248357,  102.024399512,  1152.08
1572.36541715,  18436.1,  15709.9,  387.679497897,  102.023633672,  1152.66
1572.38585147,  18439.8,  15714.2,  387.679610984,  102.023583536,  1151.14
1572.40628579,  18441.7,  15715.0,  387.680104336,  102.023632774,  1151.77
1572.42672011,  18442.8,  15715.4,  387.679950754,  102.0237316,  1152.31
1572.44715444,  18436.7,  15711.1,  387.679142113,  102.023997532,  1150.61
1572.46758876,  18434.0,  15708.5,  387.679725212,  102.023442635,  1152.59
1572.48802308,  18438.0,  15711.8,  387.680024474,  102.023514418,  1152.21
1572.5084575,  18425.0,  15701.0,  387.680244563,  102.0241294,  1151.47
1572.52889182,  18423.6,  15699.6,  387.680133788,  102.023627122,  1150.36
1572.54932605,  18444.6,  15718.1,  387.679726239,  102.023755639,  1150.8
1572.56976047,  18428.1,  15703.6,  387.680665026,  102.023475378,  1150.19
1572.59019479,  18440.8,  15714.5,  387.680594189,  102.023690565,  1151.07
1572.61062901,  18426.5,  15702.7,  387.679870401,  102.023590242,  1150.29
1572.63106344,  18433.4,  15708.1,  387.679718388,  102.023027737,  1150.87
1572.67193198,  18438.0,  15712.3,  387.680286936,  102.023961991,  1152.04
1572.69236641,  18439.9,  15713.7,  387.68061142,  102.02398512,  1152.35
1572.71280073,  18430.5,  15705.9,  387.680510725,  102.023186026,  1151.11
1572.73323515,  18435.7,  15711.5,  387.680598433,  102.023513348,  1151.98
1572.75366938,  18424.7,  15701.4,  387.680017892,  102.023848235,  1152.73
1572.7741037,  18430.5,  15707.9,  387.680001699,  102.023396279,  1153.64
1572.79453813,  18433.8,  15709.6,  387.680284555,  102.023708153,  1152.9
1572.81497235,  18428.3,  15705.5,  387.67998487,  102.024126615,  1152.99
1572.83540667,  18423.9,  15702.5,  387.679835575,  102.023039291,  1154.12
1572.8558411,  18427.2,  15704.6,  387.680120532,  102.023301908,  1154.47
1572.87627532,  18424.6,  15704.1,  387.680291133,  102.023391597,  1156.56
1572.89670975,  18420.9,  15701.4,  387.679913056,  102.023496415,  1159.04
1572.91714407,  18420.9,  15699.9,  387.680696293,  102.023532961,  1158.86
1572.9375783,  18423.4,  15703.9,  387.679966162,  102.023463754,  1158.26
1572.95801272,  18423.0,  15703.2,  387.67995459,  102.023092955,  1159.55
1572.97844705,  18421.5,  15701.1,  387.679862057,  102.023655264,  1159.18
1572.99888137,  18422.9,  15704.4,  387.680617576,  102.023607224,  1154.88
1573.0193157,  18434.3,  15713.3,  387.680834892,  102.023174915,  1152.2
1573.03975002,  18420.4,  15701.9,  387.680244972,  102.02282788,  1150.11
1573.06018425,  18437.9,  15717.1,  387.680057059,  102.023517749,  1149.01
1573.08061867,  18428.8,  15708.5,  387.680320634,  102.022644644,  1150.26
1573.101053,  18426.6,  15707.1,  387.680148492,  102.022977844,  1148.36
1573.12148733,  18433.1,  15713.1,  387.680251278,  102.022836863,  1147.18
1573.14192165,  18422.5,  15703.7,  387.67990839,  102.023496554,  1147.61
1573.16235598,  18427.5,  15709.1,  387.680344352,  102.023483844,  1146.73
1573.1827904,  18434.7,  15714.4,  387.680210968,  102.023331549,  1145.77
1573.20322463,  18432.0,  15711.7,  387.681058107,  102.023631575,  1144.64
1573.22365896,  18425.8,  15707.5,  387.680350057,  102.023166164,  1144.41
1573.24409338,  18443.2,  15721.3,  387.680131251,  102.023232847,  1144.5
1573.26452761,  18428.0,  15709.3,  387.680097505,  102.022950037,  1145.51
1573.28496204,  18436.0,  15716.2,  387.679941756,  102.023567869,  1143.93
1573.30539636,  18427.4,  15707.4,  387.681071257,  102.023541774,  1142.81
1573.32583059,  18435.7,  15715.5,  387.679728799,  102.024153114,  1142.88
1573.34626502,  18427.2,  15707.8,  387.680103914,  102.023356684,  1142.47
1573.36669935,  18436.1,  15715.1,  387.68075801,  102.023339615,  1141.41
1573.38713357,  18437.6,  15716.9,  387.680942718,  102.023443357,  1140.68
1573.407568,  18434.0,  15712.5,  387.680357875,  102.02337094,  1140.97
1573.42800233,  18439.1,  15717.1,  387.680273778,  102.023837058,  1141.13
1573.44843656,  18445.2,  15722.8,  387.679896169,  102.02321038,  1139.89
1573.46887098,  18438.4,  15716.2,  387.680534124,  102.023314814,  1138.81
1573.48930531,  18447.3,  15724.3,  387.68057341,  102.023761171,  1137.58
1573.50973974,  18447.3,  15724.0,  387.680312253,  102.02370359,  1137.55
1573.53017397,  18434.6,  15712.9,  387.680804315,  102.02370871,  1138.22
1573.5506083,  18446.8,  15723.4,  387.680024147,  102.023196977,  1137.49
1573.57104273,  18439.7,  15717.0,  387.680095427,  102.023927677,  1137.03
1573.59147696,  18446.8,  15722.5,  387.680576685,  102.023266296,  1136.86
1573.61191128,  18443.8,  15721.2,  387.680407138,  102.023612749,  1136.59
1573.63234571,  18436.0,  15713.1,  387.680303582,  102.023220152,  1137.15
1573.65278004,  18459.1,  15732.2,  387.680445107,  102.023395824,  1136.71
1573.67321437,  18441.4,  15717.9,  387.68020254,  102.024173187,  1136.24
1573.6936487,  18444.9,  15720.1,  387.681225722,  102.024236163,  1136.93
1573.71408293,  18446.2,  15721.8,  387.680589515,  102.023912481,  1135.47
1573.73451736,  18441.1,  15716.9,  387.680203916,  102.02353196,  1137.16
1573.75495169,  18438.4,  15714.2,  387.680369237,  102.024083587,  1136.76
1573.77538592,  18449.4,  15723.7,  387.680563059,  102.023205058,  1135.68
1573.79582035,  18444.8,  15719.9,  387.679934877,  102.024244383,  1136.26
1573.81625468,  18445.6,  15719.5,  387.680975583,  102.023927684,  1135.52
1573.83668891,  18453.2,  15726.4,  387.680253129,  102.02457456,  1136.69
1573.85712334,  18453.0,  15725.3,  387.680398648,  102.022640843,  1135.71
1573.87755767,  18445.8,  15719.8,  387.680304863,  102.02293058,  1134.31
1573.8979921,  18455.0,  15727.4,  387.680874857,  102.023874516,  1134.5
1573.91842633,  18448.6,  15721.1,  387.680397725,  102.023534378,  1134.32
1573.93886066,  18452.4,  15724.6,  387.680216489,  102.024339515,  1135.36
1573.95929509,  18436.0,  15710.8,  387.680242666,  102.023479927,  1134.56
1573.97972932,  18447.1,  15718.7,  387.680398898,  102.023721278,  1134.09
1574.00016365,  18439.9,  15715.4,  387.680458814,  102.023858303,  1135.86
1574.02059808,  18444.9,  15717.8,  387.680213698,  102.023878436,  1134.12
1574.04103232,  18435.4,  15709.6,  387.680110181,  102.023426505,  1133.36
1574.06146675,  18440.3,  15714.6,  387.680929491,  102.023712452,  1133.75
1574.08190108,  18442.4,  15715.7,  387.679566587,  102.023662657,  1136.41
1574.10233531,  18447.3,  15719.8,  387.680436312,  102.02392891,  1131.97
1574.12276974,  18437.6,  15711.6,  387.68057667,  102.023573793,  1132.52
1574.14320407,  18439.5,  15712.0,  387.680353172,  102.02397548,  1132.83
1574.16363841,  18444.4,  15717.5,  387.679960675,  102.023832459,  1132.47
1574.18407274,  18436.9,  15710.6,  387.68030305,  102.023893968,  1132.15
1574.20450707,  18448.8,  15719.8,  387.680547238,  102.024085548,  1131.82
1574.2249414,  18440.5,  15714.1,  387.68043787,  102.023662955,  1132.2
1574.24537573,  18433.7,  15707.2,  387.680374696,  102.023716912,  1130.88
1574.26581007,  18443.3,  15715.3,  387.680547943,  102.023685577,  1131.97
1574.2862444,  18435.2,  15709.2,  387.680250677,  102.02346838,  1131.99
1574.30667883,  18430.9,  15705.0,  387.679782104,  102.023350225,  1131.22
1574.32711307,  18433.2,  15707.6,  387.680217651,  102.0239479,  1131.74
1574.3475474,  18434.1,  15707.8,  387.680506083,  102.023257551,  1131.94
1574.36798173,  18437.7,  15710.3,  387.680445895,  102.023194753,  1131.34
1574.38841606,  18432.7,  15706.8,  387.679900924,  102.02324473,  1130.93
1574.4088505,  18422.3,  15697.6,  387.680029693,  102.023200427,  1131.54
1574.42928473,  18424.7,  15699.1,  387.680328147,  102.023934854,  1131.18
1574.44971917,  18428.1,  15703.1,  387.6808907,  102.024093263,  1130.66
1574.4701535,  18448.0,  15718.8,  387.680999355,  102.022871648,  1130.62
1574.49058773,  18419.5,  15694.9,  387.680340245,  102.023622549,  1130.48
1574.51102217,  18423.5,  15699.1,  387.680507412,  102.024012731,  1129.95
1574.5314565,  18419.1,  15694.6,  387.680577207,  102.023751102,  1129.94
1574.55189073,  18429.2,  15703.5,  387.68080195,  102.02331129,  1129.86
1574.57232517,  18426.9,  15701.2,  387.680945246,  102.023875157,  1131.21
1574.5927595,  18415.2,  15691.2,  387.679897236,  102.02302051,  1129.76
1574.61319394,  18411.4,  15688.7,  387.680477056,  102.023815167,  1129.21
1574.63362817,  18424.0,  15698.5,  387.680668311,  102.024313777,  1130.82
1574.65406251,  18417.8,  15693.6,  387.680372974,  102.023821285,  1128.82
1574.67449694,  18417.4,  15694.2,  387.680280534,  102.024238557,  1129.52
1574.69493118,  18407.4,  15685.3,  387.680122825,  102.023366307,  1129.25
1574.71536551,  18417.9,  15694.1,  387.680592075,  102.023831251,  1129.66
1574.73579995,  18412.9,  15690.1,  387.680284288,  102.024826851,  1128.82
1574.75623418,  18408.6,  15685.2,  387.67960663,  102.024215429,  1128.69
1574.77666852,  18411.6,  15689.0,  387.680593671,  102.023551463,  1128.02
1574.79710295,  18414.8,  15691.4,  387.680441158,  102.023706659,  1128.04
1574.81753729,  18409.3,  15686.9,  387.680766438,  102.023272277,  1127.8
1574.83797163,  18413.1,  15690.4,  387.680787741,  102.02419092,  1128.03
1574.85840596,  18414.8,  15691.6,  387.681161315,  102.023825748,  1128.6
1574.8788403,  18416.9,  15693.8,  387.680564781,  102.023271211,  1127.46
1574.89927463,  18420.0,  15695.7,  387.682340368,  102.022724707,  1126.68
1574.91970897,  18412.2,  15688.7,  387.680388667,  102.023954181,  1128.06
1574.94014331,  18428.8,  15703.9,  387.679857439,  102.023935621,  1126.53
1574.96057764,  18407.1,  15685.5,  387.680304099,  102.023930871,  1127.59
1574.98101198,  18414.1,  15691.2,  387.680297387,  102.023859121,  1126.17
1575.00144632,  18423.6,  15699.3,  387.680505713,  102.023837723,  1126.69
1575.02188065,  18417.4,  15693.8,  387.680716787,  102.023603,  1127.01
1575.04231499,  18410.9,  15688.4,  387.679918257,  102.023548941,  1126.14
1575.06274943,  18410.4,  15688.5,  387.680034363,  102.023330404,  1126.8
1575.08318366,  18425.5,  15700.4,  387.680021588,  102.02421386,  1125.69
1575.103618,  18419.5,  15696.5,  387.679365257,  102.023095363,  1125.12
1575.12405244,  18418.1,  15695.9,  387.679902273,  102.023106676,  1125.6
1575.14448667,  18415.4,  15691.7,  387.680217112,  102.023856428,  1125.49
1575.16492101,  18423.6,  15700.4,  387.680022553,  102.023879089,  1125.24
1575.18535545,  18420.7,  15697.0,  387.681129803,  102.023587318,  1125.75
1575.20578969,  18419.4,  15696.2,  387.680144834,  102.023349773,  1127.65
1575.22622413,  18424.0,  15701.3,  387.68052897,  102.024070614,  1124.9
1575.24665846,  18418.5,  15695.8,  387.680560813,  102.023600824,  1125.11
1575.2670927,  18417.8,  15695.2,  387.680196888,  102.023981465,  1125.12
1575.28752714,  18425.9,  15702.3,  387.680429058,  102.02361569,  1125.34
1575.30796148,  18426.5,  15702.2,  387.680532166,  102.023475772,  1124.99
1575.32839572,  18424.1,  15700.8,  387.680535171,  102.023779773,  1123.9
1575.34883016,  18422.5,  15700.4,  387.680749461,  102.023037621,  1123.58
1575.36926449,  18421.4,  15697.9,  387.681072579,  102.023789328,  1124.0
1575.38969893,  18424.5,  15701.8,  387.681229243,  102.024168242,  1124.72
1575.41013317,  18418.6,  15695.9,  387.680463416,  102.023672729,  1124.67
1575.43056751,  18416.8,  15694.8,  387.680735026,  102.023606201,  1123.58
1575.45100195,  18426.7,  15703.8,  387.681037405,  102.024054937,  1123.88
1575.47143629,  18415.8,  15693.9,  387.680101436,  102.023893143,  1124.44
1575.49187053,  18416.2,  15695.2,  387.681035768,  102.023366174,  1122.75
1575.51230497,  18423.3,  15700.9,  387.679988557,  102.023450632,  1123.3
1575.53273931,  18423.8,  15700.1,  387.68019177,  102.024470311,  1123.98
1575.55317355,  18414.7,  15694.3,  387.680641534,  102.023747903,  1124.47
1575.57360799,  18421.4,  15700.0,  387.680325347,  102.023917652,  1122.91
1575.59404233,  18408.5,  15688.3,  387.680752895,  102.023605014,  1122.86
1575.61447667,  18410.4,  15691.0,  387.679774111,  102.02447904,  1122.69
1575.65534525,  18121.1,  15449.8,  387.678364383,  102.023449434,  1124.52
1575.67577969,  17524.0,  14953.0,  387.673442269,  102.020892636,  1122.75
1575.69621403,  17127.5,  14622.7,  387.670613195,  102.01830797,  1123.05
1575.71664827,  17197.7,  14681.7,  387.670835709,  102.019078862,  1122.31
1575.73708271,  17681.4,  15084.7,  387.67530484,  102.021026203,  1122.62
1575.75751705,  18257.8,  15564.1,  387.679746657,  102.02301165,  1121.81
1575.77795149,  18404.9,  15688.9,  387.680753197,  102.023990632,  1122.25
1575.79838573,  18399.8,  15683.4,  387.680465588,  102.023443689,  1122.03
1575.81882007,  18409.1,  15691.3,  387.679829086,  102.023765662,  1122.05
1575.83925451,  18409.3,  15693.5,  387.680118351,  102.023632177,  1122.43
1575.85968876,  18412.0,  15694.6,  387.680706553,  102.022952242,  1121.79
1575.8801231,  18412.9,  15695.6,  387.680717863,  102.023376114,  1121.4
1575.90055754,  18412.9,  15697.2,  387.680417752,  102.023028919,  1120.76
1575.92099178,  18422.4,  15704.4,  387.680674853,  102.023063524,  1121.84
1575.94142612,  18409.4,  15694.5,  387.68074418,  102.023466517,  1121.68
1575.96186056,  18414.6,  15699.1,  387.68057546,  102.024252497,  1120.64
1575.98229481,  18412.7,  15697.1,  387.681083257,  102.023231877,  1120.53
1576.00272925,  18406.4,  15693.0,  387.680279241,  102.023265145,  1121.84
1576.02316359,  18415.1,  15699.9,  387.680689053,  102.023924234,  1121.97
1576.04359793,  18412.1,  15697.5,  387.680723,  102.023108128,  1120.4
1576.06403227,  18404.2,  15691.7,  387.681120421,  102.023409468,  1121.3
1576.08446662,  18416.1,  15700.7,  387.680769376,  102.023227172,  1121.1
1576.10490096,  18405.7,  15692.3,  387.681720669,  102.024034311,  1121.2
1576.1253353,  18413.2,  15699.6,  387.679745017,  102.023882148,  1119.49
1576.14576964,  18410.1,  15695.9,  387.680043624,  102.023301154,  1120.19
1576.16620399,  18408.1,  15695.8,  387.681146594,  102.023278261,  1120.27
1576.18663843,  18404.6,  15692.2,  387.680540765,  102.023425866,  1120.16
1576.20707267,  18411.2,  15697.5,  387.681119243,  102.023443942,  1120.91
1576.22750712,  18410.3,  15697.2,  387.680803168,  102.023673874,  1119.67
1576.24794146,  18405.9,  15693.0,  387.681139833,  102.023399994,  1120.69
1576.2683757,  18408.3,  15695.4,  387.680085368,  102.022810106,  1120.64
1576.28881015,  18413.0,  15700.1,  387.681208793,  102.023222012,  1120.06
1576.30924439,  18405.6,  15692.6,  387.680655648,  102.023610822,  1117.89
1576.32967874,  18417.2,  15701.9,  387.680774165,  102.023682915,  1119.04
1576.35011318,  18420.4,  15705.5,  387.680199818,  102.023547103,  1118.63
1576.39098187,  18405.9,  15693.9,  387.680382717,  102.023802408,  1118.51
1576.41141621,  18402.7,  15690.7,  387.680582384,  102.023767495,  1118.57
1576.43185046,  18410.6,  15696.8,  387.6812483,  102.023329463,  1119.93
1576.4522849,  18406.4,  15694.4,  387.680718196,  102.023559052,  1118.96
1576.47271924,  18412.2,  15697.8,  387.681189412,  102.023621834,  1119.24
1576.49315349,  18405.1,  15691.9,  387.681085829,  102.023619411,  1118.88
1576.51358793,  18404.1,  15690.8,  387.680399537,  102.023318534,  1119.07
1576.53402228,  18414.3,  15698.5,  387.68043045,  102.023556279,  1118.42
1576.55445662,  18398.7,  15686.4,  387.681116397,  102.023268897,  1118.1
1576.57489097,  18411.8,  15697.2,  387.680632373,  102.023745786,  1118.84
1576.59532531,  18407.1,  15692.7,  387.680470995,  102.023912481,  1117.71
1576.61575976,  18411.6,  15697.3,  387.680819358,  102.023267588,  1118.32
1576.636194,  18419.4,  15703.2,  387.680777764,  102.023252685,  1118.19
1576.65662835,  18416.9,  15700.5,  387.681158758,  102.023900461,  1118.14
1576.6770628,  18415.5,  15700.3,  387.681426412,  102.022958385,  1117.41
1576.69749714,  18409.0,  15693.9,  387.680731089,  102.023264007,  1117.55
1576.71793139,  18412.3,  15696.9,  387.680823193,  102.023494461,  1117.52
1576.73836583,  18414.6,  15698.7,  387.680591681,  102.023988824,  1117.31
1576.75880018,  18418.0,  15700.6,  387.680589212,  102.023513482,  1116.74
1576.77923453,  18412.6,  15697.1,  387.68059587,  102.023356758,  1117.01
1576.79966887,  18412.1,  15696.0,  387.68102932,  102.023335889,  1117.56
1576.82010322,  18413.8,  15696.7,  387.681002799,  102.023642642,  1116.32
1576.84053766,  18415.3,  15698.9,  387.681115437,  102.0238317,  1116.19
1576.86097191,  18413.6,  15696.9,  387.681228738,  102.023247508,  1116.73
1576.88140626,  18419.6,  15701.5,  387.680793986,  102.024304586,  1117.12
1576.9018407,  18409.0,  15694.0,  387.681629455,  102.023292314,  1116.4
1576.92227495,  18411.1,  15693.9,  387.680524863,  102.024177243,  1116.66
1576.9427093,  18420.1,  15702.5,  387.681325267,  102.02368077,  1115.15
1576.96314364,  18406.0,  15690.0,  387.680226103,  102.023406415,  1116.16
1576.98357799,  18418.9,  15700.1,  387.681127047,  102.023823172,  1116.46
1577.00401244,  18411.6,  15694.8,  387.680770226,  102.023494769,  1115.88
1577.02444669,  18408.2,  15691.1,  387.680181319,  102.023264724,  1115.35
1577.04488103,  18410.5,  15692.9,  387.680894717,  102.023136438,  1115.41
1577.06531548,  18410.0,  15693.3,  387.680765794,  102.024626647,  1115.23
1577.08574973,  18418.0,  15699.6,  387.681089487,  102.023860542,  1114.9
1577.10618408,  18412.8,  15694.8,  387.680483143,  102.023708997,  1115.26
1577.12661853,  18413.5,  15695.7,  387.680762119,  102.023719967,  1115.38
1577.14705277,  18416.1,  15697.3,  387.680748913,  102.023503844,  1115.09
1577.16748722,  18407.5,  15690.5,  387.680738393,  102.023828535,  1115.03
1577.18792157,  18411.6,  15693.5,  387.681302866,  102.023615397,  1115.75
1577.20835582,  18413.4,  15694.8,  387.680758812,  102.023390548,  1115.29
1577.22879027,  18407.3,  15690.7,  387.681058145,  102.023936257,  1115.22
1577.24922461,  18395.5,  15680.2,  387.680392507,  102.023350233,  1115.48
1577.26965896,  18399.2,  15683.3,  387.679926508,  102.024127208,  1115.85
1577.29009331,  18402.8,  15686.1,  387.681154431,  102.023400214,  1115.42
1577.31052766,  18403.1,  15685.3,  387.680995172,  102.023986881,  1114.66
1577.33096201,  18398.7,  15682.1,  387.680936375,  102.023818701,  1114.37
1577.35139646,  18401.3,  15684.9,  387.68044844,  102.023337209,  1113.95
1577.37183071,  18384.1,  15670.0,  387.680705371,  102.023842055,  1114.3
1577.39226516,  18396.1,  15680.2,  387.680561967,  102.024367174,  1115.07
1577.41269951,  18389.5,  15674.0,  387.680626109,  102.023472107,  1114.33
1577.43313376,  18397.7,  15680.3,  387.679970913,  102.023332271,  1114.34
1577.45356821,  18390.5,  15675.9,  387.681138511,  102.024205791,  1114.05
1577.47400255,  18397.3,  15680.5,  387.680582483,  102.023435407,  1114.35
1577.4944368,  18383.0,  15669.0,  387.680427351,  102.023561077,  1114.05
1577.51487125,  18389.8,  15674.9,  387.679275182,  102.024039332,  1114.45
1577.5353056,  18386.0,  15671.2,  387.681327234,  102.023799902,  1113.68
1577.55573995,  18380.9,  15668.0,  387.680379171,  102.023553791,  1113.06
1577.5761743,  18389.6,  15674.5,  387.680883542,  102.023648959,  1114.49
1577.59660855,  18396.1,  15678.7,  387.680096403,  102.023579881,  1113.84
1577.61704301,  18386.7,  15672.1,  387.681006732,  102.023388617,  1113.38
1577.63747736,  18386.1,  15670.8,  387.680388721,  102.023526749,  1113.9
1577.65791161,  18383.3,  15668.8,  387.680879969,  102.023582639,  1113.39
1577.67834606,  18374.4,  15662.5,  387.680483741,  102.024269296,  1113.72
1577.69878041,  18382.6,  15667.8,  387.680512985,  102.02334835,  1113.52
1577.71921476,  18375.5,  15662.9,  387.680456813,  102.023619846,  1115.17
1577.73964911,  18379.9,  15666.6,  387.680990577,  102.023794438,  1112.58
1577.76008346,  18373.4,  15660.3,  387.680725013,  102.023823358,  1112.82
1577.78051791,  18376.6,  15663.6,  387.680145175,  102.024434823,  1111.01
1577.80095216,  18376.1,  15662.9,  387.680327394,  102.023713178,  1112.82
1577.82138651,  18377.3,  15663.2,  387.680154909,  102.023511691,  1112.44
1577.84182097,  18370.9,  15659.2,  387.680353889,  102.024144597,  1112.45
1577.86225532,  18367.2,  15654.0,  387.680543676,  102.023969346,  1112.29
1577.88268957,  18376.2,  15662.7,  387.680238144,  102.024269982,  1112.26
1577.90312402,  18369.3,  15657.3,  387.679708615,  102.023971409,  1111.56
1577.92355837,  18370.9,  15657.9,  387.681023825,  102.023960719,  1111.35
1577.94399272,  18374.3,  15661.8,  387.680163011,  102.023846295,  1110.72
1577.96442708,  18370.4,  15658.0,  387.680406949,  102.024238943,  1111.56
1577.98486143,  18366.3,  15654.5,  387.680694305,  102.023593107,  1111.84
1578.00529578,  18372.8,  15660.9,  387.680183881,  102.024116172,  1111.22
1578.02573013,  18370.0,  15657.2,  387.68082329,  102.024096454,  1111.32
1578.04616449,  18370.4,  15658.6,  387.68010386,  102.023701875,  1110.27
1578.06659894,  18370.2,  15657.9,  387.681035908,  102.024127378,  1118.84
1578.08703319,  18369.7,  15657.4,  387.680752628,  102.023695434,  1111.24
1578.10746754,  18367.0,  15655.6,  387.680815965,  102.02365591,  1111.72
1578.127902,  18370.9,  15658.2,  387.680636098,  102.024188559,  1112.31
1578.14833625,  18360.7,  15649.2,  387.680221737,  102.023938392,  1111.82
1578.1687707,  18363.4,  15653.3,  387.680245613,  102.023959308,  1110.87
1578.18920506,  18367.6,  15656.2,  387.680853319,  102.023658516,  1111.17
1578.20963931,  18363.8,  15653.2,  387.68050166,  102.024981456,  1111.72
1578.23007376,  18370.8,  15659.4,  387.680035492,  102.02383964,  1111.29
1578.25050802,  18371.0,  15658.8,  387.680525853,  102.024277737,  1111.86
1578.27094237,  18370.4,  15658.8,  387.680275793,  102.024367502,  1111.46
1578.29137682,  18363.5,  15653.9,  387.680437754,  102.02369652,  1110.05
1578.31181108,  18370.5,  15658.5,  387.680530704,  102.02408578,  1111.74
1578.33224553,  18369.4,  15658.8,  387.680311803,  102.024107898,  1111.78
1578.35267988,  18363.5,  15653.1,  387.680714019,  102.024037916,  1111.76
1578.37311414,  18379.4,  15666.4,  387.680956451,  102.024039387,  1110.66
1578.39354859,  18369.9,  15659.6,  387.678166122,  102.02201732,  1110.75
1578.41398295,  18373.3,  15661.2,  387.681444199,  102.024167555,  1111.4
1578.4344173,  18374.9,  15663.0,  387.680305481,  102.023611389,  1110.91
1578.45485165,  18372.9,  15662.1,  387.680622235,  102.023867243,  1109.9
1578.47528601,  18371.5,  15659.8,  387.680517692,  102.024030977,  1110.56
1578.49572036,  18372.1,  15660.6,  387.680365143,  102.024503509,  1112.08
1578.51615472,  18373.7,  15662.7,  387.680624741,  102.023772031,  1111.0
1578.53658907,  18373.4,  15661.4,  387.680372791,  102.023804463,  1109.74
1578.55702353,  18376.4,  15664.4,  387.680775488,  102.024206668,  1108.82
1578.57745788,  18369.3,  15658.9,  387.681115338,  102.023666825,  1111.15
1578.59789214,  18378.8,  15665.9,  387.681136678,  102.024598917,  1109.54
1578.63876095,  18373.0,  15661.8,  387.680326275,  102.024383612,  1109.8
1578.6591952,  18373.1,  15662.3,  387.680490056,  102.023994702,  1108.85
1578.67962966,  18383.3,  15671.5,  387.680549318,  102.023720228,  1108.28
1578.70006402,  18391.1,  15676.6,  387.680739312,  102.024656324,  1108.55
1578.72049827,  18378.2,  15667.4,  387.680475863,  102.02382546,  1108.97
1578.74093273,  18397.0,  15682.7,  387.68006325,  102.024624241,  1109.01
1578.76136708,  18381.3,  15669.7,  387.681231955,  102.023744892,  1109.08
1578.78180154,  18393.2,  15681.5,  387.68002547,  102.024739383,  1107.96
1578.80223579,  18386.9,  15674.7,  387.679905511,  102.023718459,  1107.73
1578.82267015,  18390.4,  15678.6,  387.680851358,  102.023855383,  1108.57
1578.84310461,  18396.5,  15684.4,  387.681256147,  102.024344398,  1107.57
1578.86353886,  18388.7,  15676.9,  387.681020865,  102.023368229,  1108.5
1578.88397322,  18389.9,  15679.4,  387.680868637,  102.023378429,  1108.87
1578.90440758,  18394.2,  15683.1,  387.681407294,  102.024260782,  1108.66
1578.92484193,  18389.3,  15678.2,  387.681603553,  102.02351072,  1107.43
1578.94527639,  18400.8,  15689.7,  387.681100414,  102.024392241,  1107.7
1578.96571065,  18392.4,  15682.3,  387.680929848,  102.023531048,  1107.67
1578.986145,  18402.5,  15691.3,  387.681227723,  102.02368531,  1107.93
1579.00657946,  18402.0,  15690.7,  387.681370319,  102.023797191,  1108.48
1579.02701372,  18391.6,  15681.9,  387.680575673,  102.024005228,  1107.59
1579.04744807,  18398.8,  15688.0,  387.681019759,  102.023341562,  1109.07
1579.06788253,  18400.7,  15689.9,  387.680756241,  102.023601768,  1107.52
1579.08831689,  18342.0,  15640.5,  387.680885902,  102.023570047,  1108.12
1579.10875115,  18259.0,  15572.4,  387.6793799,  102.022914225,  1107.06
1579.1291856,  18211.8,  15533.1,  387.680058164,  102.022729276,  1107.4
1579.14961996,  18246.2,  15561.2,  387.680633037,  102.023262195,  1108.01
1579.17005432,  18326.2,  15628.9,  387.681201532,  102.023373157,  1107.12
1579.19048868,  18393.8,  15684.1,  387.681143366,  102.023392484,  1105.5
1579.21092304,  18399.5,  15689.1,  387.681995024,  102.023633826,  1106.98
1579.23135749,  18396.5,  15687.3,  387.680923468,  102.024003179,  1106.74
1579.25179175,  18390.7,  15681.4,  387.681233204,  102.023743253,  1106.87
1579.27222611,  18402.1,  15691.7,  387.681183336,  102.023532952,  1106.36
1579.29266057,  18400.2,  15689.4,  387.681405884,  102.023475734,  1107.07
1579.31309483,  18404.9,  15693.1,  387.681173691,  102.024030342,  1107.16
1579.33352928,  18403.3,  15692.8,  387.681429973,  102.024078447,  1105.71
1579.35396364,  18402.3,  15691.4,  387.680726767,  102.023611275,  1106.47
1579.3743979,  18402.1,  15691.1,  387.681268914,  102.024103177,  1107.0
1579.39483236,  18402.8,  15691.7,  387.680924583,  102.023903846,  1105.48
1579.41526672,  18393.8,  15683.0,  387.681119106,  102.024024158,  1105.79
1579.43570098,  18398.3,  15687.6,  387.681039075,  102.024500692,  1106.36
1579.45613544,  18408.0,  15696.0,  387.680997059,  102.023273396,  1105.05
1579.4765698,  18390.1,  15679.8,  387.680818935,  102.023662681,  1106.29
1579.49700406,  18406.0,  15694.0,  387.681750056,  102.023696462,  1104.89
1579.51743852,  18402.6,  15690.6,  387.681086064,  102.024165833,  1106.77
1579.53787278,  18395.4,  15684.1,  387.680939468,  102.024381366,  1105.86
1579.55830723,  18401.1,  15689.7,  387.681824987,  102.023019195,  1106.79
1579.57874159,  18392.7,  15681.5,  387.681207766,  102.023710471,  1106.79
1579.59917595,  18408.3,  15694.3,  387.680604,  102.02420428,  1106.16
1579.61961031,  18400.2,  15688.9,  387.681308434,  102.023798313,  1106.95
1579.64004467,  18396.5,  15684.3,  387.681195464,  102.024102957,  1105.55
1579.66047903,  18392.3,  15681.2,  387.681385458,  102.023462627,  1105.01
1579.68091339,  18402.4,  15689.4,  387.681255795,  102.023727104,  1105.55
1579.70134775,  18383.9,  15673.6,  387.681086561,  102.023811827,  1105.3
1579.72178221,  18401.8,  15688.7,  387.680662319,  102.024143137,  1103.95
1579.74221657,  18391.7,  15680.0,  387.681304647,  102.023513531,  1105.29
1579.76265083,  18395.6,  15682.6,  387.681190908,  102.023589459,  1104.8
1579.7830853,  18409.5,  15694.8,  387.681254327,  102.023843027,  1104.48
1579.80351966,  18399.2,  15685.0,  387.681648023,  102.023886533,  1104.45
1579.82395392,  18396.6,  15683.3,  387.680672851,  102.024216197,  1104.4
1579.84438838,  18386.4,  15674.7,  387.680820175,  102.023911835,  1103.8
1579.86482274,  18398.4,  15683.8,  387.680751829,  102.024586447,  1103.8
1579.885257,  18389.4,  15677.4,  387.681699842,  102.023802246,  1104.37
1579.90569146,  18394.2,  15680.6,  387.681315447,  102.023862488,  1103.68
1579.92612582,  18386.8,  15674.1,  387.680488103,  102.024141738,  1103.63
1579.94656028,  18401.0,  15685.8,  387.681004414,  102.023623844,  1103.48
1579.96699454,  18383.9,  15671.6,  387.681134439,  102.024366451,  1103.33
1579.98742891,  18386.7,  15674.3,  387.681167265,  102.023986222,  1103.89
1580.00786337,  18395.0,  15681.3,  387.68092521,  102.023953284,  1103.58
1580.02829763,  18382.4,  15668.9,  387.680899857,  102.024155149,  1102.39
1580.04873199,  18385.2,  15672.5,  387.681379842,  102.024312917,  1102.82
1580.06916645,  18387.3,  15673.4,  387.681112121,  102.024226776,  1102.61
1580.08960071,  18385.8,  15671.9,  387.680866122,  102.023643728,  1103.08
1580.11003508,  18382.6,  15669.6,  387.681137754,  102.023872614,  1102.54
1580.13046954,  18390.6,  15675.7,  387.679909785,  102.024606483,  1102.94
1580.1509038,  18384.4,  15670.2,  387.680844059,  102.02379352,  1101.52
1580.17133826,  18392.2,  15677.4,  387.681184785,  102.024729876,  1101.9
1580.19177253,  18378.2,  15665.0,  387.68131995,  102.024427508,  1101.27
1580.21220689,  18384.9,  15670.5,  387.680282087,  102.024475489,  1101.51
1580.23264135,  18382.5,  15668.9,  387.681045258,  102.023407443,  1100.64
1580.25307561,  18380.9,  15666.7,  387.681010236,  102.023740939,  1101.45
1580.27350998,  18377.1,  15664.3,  387.681168943,  102.024163275,  1101.52
1580.29394444,  18385.4,  15671.4,  387.680430439,  102.024095646,  1100.66
1580.3143788,  18374.9,  15661.3,  387.68088003,  102.024328856,  1099.65
1580.33481316,  18377.1,  15663.9,  387.681321186,  102.024112483,  1100.3
1580.35524753,  18386.1,  15670.3,  387.681532961,  102.024163504,  1100.13
1580.37568189,  18365.9,  15653.7,  387.681926357,  102.023941282,  1100.65
1580.39611625,  18361.7,  15651.0,  387.681552117,  102.023797421,  1100.66
1580.41655062,  18365.1,  15652.7,  387.680916045,  102.024137071,  1100.72
1580.43698498,  18370.3,  15658.3,  387.680734326,  102.024207188,  1099.72
1580.45741944,  18364.2,  15653.1,  387.680668808,  102.023923688,  1101.19
1580.47785371,  18373.7,  15659.6,  387.68073915,  102.024248955,  1099.39
1580.49828807,  18366.3,  15654.3,  387.680613387,  102.024443362,  1099.5
1580.51872254,  18368.4,  15655.2,  387.680583938,  102.023569598,  1098.6
1580.5391568,  18365.4,  15652.5,  387.681513672,  102.024015342,  1099.95
1580.55959126,  18361.7,  15650.6,  387.680982056,  102.023995215,  1099.43
1580.58002563,  18364.6,  15651.9,  387.681174637,  102.023407187,  1099.12
1580.60045989,  18367.6,  15654.2,  387.680789661,  102.023865661,  1099.26
1580.62089436,  18362.3,  15650.3,  387.681062873,  102.024238589,  1099.97
1580.64132872,  18372.8,  15658.0,  387.68109288,  102.024238646,  1098.94
1580.66176298,  18365.9,  15653.0,  387.680665893,  102.023871344,  1098.56
1580.68219745,  18368.0,  15654.8,  387.680879161,  102.024262152,  1098.77
1580.70263181,  18377.2,  15661.9,  387.681054232,  102.024197243,  1098.92
1580.72306628,  18374.3,  15660.8,  387.681631943,  102.02461091,  1098.85
1580.74350054,  18379.1,  15663.0,  387.680738153,  102.02376611,  1099.01
1580.76393491,  18373.1,  15658.8,  387.681537197,  102.02394733,  1098.56
1580.78436937,  18380.6,  15665.5,  387.680926559,  102.024441828,  1098.25
1580.80480364,  18370.4,  15656.2,  387.680849892,  102.023349726,  1098.77
1580.825238,  18376.6,  15661.4,  387.680665242,  102.024125204,  1097.05
1580.84567237,  18376.5,  15660.8,  387.681176417,  102.023712344,  1098.03
1580.86610673,  18372.6,  15657.5,  387.680604117,  102.024165924,  1098.99
1580.8865411,  18381.8,  15666.3,  387.680845186,  102.024733631,  1099.27
1580.90697546,  18368.2,  15654.6,  387.681471082,  102.024068512,  1097.86
1580.92740983,  18378.2,  15662.7,  387.680682929,  102.023878424,  1098.18
1580.94784429,  18363.7,  15651.3,  387.680481841,  102.024051185,  1098.97
1580.96827866,  18369.4,  15655.1,  387.680926419,  102.024414333,  1097.54
1580.98871293,  18375.2,  15660.2,  387.681372355,  102.02472175,  1096.51
1581.00914739,  18374.3,  15659.1,  387.681041912,  102.024654052,  1097.37
1581.02958176,  18373.9,  15658.2,  387.681682488,  102.024120002,  1097.51
1581.05001602,  18373.8,  15659.1,  387.680285193,  102.024450018,  1096.96
1581.07045049,  18375.5,  15659.8,  387.680852514,  102.024407536,  1097.12
1581.09088486,  18376.7,  15660.4,  387.680733076,  102.024463623,  1097.24
1581.11131932,  18385.5,  15669.6,  387.680895483,  102.023380481,  1095.82
1581.13175359,  18380.4,  15663.5,  387.680763367,  102.023923119,  1097.3
1581.15218796,  18381.8,  15665.2,  387.681065011,  102.023741278,  1096.03
1581.17262242,  18384.0,  15667.4,  387.68126667,  102.023709212,  1095.66
1581.19305669,  18381.8,  15665.0,  387.680878027,  102.024429688,  1096.46
1581.21349106,  18383.1,  15667.2,  387.680750199,  102.024721828,  1095.25
1581.23392552,  18391.8,  15673.4,  387.681530158,  102.023884589,  1097.67
1581.25435979,  18392.0,  15673.1,  387.680929051,  102.023779049,  1095.65
1581.27479416,  18390.5,  15673.3,  387.681366425,  102.024422989,  1095.27
1581.29522862,  18388.8,  15670.7,  387.680706668,  102.023484008,  1096.06
1581.31566289,  18372.6,  15657.8,  387.680537735,  102.024410563,  1096.19
1581.33609736,  18385.5,  15668.6,  387.681135086,  102.023759399,  1095.84
1581.35653172,  18402.7,  15682.1,  387.677539716,  102.025110447,  1096.26
1581.37696609,  18399.9,  15680.5,  387.68132928,  102.024283936,  1095.28
1581.39740046,  18388.1,  15670.4,  387.681823791,  102.024225983,  1095.33
1581.41783483,  18392.5,  15673.3,  387.68068225,  102.024463156,  1095.5
1581.43826919,  18393.4,  15674.6,  387.680900015,  102.024487137,  1095.23
1581.45870356,  18394.4,  15675.9,  387.680706812,  102.023516605,  1095.63
1581.47913793,  18392.8,  15674.1,  387.680179162,  102.024207783,  1094.97
1581.4995723,  18405.1,  15684.5,  387.680875894,  102.023965332,  1094.6
1581.52000667,  18393.8,  15674.0,  387.680534599,  102.024119099,  1093.96
1581.54044103,  18401.1,  15680.8,  387.681240747,  102.024636027,  1094.98
1581.5608754,  18403.8,  15682.0,  387.681106661,  102.024220743,  1095.35
1581.58130977,  18399.6,  15682.3,  387.681068743,  102.024470839,  1095.56
1586.83293801,  18437.2,  15523.3,  387.676298029,  102.026820048,  1072.78
1586.8533725,  18441.3,  15530.0,  387.677750728,  102.026480675,  1074.73
1586.87380678,  18435.4,  15524.4,  387.676316464,  102.026195461,  1073.75
1586.89424127,  18446.2,  15533.1,  387.676384402,  102.026955465,  1073.26
1586.91467566,  18439.5,  15528.4,  387.677205722,  102.026672807,  1074.59
1586.93510994,  18437.1,  15526.2,  387.67650479,  102.027362727,  1073.8
1586.95554443,  18444.7,  15532.4,  387.676831674,  102.027507806,  1072.95
1586.97597882,  18435.3,  15526.0,  387.676169105,  102.027277706,  1073.18
1586.9964132,  18437.9,  15527.4,  387.677359051,  102.026604593,  1072.99
1587.01684759,  18427.7,  15521.0,  387.676742475,  102.027371118,  1073.01
1587.03728198,  18429.4,  15521.7,  387.677482552,  102.027189935,  1073.73
1587.05771647,  18440.3,  15530.8,  387.676897611,  102.027040864,  1073.67
1587.07815085,  18427.5,  15522.3,  387.677388985,  102.027434937,  1073.11
1587.09858514,  18441.2,  15533.2,  387.677130994,  102.027279805,  1073.35
1587.11901963,  18432.0,  15526.9,  387.676412047,  102.027209192,  1072.78
1587.13945402,  18432.5,  15528.8,  387.677282727,  102.027259606,  1072.65
1587.1598883,  18425.7,  15522.8,  387.677120117,  102.027019258,  1073.63
1587.18032279,  18435.9,  15533.2,  387.676963446,  102.027477213,  1073.63
1587.20075718,  18430.3,  15530.0,  387.677955276,  102.02714224,  1073.77
1587.22119157,  18429.5,  15530.0,  387.67763399,  102.026916056,  1073.35
1587.24162595,  18427.0,  15529.2,  387.678077419,  102.0270781,  1073.67
1587.26206024,  18423.8,  15528.2,  387.677540109,  102.02681391,  1072.21
1587.28249473,  18417.8,  15524.0,  387.677224387,  102.027182596,  1072.68
1587.30292912,  18422.9,  15530.4,  387.677725966,  102.027122105,  1072.31
1587.32336341,  18432.2,  15537.8,  387.678333995,  102.027598743,  1073.59
1587.34379789,  18419.2,  15529.4,  387.678208273,  102.027156562,  1073.94
1587.36423228,  18423.5,  15535.2,  387.678134191,  102.027106358,  1072.91
1587.38466677,  18429.6,  15539.8,  387.678725302,  102.026578502,  1073.2
1587.40510106,  18412.6,  15528.9,  387.677746693,  102.027224169,  1073.34
1587.42553545,  18423.6,  15538.5,  387.677477241,  102.026724174,  1072.04
1587.44596994,  18429.1,  15543.4,  387.677963627,  102.026288996,  1071.99
1587.46640422,  18419.6,  15539.4,  387.678444778,  102.026455656,  1072.05
1587.5072731,  18417.2,  15538.3,  387.678875103,  102.026326904,  1072.09
1587.52770739,  18421.6,  15544.3,  387.677725876,  102.026569025,  1071.94
1587.54814188,  18426.3,  15548.6,  387.678388401,  102.026528047,  1072.9
1587.56857627,  18425.0,  15548.5,  387.678169308,  102.02648829,  1072.47
1587.58901066,  18427.7,  15553.2,  387.679265556,  102.026417478,  1071.27
1587.60944505,  18411.3,  15539.8,  387.678006559,  102.02647556,  1072.68
1587.62987943,  18423.0,  15551.3,  387.677810389,  102.026411589,  1071.53
1587.65031382,  18421.9,  15552.2,  387.679075597,  102.026114518,  1071.46
1587.67074821,  18404.9,  15538.9,  387.678329112,  102.026658251,  1072.52
1587.6911826,  18407.7,  15543.1,  387.677967934,  102.02670606,  1071.81
1587.71161709,  18409.4,  15544.9,  387.678289715,  102.027042373,  1071.46
1587.73205138,  18415.4,  15551.2,  387.67847759,  102.026223383,  1072.76
1587.75248577,  18400.3,  15540.6,  387.677826544,  102.026346697,  1072.11
1587.77292026,  18401.6,  15542.4,  387.678450386,  102.026282787,  1070.65
1587.79335465,  18401.2,  15543.4,  387.678833307,  102.025676139,  1071.7
1587.81378894,  18401.0,  15544.6,  387.677297788,  102.026361235,  1071.8
1587.83422343,  18409.9,  15553.0,  387.678476447,  102.026674347,  1071.2
1587.85465772,  18400.8,  15547.4,  387.677845281,  102.026318977,  1072.3
1587.87509221,  18402.5,  15549.6,  387.678386024,  102.026279298,  1072.88
1587.89552659,  18400.0,  15549.1,  387.678776312,  102.025742568,  1071.18
1587.91596088,  18396.5,  15547.7,  387.678935784,  102.026300479,  1072.14
1587.93639537,  18399.7,  15550.8,  387.678387779,  102.026133082,  1072.61
1587.95682976,  18406.4,  15558.5,  387.678286977,  102.026111199,  1071.25
1587.97726405,  18393.1,  15549.2,  387.678493028,  102.026395888,  1072.31
1587.99769854,  18395.2,  15550.8,  387.677925885,  102.026037806,  1070.93
1588.01813293,  18396.3,  15554.2,  387.678421582,  102.025887942,  1071.94
1588.03856722,  18399.4,  15557.9,  387.678078654,  102.026335164,  1072.11
1588.05900171,  18402.1,  15561.1,  387.67887018,  102.025470572,  1071.77
1588.0794361,  18392.3,  15554.7,  387.678645219,  102.026261548,  1070.87
1588.09987059,  18396.2,  15558.3,  387.678862367,  102.026211906,  1071.03
1588.12030488,  18387.7,  15552.4,  387.679230539,  102.025692171,  1071.41
1588.14073927,  18409.1,  15572.3,  387.678129325,  102.025867427,  1070.57
1588.16117376,  18399.8,  15564.5,  387.679224052,  102.025962656,  1070.35
1588.18160806,  18396.2,  15562.9,  387.67847355,  102.026663261,  1070.1
1588.20204245,  18396.4,  15565.1,  387.67939562,  102.025074938,  1070.79
1588.22247694,  18393.1,  15563.2,  387.678546002,  102.025339362,  1070.45
1588.24291123,  18393.0,  15564.6,  387.678441999,  102.026202335,  1070.74
1588.26334572,  18385.6,  15558.8,  387.678534525,  102.026119305,  1069.44
1588.28378011,  18388.1,  15562.2,  387.678524397,  102.025909505,  1069.36
1588.3042145,  18395.1,  15570.2,  387.678792901,  102.025814421,  1069.75
1588.32464889,  18386.2,  15562.4,  387.678768964,  102.025588777,  1069.98
1588.34508328,  18389.5,  15566.3,  387.678850094,  102.026633207,  1068.74
1588.36551767,  18386.6,  15566.0,  387.678599624,  102.026279915,  1069.95
1588.38595206,  18385.3,  15564.7,  387.678964639,  102.026000697,  1070.04
1588.40638645,  18387.7,  15568.4,  387.679054511,  102.026733249,  1068.72
1588.42682084,  18392.8,  15573.5,  387.678877763,  102.026177802,  1068.46
1588.44725534,  18383.8,  15566.4,  387.679817492,  102.025907522,  1067.73
1588.46768963,  18389.4,  15573.5,  387.679228951,  102.026223791,  1068.98
1588.48812412,  18381.7,  15567.1,  387.678752739,  102.025765227,  1067.66
1588.50855841,  18387.8,  15573.2,  387.679324707,  102.026302625,  1067.88
1588.5289928,  18387.7,  15574.2,  387.678606737,  102.02536951,  1067.84
1588.54942729,  18382.1,  15568.9,  387.678554656,  102.026182769,  1068.1
1588.56986158,  18382.6,  15571.8,  387.678427548,  102.025180315,  1067.59
1588.59029597,  18384.2,  15573.7,  387.679105608,  102.026273412,  1068.07
1588.61073047,  18370.5,  15562.5,  387.678710715,  102.025297057,  1067.72
1588.63116476,  18388.0,  15578.3,  387.679925171,  102.025499932,  1067.79
1588.65159925,  18382.0,  15574.2,  387.679566426,  102.025326522,  1066.4
1588.67203364,  18385.7,  15577.9,  387.679758724,  102.025639177,  1068.2
1588.69246793,  18373.4,  15568.8,  387.678508703,  102.02600296,  1066.45
1588.71290242,  18384.0,  15578.0,  387.679180832,  102.026201008,  1068.3
1588.73333682,  18382.3,  15577.2,  387.679589934,  102.026154565,  1066.52
1588.75377111,  18382.6,  15579.8,  387.679354419,  102.025372752,  1066.6
1588.7742056,  18378.3,  15575.5,  387.679807186,  102.02511055,  1066.66
1588.79463999,  18383.8,  15581.4,  387.679250451,  102.025559404,  1066.45
1588.81507438,  18395.4,  15590.8,  387.680506703,  102.026825127,  1067.59
1588.83550878,  18383.2,  15581.6,  387.679155957,  102.025725938,  1065.59
1588.85594317,  18374.9,  15575.9,  387.679962386,  102.025277569,  1065.97
1588.87637766,  18381.0,  15580.7,  387.679146219,  102.02558323,  1067.0
1588.89681195,  18384.6,  15584.9,  387.67963398,  102.025689652,  1065.05
1588.91724634,  18379.4,  15582.8,  387.679599252,  102.026084402,  1066.39
1588.93768084,  18387.5,  15588.6,  387.679497691,  102.025735054,  1065.91
1588.95811523,  18383.6,  15586.6,  387.679564096,  102.025676375,  1064.96
1588.97854952,  18388.5,  15591.4,  387.679880494,  102.025969079,  1065.53
1588.99898401,  18378.7,  15583.1,  387.679685764,  102.024940594,  1065.09
1589.01941841,  18385.4,  15589.5,  387.67970909,  102.025319947,  1065.08
1589.0398527,  18391.6,  15595.5,  387.680073881,  102.025774715,  1064.55
1589.06028719,  18383.9,  15589.5,  387.680059627,  102.025724852,  1066.08
1589.08072158,  18392.8,  15598.4,  387.679688606,  102.025736377,  1065.19
1589.10115608,  18388.2,  15594.5,  387.67969437,  102.025594052,  1065.52
1589.12159037,  18389.1,  15596.3,  387.680637771,  102.025175861,  1065.44
1589.14202476,  18384.3,  15593.3,  387.680011295,  102.025411091,  1065.8
1589.16245916,  18390.9,  15598.2,  387.679856212,  102.025390537,  1065.29
1589.18289355,  18389.5,  15598.5,  387.679865133,  102.025126152,  1065.35
1589.20332784,  18393.9,  15602.9,  387.679553878,  102.025508933,  1065.11
1589.22376233,  18395.0,  15603.8,  387.680753034,  102.025283123,  1064.29
1589.24419673,  18401.7,  15611.7,  387.679765091,  102.025740528,  1065.08
1589.26463122,  18399.1,  15607.9,  387.680242986,  102.025903498,  1064.4
1589.28506551,  18401.0,  15611.2,  387.680385086,  102.025685506,  1064.13
1589.30549991,  18398.0,  15609.9,  387.680404292,  102.025710656,  1064.74
1589.3259344,  18408.4,  15617.2,  387.680382172,  102.02523557,  1063.64
1589.34636869,  18387.8,  15602.9,  387.681041663,  102.024921972,  1064.13
1589.36680309,  18103.0,  15365.4,  387.677928879,  102.024138859,  1063.78
1589.38723758,  17501.6,  14863.9,  387.673010536,  102.021805746,  1064.82
1589.40767187,  17117.7,  14545.7,  387.670161952,  102.020045389,  1063.13
1589.42810627,  17197.4,  14611.6,  387.670029074,  102.020419808,  1063.57
1589.44854076,  17695.6,  15027.1,  387.674518081,  102.023218553,  1063.72
1589.46897515,  18255.4,  15495.2,  387.678849567,  102.025104424,  1063.47
1589.48940955,  18407.5,  15620.7,  387.68099955,  102.024903422,  1062.65
1589.50984394,  18413.7,  15626.4,  387.680182443,  102.025448455,  1063.48
1589.53027833,  18408.4,  15623.1,  387.680597583,  102.025500536,  1063.12
1589.55071273,  18424.2,  15635.9,  387.680290283,  102.025461484,  1063.17
1589.57114712,  18411.9,  15625.9,  387.679806057,  102.025734411,  1063.23
1589.59158152,  18416.9,  15630.4,  387.679950599,  102.024837003,  1063.49
1589.61201601,  18431.6,  15642.9,  387.680648615,  102.026136679,  1062.72
1589.6324503,  18423.5,  15637.4,  387.680603864,  102.025664587,  1062.9
1589.6528847,  18421.1,  15635.5,  387.679965851,  102.024794615,  1062.85
1589.67331919,  18422.1,  15636.3,  387.680491421,  102.025810406,  1063.2
1589.69375349,  18414.3,  15631.3,  387.680039962,  102.025048783,  1062.43
1589.71418798,  18433.7,  15645.8,  387.679898751,  102.025367501,  1063.21
1589.73462237,  18437.3,  15650.1,  387.68058361,  102.025460122,  1062.37
1589.75505667,  18434.3,  15648.1,  387.680903131,  102.025294888,  1061.44
1589.77549116,  18435.7,  15649.2,  387.680935989,  102.024655316,  1062.39
1589.79592556,  18431.3,  15646.2,  387.681122642,  102.025705052,  1062.49
1589.81635985,  18431.4,  15646.2,  387.6804923,  102.025283319,  1061.25
1589.85722864,  18435.4,  15650.7,  387.680597594,  102.025473275,  1061.71
1589.87766314,  18446.1,  15658.6,  387.68071253,  102.025695166,  1062.9
1589.89809753,  18442.6,  15656.1,  387.680701325,  102.025258861,  1062.52
1589.91853182,  18448.8,  15661.9,  387.680145399,  102.024859752,  1061.45
1589.93896632,  18450.6,  15662.6,  387.680763219,  102.025704641,  1061.7
1589.95940071,  18459.6,  15670.7,  387.681082059,  102.025776019,  1061.83
1589.97983501,  18455.1,  15667.2,  387.680521083,  102.025669355,  1062.04
1590.0002695,  18454.5,  15666.0,  387.680893848,  102.025602027,  1061.75
1590.0207039,  18455.8,  15667.9,  387.681216972,  102.024973403,  1063.33
1590.04113829,  18457.9,  15669.2,  387.680669916,  102.025332929,  1061.67
1590.06157269,  18466.2,  15676.7,  387.680605015,  102.024835318,  1062.51
1590.08200708,  18465.0,  15676.5,  387.680677243,  102.025523541,  1062.53
1590.10244158,  18452.9,  15665.3,  387.681900124,  102.025308358,  1062.24
1590.12287587,  18462.6,  15674.7,  387.681116121,  102.024707211,  1061.41
1590.14331027,  18464.5,  15677.0,  387.68138349,  102.024820696,  1061.15
1590.16374476,  18471.5,  15681.6,  387.680655049,  102.025434197,  1061.14
1590.18417916,  18478.2,  15688.4,  387.68175111,  102.025163248,  1061.14
1590.20461345,  18480.8,  15690.6,  387.681112005,  102.025158481,  1060.68
1590.22504795,  18478.2,  15688.1,  387.680420984,  102.025606071,  1061.55
1590.24548234,  18487.1,  15696.5,  387.680781943,  102.02512949,  1062.05
1590.26591664,  18492.6,  15700.4,  387.680572523,  102.026165067,  1061.69
1590.28635114,  18478.5,  15689.9,  387.681324832,  102.025790139,  1061.04
1590.30678553,  18485.0,  15695.7,  387.68117194,  102.025386683,  1059.93
1590.32722003,  18494.0,  15702.4,  387.681385015,  102.0257218,  1059.8
1590.34765432,  18493.3,  15702.7,  387.681521971,  102.024806181,  1060.88
1590.36808872,  18490.3,  15699.8,  387.680749859,  102.025093586,  1060.9
1590.38852321,  18496.6,  15704.6,  387.680729827,  102.025114247,  1060.42
1590.40895751,  18500.1,  15709.4,  387.681590215,  102.025226061,  1060.12
1590.4293919,  18500.9,  15709.3,  387.68145219,  102.025430554,  1061.0
1590.4498263,  18506.2,  15713.9,  387.680875059,  102.0254661,  1059.85
1590.4702607,  18496.5,  15707.3,  387.681261779,  102.025230553,  1059.58
1590.49069519,  18499.7,  15708.9,  387.681449732,  102.024978764,  1059.63
1590.51112949,  18503.8,  15713.4,  387.68134201,  102.025165688,  1060.83
1590.53156388,  18508.4,  15717.4,  387.682112629,  102.025460104,  1060.35
1590.55199838,  18506.2,  15714.4,  387.681262625,  102.025352324,  1060.4
1590.57243268,  18516.4,  15724.6,  387.682071535,  102.024975491,  1060.56
1590.59286707,  18518.5,  15726.3,  387.682002321,  102.025526546,  1060.71
1590.61330157,  18506.2,  15715.8,  387.681989546,  102.025592513,  1059.98
1590.63373586,  18515.8,  15725.5,  387.681744813,  102.02502046,  1060.35
1590.65417026,  18520.6,  15728.1,  387.681463184,  102.024800144,  1060.96
1590.67460476,  18509.2,  15719.2,  387.681177006,  102.025269077,  1058.96
1590.69503915,  18524.3,  15733.2,  387.68164585,  102.025408983,  1060.94
1590.71547355,  18514.0,  15722.7,  387.681710285,  102.025202596,  1060.15
1590.73590795,  18524.6,  15733.4,  387.681370906,  102.02491886,  1059.37
1590.75634234,  18519.7,  15728.5,  387.681570677,  102.025294385,  1059.38
1590.77677674,  18526.2,  15734.3,  387.681120911,  102.024676818,  1058.64
1590.79721114,  18526.5,  15735.4,  387.682203312,  102.025094567,  1058.61
1590.81764553,  18518.8,  15728.9,  387.682113752,  102.025450336,  1059.87
1590.83808003,  18529.2,  15737.2,  387.68179876,  102.02616574,  1058.67
1590.85851433,  18527.9,  15736.5,  387.681273502,  102.025853345,  1058.56
1590.87894872,  18524.1,  15733.2,  387.681859172,  102.025196523,  1058.44
1590.89938322,  18535.5,  15743.6,  387.682191983,  102.025847476,  1058.57
1590.91981752,  18520.0,  15730.7,  387.681513285,  102.026157101,  1059.23
1590.94025201,  18528.4,  15737.0,  387.681455008,  102.025214573,  1058.77
1590.96068641,  18524.7,  15734.4,  387.681072742,  102.025735458,  1058.88
1590.98112071,  18524.5,  15730.9,  387.682557619,  102.023882817,  1059.83
1591.0015552,  18527.6,  15734.3,  387.681306856,  102.025178733,  1058.55
