Kepler I.D.-----Channel

[7672068]--------[45]

-TTYPE1--------TTYPE8------------TTYPE4-----------TTYPE15------------TTYPE17-----------TTYPE6

['TIME']---['PDCSAP_FLUX']---['SAP_FLUX']---['MOM_CENTR1']---['MOM_CENTR2']---['SAP_BKG']

['BJD - 2454833']--['e-/s']--------['e-/s']---------['pixel']---------['pixel']----------['e-/s']

CROWDSAP --- 0.9984

7672068

1559.24661985,  163683.0,  156274.0,  990.430071404,  615.671269635,  2063.08
1559.26705413,  163684.0,  156277.0,  990.430512958,  615.671111262,  2062.47
1559.28748852,  163689.0,  156279.0,  990.430248306,  615.671361518,  2063.96
1559.3079227,  163689.0,  156277.0,  990.430198617,  615.671122245,  2064.11
1559.32835699,  163683.0,  156274.0,  990.430215843,  615.671038051,  2060.33
1559.34879137,  163700.0,  156286.0,  990.430249928,  615.670914085,  2061.16
1559.36922556,  163676.0,  156262.0,  990.430374863,  615.67088517,  2061.6
1559.38965994,  163669.0,  156255.0,  990.430393013,  615.670880999,  2062.15
1559.41009423,  163673.0,  156256.0,  990.430194397,  615.670647929,  2060.74
1559.43052851,  163671.0,  156254.0,  990.430353993,  615.670639824,  2059.03
1559.4509628,  163672.0,  156251.0,  990.430307104,  615.670578325,  2059.45
1559.47139709,  163709.0,  156285.0,  990.430275467,  615.670579469,  2060.63
1559.49183137,  163684.0,  156262.0,  990.430325382,  615.670386543,  2060.78
1559.51226566,  163651.0,  156228.0,  990.430183626,  615.670316638,  2059.57
1559.53269995,  163668.0,  156242.0,  990.430414763,  615.670299093,  2059.27
1559.55313423,  163657.0,  156233.0,  990.430439055,  615.670279521,  2059.64
1559.57356852,  163674.0,  156245.0,  990.430472664,  615.67021921,  2061.05
1559.59400281,  163674.0,  156247.0,  990.430506903,  615.67032891,  2058.27
1559.61443709,  163671.0,  156242.0,  990.430513243,  615.670181426,  2058.72
1559.63487138,  163661.0,  156229.0,  990.430517829,  615.670053785,  2058.21
1559.65530567,  163684.0,  156251.0,  990.430649215,  615.670151171,  2059.75
1559.67574006,  163673.0,  156240.0,  990.43069556,  615.67018339,  2057.81
1559.69617424,  163669.0,  156233.0,  990.430529012,  615.669890874,  2058.38
1559.71660853,  163652.0,  156219.0,  990.430657638,  615.669969319,  2056.86
1559.73704292,  163667.0,  156230.0,  990.430597793,  615.669911303,  2058.46
1559.75747711,  163671.0,  156234.0,  990.430709597,  615.669873593,  2057.6
1559.7779115,  163679.0,  156243.0,  990.430794647,  615.669903047,  2058.02
1559.79834579,  163664.0,  156226.0,  990.430655503,  615.669685873,  2056.2
1559.81877998,  163670.0,  156230.0,  990.430647946,  615.669682218,  2054.32
1559.83921437,  163652.0,  156212.0,  990.430655959,  615.669711795,  2055.3
1559.85964866,  163679.0,  156235.0,  990.430823619,  615.669662512,  2054.96
1559.88008285,  163659.0,  156218.0,  990.430616068,  615.669488117,  2056.46
1559.90051724,  163675.0,  156230.0,  990.430611128,  615.669524,  2058.57
1559.92095153,  163686.0,  156239.0,  990.4308109,  615.669278471,  2053.48
1559.94138592,  163655.0,  156211.0,  990.430738348,  615.669472243,  2054.42
1559.96182011,  163697.0,  156248.0,  990.430694196,  615.669539496,  2055.03
1559.9822544,  163652.0,  156206.0,  990.430681393,  615.669308232,  2054.35
1560.00268879,  163670.0,  156224.0,  990.430744966,  615.669348081,  2054.15
1560.02312298,  163671.0,  156222.0,  990.430757793,  615.669285775,  2054.82
1560.04355727,  163687.0,  156238.0,  990.430553908,  615.669368044,  2054.7
1560.06399166,  163658.0,  156209.0,  990.430824675,  615.669199887,  2054.47
1560.08442585,  163639.0,  156190.0,  990.430658408,  615.669205849,  2053.4
1560.10486024,  163686.0,  156234.0,  990.430955734,  615.66929028,  2053.72
1560.12529453,  163691.0,  156240.0,  990.430713795,  615.669434446,  2052.33
1560.14572873,  163678.0,  156225.0,  990.430925763,  615.668791382,  2054.11
1560.16616312,  163663.0,  156214.0,  990.43088611,  615.669347926,  2053.71
1560.18659741,  163661.0,  156210.0,  990.43079698,  615.669227404,  2054.95
1560.2070316,  163700.0,  156245.0,  990.430605191,  615.669022014,  2051.99
1560.227466,  163658.0,  156206.0,  990.430904945,  615.669188645,  2051.43
1560.24790029,  163679.0,  156224.0,  990.430623673,  615.66911288,  2051.36
1560.26833448,  163650.0,  156197.0,  990.430880327,  615.669051021,  2051.33
1560.28876888,  163664.0,  156212.0,  990.430654948,  615.668991164,  2051.89
1560.30920317,  163670.0,  156213.0,  990.430921036,  615.668881195,  2051.97
1560.32963746,  163679.0,  156225.0,  990.430935193,  615.66892243,  2049.88
1560.35007176,  163675.0,  156219.0,  990.430788786,  615.668774444,  2051.09
1560.37050605,  163664.0,  156210.0,  990.430699032,  615.668697727,  2048.36
1560.39094044,  163655.0,  156200.0,  990.430838432,  615.668779215,  2049.58
1560.41137464,  163663.0,  156207.0,  990.430895578,  615.668733019,  2049.35
1560.43180893,  163657.0,  156200.0,  990.430661843,  615.668588245,  2049.88
1560.45224333,  163645.0,  156191.0,  990.430870412,  615.6688545,  2050.91
1560.47267752,  163660.0,  156202.0,  990.430778615,  615.668641975,  2048.36
1560.49311192,  163645.0,  156188.0,  990.430939448,  615.668593438,  2051.07
1560.51354621,  163672.0,  156217.0,  990.43080041,  615.668806867,  2048.91
1560.53398041,  163666.0,  156207.0,  990.430803197,  615.668823657,  2048.22
1560.5544148,  163686.0,  156228.0,  990.430801536,  615.668566912,  2048.31
1560.5748491,  163649.0,  156193.0,  990.430601463,  615.668718909,  2049.28
1560.59528329,  163680.0,  156221.0,  990.430795712,  615.66840391,  2046.67
1560.61571769,  163685.0,  156228.0,  990.431002659,  615.668510149,  2048.69
1560.63615198,  163671.0,  156212.0,  990.430661584,  615.668378525,  2047.04
1560.65658628,  163673.0,  156212.0,  990.43089667,  615.668385074,  2049.35
1560.67702058,  163659.0,  156202.0,  990.430934301,  615.668682126,  2047.34
1560.69745487,  163666.0,  156207.0,  990.43062968,  615.668370664,  2048.32
1560.73832347,  163681.0,  156225.0,  990.430866806,  615.668548933,  2045.88
1560.75875776,  163698.0,  156239.0,  990.430871693,  615.668416341,  2045.69
1560.77919216,  163672.0,  156215.0,  990.430618499,  615.667990839,  2048.41
1560.79962636,  163651.0,  156198.0,  990.430730761,  615.667932083,  2044.66
1560.82006066,  163669.0,  156214.0,  990.430718015,  615.668239316,  2049.05
1560.84049505,  163687.0,  156236.0,  990.430920727,  615.667835986,  2062.43
1560.96310084,  163653.0,  156213.0,  990.430630804,  615.667624841,  2076.5
1560.98353504,  163703.0,  156259.0,  990.43027503,  615.667280046,  2076.16
1561.00396944,  163637.0,  156202.0,  990.43082877,  615.667979075,  2073.72
1561.02440374,  163663.0,  156221.0,  990.43065532,  615.667499691,  2069.04
1561.04483814,  163632.0,  156192.0,  990.430385294,  615.667913629,  2070.73
1561.06527234,  163635.0,  156199.0,  990.430517954,  615.667898722,  2069.33
1561.08570664,  163692.0,  156252.0,  990.430814979,  615.667904472,  2063.59
1561.10614104,  163637.0,  156197.0,  990.430791604,  615.667618807,  2062.41
1561.12657524,  163678.0,  156235.0,  990.430825509,  615.667498071,  2066.5
1561.14700954,  163675.0,  156232.0,  990.430656691,  615.667818836,  2063.48
1561.16744394,  163680.0,  156240.0,  990.430490294,  615.667220498,  2058.61
1561.18787814,  163684.0,  156241.0,  990.430737272,  615.667836366,  2055.82
1561.20831244,  163709.0,  156262.0,  990.430455985,  615.667470881,  2055.84
1561.22874684,  163692.0,  156248.0,  990.430738033,  615.667685328,  2051.99
1561.24918105,  163656.0,  156210.0,  990.430509845,  615.66781995,  2055.64
1561.26961545,  163672.0,  156225.0,  990.430753807,  615.667416296,  2054.76
1561.29004975,  163660.0,  156211.0,  990.430714811,  615.667515421,  2054.64
1561.31048405,  163703.0,  156253.0,  990.430275246,  615.667248087,  2050.84
1561.33091835,  163656.0,  156205.0,  990.430485438,  615.667756726,  2049.86
1561.35135265,  163643.0,  156198.0,  990.430688293,  615.667667586,  2052.61
1561.37178696,  163683.0,  156233.0,  990.430395906,  615.667628914,  2051.1
1561.39222126,  163655.0,  156208.0,  990.430755326,  615.667577556,  2048.46
1561.41265556,  163656.0,  156206.0,  990.430690393,  615.667503215,  2049.48
1561.43308996,  163663.0,  156213.0,  990.43039475,  615.66739521,  2049.23
1561.45352417,  163654.0,  156204.0,  990.430584525,  615.667287689,  2048.4
1561.47395847,  163680.0,  156227.0,  990.430701328,  615.667399612,  2048.44
1561.49439277,  163649.0,  156198.0,  990.430857867,  615.667342433,  2047.31
1561.51482708,  163652.0,  156201.0,  990.430758564,  615.667238972,  2046.53
1561.53526138,  163660.0,  156207.0,  990.430586806,  615.667238361,  2046.65
1561.55569578,  163659.0,  156205.0,  990.430659636,  615.666964646,  2044.77
1561.57612999,  163675.0,  156221.0,  990.43081746,  615.667306699,  2045.3
1561.59656429,  163670.0,  156215.0,  990.430488958,  615.667332068,  2043.16
1561.61699869,  163630.0,  156180.0,  990.43083493,  615.667048766,  2044.39
1561.6374329,  163638.0,  156185.0,  990.430686896,  615.667337007,  2044.38
1561.6578673,  163672.0,  156216.0,  990.430592486,  615.666991866,  2042.61
1561.67830161,  163650.0,  156196.0,  990.430896697,  615.667201896,  2043.29
1561.69873581,  163681.0,  156225.0,  990.430650412,  615.666985238,  2040.45
1561.71917022,  163670.0,  156212.0,  990.430776119,  615.667054287,  2040.57
1561.73960452,  163686.0,  156227.0,  990.430808198,  615.667012144,  2045.33
1561.76003873,  163669.0,  156211.0,  990.43067079,  615.667034897,  2038.15
1561.78047313,  163691.0,  156231.0,  990.43086716,  615.667170637,  2040.13
1561.80090744,  163682.0,  156226.0,  990.430988513,  615.666916214,  2038.81
1561.82134184,  163662.0,  156203.0,  990.43067714,  615.66677108,  2040.7
1561.84177605,  163634.0,  156175.0,  990.430741972,  615.666828,  2038.79
1561.86221036,  163658.0,  156198.0,  990.430622984,  615.666591494,  2040.69
1561.88264476,  163634.0,  156172.0,  990.430617033,  615.666881563,  2039.17
1561.90307897,  163653.0,  156193.0,  990.430677213,  615.666494447,  2039.13
1561.92351328,  163644.0,  156183.0,  990.430740843,  615.667069396,  2036.93
1561.94394768,  163662.0,  156200.0,  990.430952316,  615.666880028,  2038.7
1561.96438189,  163623.0,  156163.0,  990.430774276,  615.666807473,  2037.27
1561.9848162,  163669.0,  156205.0,  990.430601866,  615.666546078,  2037.5
1562.0052506,  163656.0,  156193.0,  990.430923915,  615.666771668,  2036.81
1562.02568491,  163668.0,  156207.0,  990.430816559,  615.666789665,  2035.32
1562.04611922,  163663.0,  156198.0,  990.430721848,  615.666557748,  2036.3
1562.06655353,  163670.0,  156206.0,  990.430715927,  615.666663761,  2034.7
1562.08698774,  163696.0,  156230.0,  990.430799568,  615.666699555,  2038.0
1562.10742214,  163657.0,  156191.0,  990.430755247,  615.666684294,  2034.67
1562.12785645,  163637.0,  156175.0,  990.430729184,  615.666333113,  2035.57
1562.14829066,  163658.0,  156194.0,  990.43093058,  615.666564159,  2032.58
1562.16872507,  163670.0,  156204.0,  990.430878145,  615.666558722,  2036.19
1562.18915938,  163645.0,  156181.0,  990.430633217,  615.666349094,  2034.8
1562.20959379,  163656.0,  156189.0,  990.430761418,  615.666425953,  2034.7
1562.230028,  163641.0,  156174.0,  990.430820103,  615.666270409,  2035.28
1562.25046231,  163678.0,  156213.0,  990.43087146,  615.666640817,  2034.93
1562.27089671,  163667.0,  156199.0,  990.430496083,  615.666492059,  2033.93
1562.29133092,  163661.0,  156193.0,  990.430697068,  615.666291129,  2034.64
1562.31176523,  163644.0,  156177.0,  990.430753981,  615.666245769,  2033.84
1562.33219964,  163678.0,  156209.0,  990.430714908,  615.666294701,  2033.06
1562.35263385,  163670.0,  156202.0,  990.430942744,  615.666445963,  2034.76
1562.37306826,  163650.0,  156181.0,  990.430734732,  615.666182413,  2033.57
1562.39350257,  163657.0,  156186.0,  990.430650682,  615.666093215,  2031.99
1562.41393679,  163677.0,  156208.0,  990.430976216,  615.666385891,  2032.1
1562.4343712,  163637.0,  156169.0,  990.430621868,  615.666357331,  2032.75
1562.45480551,  163638.0,  156168.0,  990.431014454,  615.665955809,  2030.41
1562.47523972,  163636.0,  156168.0,  990.430776181,  615.66625236,  2030.37
1562.49567413,  163674.0,  156202.0,  990.430943747,  615.666192216,  2031.52
1562.51610844,  163649.0,  156181.0,  990.430698832,  615.666187466,  2032.05
1562.53654275,  163681.0,  156210.0,  990.431142724,  615.666121896,  2029.25
1562.55697706,  163672.0,  156200.0,  990.430880398,  615.666482014,  2032.34
1562.57741138,  163640.0,  156172.0,  990.430924576,  615.666029278,  2030.63
1562.59784579,  163648.0,  156179.0,  990.43061084,  615.666267385,  2030.46
1562.61828,  163644.0,  156176.0,  990.43109933,  615.665834561,  2029.5
1562.63871431,  163632.0,  156164.0,  990.430990734,  615.665974301,  2027.61
1562.65914872,  163676.0,  156204.0,  990.430972376,  615.666072632,  2029.66
1562.67958304,  163643.0,  156173.0,  990.430750282,  615.666125936,  2029.36
1562.70001725,  163667.0,  156197.0,  990.431037199,  615.665817314,  2028.85
1562.72045166,  163641.0,  156169.0,  990.43077166,  615.665822198,  2029.84
1562.74088588,  163642.0,  156172.0,  990.431037526,  615.66605876,  2029.83
1562.76132029,  163658.0,  156187.0,  990.430950669,  615.666031628,  2029.66
1562.7817546,  163669.0,  156196.0,  990.43082051,  615.665650523,  2028.58
1562.80218882,  163652.0,  156181.0,  990.431099831,  615.665965756,  2028.1
1562.82262323,  163669.0,  156197.0,  990.430785386,  615.66580791,  2027.12
1562.84305755,  163661.0,  156189.0,  990.430830203,  615.665864178,  2027.69
1562.86349176,  163633.0,  156163.0,  990.430710053,  615.665778649,  2026.38
1562.88392617,  163671.0,  156196.0,  990.430800029,  615.666053617,  2026.79
1562.90436049,  163655.0,  156182.0,  990.431120496,  615.665773236,  2027.66
1562.9247947,  163649.0,  156178.0,  990.430851556,  615.665604868,  2029.21
1562.94522912,  163644.0,  156170.0,  990.430900955,  615.665854552,  2028.15
1562.96566343,  163668.0,  156194.0,  990.430820481,  615.665565996,  2025.51
1562.98609785,  163657.0,  156183.0,  990.430734151,  615.665933009,  2026.5
1563.00653206,  163661.0,  156185.0,  990.430941902,  615.665518937,  2026.91
1563.02696638,  163640.0,  156168.0,  990.430876609,  615.665582813,  2030.48
1563.04740079,  163664.0,  156189.0,  990.430917577,  615.665667994,  2026.98
1563.06783501,  163658.0,  156183.0,  990.430991464,  615.665475739,  2026.61
1563.08826933,  163657.0,  156183.0,  990.430855773,  615.665536697,  2026.7
1563.10870374,  163641.0,  156165.0,  990.430779391,  615.665459214,  2026.18
1563.12913796,  163652.0,  156176.0,  990.430903891,  615.665759565,  2027.89
1563.14957237,  163678.0,  156202.0,  990.430696485,  615.665339132,  2026.38
1563.17000669,  163657.0,  156180.0,  990.430703204,  615.665691694,  2027.92
1563.19044101,  163656.0,  156181.0,  990.430937361,  615.665652189,  2028.0
1563.21087532,  163671.0,  156194.0,  990.430806427,  615.665485632,  2028.15
1563.23130964,  163675.0,  156198.0,  990.430847913,  615.665695471,  2025.4
1563.25174396,  163654.0,  156178.0,  990.431161241,  615.665454987,  2025.87
1563.27217828,  163664.0,  156185.0,  990.430783534,  615.665281035,  2028.14
1563.29261259,  163668.0,  156191.0,  990.430945833,  615.6654907,  2029.73
1563.31304691,  163656.0,  156180.0,  990.430735688,  615.665501796,  2035.51
1563.33348133,  163645.0,  156167.0,  990.430914181,  615.665321599,  2035.28
1563.35391555,  163654.0,  156177.0,  990.430839174,  615.66533323,  2037.79
1563.37434987,  163627.0,  156152.0,  990.431012775,  615.665483249,  2037.03
1563.39478418,  163639.0,  156161.0,  990.431027474,  615.665217421,  2037.92
1563.4152185,  163639.0,  156163.0,  990.431010352,  615.665489091,  2038.02
1563.43565292,  163635.0,  156161.0,  990.43089523,  615.665391933,  2035.26
1563.45608714,  163659.0,  156179.0,  990.431017966,  615.665334784,  2038.98
1563.47652146,  163682.0,  156205.0,  990.431130443,  615.66540582,  2038.48
1563.49695588,  163659.0,  156178.0,  990.430908224,  615.665349767,  2039.01
1563.5173901,  163657.0,  156179.0,  990.430975686,  615.66539135,  2039.34
1563.53782452,  163663.0,  156184.0,  990.431012037,  615.664997258,  2037.89
1563.55825884,  163683.0,  156202.0,  990.430890148,  615.665192121,  2036.1
1563.57869306,  163662.0,  156184.0,  990.430945863,  615.665526537,  2036.62
1563.59912748,  163649.0,  156170.0,  990.430581274,  615.665284886,  2035.79
1563.6195618,  163659.0,  156178.0,  990.431116324,  615.66489272,  2036.83
1563.63999602,  163655.0,  156178.0,  990.430972724,  615.665101102,  2036.65
1563.66043044,  163659.0,  156181.0,  990.431040727,  615.66517976,  2035.31
1563.68086476,  163643.0,  156166.0,  990.430733474,  615.664992306,  2032.47
1563.7217334,  163665.0,  156184.0,  990.431046713,  615.664775194,  2031.76
1563.74216772,  163670.0,  156190.0,  990.431062749,  615.665221549,  2029.94
1563.76260214,  163651.0,  156175.0,  990.430863865,  615.665125289,  2030.6
1563.78303636,  163665.0,  156187.0,  990.430798192,  615.664692283,  2028.99
1563.80347068,  163676.0,  156199.0,  990.430851047,  615.664857472,  2029.2
1563.8239051,  163703.0,  156226.0,  990.431056577,  615.664906385,  2033.86
1563.84433943,  163651.0,  156174.0,  990.430629985,  615.66447045,  2030.79
1563.86477365,  163654.0,  156183.0,  990.430877153,  615.664849153,  2031.74
1563.88520807,  163651.0,  156178.0,  990.431007846,  615.664973813,  2029.84
1563.90564239,  163669.0,  156196.0,  990.430819219,  615.664573183,  2030.26
1563.92607672,  163682.0,  156209.0,  990.430949196,  615.665120142,  2031.11
1563.94651104,  163670.0,  156195.0,  990.4308447,  615.66461527,  2031.33
1563.96694536,  163671.0,  156197.0,  990.430765981,  615.664591482,  2029.97
1563.98737968,  163660.0,  156190.0,  990.430808878,  615.664944566,  2027.81
1564.00781401,  163687.0,  156212.0,  990.430690914,  615.664441861,  2030.1
1564.02824833,  163659.0,  156187.0,  990.430907474,  615.664697632,  2031.26
1564.04868265,  163650.0,  156180.0,  990.43084398,  615.664777607,  2029.45
1564.06911698,  163659.0,  156186.0,  990.430720385,  615.664701571,  2030.38
1564.0895514,  163652.0,  156181.0,  990.430838558,  615.664578482,  2032.81
1564.10998562,  163675.0,  156203.0,  990.43069646,  615.664562777,  2033.5
1564.13041995,  163668.0,  156196.0,  990.430718924,  615.664428132,  2034.41
1564.15085437,  163665.0,  156195.0,  990.430826782,  615.664534132,  2032.24
1564.1712886,  163662.0,  156189.0,  990.430909607,  615.664563262,  2033.02
1564.19172292,  163688.0,  156214.0,  990.430871824,  615.664830696,  2031.44
1564.21215735,  163690.0,  156216.0,  990.430712552,  615.664341729,  2033.82
1564.23259157,  163661.0,  156190.0,  990.430792027,  615.664479492,  2032.31
1564.2530259,  163661.0,  156191.0,  990.430997698,  615.664475021,  2030.28
1564.27346032,  163630.0,  156159.0,  990.430934818,  615.66455146,  2031.08
1564.29389455,  163657.0,  156185.0,  990.430912175,  615.664334172,  2028.45
1564.31432897,  163690.0,  156217.0,  990.431095127,  615.664540415,  2026.39
1564.3347633,  163666.0,  156193.0,  990.430794768,  615.664411067,  2031.21
1564.35519752,  163683.0,  156209.0,  990.430797702,  615.664311134,  2025.14
1564.37563195,  163695.0,  156221.0,  990.430854246,  615.664346272,  2024.99
1564.39606627,  163723.0,  156247.0,  990.43083609,  615.664377777,  2025.69
1564.4165006,  163683.0,  156208.0,  990.430821637,  615.66405661,  2026.01
1564.43693493,  163687.0,  156214.0,  990.43104943,  615.664337249,  2025.98
1564.45736925,  163658.0,  156183.0,  990.430788992,  615.664086559,  2025.35
1564.47780368,  163654.0,  156182.0,  990.43084162,  615.664229703,  2022.98
1564.49823801,  163662.0,  156187.0,  990.430796923,  615.664128526,  2023.9
1564.51867223,  163696.0,  156219.0,  990.430938228,  615.664342877,  2020.41
1564.53910666,  163689.0,  156213.0,  990.430833092,  615.663974859,  2020.34
1564.55954099,  163679.0,  156202.0,  990.430919657,  615.664221212,  2020.67
1564.57997521,  163670.0,  156194.0,  990.430719478,  615.66399818,  2021.25
1564.60040964,  163695.0,  156219.0,  990.430827494,  615.664062607,  2017.96
1564.62084397,  163668.0,  156190.0,  990.43083175,  615.663698232,  2017.39
1564.6412782,  163664.0,  156186.0,  990.430830607,  615.663920045,  2021.01
1564.66171263,  163687.0,  156211.0,  990.430882779,  615.663972612,  2016.79
1564.68214685,  163655.0,  156176.0,  990.430744319,  615.663808415,  2013.76
1564.70258128,  163685.0,  156206.0,  990.430916591,  615.66371055,  2015.26
1564.72301561,  163683.0,  156204.0,  990.430792889,  615.663774599,  2012.37
1564.74344984,  163660.0,  156180.0,  990.430842607,  615.663726523,  2012.25
1564.76388427,  163655.0,  156179.0,  990.430979959,  615.663798057,  2011.65
1564.7843186,  163681.0,  156199.0,  990.430857119,  615.663583905,  2012.76
1564.80475283,  163687.0,  156205.0,  990.43107541,  615.663821563,  2012.89
1564.82518725,  163653.0,  156175.0,  990.430869291,  615.663759145,  2011.45
1564.84562158,  163675.0,  156193.0,  990.430844681,  615.663721473,  2010.85
1564.86605601,  163696.0,  156215.0,  990.430839248,  615.663615371,  2011.22
1564.88649024,  163693.0,  156212.0,  990.430934294,  615.66380163,  2011.65
1564.90692457,  163697.0,  156212.0,  990.430784022,  615.663759027,  2009.4
1564.927359,  163684.0,  156201.0,  990.43077112,  615.663323075,  2010.01
1564.94779323,  163657.0,  156175.0,  990.430843274,  615.663741538,  2009.79
1564.96822756,  163664.0,  156182.0,  990.430671979,  615.663599305,  2010.09
1564.98866199,  163685.0,  156204.0,  990.430864141,  615.663473634,  2008.95
1565.00909622,  163675.0,  156192.0,  990.43084286,  615.663209346,  2007.21
1565.02953056,  163686.0,  156202.0,  990.430815859,  615.663319357,  2007.86
1565.04996499,  163677.0,  156194.0,  990.430889417,  615.663434006,  2010.16
1565.07039932,  163678.0,  156193.0,  990.430738094,  615.663528666,  2006.45
1565.09083365,  163659.0,  156175.0,  990.430639972,  615.663246755,  2008.41
1565.11126798,  163692.0,  156206.0,  990.430888091,  615.663158639,  2007.74
1565.13170231,  163676.0,  156189.0,  990.430795167,  615.663329676,  2009.02
1565.15213664,  163678.0,  156192.0,  990.430579551,  615.663030772,  2009.6
1565.17257097,  163660.0,  156174.0,  990.430925965,  615.663297038,  2007.14
1565.19300531,  163707.0,  156215.0,  990.430770699,  615.662996444,  2007.63
1565.21343974,  163679.0,  156192.0,  990.430836539,  615.66305532,  2006.73
1565.23387397,  163672.0,  156184.0,  990.430769114,  615.663247274,  2008.64
1565.2543084,  163675.0,  156184.0,  990.430845569,  615.663047277,  2007.46
1565.27474274,  163688.0,  156200.0,  990.430906643,  615.663309765,  2008.59
1565.29517697,  163663.0,  156175.0,  990.430591138,  615.663272071,  2008.0
1565.3156114,  163686.0,  156196.0,  990.431031637,  615.662983316,  2007.37
1565.33604563,  163703.0,  156213.0,  990.430845558,  615.663236791,  2008.13
1565.35647997,  163693.0,  156202.0,  990.430874741,  615.66301105,  2006.63
1565.3769144,  163668.0,  156179.0,  990.431049228,  615.663005273,  2007.9
1565.39734863,  163677.0,  156187.0,  990.430854102,  615.663089713,  2008.88
1565.41778297,  163702.0,  156210.0,  990.430750725,  615.662995845,  2009.03
1565.4382174,  163705.0,  156214.0,  990.431033176,  615.662989111,  2009.1
1565.45865164,  163679.0,  156187.0,  990.430597498,  615.662911094,  2009.93
1565.47908607,  163683.0,  156191.0,  990.430910468,  615.662740283,  2009.01
1565.4995204,  163699.0,  156207.0,  990.430998766,  615.662851563,  2009.96
1565.51995464,  163703.0,  156208.0,  990.430864745,  615.662868702,  2008.86
1565.54038907,  163683.0,  156193.0,  990.43106841,  615.663028235,  2011.14
1565.56082341,  163702.0,  156208.0,  990.431008478,  615.662701017,  2011.27
1565.58125774,  163695.0,  156199.0,  990.430985413,  615.662747764,  2010.49
1565.60169208,  163684.0,  156190.0,  990.431024799,  615.662970027,  2009.02
1565.62212641,  163664.0,  156170.0,  990.430930919,  615.662501123,  2009.62
1565.64256085,  163694.0,  156197.0,  990.430848742,  615.662839032,  2009.73
1565.66299508,  163697.0,  156201.0,  990.431105176,  615.662682826,  2009.57
1565.68342942,  163712.0,  156214.0,  990.431123398,  615.662779463,  2009.75
1565.70386385,  163708.0,  156211.0,  990.430886356,  615.662570179,  2007.65
1565.72429819,  163696.0,  156201.0,  990.43117971,  615.662635075,  2008.36
1565.74473243,  163704.0,  156207.0,  990.430911077,  615.662640528,  2008.34
1565.76516686,  163693.0,  156198.0,  990.43113096,  615.662553874,  2007.67
1565.7856012,  163705.0,  156209.0,  990.430967696,  615.662591392,  2007.7
1565.80603553,  163710.0,  156211.0,  990.430883002,  615.662399296,  2006.7
1565.82646987,  163667.0,  156172.0,  990.430994802,  615.662711863,  2005.76
1565.84690421,  163713.0,  156213.0,  990.430804703,  615.662517309,  2004.97
1565.86733864,  163698.0,  156200.0,  990.431160157,  615.662621147,  2003.15
1565.88777288,  163682.0,  156185.0,  990.430967375,  615.662406126,  2004.55
1565.90820722,  163695.0,  156196.0,  990.430949823,  615.662751728,  2003.55
1565.92864166,  163723.0,  156223.0,  990.430874517,  615.662267171,  2002.35
1565.94907589,  163687.0,  156191.0,  990.431025949,  615.662403051,  2003.14
1565.96951023,  163681.0,  156183.0,  990.430762062,  615.662254628,  2004.59
1565.98994457,  163701.0,  156201.0,  990.43103244,  615.662368339,  2005.34
1566.01037891,  163712.0,  156212.0,  990.431016527,  615.662278113,  2004.85
1566.03081334,  163725.0,  156224.0,  990.430932076,  615.66227612,  2002.12
1566.05124758,  163702.0,  156203.0,  990.431191698,  615.662366774,  2003.61
1566.07168192,  163684.0,  156184.0,  990.430934206,  615.662363567,  2003.42
1566.09211636,  163700.0,  156200.0,  990.430816809,  615.662388456,  2004.06
1566.1125506,  163671.0,  156175.0,  990.431188712,  615.662304189,  2001.79
1566.13298494,  163704.0,  156205.0,  990.430730732,  615.662052901,  2002.44
1566.15341938,  163705.0,  156204.0,  990.430951689,  615.662368463,  2002.03
1566.17385361,  163690.0,  156190.0,  990.430877805,  615.662109476,  1999.92
1566.19428805,  163691.0,  156191.0,  990.430933827,  615.662296778,  2000.24
1566.21472239,  163708.0,  156208.0,  990.431020563,  615.662257109,  1998.7
1566.23515663,  163679.0,  156180.0,  990.431170761,  615.662360873,  1999.22
1566.25559107,  163689.0,  156187.0,  990.431020308,  615.661750255,  2000.61
1566.27602541,  163704.0,  156203.0,  990.430936487,  615.662160868,  1999.82
1566.29645975,  163706.0,  156205.0,  990.431025305,  615.662063197,  1999.47
1566.31689409,  163683.0,  156181.0,  990.430951068,  615.662146925,  1998.38
1566.33732843,  163649.0,  156152.0,  990.4309686,  615.662174452,  1997.5
1566.35776277,  163676.0,  156174.0,  990.430867224,  615.662074271,  1997.77
1566.37819721,  163653.0,  156154.0,  990.43078212,  615.66205348,  1996.59
1566.39863145,  163710.0,  156210.0,  990.431196896,  615.661818834,  1995.52
1566.4190659,  163690.0,  156189.0,  990.430806209,  615.662014983,  1996.99
1566.43950024,  163687.0,  156188.0,  990.431119735,  615.661907098,  1995.64
1566.45993448,  163669.0,  156171.0,  990.431058382,  615.662214965,  1996.74
1566.48036892,  163706.0,  156201.0,  990.431105707,  615.661661817,  1996.13
1566.50080326,  163686.0,  156186.0,  990.431000736,  615.661988326,  1995.49
1566.5212375,  163675.0,  156173.0,  990.430923306,  615.661745534,  1995.87
1566.54167194,  163697.0,  156194.0,  990.43086253,  615.662069104,  1996.28
1566.56210628,  163697.0,  156196.0,  990.431325752,  615.661864341,  1997.53
1566.58254063,  163692.0,  156189.0,  990.430938846,  615.661853595,  1997.08
1566.60297497,  163664.0,  156163.0,  990.431149321,  615.66162022,  1996.0
1566.62340921,  163696.0,  156193.0,  990.430856832,  615.661821232,  1996.33
1566.64384365,  163700.0,  156195.0,  990.431192757,  615.661533945,  1995.2
1566.664278,  163701.0,  156200.0,  990.431028726,  615.6618554,  1994.73
1566.70514668,  163691.0,  156187.0,  990.431268154,  615.661548394,  1994.75
1566.72558102,  163700.0,  156198.0,  990.431182491,  615.66173976,  1996.7
1566.74601537,  163703.0,  156202.0,  990.431070439,  615.66149253,  1995.02
1566.76644971,  163708.0,  156208.0,  990.43098631,  615.661552243,  1993.89
1566.78688405,  163698.0,  156199.0,  990.430948467,  615.661460735,  1995.01
1566.8073185,  163704.0,  156202.0,  990.430794693,  615.661436514,  1993.34
1566.82775274,  163720.0,  156220.0,  990.430848624,  615.661179244,  1993.26
1566.84818709,  163706.0,  156207.0,  990.430829903,  615.661502192,  1992.46
1566.86862153,  163728.0,  156226.0,  990.430925223,  615.661375808,  1992.86
1566.88905587,  163704.0,  156206.0,  990.430889753,  615.661195386,  1993.94
1566.90949012,  163701.0,  156204.0,  990.430797172,  615.661186735,  1994.16
1566.92992456,  163695.0,  156197.0,  990.430759125,  615.661334595,  1993.0
1566.95035891,  163699.0,  156203.0,  990.430902051,  615.661201763,  1992.85
1566.97079325,  163695.0,  156197.0,  990.430694743,  615.661276007,  1995.31
1566.9912276,  163678.0,  156183.0,  990.430706034,  615.661006247,  1995.94
1567.01166194,  163673.0,  156179.0,  990.430801471,  615.661270426,  1994.0
1567.03209629,  163702.0,  156204.0,  990.430703114,  615.660971224,  1993.63
1567.05253063,  163705.0,  156208.0,  990.430844415,  615.661070931,  1993.56
1567.07296498,  163684.0,  156188.0,  990.430604873,  615.661258117,  1991.81
1567.09339942,  163698.0,  156201.0,  990.430729612,  615.661236084,  1993.36
1567.11383367,  163666.0,  156173.0,  990.430863614,  615.661078082,  1991.79
1567.13426811,  163689.0,  156193.0,  990.430878044,  615.66113179,  1992.75
1567.15470246,  163687.0,  156191.0,  990.430686638,  615.660950378,  1992.13
1567.17513671,  163692.0,  156198.0,  990.430870131,  615.661269592,  1992.28
1567.19557115,  163682.0,  156185.0,  990.430849081,  615.661107393,  1993.23
1567.2160055,  163675.0,  156179.0,  990.430762511,  615.661038119,  1991.59
1567.23643975,  163725.0,  156228.0,  990.430667305,  615.660959332,  1991.35
1567.25687419,  163709.0,  156212.0,  990.430679947,  615.660964373,  1989.83
1567.27730844,  163682.0,  156186.0,  990.430753303,  615.660887904,  1991.14
1567.29774279,  163696.0,  156200.0,  990.430705795,  615.660998685,  1991.08
1567.31817723,  163686.0,  156189.0,  990.430610637,  615.661095776,  1991.65
1567.33861148,  163702.0,  156205.0,  990.430814692,  615.661053375,  1988.82
1567.35904593,  163684.0,  156188.0,  990.430806052,  615.660989495,  1989.89
1567.37948028,  163700.0,  156202.0,  990.430716659,  615.660869026,  1990.38
1567.39991452,  163690.0,  156195.0,  990.430680908,  615.661050451,  1990.28
1567.42034897,  163711.0,  156210.0,  990.430639933,  615.660728679,  1990.83
1567.44078332,  163716.0,  156217.0,  990.430706138,  615.660779805,  1989.27
1567.46121767,  163727.0,  156230.0,  990.430757274,  615.660778383,  1990.67
1567.48165202,  163704.0,  156204.0,  990.430548199,  615.660796232,  1989.53
1567.50208636,  163697.0,  156198.0,  990.430775935,  615.660850362,  1991.07
1567.52252081,  163705.0,  156207.0,  990.430795696,  615.660763475,  2002.78
1567.54295506,  163692.0,  156192.0,  990.430779595,  615.660743622,  1992.26
1567.56338941,  163743.0,  156242.0,  990.430802984,  615.660600412,  1989.67
1567.58382386,  163720.0,  156218.0,  990.430717052,  615.660730729,  1989.99
1567.60425821,  163716.0,  156215.0,  990.430779674,  615.660547162,  1989.23
1567.62469246,  163727.0,  156226.0,  990.430925929,  615.660633253,  1990.12
1567.64512691,  163720.0,  156217.0,  990.430690281,  615.660479886,  1990.42
1567.66556126,  163740.0,  156237.0,  990.430638693,  615.660367957,  1988.53
1567.68599551,  163730.0,  156228.0,  990.430798468,  615.66067068,  1988.77
1567.70642995,  163741.0,  156235.0,  990.430680141,  615.660551251,  1989.36
1567.7268643,  163746.0,  156242.0,  990.430804205,  615.660399537,  1987.41
1567.74729875,  163728.0,  156223.0,  990.430841655,  615.660446898,  1988.87
1567.767733,  163741.0,  156233.0,  990.430691979,  615.660171894,  1988.52
1567.78816736,  163730.0,  156226.0,  990.430767318,  615.66044633,  1990.29
1567.80860181,  163713.0,  156207.0,  990.430983848,  615.660442322,  1987.89
1567.82903606,  163707.0,  156201.0,  990.430816021,  615.660479576,  1988.39
1567.84947041,  163738.0,  156232.0,  990.430917087,  615.66041844,  1986.97
1567.86990486,  163707.0,  156201.0,  990.4308354,  615.660314278,  1988.8
1567.89033911,  163731.0,  156223.0,  990.431005311,  615.660262587,  1987.58
1567.91077356,  163719.0,  156216.0,  990.430808196,  615.660248261,  1985.44
1567.93120781,  163752.0,  156243.0,  990.430806392,  615.660212658,  1986.86
1567.95164216,  163747.0,  156237.0,  990.430875953,  615.660189969,  1986.98
1567.97207661,  163741.0,  156233.0,  990.430932112,  615.660158492,  1985.21
1567.99251087,  163766.0,  156255.0,  990.430673377,  615.660144582,  1985.22
1568.01294522,  163781.0,  156272.0,  990.430883722,  615.660262707,  1986.57
1568.03337967,  163710.0,  156201.0,  990.430568624,  615.659946587,  1985.7
1568.05381392,  163749.0,  156238.0,  990.430754931,  615.659999879,  1987.17
1568.07424827,  163757.0,  156247.0,  990.430792147,  615.660025062,  1985.21
1568.09468273,  163749.0,  156237.0,  990.430558529,  615.659868382,  1985.38
1568.11511708,  163756.0,  156245.0,  990.430773783,  615.660021577,  1984.59
1568.13555143,  163780.0,  156269.0,  990.430762128,  615.659989939,  1986.93
1568.15598578,  163752.0,  156239.0,  990.430835944,  615.659868068,  1984.83
1568.17642014,  163750.0,  156238.0,  990.430794646,  615.660090758,  1986.64
1568.19685449,  163796.0,  156281.0,  990.430787605,  615.65992126,  1986.79
1568.21728884,  163785.0,  156269.0,  990.430868705,  615.659938807,  1985.8
1568.2377232,  163756.0,  156244.0,  990.430827108,  615.659931299,  1984.9
1568.25815765,  163792.0,  156277.0,  990.430886726,  615.660041184,  1985.3
1568.2785919,  163796.0,  156280.0,  990.430753034,  615.659793019,  1984.63
1568.29902636,  163795.0,  156280.0,  990.43098743,  615.65983001,  1984.18
1568.31946071,  163774.0,  156260.0,  990.430760172,  615.659792599,  1984.75
1568.33989497,  163787.0,  156270.0,  990.430806905,  615.659900282,  1985.92
1568.36032942,  163750.0,  156236.0,  990.430895896,  615.659808401,  1984.96
1568.38076377,  163793.0,  156276.0,  990.430921515,  615.659570163,  1985.95
1568.40119803,  163803.0,  156285.0,  990.430955692,  615.659898914,  1986.3
1568.42163248,  163792.0,  156275.0,  990.430877196,  615.65969544,  1985.73
1568.44206684,  163791.0,  156273.0,  990.430884755,  615.659776743,  1983.26
1568.46250109,  163776.0,  156260.0,  990.431062622,  615.659925204,  1985.97
1568.48293555,  163773.0,  156255.0,  990.430771419,  615.659599578,  1986.29
1568.5033699,  163826.0,  156306.0,  990.430948077,  615.659771122,  1985.98
1568.52380436,  163807.0,  156289.0,  990.431155606,  615.659787118,  1984.05
1568.54423861,  163805.0,  156285.0,  990.430989678,  615.659610145,  1986.03
1568.56467287,  163805.0,  156286.0,  990.430859313,  615.65968717,  1984.85
1568.58510733,  163825.0,  156305.0,  990.430924962,  615.65950024,  1985.14
1568.60554168,  163827.0,  156302.0,  990.430727961,  615.659782132,  1985.92
1568.62597604,  163815.0,  156295.0,  990.430879541,  615.659786161,  1983.68
1568.64641039,  163830.0,  156308.0,  990.43080757,  615.659443676,  1983.98
1568.66684475,  163824.0,  156303.0,  990.430939234,  615.659519314,  1983.32
1568.68727921,  163844.0,  156323.0,  990.431127294,  615.659637531,  1983.45
1568.70771346,  163823.0,  156301.0,  990.43080909,  615.659588007,  1984.58
1568.72814782,  163824.0,  156301.0,  990.431249302,  615.659609024,  1982.37
1568.74858228,  163827.0,  156306.0,  990.431036319,  615.659574963,  1983.44
1568.76901663,  163824.0,  156300.0,  990.430948777,  615.659521852,  1982.88
1568.78945089,  163844.0,  156321.0,  990.430888945,  615.659486608,  1984.19
1568.80988535,  163828.0,  156305.0,  990.430743769,  615.659284127,  1983.68
1568.8303197,  163841.0,  156314.0,  990.431201913,  615.659170973,  1981.42
1568.85075406,  163828.0,  156306.0,  990.431035515,  615.659412143,  1982.52
1568.87118842,  163841.0,  156318.0,  990.430933893,  615.659448199,  1983.48
1568.89162278,  163847.0,  156322.0,  990.430909625,  615.659358686,  1983.38
1568.91205723,  163839.0,  156315.0,  990.430872763,  615.659141023,  1984.85
1568.93249149,  163841.0,  156315.0,  990.430987149,  615.659606077,  1984.78
1568.95292585,  163861.0,  156334.0,  990.431067616,  615.659166488,  1997.91
1568.97336031,  163839.0,  156317.0,  990.430918654,  615.659271163,  1985.0
1568.99379457,  163850.0,  156323.0,  990.430961925,  615.659387341,  1987.66
1569.01422893,  163836.0,  156310.0,  990.431140601,  615.659093244,  1987.42
1569.03466338,  163832.0,  156310.0,  990.430852996,  615.659201716,  1985.85
1569.05509764,  163857.0,  156330.0,  990.430806823,  615.659084214,  1987.77
1569.0755321,  163847.0,  156322.0,  990.431097196,  615.658795698,  1987.5
1569.09596646,  163865.0,  156340.0,  990.430869259,  615.65914218,  1986.69
1569.11640072,  163861.0,  156334.0,  990.430861489,  615.65915884,  1988.8
1569.13683518,  163853.0,  156327.0,  990.431078848,  615.659117464,  1990.2
1569.15726954,  163846.0,  156319.0,  990.430869748,  615.659128859,  1991.02
1569.1777038,  163822.0,  156295.0,  990.430872098,  615.659012234,  1989.33
1569.19813826,  163826.0,  156301.0,  990.431082147,  615.659055316,  1988.73
1569.21857252,  163838.0,  156309.0,  990.431050491,  615.658847316,  1990.14
1569.23900698,  163838.0,  156312.0,  990.430872795,  615.658988684,  1992.2
1569.25944134,  163822.0,  156297.0,  990.430871287,  615.658949507,  1988.99
1569.2798756,  163848.0,  156318.0,  990.431019127,  615.658956759,  1988.87
1569.30031006,  163847.0,  156322.0,  990.430979795,  615.659139751,  1986.67
1569.32074442,  163840.0,  156313.0,  990.431064223,  615.658760222,  1990.74
1569.34117878,  163846.0,  156318.0,  990.430842459,  615.659297073,  1988.51
1569.36161314,  163835.0,  156309.0,  990.43110112,  615.658982485,  1987.22
1569.3820475,  163847.0,  156318.0,  990.430886386,  615.658751755,  1987.94
1569.40248186,  163835.0,  156310.0,  990.430888386,  615.659048397,  1987.36
1569.42291622,  163828.0,  156303.0,  990.431025625,  615.658885447,  1987.74
1569.44335058,  163806.0,  156281.0,  990.430918022,  615.658941663,  1987.77
1569.46378505,  163834.0,  156307.0,  990.431011507,  615.659074914,  1985.51
1569.48421941,  163823.0,  156298.0,  990.431101559,  615.658924,  1986.39
1569.50465367,  163806.0,  156279.0,  990.430787075,  615.658808146,  1986.46
1569.52508813,  163824.0,  156299.0,  990.431054823,  615.65894083,  1985.19
1569.54552249,  163838.0,  156311.0,  990.430758612,  615.658915897,  1984.21
1569.56595675,  163812.0,  156285.0,  990.430982633,  615.658821616,  1984.36
1569.58639122,  163850.0,  156322.0,  990.43086994,  615.658842959,  1983.93
1569.60682558,  163818.0,  156292.0,  990.431400045,  615.658853612,  1981.71
1569.62726004,  163846.0,  156317.0,  990.431000084,  615.658839463,  1983.39
1569.6476943,  163829.0,  156303.0,  990.430981833,  615.658868659,  1980.72
1569.68856313,  163815.0,  156290.0,  990.43090318,  615.658621062,  1977.5
1569.70899739,  163819.0,  156293.0,  990.430970041,  615.658729244,  1980.54
1569.72943176,  163824.0,  156298.0,  990.43064953,  615.658538043,  1980.28
1569.74986622,  163820.0,  156297.0,  990.430942416,  615.658586981,  1977.13
1569.77030048,  163804.0,  156281.0,  990.430822023,  615.658530605,  1979.23
1569.79073485,  163841.0,  156317.0,  990.430824619,  615.658502892,  1977.33
1569.81116931,  163813.0,  156290.0,  990.430972004,  615.658606912,  1976.93
1569.83160357,  163792.0,  156270.0,  990.430733085,  615.658485662,  1976.37
1569.85203804,  163784.0,  156264.0,  990.430921366,  615.658495512,  1975.7
1569.8724723,  163805.0,  156286.0,  990.430764251,  615.658336601,  1976.78
1569.89290667,  163831.0,  156309.0,  990.431065715,  615.658261841,  1977.59
1569.91334113,  163834.0,  156314.0,  990.430970321,  615.658437358,  1974.9
1569.93377539,  163819.0,  156299.0,  990.430972225,  615.658555687,  1975.29
1569.95420976,  163781.0,  156263.0,  990.430872063,  615.658149218,  1975.3
1569.97464422,  163798.0,  156283.0,  990.430934476,  615.658516458,  1974.78
1569.99507859,  163795.0,  156278.0,  990.430739625,  615.658327935,  1972.54
1570.01551295,  163802.0,  156286.0,  990.430539083,  615.658254728,  1974.23
1570.03594732,  163795.0,  156279.0,  990.430834722,  615.658240038,  1974.36
1570.05638168,  163796.0,  156278.0,  990.430528601,  615.658209806,  1975.43
1570.07681605,  163785.0,  156272.0,  990.430706948,  615.658157276,  1972.82
1570.09725041,  163778.0,  156266.0,  990.430717887,  615.658229001,  1974.17
1570.11768478,  163786.0,  156269.0,  990.430662503,  615.658209527,  1973.78
1570.13811925,  163809.0,  156294.0,  990.430707314,  615.658376719,  1973.74
1570.15855351,  163744.0,  156232.0,  990.430637036,  615.658149128,  1973.93
1570.17898798,  163766.0,  156250.0,  990.430630842,  615.6582054,  1973.61
1570.19942234,  163777.0,  156264.0,  990.430823902,  615.658202344,  1973.08
1570.21985661,  163750.0,  156236.0,  990.430746389,  615.6580357,  1971.5
1570.24029108,  163776.0,  156262.0,  990.430726693,  615.658209928,  1971.48
1570.26072544,  163779.0,  156267.0,  990.430795899,  615.658191037,  1971.72
1570.28115971,  163754.0,  156241.0,  990.430590858,  615.658188838,  1969.93
1570.30159418,  163778.0,  156264.0,  990.430587863,  615.658200265,  1969.53
1570.32202854,  163751.0,  156237.0,  990.430520315,  615.65782724,  1970.99
1570.34246281,  163753.0,  156238.0,  990.430543134,  615.658037893,  1969.97
1570.36289728,  163763.0,  156248.0,  990.43057431,  615.65791402,  1971.83
1570.38333164,  163754.0,  156238.0,  990.430695387,  615.658058965,  1970.34
1570.40376601,  163761.0,  156244.0,  990.430648491,  615.657883571,  1970.73
1570.42420038,  163775.0,  156259.0,  990.430746895,  615.657886102,  1969.65
1570.44463475,  163781.0,  156261.0,  990.430670865,  615.657969552,  1967.79
1570.46506911,  163749.0,  156234.0,  990.430668344,  615.657899805,  1967.95
1570.48550348,  163793.0,  156277.0,  990.430663391,  615.657845066,  1968.22
1570.50593785,  163750.0,  156233.0,  990.430713989,  615.657859353,  1968.52
1570.52637222,  163763.0,  156246.0,  990.430945257,  615.65796116,  1967.48
1570.54680659,  163754.0,  156237.0,  990.430809863,  615.65786529,  1969.09
1570.56724105,  163752.0,  156232.0,  990.430681609,  615.657936296,  1967.71
1570.58767532,  163756.0,  156240.0,  990.430847038,  615.657994912,  1965.88
1570.60810969,  163766.0,  156246.0,  990.430711511,  615.657899288,  1966.28
1570.62854416,  163762.0,  156242.0,  990.430683091,  615.657554554,  1966.17
1570.64897853,  163740.0,  156224.0,  990.431074569,  615.658073163,  1964.48
1570.6694128,  163715.0,  156197.0,  990.430823697,  615.657543947,  1965.78
1570.68984727,  163729.0,  156210.0,  990.430800428,  615.657988951,  1964.52
1570.71028164,  163724.0,  156206.0,  990.430647634,  615.657723357,  1964.56
1570.73071591,  163713.0,  156192.0,  990.43085896,  615.657642651,  1964.13
1570.75115037,  163722.0,  156201.0,  990.431097967,  615.65790414,  1965.11
1570.77158474,  163718.0,  156199.0,  990.430780885,  615.657633324,  1964.54
1570.79201921,  163732.0,  156210.0,  990.430857483,  615.657507597,  1964.6
1570.81245348,  163741.0,  156221.0,  990.430854514,  615.657677712,  1963.66
1570.83288785,  163755.0,  156232.0,  990.430972986,  615.65769621,  1964.52
1570.85332232,  163735.0,  156212.0,  990.430595543,  615.657266643,  1965.15
1570.87375659,  163736.0,  156216.0,  990.431058099,  615.657772695,  1963.79
1570.89419096,  163721.0,  156198.0,  990.430765295,  615.657694629,  1963.79
1570.91462543,  163720.0,  156198.0,  990.43094542,  615.657632077,  1963.82
1570.93505971,  163727.0,  156205.0,  990.430862504,  615.65763035,  1963.16
1570.95549418,  163758.0,  156230.0,  990.430741902,  615.657497834,  1961.95
1570.97592855,  163738.0,  156214.0,  990.430774199,  615.657673758,  1962.35
1570.99636282,  163718.0,  156195.0,  990.430879894,  615.657353961,  1962.31
1571.01679729,  163697.0,  156173.0,  990.430811785,  615.657565833,  1961.92
1571.03723166,  163726.0,  156202.0,  990.431061027,  615.657314563,  1961.12
1571.05766593,  163742.0,  156216.0,  990.430815714,  615.657549012,  1961.62
1571.0781004,  163735.0,  156207.0,  990.431058289,  615.657450478,  1961.06
1571.09853477,  163711.0,  156186.0,  990.431093169,  615.657367545,  1959.85
1571.11896905,  163738.0,  156209.0,  990.430844747,  615.65743376,  1962.69
1571.13940352,  163710.0,  156184.0,  990.431032903,  615.657440158,  1963.37
1571.15983789,  163690.0,  156168.0,  990.430962374,  615.65743425,  1963.23
1571.18027226,  163709.0,  156182.0,  990.430279546,  615.657120591,  1960.95
1571.20070663,  163688.0,  156164.0,  990.430836129,  615.657277577,  1961.22
1571.22114101,  163699.0,  156173.0,  990.431204659,  615.657292605,  1961.36
1571.24157538,  163703.0,  156176.0,  990.430737481,  615.656982992,  1962.89
1571.26200975,  163731.0,  156201.0,  990.431065353,  615.657211305,  1961.7
1571.28244412,  163700.0,  156173.0,  990.430921847,  615.657332378,  1959.27
1571.3028785,  163707.0,  156179.0,  990.431153979,  615.657171757,  1961.69
1571.32331287,  163701.0,  156175.0,  990.431050768,  615.657195512,  1960.52
1571.34374734,  163687.0,  156158.0,  990.430740216,  615.657230888,  1963.91
1571.36418172,  163715.0,  156187.0,  990.430888977,  615.657174915,  1962.86
1571.38461599,  163710.0,  156183.0,  990.431019733,  615.657105259,  1963.16
1571.40505046,  163707.0,  156177.0,  990.430905822,  615.657112522,  1963.11
1571.42548484,  163693.0,  156166.0,  990.431048694,  615.657213777,  1962.25
1571.44591911,  163704.0,  156175.0,  990.430893077,  615.657508304,  1963.71
1571.46635358,  163687.0,  156156.0,  990.431185177,  615.656759871,  1963.26
1571.48678796,  163695.0,  156169.0,  990.430951351,  615.6570188,  1964.99
1571.50722223,  163696.0,  156166.0,  990.430930741,  615.656754595,  1965.14
1571.52765671,  163714.0,  156184.0,  990.431176613,  615.657182521,  1964.46
1571.54809108,  163694.0,  156165.0,  990.430961945,  615.657100868,  1964.42
1571.56852556,  163710.0,  156176.0,  990.430955982,  615.656855479,  1965.38
1571.58895983,  163702.0,  156172.0,  990.431003913,  615.656877392,  1966.15
1571.6093942,  163701.0,  156170.0,  990.431125591,  615.657137237,  1967.07
1571.62982868,  163704.0,  156170.0,  990.430732453,  615.656763077,  1967.31
1571.65026295,  163690.0,  156159.0,  990.431094161,  615.656807876,  1966.65
1571.67069733,  163709.0,  156176.0,  990.430994369,  615.656804354,  1965.57
1571.6911318,  163720.0,  156187.0,  990.430874355,  615.656856102,  1966.73
1571.71156608,  163708.0,  156176.0,  990.431231947,  615.656808413,  1966.89
1571.73200055,  163691.0,  156158.0,  990.430746787,  615.657033193,  1971.11
1571.75243493,  163697.0,  156163.0,  990.431170448,  615.656765004,  1969.26
1571.77286921,  163685.0,  156155.0,  990.431071762,  615.656860348,  1968.24
1571.79330368,  163704.0,  156170.0,  990.430961071,  615.65703383,  1970.72
1571.81373806,  163683.0,  156152.0,  990.43107341,  615.656752226,  1970.72
1571.83417233,  163720.0,  156186.0,  990.430988284,  615.656849275,  1967.59
1571.85460681,  163696.0,  156161.0,  990.430808319,  615.656759059,  1968.5
1571.87504119,  163686.0,  156152.0,  990.431088497,  615.656755351,  1965.99
1571.89547546,  163664.0,  156133.0,  990.430971223,  615.656662877,  1964.99
1571.91590994,  163683.0,  156150.0,  990.430673314,  615.656690522,  1965.66
1571.93634432,  163698.0,  156164.0,  990.431061758,  615.656479782,  1963.81
1571.95677879,  163663.0,  156130.0,  990.430784507,  615.656697835,  1964.85
1571.97721307,  163676.0,  156143.0,  990.430799037,  615.656544898,  1961.88
1571.99764745,  163674.0,  156142.0,  990.431203693,  615.656834492,  1963.39
1572.01808192,  163691.0,  156156.0,  990.430653174,  615.656863119,  1964.28
1572.0385162,  163697.0,  156163.0,  990.431065819,  615.656594972,  1964.17
1572.05895058,  163689.0,  156155.0,  990.430734298,  615.65642757,  1965.47
1572.07938505,  163698.0,  156163.0,  990.430850434,  615.656714438,  1963.44
1572.09981933,  163662.0,  156132.0,  990.430818251,  615.656414333,  1961.1
1572.12025381,  163665.0,  156134.0,  990.431041021,  615.656829149,  1962.65
1572.14068819,  163669.0,  156134.0,  990.430667567,  615.656002513,  1963.29
1572.16112247,  163685.0,  156153.0,  990.430961976,  615.656864976,  1964.12
1572.18155694,  163696.0,  156160.0,  990.430905337,  615.656516693,  1963.01
1572.20199132,  163686.0,  156152.0,  990.431066197,  615.656601319,  1962.5
1572.2224256,  163674.0,  156142.0,  990.430966678,  615.656736554,  1961.42
1572.24286008,  163685.0,  156149.0,  990.43078464,  615.656199748,  1961.44
1572.26329446,  163686.0,  156152.0,  990.430909303,  615.656615636,  1960.19
1572.28372884,  163673.0,  156138.0,  990.431250416,  615.656248629,  1962.35
1572.30416321,  163639.0,  156105.0,  990.430882382,  615.656534158,  1959.85
1572.32459759,  163703.0,  156169.0,  990.430891968,  615.656774424,  1956.38
1572.34503197,  163700.0,  156163.0,  990.430974141,  615.656530812,  1958.93
1572.36546635,  163693.0,  156157.0,  990.430819142,  615.656217915,  1954.98
1572.38590073,  163676.0,  156143.0,  990.430969266,  615.656668827,  1955.8
1572.40633511,  163670.0,  156136.0,  990.430690675,  615.656605671,  1953.82
1572.42676949,  163686.0,  156150.0,  990.431270459,  615.656255769,  1955.5
1572.44720387,  163694.0,  156161.0,  990.430840075,  615.65630619,  1955.22
1572.46763825,  163658.0,  156123.0,  990.430797515,  615.656351854,  1956.98
1572.48807263,  163684.0,  156151.0,  990.43080941,  615.65611422,  1956.78
1572.50850711,  163685.0,  156150.0,  990.430946773,  615.656286108,  1953.95
1572.52894149,  163685.0,  156148.0,  990.43104616,  615.656104893,  1955.29
1572.54937577,  163670.0,  156138.0,  990.430980228,  615.65652095,  1955.93
1572.56981025,  163679.0,  156143.0,  990.430708997,  615.656336781,  1955.66
1572.59024463,  163693.0,  156157.0,  990.430961905,  615.655982248,  1956.91
1572.61067891,  163684.0,  156150.0,  990.431177187,  615.656368341,  1954.39
1572.63111339,  163674.0,  156138.0,  990.430675282,  615.656312221,  1954.64
1572.67198205,  163670.0,  156137.0,  990.431095871,  615.656136955,  1955.25
1572.69241653,  163686.0,  156150.0,  990.430819999,  615.655955717,  1953.6
1572.71285091,  163670.0,  156137.0,  990.430806179,  615.656241423,  1957.54
1572.73328539,  163665.0,  156135.0,  990.430831592,  615.656059333,  1957.2
1572.75371968,  163668.0,  156136.0,  990.430887566,  615.655865684,  1959.85
1572.77415406,  163678.0,  156151.0,  990.430884437,  615.656244937,  1958.46
1572.79458854,  163659.0,  156131.0,  990.43074688,  615.656042188,  1960.97
1572.81502282,  163676.0,  156147.0,  990.43081708,  615.656229192,  1960.33
1572.8354572,  163680.0,  156154.0,  990.430904448,  615.656257213,  1964.97
1572.85589168,  163659.0,  156132.0,  990.430689888,  615.65591371,  1963.47
1572.87632597,  163658.0,  156132.0,  990.430868096,  615.655901725,  1966.03
1572.89676045,  163649.0,  156125.0,  990.430684171,  615.656014766,  1970.68
1572.91719483,  163669.0,  156143.0,  990.430782762,  615.655983921,  1973.59
1572.93762911,  163673.0,  156150.0,  990.430784439,  615.655867065,  1967.76
1572.95806359,  163670.0,  156145.0,  990.430657307,  615.65589397,  1971.42
1572.97849798,  163683.0,  156158.0,  990.430499202,  615.655738144,  1972.11
1572.99893236,  163671.0,  156148.0,  990.430710246,  615.655937397,  1970.12
1573.01936674,  163675.0,  156151.0,  990.430481932,  615.655853942,  1964.35
1573.03980113,  163671.0,  156149.0,  990.430591003,  615.655931821,  1958.92
1573.06023541,  163675.0,  156155.0,  990.430649115,  615.655813141,  1952.5
1573.08066989,  163648.0,  156125.0,  990.430469589,  615.655802018,  1953.25
1573.10110427,  163671.0,  156149.0,  990.430761666,  615.655857376,  1952.23
1573.12153866,  163681.0,  156159.0,  990.430528299,  615.655983785,  1954.06
1573.14197304,  163657.0,  156135.0,  990.43047384,  615.655718179,  1952.6
1573.16240743,  163692.0,  156170.0,  990.430743535,  615.655729496,  1951.18
1573.18284191,  163682.0,  156158.0,  990.430528787,  615.655678539,  1949.42
1573.20327619,  163659.0,  156135.0,  990.430581869,  615.655658659,  1947.56
1573.22371058,  163657.0,  156137.0,  990.430675072,  615.655702901,  1945.77
1573.24414506,  163677.0,  156154.0,  990.430473282,  615.655796126,  1945.18
1573.26457934,  163684.0,  156160.0,  990.430437004,  615.655616492,  1945.08
1573.28501383,  163695.0,  156172.0,  990.430557799,  615.655958978,  1943.34
1573.30544821,  163680.0,  156154.0,  990.430391716,  615.655600773,  1944.18
1573.3258825,  163689.0,  156166.0,  990.430640884,  615.655618274,  1941.68
1573.34631698,  163668.0,  156143.0,  990.43039066,  615.655671811,  1942.24
1573.36675137,  163672.0,  156149.0,  990.430305231,  615.655624218,  1939.36
1573.38718565,  163660.0,  156137.0,  990.430510618,  615.655483404,  1939.49
1573.40762014,  163642.0,  156120.0,  990.430383643,  615.65549746,  1939.89
1573.42805452,  163654.0,  156127.0,  990.430500636,  615.655331322,  1938.22
1573.44848881,  163674.0,  156150.0,  990.430587137,  615.655764579,  1937.39
1573.46892329,  163675.0,  156149.0,  990.430606147,  615.65554514,  1934.59
1573.48935768,  163678.0,  156153.0,  990.430497951,  615.655360857,  1931.3
1573.50979216,  163671.0,  156145.0,  990.430534175,  615.655389597,  1932.96
1573.53022645,  163684.0,  156154.0,  990.430448296,  615.655248347,  1931.67
1573.55066083,  163674.0,  156149.0,  990.430562903,  615.655434646,  1930.59
1573.57109532,  163683.0,  156155.0,  990.430566888,  615.655645637,  1932.53
1573.59152961,  163678.0,  156150.0,  990.430502871,  615.655338938,  1931.94
1573.61196399,  163651.0,  156126.0,  990.430425342,  615.65527891,  1931.89
1573.63239848,  163641.0,  156112.0,  990.430536405,  615.655382479,  1931.88
1573.65283287,  163662.0,  156133.0,  990.430423426,  615.655261454,  1931.14
1573.67326725,  163676.0,  156149.0,  990.430657041,  615.655487495,  1928.65
1573.69370164,  163658.0,  156129.0,  990.43038267,  615.655056733,  1930.89
1573.71413592,  163699.0,  156168.0,  990.430653824,  615.655257034,  1930.5
1573.73457041,  163670.0,  156143.0,  990.430598353,  615.655358501,  1928.75
1573.7550048,  163662.0,  156132.0,  990.430452439,  615.65530523,  1929.81
1573.77543909,  163661.0,  156131.0,  990.430510457,  615.655305236,  1930.72
1573.79587357,  163649.0,  156119.0,  990.430532497,  615.655174163,  1929.02
1573.81630796,  163662.0,  156130.0,  990.43065632,  615.655412099,  1928.78
1573.83674225,  163639.0,  156109.0,  990.430658134,  615.655312339,  1928.26
1573.85717673,  163656.0,  156123.0,  990.430566155,  615.655071146,  1928.53
1573.87761112,  163666.0,  156134.0,  990.430433944,  615.655062264,  1927.35
1573.89804561,  163651.0,  156121.0,  990.430529964,  615.655006165,  1925.98
1573.9184799,  163676.0,  156140.0,  990.430559244,  615.655020576,  1930.52
1573.93891428,  163693.0,  156159.0,  990.430685974,  615.655055454,  1929.36
1573.95934877,  163650.0,  156117.0,  990.430454581,  615.654909731,  1927.52
1573.97978306,  163666.0,  156128.0,  990.430535894,  615.654956061,  1925.95
1574.00021745,  163668.0,  156137.0,  990.430566714,  615.654938128,  1927.19
1574.02065194,  163671.0,  156134.0,  990.430371483,  615.654726908,  1925.64
1574.04108623,  163669.0,  156132.0,  990.430600633,  615.65501751,  1927.09
1574.06152071,  163670.0,  156135.0,  990.430527671,  615.654966399,  1927.85
1574.0819551,  163687.0,  156149.0,  990.430650826,  615.65514319,  1926.74
1574.10238939,  163662.0,  156126.0,  990.43035089,  615.654659796,  1925.06
1574.12282388,  163663.0,  156129.0,  990.430605192,  615.654956481,  1925.32
1574.14325827,  163687.0,  156149.0,  990.430513989,  615.654939212,  1921.31
1574.16369266,  163678.0,  156141.0,  990.430732729,  615.654888623,  1924.18
1574.18412705,  163655.0,  156119.0,  990.430584051,  615.654871893,  1924.12
1574.20456144,  163688.0,  156151.0,  990.430524227,  615.654911633,  1919.43
1574.22499583,  163673.0,  156136.0,  990.43088893,  615.654677782,  1923.65
1574.24543022,  163679.0,  156140.0,  990.430563611,  615.655003907,  1921.43
1574.26586461,  163670.0,  156131.0,  990.430472103,  615.654717742,  1920.24
1574.286299,  163640.0,  156105.0,  990.430591362,  615.654800225,  1921.2
1574.30673348,  163691.0,  156149.0,  990.430477233,  615.654636407,  1921.44
1574.32716777,  163660.0,  156124.0,  990.430676024,  615.654831099,  1921.3
1574.34760216,  163651.0,  156115.0,  990.430443485,  615.654744725,  1920.77
1574.36803655,  163666.0,  156127.0,  990.430575693,  615.654881755,  1919.65
1574.38847095,  163654.0,  156116.0,  990.430555359,  615.654767716,  1920.58
1574.40890544,  163669.0,  156130.0,  990.430472322,  615.654560388,  1921.06
1574.42933973,  163661.0,  156120.0,  990.430522861,  615.654666189,  1919.21
1574.44977422,  163649.0,  156113.0,  990.430546143,  615.65460854,  1919.75
1574.47020861,  163668.0,  156127.0,  990.430732221,  615.654433849,  1919.58
1574.4906429,  163677.0,  156139.0,  990.43050704,  615.654366024,  1920.11
1574.51107739,  163655.0,  156118.0,  990.430511957,  615.654684907,  1917.47
1574.53151178,  163667.0,  156127.0,  990.430669886,  615.654400854,  1918.15
1574.55194607,  163668.0,  156127.0,  990.430467955,  615.65474275,  1917.72
1574.57238056,  163659.0,  156118.0,  990.430521561,  615.654398733,  1917.6
1574.59281495,  163671.0,  156129.0,  990.430435279,  615.654614526,  1916.8
1574.61324945,  163636.0,  156100.0,  990.430365326,  615.654397934,  1918.62
1574.63368374,  163646.0,  156106.0,  990.430526802,  615.654667799,  1916.93
1574.65411813,  163651.0,  156111.0,  990.430225234,  615.654412385,  1916.92
1574.67455262,  163648.0,  156110.0,  990.430622436,  615.65440369,  1916.31
1574.69498691,  163667.0,  156127.0,  990.430411546,  615.654554639,  1918.05
1574.7154213,  163667.0,  156126.0,  990.430558826,  615.654458283,  1915.66
1574.7358558,  163634.0,  156097.0,  990.430559113,  615.654356247,  1915.29
1574.75629009,  163659.0,  156119.0,  990.430401339,  615.654776225,  1915.62
1574.77672448,  163649.0,  156111.0,  990.43069984,  615.654263809,  1915.95
1574.79715897,  163643.0,  156104.0,  990.430450771,  615.654685507,  1915.08
1574.81759337,  163638.0,  156099.0,  990.430339602,  615.65454027,  1915.29
1574.83802776,  163658.0,  156118.0,  990.430670524,  615.654379125,  1913.79
1574.85846215,  163648.0,  156106.0,  990.430201834,  615.654380901,  1914.16
1574.87889654,  163677.0,  156136.0,  990.430522182,  615.654555371,  1915.03
1574.89933094,  163657.0,  156118.0,  990.43059794,  615.654409706,  1912.67
1574.91976533,  163672.0,  156130.0,  990.430462792,  615.654322541,  1915.01
1574.94019972,  163642.0,  156104.0,  990.430431476,  615.654627748,  1911.79
1574.96063412,  163640.0,  156102.0,  990.430284136,  615.654204737,  1912.27
1574.98106851,  163663.0,  156122.0,  990.430310673,  615.654325369,  1913.01
1575.0015029,  163652.0,  156115.0,  990.43060098,  615.654726205,  1912.73
1575.0219373,  163666.0,  156124.0,  990.430568867,  615.654058269,  1911.88
1575.04237169,  163649.0,  156108.0,  990.430553966,  615.654402079,  1913.15
1575.06280618,  163656.0,  156118.0,  990.43029076,  615.654139768,  1911.11
1575.08324048,  163643.0,  156104.0,  990.430600151,  615.654126768,  1910.05
1575.10367487,  163651.0,  156112.0,  990.430370189,  615.65418967,  1912.01
1575.12410937,  163637.0,  156098.0,  990.430389187,  615.654552428,  1912.31
1575.14454366,  163656.0,  156114.0,  990.430549242,  615.654093635,  1910.34
1575.16497805,  163655.0,  156115.0,  990.430392876,  615.654330199,  1910.22
1575.18541255,  163624.0,  156086.0,  990.430472963,  615.654080375,  1910.59
1575.20584684,  163656.0,  156116.0,  990.430626872,  615.654360847,  1911.85
1575.22628134,  163642.0,  156104.0,  990.430296508,  615.654271932,  1909.05
1575.24671573,  163638.0,  156098.0,  990.430407514,  615.654272838,  1910.19
1575.26715003,  163638.0,  156099.0,  990.430509065,  615.654336519,  1910.42
1575.28758452,  163657.0,  156120.0,  990.43059497,  615.654259883,  1911.25
1575.30801892,  163659.0,  156119.0,  990.430365553,  615.654115871,  1909.82
1575.32845321,  163667.0,  156128.0,  990.430676307,  615.654564236,  1908.03
1575.34888771,  163655.0,  156117.0,  990.4302363,  615.654130938,  1908.4
1575.3693221,  163639.0,  156099.0,  990.430509132,  615.653643791,  1910.17
1575.3897566,  163647.0,  156111.0,  990.430251907,  615.654181022,  1909.27
1575.41019089,  163654.0,  156115.0,  990.43034725,  615.654258195,  1908.14
1575.43062529,  163665.0,  156125.0,  990.430278452,  615.654120187,  1906.77
1575.45105978,  163649.0,  156111.0,  990.430768975,  615.65403214,  1907.65
1575.47149418,  163631.0,  156094.0,  990.430265653,  615.654168195,  1909.7
1575.49192848,  163675.0,  156136.0,  990.430520225,  615.653798489,  1906.71
1575.51236297,  163651.0,  156115.0,  990.430258628,  615.654179492,  1907.27
1575.53279737,  163656.0,  156116.0,  990.430643013,  615.653952918,  1907.34
1575.55323167,  163626.0,  156088.0,  990.43051788,  615.65406413,  1905.87
1575.57366616,  163639.0,  156103.0,  990.43039351,  615.653869662,  1907.4
1575.59410056,  163650.0,  156111.0,  990.430244257,  615.653990489,  1906.7
1575.61453495,  163645.0,  156111.0,  990.430554783,  615.654125813,  1906.37
1575.65540365,  163643.0,  156105.0,  990.430398036,  615.653923824,  1908.74
1575.67583814,  163646.0,  156111.0,  990.43051558,  615.654097572,  1906.51
1575.69627254,  163645.0,  156111.0,  990.430115638,  615.653677998,  1905.34
1575.71670684,  163660.0,  156127.0,  990.430265592,  615.653829617,  1905.57
1575.73714134,  163656.0,  156124.0,  990.430243429,  615.653748897,  1903.86
1575.75757573,  163630.0,  156096.0,  990.43006831,  615.653750583,  1905.17
1575.77801023,  163645.0,  156116.0,  990.430169243,  615.653913019,  1905.16
1575.79844453,  163642.0,  156110.0,  990.430270462,  615.653864296,  1906.25
1575.81887893,  163654.0,  156121.0,  990.430202111,  615.65369908,  1903.45
1575.83931342,  163640.0,  156112.0,  990.43022485,  615.653669238,  1905.44
1575.85974772,  163648.0,  156119.0,  990.429980991,  615.653885213,  1902.63
1575.88018212,  163646.0,  156119.0,  990.430121444,  615.653603957,  1905.21
1575.90061662,  163671.0,  156144.0,  990.430165737,  615.653709093,  1903.2
1575.92105092,  163665.0,  156137.0,  990.430183367,  615.653664156,  1902.3
1575.94148531,  163638.0,  156114.0,  990.430139941,  615.6536063,  1903.72
1575.96191981,  163649.0,  156125.0,  990.430059849,  615.653645935,  1903.82
1575.98235411,  163689.0,  156162.0,  990.429890938,  615.65368673,  1904.64
1576.00278861,  163631.0,  156110.0,  990.429896043,  615.653669221,  1902.13
1576.02322301,  163669.0,  156144.0,  990.429964019,  615.653892771,  1901.97
1576.04365741,  163647.0,  156121.0,  990.429998589,  615.653609807,  1903.15
1576.0640918,  163661.0,  156139.0,  990.430265405,  615.653804542,  1901.76
1576.0845262,  163628.0,  156106.0,  990.429982929,  615.653756315,  1902.67
1576.1049606,  163652.0,  156130.0,  990.430056163,  615.653647171,  1900.35
1576.125395,  163644.0,  156123.0,  990.430050968,  615.653711844,  1900.61
1576.1458294,  163635.0,  156112.0,  990.429829972,  615.653527385,  1900.93
1576.1662638,  163642.0,  156121.0,  990.430056523,  615.65381415,  1901.88
1576.1866983,  163651.0,  156128.0,  990.430037811,  615.653735744,  1901.96
1576.2071326,  163659.0,  156136.0,  990.430087812,  615.653783839,  1900.48
1576.2275671,  163644.0,  156122.0,  990.429973764,  615.653527742,  1901.27
1576.2480015,  163645.0,  156122.0,  990.430014501,  615.65375977,  1899.46
1576.2684358,  163656.0,  156131.0,  990.42993848,  615.653485088,  1900.44
1576.2888703,  163679.0,  156155.0,  990.430124326,  615.65370075,  1901.3
1576.3093046,  163635.0,  156110.0,  990.430005288,  615.653639008,  1901.17
1576.329739,  163608.0,  156087.0,  990.429991625,  615.653499144,  1901.31
1576.3501735,  163649.0,  156126.0,  990.430138716,  615.653756915,  1901.35
1576.3910423,  163664.0,  156140.0,  990.430042313,  615.653465157,  1899.95
1576.4114767,  163646.0,  156123.0,  990.430071423,  615.653439795,  1898.59
1576.431911,  163645.0,  156120.0,  990.430039284,  615.653350848,  1899.03
1576.4523455,  163652.0,  156128.0,  990.430156386,  615.653589708,  1899.54
1576.4727799,  163637.0,  156114.0,  990.429985504,  615.653310578,  1898.34
1576.4932142,  163659.0,  156133.0,  990.429972322,  615.653411206,  1899.39
1576.5136487,  163652.0,  156130.0,  990.429986288,  615.653438912,  1898.45
1576.5340831,  163638.0,  156110.0,  990.429875465,  615.653507198,  1896.71
1576.55451751,  163653.0,  156127.0,  990.430016072,  615.653391117,  1897.6
1576.57495191,  163643.0,  156117.0,  990.429938003,  615.653329045,  1899.59
1576.59538631,  163633.0,  156105.0,  990.429944731,  615.653311583,  1898.37
1576.61582081,  163646.0,  156119.0,  990.430144114,  615.65332673,  1899.41
1576.63625511,  163665.0,  156138.0,  990.430111161,  615.65339419,  1895.99
1576.65668951,  163674.0,  156144.0,  990.429947783,  615.653329994,  1897.33
1576.67712401,  163658.0,  156130.0,  990.430081006,  615.653137526,  1898.3
1576.69755842,  163642.0,  156114.0,  990.430082504,  615.653414796,  1897.1
1576.71799272,  163641.0,  156112.0,  990.430042046,  615.653176011,  1897.91
1576.73842722,  163661.0,  156133.0,  990.430112089,  615.653398118,  1895.97
1576.75886162,  163661.0,  156130.0,  990.430075704,  615.653093168,  1897.03
1576.77929602,  163660.0,  156133.0,  990.429979573,  615.653321213,  1893.58
1576.79973043,  163652.0,  156121.0,  990.429866418,  615.653128659,  1896.26
1576.82016483,  163641.0,  156110.0,  990.429960475,  615.653226818,  1894.87
1576.84059933,  163655.0,  156125.0,  990.430001841,  615.653184588,  1894.78
1576.86103363,  163649.0,  156117.0,  990.430177212,  615.653207301,  1895.99
1576.88146804,  163623.0,  156094.0,  990.430062898,  615.653261233,  1896.41
1576.90190254,  163619.0,  156090.0,  990.430125828,  615.652803022,  1894.57
1576.92233684,  163635.0,  156104.0,  990.429898266,  615.65327834,  1896.01
1576.94277125,  163649.0,  156116.0,  990.430228063,  615.653176856,  1894.65
1576.96320565,  163651.0,  156118.0,  990.430262447,  615.653112323,  1892.31
1576.98364005,  163639.0,  156105.0,  990.430014677,  615.653062903,  1893.96
1577.00407456,  163656.0,  156125.0,  990.430106313,  615.652948233,  1894.5
1577.02450886,  163655.0,  156122.0,  990.430005832,  615.653112374,  1893.95
1577.04494326,  163612.0,  156080.0,  990.430118324,  615.653017255,  1894.33
1577.06537777,  163672.0,  156137.0,  990.430083631,  615.653028329,  1893.17
1577.08581207,  163624.0,  156091.0,  990.430131739,  615.652846468,  1893.59
1577.10624647,  163636.0,  156103.0,  990.430182213,  615.653046385,  1893.91
1577.12668098,  163644.0,  156109.0,  990.430007158,  615.652972833,  1893.43
1577.14711528,  163632.0,  156096.0,  990.430278939,  615.652979742,  1893.88
1577.16754979,  163630.0,  156096.0,  990.43004524,  615.652941909,  1893.78
1577.18798419,  163657.0,  156120.0,  990.429984995,  615.652954877,  1893.72
1577.20841849,  163634.0,  156099.0,  990.430077533,  615.652916705,  1894.72
1577.228853,  163632.0,  156099.0,  990.430098722,  615.652827853,  1891.68
1577.2492874,  163651.0,  156115.0,  990.43021433,  615.652880089,  1892.75
1577.26972181,  163615.0,  156080.0,  990.430051817,  615.652923227,  1891.24
1577.29015621,  163650.0,  156116.0,  990.430179775,  615.652722549,  1889.63
1577.31059062,  163656.0,  156119.0,  990.430033649,  615.6528091,  1891.67
1577.33102502,  163665.0,  156128.0,  990.430082004,  615.652854911,  1892.75
1577.35145953,  163611.0,  156076.0,  990.43013444,  615.653003149,  1890.6
1577.37189383,  163638.0,  156101.0,  990.430089297,  615.652599078,  1891.4
1577.39232834,  163642.0,  156107.0,  990.430074059,  615.652794628,  1891.74
1577.41276274,  163654.0,  156114.0,  990.430106264,  615.652637598,  1892.96
1577.43319705,  163631.0,  156094.0,  990.42993663,  615.653103569,  1891.25
1577.45363155,  163643.0,  156108.0,  990.430370833,  615.652915173,  1890.93
1577.47406596,  163635.0,  156097.0,  990.429938076,  615.65258396,  1891.74
1577.49450026,  163659.0,  156121.0,  990.430083897,  615.652749434,  1891.0
1577.51493477,  163636.0,  156098.0,  990.429970777,  615.653033731,  1891.09
1577.53536917,  163661.0,  156122.0,  990.430248039,  615.652589549,  1891.09
1577.55580358,  163636.0,  156099.0,  990.430156193,  615.652808243,  1891.59
1577.57623799,  163631.0,  156093.0,  990.430123504,  615.652819026,  1890.22
1577.59667229,  163645.0,  156106.0,  990.430171492,  615.652675917,  1890.64
1577.6171068,  163625.0,  156088.0,  990.43011491,  615.652694171,  1888.82
1577.63754121,  163613.0,  156075.0,  990.430204759,  615.652535777,  1889.12
1577.65797551,  163664.0,  156125.0,  990.430112458,  615.652845173,  1888.59
1577.67841002,  163639.0,  156102.0,  990.430001441,  615.652429768,  1890.43
1577.69884442,  163658.0,  156118.0,  990.430092781,  615.652899891,  1888.25
1577.71927883,  163669.0,  156130.0,  990.430298698,  615.652428491,  1894.21
1577.73971324,  163629.0,  156090.0,  990.430159633,  615.65257915,  1886.93
1577.76014764,  163665.0,  156124.0,  990.430142531,  615.652737519,  1886.63
1577.78058215,  163643.0,  156106.0,  990.43017386,  615.652635973,  1888.67
1577.80101646,  163626.0,  156087.0,  990.430097708,  615.652796824,  1887.75
1577.82145087,  163651.0,  156109.0,  990.430392026,  615.652842299,  1888.8
1577.84188537,  163635.0,  156098.0,  990.430323139,  615.652564719,  1886.62
1577.86231978,  163637.0,  156096.0,  990.429862112,  615.652278089,  1886.53
1577.88275409,  163626.0,  156086.0,  990.430366402,  615.652666163,  1886.38
1577.90318859,  163655.0,  156114.0,  990.430115324,  615.652612906,  1886.84
1577.923623,  163623.0,  156084.0,  990.430064097,  615.652750613,  1884.85
1577.94405741,  163633.0,  156094.0,  990.430384725,  615.652641181,  1887.87
1577.96449182,  163615.0,  156077.0,  990.430098211,  615.652398654,  1886.58
1577.98492622,  163623.0,  156084.0,  990.430119052,  615.652639625,  1886.33
1578.00536063,  163626.0,  156088.0,  990.430299447,  615.652314584,  1888.19
1578.02579504,  163635.0,  156098.0,  990.430054447,  615.652837306,  1886.11
1578.04622945,  163619.0,  156081.0,  990.430138083,  615.652447222,  1885.87
1578.06666396,  163633.0,  156094.0,  990.430341217,  615.652616678,  1902.36
1578.08709827,  163652.0,  156111.0,  990.430026354,  615.652411414,  1892.08
1578.10753267,  163644.0,  156105.0,  990.430331451,  615.652580827,  1885.33
1578.12796718,  163645.0,  156106.0,  990.430221693,  615.652687508,  1885.08
1578.14840149,  163653.0,  156112.0,  990.43014592,  615.652369119,  1885.2
1578.168836,  163660.0,  156119.0,  990.430352448,  615.652700291,  1883.69
1578.18927041,  163618.0,  156077.0,  990.430311999,  615.652189084,  1886.95
1578.20970472,  163640.0,  156099.0,  990.430113024,  615.652668918,  1884.1
1578.23013923,  163636.0,  156099.0,  990.430266505,  615.652528588,  1884.21
1578.25057353,  163635.0,  156096.0,  990.430020096,  615.652507272,  1885.68
1578.27100794,  163640.0,  156100.0,  990.430356307,  615.652316236,  1884.83
1578.29144245,  163623.0,  156086.0,  990.430117229,  615.652167268,  1885.03
1578.31187676,  163635.0,  156096.0,  990.430177888,  615.652399496,  1884.12
1578.33231127,  163639.0,  156102.0,  990.430365835,  615.652564156,  1883.47
1578.35274568,  163617.0,  156078.0,  990.430386925,  615.652360468,  1886.97
1578.37317999,  163622.0,  156084.0,  990.43018381,  615.652485078,  1884.47
1578.3936145,  163636.0,  156098.0,  990.430174851,  615.652304485,  1886.48
1578.41404891,  163672.0,  156129.0,  990.430242506,  615.652322948,  1885.72
1578.43448332,  163658.0,  156116.0,  990.430311828,  615.652449109,  1885.88
1578.45491773,  163626.0,  156088.0,  990.430086592,  615.652234543,  1886.68
1578.47535214,  163651.0,  156111.0,  990.429896583,  615.652359082,  1884.58
1578.49578655,  163630.0,  156091.0,  990.430189968,  615.651946998,  1887.06
1578.51622096,  163625.0,  156087.0,  990.430168515,  615.652188183,  1886.77
1578.53665537,  163622.0,  156085.0,  990.430030031,  615.652565437,  1883.66
1578.55708988,  163636.0,  156099.0,  990.430178194,  615.652267844,  1883.94
1578.57752429,  163642.0,  156103.0,  990.43009993,  615.652324644,  1881.45
1578.5979586,  163644.0,  156102.0,  990.430479316,  615.652343907,  1882.27
1578.63882752,  163643.0,  156102.0,  990.430058646,  615.652137707,  1882.13
1578.65926183,  163637.0,  156098.0,  990.43012093,  615.652108907,  1882.13
1578.67969634,  163640.0,  156102.0,  990.429890181,  615.652180709,  1884.2
1578.70013075,  163633.0,  156097.0,  990.430082781,  615.652101005,  1881.83
1578.72056507,  163627.0,  156093.0,  990.430227422,  615.652204281,  1883.72
1578.74099958,  163635.0,  156100.0,  990.429976434,  615.651993771,  1880.49
1578.76143399,  163639.0,  156103.0,  990.429922952,  615.651992019,  1882.72
1578.7818685,  163649.0,  156116.0,  990.430219163,  615.652179301,  1882.52
1578.80230281,  163647.0,  156113.0,  990.43000493,  615.652256396,  1881.27
1578.82273722,  163652.0,  156120.0,  990.430107681,  615.651672769,  1879.49
1578.84317173,  163661.0,  156131.0,  990.429963416,  615.652090172,  1880.85
1578.86360604,  163638.0,  156105.0,  990.429945467,  615.652051243,  1880.57
1578.88404046,  163654.0,  156124.0,  990.429750161,  615.651952699,  1880.59
1578.90447487,  163628.0,  156099.0,  990.429892943,  615.652116464,  1880.96
1578.92490928,  163648.0,  156116.0,  990.429910314,  615.652018949,  1882.51
1578.94534379,  163644.0,  156117.0,  990.429988595,  615.652102151,  1881.04
1578.9657781,  163664.0,  156135.0,  990.429772119,  615.651764794,  1880.61
1578.98621252,  163632.0,  156105.0,  990.429765547,  615.652012114,  1878.88
1579.00664703,  163660.0,  156132.0,  990.430016466,  615.651970908,  1881.02
1579.02708134,  163655.0,  156126.0,  990.429875757,  615.652097357,  1881.19
1579.04751575,  163641.0,  156115.0,  990.429880626,  615.651883094,  1880.09
1579.06795027,  163651.0,  156123.0,  990.42965288,  615.651990251,  1879.14
1579.08838468,  163653.0,  156125.0,  990.429683425,  615.651864528,  1878.97
1579.10881899,  163639.0,  156113.0,  990.429864996,  615.651934929,  1880.61
1579.1292535,  163632.0,  156104.0,  990.429630439,  615.651783488,  1877.54
1579.14968792,  163670.0,  156142.0,  990.42978486,  615.651777911,  1875.82
1579.17012233,  163655.0,  156130.0,  990.429829625,  615.651778587,  1877.31
1579.19055674,  163641.0,  156113.0,  990.429703597,  615.651678862,  1879.28
1579.21099116,  163648.0,  156121.0,  990.4298398,  615.651782726,  1877.8
1579.23142567,  163664.0,  156138.0,  990.429851965,  615.651903944,  1877.71
1579.25185998,  163629.0,  156100.0,  990.42975985,  615.651798104,  1878.11
1579.2722944,  163651.0,  156125.0,  990.429837114,  615.651768431,  1876.38
1579.29272891,  163631.0,  156106.0,  990.429768373,  615.651877678,  1876.67
1579.31316322,  163629.0,  156101.0,  990.429893236,  615.651680228,  1879.05
1579.33359774,  163641.0,  156114.0,  990.429821153,  615.651806601,  1879.1
1579.35403215,  163660.0,  156129.0,  990.42966176,  615.651641886,  1878.45
1579.37446646,  163637.0,  156109.0,  990.430134362,  615.652012121,  1875.19
1579.39490098,  163657.0,  156128.0,  990.429967501,  615.651805027,  1878.47
1579.41533539,  163642.0,  156112.0,  990.429762771,  615.651613824,  1877.01
1579.43576971,  163640.0,  156111.0,  990.429813096,  615.651712756,  1876.36
1579.45620422,  163643.0,  156114.0,  990.430024462,  615.651581127,  1875.85
1579.47663863,  163650.0,  156119.0,  990.429840973,  615.651734534,  1876.54
1579.49707295,  163640.0,  156110.0,  990.42976034,  615.651566101,  1876.25
1579.51750746,  163636.0,  156105.0,  990.429579681,  615.651536864,  1875.99
1579.53794178,  163656.0,  156123.0,  990.429777671,  615.651554947,  1877.74
1579.55837629,  163621.0,  156091.0,  990.429866918,  615.651662081,  1876.95
1579.57881071,  163638.0,  156105.0,  990.429851954,  615.651600563,  1877.29
1579.59924512,  163639.0,  156107.0,  990.430053095,  615.651876014,  1876.97
1579.61967953,  163634.0,  156103.0,  990.429664091,  615.651291928,  1876.3
1579.64011395,  163658.0,  156124.0,  990.429646814,  615.651373008,  1875.65
1579.66054836,  163659.0,  156125.0,  990.429852602,  615.651469049,  1876.34
1579.68098278,  163636.0,  156102.0,  990.429987719,  615.651426474,  1876.81
1579.70141719,  163646.0,  156113.0,  990.429942964,  615.651515888,  1874.21
1579.72185171,  163670.0,  156134.0,  990.429883332,  615.651641517,  1874.02
1579.74228613,  163634.0,  156100.0,  990.429845404,  615.651225399,  1875.81
1579.76272044,  163641.0,  156105.0,  990.429750386,  615.651577647,  1875.12
1579.78315496,  163652.0,  156117.0,  990.429799206,  615.651295453,  1875.19
1579.80358937,  163659.0,  156121.0,  990.429763924,  615.651252794,  1872.21
1579.82402369,  163654.0,  156119.0,  990.429947662,  615.65139225,  1873.48
1579.8444582,  163671.0,  156136.0,  990.429770037,  615.65129706,  1874.24
1579.86489262,  163661.0,  156123.0,  990.429904372,  615.651532483,  1874.73
1579.88532693,  163643.0,  156107.0,  990.429810792,  615.651247395,  1873.17
1579.90576145,  163659.0,  156120.0,  990.429879666,  615.651306556,  1874.03
1579.92619587,  163673.0,  156132.0,  990.429805948,  615.651339962,  1872.04
1579.94663038,  163651.0,  156114.0,  990.429863059,  615.651295585,  1871.07
1579.9670647,  163644.0,  156104.0,  990.429818788,  615.651247082,  1871.37
1579.98749911,  163665.0,  156125.0,  990.42986273,  615.651359151,  1871.48
1580.00793363,  163654.0,  156118.0,  990.429895212,  615.651130872,  1869.43
1580.02836795,  163634.0,  156095.0,  990.429958363,  615.651260108,  1871.26
1580.04880236,  163653.0,  156113.0,  990.429943776,  615.651279017,  1870.32
1580.06923688,  163656.0,  156116.0,  990.429901428,  615.65122827,  1870.01
1580.0896712,  163651.0,  156110.0,  990.429774182,  615.65119096,  1869.79
1580.11010561,  163658.0,  156116.0,  990.429997168,  615.651247723,  1870.52
1580.13054013,  163656.0,  156113.0,  990.429942195,  615.651364649,  1869.28
1580.15097445,  163644.0,  156100.0,  990.429931521,  615.651199427,  1870.34
1580.17140896,  163645.0,  156106.0,  990.430203499,  615.651289142,  1869.61
1580.19184328,  163635.0,  156092.0,  990.42979026,  615.651104426,  1869.46
1580.2122777,  163658.0,  156116.0,  990.430107858,  615.6512722,  1868.32
1580.23271222,  163677.0,  156134.0,  990.429840658,  615.651016525,  1867.09
1580.25314653,  163687.0,  156140.0,  990.429800383,  615.650939447,  1867.98
1580.27358095,  163669.0,  156127.0,  990.43017419,  615.650983052,  1867.25
1580.29401547,  163676.0,  156130.0,  990.430008597,  615.651214292,  1868.53
1580.31444989,  163643.0,  156099.0,  990.429927485,  615.650942983,  1869.64
1580.3348843,  163651.0,  156108.0,  990.430149585,  615.651097633,  1867.12
1580.35531872,  163644.0,  156100.0,  990.429955401,  615.651053405,  1868.82
1580.37575314,  163628.0,  156084.0,  990.429849429,  615.651025156,  1867.16
1580.39618756,  163635.0,  156092.0,  990.429831183,  615.651084375,  1866.82
1580.41662197,  163656.0,  156108.0,  990.4299844,  615.650896705,  1868.08
1580.43705639,  163650.0,  156104.0,  990.430009404,  615.650890678,  1866.55
1580.45749091,  163659.0,  156114.0,  990.429842004,  615.65100345,  1867.45
1580.47792523,  163650.0,  156104.0,  990.429939569,  615.650814853,  1865.64
1580.49835965,  163658.0,  156112.0,  990.429886976,  615.650956642,  1865.12
1580.51879417,  163635.0,  156086.0,  990.429914334,  615.650608497,  1865.46
1580.53922848,  163666.0,  156118.0,  990.4299193,  615.651143831,  1864.82
1580.559663,  163656.0,  156110.0,  990.429975205,  615.650839972,  1865.9
1580.58009742,  163684.0,  156135.0,  990.429862245,  615.65079368,  1864.14
1580.60053174,  163653.0,  156108.0,  990.429749227,  615.650888073,  1864.69
1580.62096626,  163651.0,  156104.0,  990.430260964,  615.65078107,  1862.88
1580.64140068,  163630.0,  156082.0,  990.429860516,  615.650872972,  1865.74
1580.661835,  163634.0,  156088.0,  990.43012874,  615.651153594,  1864.16
1580.68226952,  163654.0,  156104.0,  990.429809869,  615.65075886,  1863.89
1580.70270393,  163665.0,  156115.0,  990.429777728,  615.65103277,  1863.19
1580.72313845,  163647.0,  156099.0,  990.43023417,  615.650514819,  1864.07
1580.74357277,  163644.0,  156095.0,  990.429603136,  615.65079179,  1862.48
1580.76400719,  163646.0,  156097.0,  990.429970577,  615.65076701,  1862.27
1580.78444171,  163633.0,  156085.0,  990.43012273,  615.650945875,  1862.91
1580.80487603,  163667.0,  156116.0,  990.429894185,  615.650814708,  1864.48
1580.82531045,  163658.0,  156110.0,  990.429855777,  615.650873946,  1863.46
1580.84574487,  163646.0,  156095.0,  990.429939263,  615.650390035,  1864.06
1580.86617929,  163638.0,  156087.0,  990.430051651,  615.650980003,  1861.15
1580.88661371,  163659.0,  156110.0,  990.430002498,  615.650776148,  1861.36
1580.90704813,  163655.0,  156104.0,  990.429935525,  615.650424962,  1861.81
1580.92748255,  163640.0,  156089.0,  990.429905668,  615.650899653,  1861.5
1580.94791707,  163649.0,  156100.0,  990.429885942,  615.650782734,  1862.63
1580.96835149,  163651.0,  156100.0,  990.430082458,  615.650589782,  1860.61
1580.98878581,  163679.0,  156127.0,  990.429865485,  615.65069722,  1860.86
1581.00922033,  163641.0,  156092.0,  990.430055703,  615.65074721,  1860.82
1581.02965475,  163670.0,  156117.0,  990.429843229,  615.650545231,  1860.48
1581.05008907,  163668.0,  156119.0,  990.430080467,  615.650529722,  1858.99
1581.07052359,  163641.0,  156091.0,  990.429706911,  615.650467307,  1859.84
1581.09095801,  163666.0,  156111.0,  990.43038477,  615.650860563,  1859.76
1581.11139253,  163651.0,  156100.0,  990.429730126,  615.650404426,  1860.55
1581.13182685,  163637.0,  156086.0,  990.429945544,  615.650342062,  1859.2
1581.15226127,  163666.0,  156113.0,  990.429942793,  615.650608376,  1860.07
1581.17269579,  163649.0,  156098.0,  990.430050019,  615.650588791,  1858.72
1581.19313012,  163644.0,  156091.0,  990.429833589,  615.650557626,  1860.38
1581.21356454,  163648.0,  156098.0,  990.429991773,  615.650531343,  1860.04
1581.23399906,  163660.0,  156109.0,  990.429890493,  615.650470216,  1860.39
1581.25443338,  163662.0,  156110.0,  990.429925427,  615.65026736,  1856.87
1581.2748678,  163651.0,  156100.0,  990.429901974,  615.650449609,  1857.95
1581.29530232,  163644.0,  156092.0,  990.429849779,  615.650415453,  1858.52
1581.31573664,  163655.0,  156102.0,  990.4299681,  615.650495172,  1858.17
1581.33617116,  163651.0,  156100.0,  990.429827914,  615.650378287,  1857.71
1581.35660558,  163672.0,  156118.0,  990.429892017,  615.650687504,  1856.01
1581.37704001,  163625.0,  156074.0,  990.429766937,  615.650536475,  1857.92
1581.39747443,  163659.0,  156105.0,  990.430208255,  615.650118972,  1858.43
1581.41790885,  163663.0,  156108.0,  990.42993418,  615.650619599,  1858.67
1581.43834327,  163640.0,  156088.0,  990.429982067,  615.650591387,  1855.4
1581.45877769,  163656.0,  156100.0,  990.429499547,  615.649954738,  1857.42
1581.47921212,  163632.0,  156079.0,  990.429967946,  615.65025048,  1858.12
1581.49964654,  163666.0,  156112.0,  990.430146485,  615.650307716,  1855.05
1581.52008096,  163630.0,  156076.0,  990.429848395,  615.650293128,  1855.7
1581.54051538,  163661.0,  156106.0,  990.429967303,  615.650395472,  1856.1
1581.5609498,  163665.0,  156109.0,  990.430082427,  615.65025316,  1856.09
1581.58138423,  163664.0,  156111.0,  990.429779812,  615.650034162,  1855.26
1586.83302604,  163736.0,  155793.0,  990.433882003,  615.643997635,  1818.18
1586.85346058,  163733.0,  155793.0,  990.434020575,  615.644055159,  1818.91
1586.87389492,  163697.0,  155756.0,  990.433918899,  615.643774219,  1820.46
1586.89432946,  163745.0,  155802.0,  990.434097275,  615.644006779,  1820.52
1586.91476389,  163717.0,  155779.0,  990.434134262,  615.643902494,  1819.59
1586.93519823,  163693.0,  155754.0,  990.434126008,  615.643973555,  1820.5
1586.95563277,  163730.0,  155790.0,  990.434302858,  615.644328675,  1820.49
1586.97606721,  163719.0,  155782.0,  990.434118885,  615.644075924,  1819.3
1586.99650165,  163709.0,  155771.0,  990.434441225,  615.64406683,  1819.49
1587.01693609,  163705.0,  155772.0,  990.434380952,  615.644149038,  1819.18
1587.03737052,  163704.0,  155771.0,  990.434467882,  615.644107607,  1819.9
1587.05780506,  163712.0,  155778.0,  990.434293474,  615.64371397,  1817.08
1587.0782395,  163698.0,  155770.0,  990.43440968,  615.644039508,  1817.85
1587.09867384,  163713.0,  155783.0,  990.43426624,  615.643833939,  1819.82
1587.11910838,  163710.0,  155783.0,  990.434320377,  615.643703825,  1819.17
1587.13954282,  163689.0,  155768.0,  990.434136248,  615.643616945,  1817.93
1587.15997716,  163700.0,  155775.0,  990.434299765,  615.64345045,  1817.15
1587.1804117,  163704.0,  155784.0,  990.434294142,  615.643652275,  1816.97
1587.20084614,  163696.0,  155780.0,  990.434140076,  615.643477945,  1818.3
1587.22128057,  163683.0,  155769.0,  990.434088099,  615.643493017,  1818.46
1587.24171501,  163676.0,  155764.0,  990.434010098,  615.643093359,  1818.23
1587.26214935,  163688.0,  155777.0,  990.433963442,  615.643252324,  1818.15
1587.28258389,  163665.0,  155759.0,  990.433568886,  615.643262093,  1817.88
1587.30301833,  163676.0,  155773.0,  990.433861668,  615.643363656,  1818.93
1587.32345267,  163694.0,  155792.0,  990.433981091,  615.643839449,  1816.33
1587.34388721,  163678.0,  155779.0,  990.43376231,  615.642882347,  1819.6
1587.36432165,  163679.0,  155786.0,  990.433634957,  615.643089705,  1817.03
1587.38475619,  163662.0,  155768.0,  990.433463597,  615.643142209,  1816.66
1587.40519053,  163680.0,  155791.0,  990.433731821,  615.643272106,  1817.6
1587.42562497,  163689.0,  155799.0,  990.433306981,  615.643144781,  1816.31
1587.44605951,  163708.0,  155822.0,  990.433400397,  615.64332515,  1815.86
1587.46649385,  163668.0,  155789.0,  990.433300437,  615.642925626,  1817.7
1587.50736283,  163691.0,  155814.0,  990.433377415,  615.643294795,  1814.97
1587.52779717,  163665.0,  155793.0,  990.433305005,  615.643167486,  1818.49
1587.54823171,  163670.0,  155799.0,  990.432983606,  615.643244409,  1816.03
1587.56866615,  163687.0,  155818.0,  990.43295526,  615.643112765,  1814.76
1587.58910059,  163690.0,  155823.0,  990.43298904,  615.643178699,  1816.67
1587.60953503,  163685.0,  155820.0,  990.432829378,  615.643283923,  1814.9
1587.62996947,  163675.0,  155816.0,  990.432831029,  615.643133348,  1817.2
1587.65040391,  163682.0,  155826.0,  990.432832384,  615.64343205,  1816.47
1587.67083835,  163662.0,  155807.0,  990.432757875,  615.64318798,  1815.74
1587.69127279,  163665.0,  155816.0,  990.432830868,  615.643540925,  1814.14
1587.71170733,  163678.0,  155829.0,  990.432606018,  615.643316904,  1814.89
1587.73214167,  163675.0,  155828.0,  990.4325542,  615.643305364,  1815.15
1587.75257611,  163674.0,  155834.0,  990.432803059,  615.643880592,  1815.01
1587.77301065,  163669.0,  155828.0,  990.432434337,  615.643337346,  1816.56
1587.79344509,  163687.0,  155849.0,  990.432678897,  615.643390279,  1814.93
1587.81387943,  163686.0,  155850.0,  990.432532411,  615.643728039,  1816.97
1587.83431397,  163663.0,  155831.0,  990.432422914,  615.643756443,  1814.32
1587.85474831,  163683.0,  155855.0,  990.432762382,  615.643911246,  1817.13
1587.87518285,  163657.0,  155830.0,  990.432336814,  615.643658398,  1816.34
1587.89561729,  163691.0,  155866.0,  990.432282896,  615.643683231,  1815.25
1587.91605163,  163657.0,  155839.0,  990.432468014,  615.644057755,  1814.8
1587.93648617,  163682.0,  155862.0,  990.432453874,  615.644066215,  1814.83
1587.95692061,  163647.0,  155833.0,  990.432448994,  615.644382215,  1817.64
1587.97735495,  163627.0,  155817.0,  990.43233251,  615.643976642,  1815.6
1587.99778949,  163671.0,  155860.0,  990.432195667,  615.644390582,  1815.92
1588.01822393,  163651.0,  155846.0,  990.43224785,  615.643951575,  1815.08
1588.03865827,  163657.0,  155852.0,  990.43221312,  615.644529814,  1814.95
1588.05909281,  163650.0,  155848.0,  990.432204773,  615.644276368,  1814.81
1588.07952726,  163671.0,  155872.0,  990.432265342,  615.64454603,  1815.53
1588.0999618,  163658.0,  155861.0,  990.432073366,  615.644338032,  1813.71
1588.12039614,  163651.0,  155857.0,  990.43206554,  615.644492218,  1813.89
1588.14083058,  163645.0,  155855.0,  990.432045845,  615.644360346,  1812.39
1588.16126512,  163647.0,  155856.0,  990.431985416,  615.644642367,  1813.84
1588.18169946,  163654.0,  155867.0,  990.432153986,  615.644779212,  1814.55
1588.2021339,  163663.0,  155880.0,  990.432074317,  615.644846041,  1813.76
1588.22256844,  163656.0,  155873.0,  990.431956779,  615.644440082,  1812.52
1588.24300278,  163662.0,  155882.0,  990.432014584,  615.644872947,  1810.86
1588.26343733,  163653.0,  155875.0,  990.431903132,  615.644576805,  1813.36
1588.28387177,  163663.0,  155888.0,  990.432027442,  615.644667289,  1811.5
1588.30430621,  163658.0,  155885.0,  990.432061045,  615.644764583,  1810.37
1588.32474065,  163646.0,  155874.0,  990.431899008,  615.644875141,  1811.87
1588.34517509,  163657.0,  155888.0,  990.432020749,  615.644737612,  1809.8
1588.36560953,  163650.0,  155885.0,  990.432065298,  615.645021042,  1809.73
1588.38604397,  163659.0,  155894.0,  990.431903723,  615.644930819,  1809.38
1588.40647842,  163659.0,  155895.0,  990.432063794,  615.644864027,  1810.99
1588.42691286,  163671.0,  155909.0,  990.432116744,  615.644994905,  1811.18
1588.4473474,  163669.0,  155908.0,  990.431773666,  615.644951615,  1808.76
1588.46778174,  163654.0,  155899.0,  990.431838545,  615.645086322,  1810.21
1588.48821628,  163651.0,  155897.0,  990.431735787,  615.644885199,  1809.92
1588.50865063,  163647.0,  155893.0,  990.431651229,  615.644943017,  1807.53
1588.52908507,  163657.0,  155908.0,  990.431839276,  615.645024178,  1808.05
1588.54951961,  163633.0,  155883.0,  990.431612012,  615.645103312,  1807.77
1588.56995395,  163666.0,  155918.0,  990.431609897,  615.645153606,  1807.88
1588.59038839,  163662.0,  155917.0,  990.431617898,  615.645064732,  1808.1
1588.61082293,  163638.0,  155893.0,  990.431609186,  615.645159661,  1808.09
1588.63125728,  163663.0,  155921.0,  990.431770071,  615.645026337,  1807.12
1588.65169182,  163646.0,  155904.0,  990.431480096,  615.644978081,  1808.22
1588.67212626,  163652.0,  155911.0,  990.431410657,  615.645134942,  1805.6
1588.6925606,  163615.0,  155880.0,  990.431662373,  615.645299068,  1808.36
1588.71299515,  163601.0,  155867.0,  990.431478849,  615.645159475,  1807.64
1588.73342959,  163627.0,  155895.0,  990.431478814,  615.645250521,  1807.19
1588.75386393,  163656.0,  155923.0,  990.431354835,  615.645353305,  1805.26
1588.77429847,  163659.0,  155925.0,  990.431287033,  615.645081195,  1806.11
1588.79473291,  163678.0,  155948.0,  990.431459056,  615.64544678,  1806.97
1588.81516736,  163665.0,  155934.0,  990.431372084,  615.644872488,  1805.3
1588.8356018,  163663.0,  155934.0,  990.431277426,  615.645547301,  1805.44
1588.85603624,  163662.0,  155938.0,  990.431327483,  615.645208464,  1806.41
1588.87647078,  163664.0,  155936.0,  990.431356673,  615.645343398,  1807.05
1588.89690513,  163651.0,  155929.0,  990.431361005,  615.645339083,  1803.53
1588.91733957,  163636.0,  155919.0,  990.431213683,  615.645184783,  1805.93
1588.93777411,  163626.0,  155906.0,  990.431160878,  615.645289001,  1804.26
1588.95820856,  163638.0,  155920.0,  990.431146335,  615.645314142,  1805.13
1588.9786429,  163664.0,  155946.0,  990.431192976,  615.645251158,  1804.26
1588.99907744,  163648.0,  155931.0,  990.431245634,  615.645277901,  1804.31
1589.01951188,  163657.0,  155942.0,  990.431116063,  615.645222425,  1803.66
1589.03994623,  163678.0,  155961.0,  990.430996541,  615.64534622,  1802.97
1589.06038077,  163651.0,  155940.0,  990.43119221,  615.645432069,  1801.83
1589.08081521,  163639.0,  155931.0,  990.430938753,  615.645305521,  1805.46
1589.10124976,  163649.0,  155941.0,  990.430861982,  615.645430818,  1804.34
1589.1216841,  163678.0,  155968.0,  990.430988848,  615.645384884,  1803.35
1589.14211854,  163629.0,  155926.0,  990.431058597,  615.645179037,  1804.14
1589.16255298,  163656.0,  155948.0,  990.430869929,  615.645197969,  1801.29
1589.18298743,  163628.0,  155926.0,  990.431218,  615.645279249,  1803.16
1589.20342177,  163638.0,  155936.0,  990.430818869,  615.645349025,  1802.69
1589.22385631,  163640.0,  155936.0,  990.431006754,  615.645142276,  1801.59
1589.24429076,  163643.0,  155945.0,  990.430937725,  615.645488687,  1802.18
1589.2647253,  163624.0,  155926.0,  990.43061602,  615.645252177,  1801.53
1589.28515964,  163619.0,  155921.0,  990.430914874,  615.645356506,  1800.71
1589.30559409,  163641.0,  155943.0,  990.430993938,  615.645367335,  1803.01
1589.32602863,  163637.0,  155940.0,  990.43081007,  615.645380318,  1800.79
1589.34646297,  163627.0,  155932.0,  990.431030264,  615.645228075,  1803.48
1589.36689742,  163654.0,  155957.0,  990.430684537,  615.645344142,  1799.98
1589.38733196,  163633.0,  155938.0,  990.430962413,  615.645334575,  1801.87
1589.4077663,  163631.0,  155938.0,  990.430676658,  615.645334034,  1800.67
1589.42820075,  163660.0,  155965.0,  990.430768203,  615.645244334,  1801.41
1589.44863529,  163621.0,  155930.0,  990.430762294,  615.645263462,  1800.3
1589.46906974,  163646.0,  155957.0,  990.431028124,  615.645316513,  1801.14
1589.48950418,  163631.0,  155940.0,  990.430618991,  615.645206361,  1800.19
1589.50993862,  163629.0,  155939.0,  990.43066712,  615.645598297,  1799.3
1589.53037307,  163636.0,  155949.0,  990.430829826,  615.645401975,  1798.07
1589.55080751,  163625.0,  155935.0,  990.430671901,  615.645256746,  1798.63
1589.57124195,  163629.0,  155940.0,  990.430791806,  615.645514655,  1798.53
1589.5916764,  163610.0,  155923.0,  990.43062772,  615.645136625,  1802.55
1589.61211094,  163659.0,  155972.0,  990.430730808,  615.645475094,  1800.69
1589.63254529,  163642.0,  155960.0,  990.430962786,  615.645428307,  1799.74
1589.65297973,  163648.0,  155962.0,  990.430418618,  615.645224889,  1798.7
1589.67341427,  163651.0,  155969.0,  990.431032635,  615.645516086,  1797.6
1589.69384862,  163623.0,  155945.0,  990.430664615,  615.645193971,  1800.49
1589.71428316,  163642.0,  155958.0,  990.430316618,  615.645303768,  1798.32
1589.73471761,  163638.0,  155954.0,  990.430721987,  615.6453311,  1801.25
1589.75515195,  163627.0,  155948.0,  990.430432661,  615.645761657,  1798.54
1589.77558649,  163631.0,  155947.0,  990.430453144,  615.645086777,  1799.87
1589.79602094,  163647.0,  155967.0,  990.430765102,  615.645180784,  1798.75
1589.81645528,  163621.0,  155942.0,  990.430453088,  615.645335594,  1799.11
1589.85732417,  163633.0,  155955.0,  990.430687963,  615.645512302,  1797.42
1589.87775872,  163631.0,  155950.0,  990.430446073,  615.645199784,  1797.94
1589.89819316,  163648.0,  155969.0,  990.430513697,  615.645279376,  1797.78
1589.9186275,  163625.0,  155947.0,  990.430678754,  615.645315759,  1797.37
1589.93906205,  163654.0,  155974.0,  990.430393161,  615.645165681,  1799.06
1589.95949649,  163648.0,  155970.0,  990.430544616,  615.645339156,  1796.3
1589.97993084,  163627.0,  155950.0,  990.430476796,  615.645203595,  1797.52
1590.00036538,  163629.0,  155947.0,  990.430468068,  615.645158604,  1797.74
1590.02079983,  163651.0,  155974.0,  990.430567587,  615.645241534,  1798.41
1590.04123427,  163649.0,  155969.0,  990.430413309,  615.645273418,  1797.75
1590.06166872,  163652.0,  155973.0,  990.430382613,  615.645014642,  1798.45
1590.08210316,  163648.0,  155971.0,  990.430627662,  615.645643747,  1798.25
1590.10253771,  163659.0,  155979.0,  990.430386912,  615.645071165,  1796.5
1590.12297205,  163623.0,  155948.0,  990.430470095,  615.645183936,  1797.16
1590.14340649,  163680.0,  156002.0,  990.430448344,  615.64527216,  1795.94
1590.16384104,  163644.0,  155967.0,  990.430439211,  615.645033052,  1796.22
1590.18427548,  163643.0,  155967.0,  990.430285121,  615.644815361,  1796.21
1590.20470983,  163650.0,  155973.0,  990.430404092,  615.645376542,  1795.78
1590.22514437,  163656.0,  155978.0,  990.430338955,  615.645052355,  1794.81
1590.24557882,  163636.0,  155964.0,  990.430446929,  615.64518591,  1796.64
1590.26601316,  163642.0,  155965.0,  990.430320915,  615.645114688,  1796.59
1590.28644771,  163628.0,  155953.0,  990.430533046,  615.645340611,  1796.66
1590.30688215,  163646.0,  155973.0,  990.430566314,  615.64541209,  1796.38
1590.3273167,  163641.0,  155967.0,  990.430511035,  615.645035138,  1797.27
1590.34775104,  163623.0,  155952.0,  990.430391263,  615.645329988,  1795.06
1590.36818549,  163643.0,  155971.0,  990.430416487,  615.64525197,  1795.69
1590.38862004,  163622.0,  155949.0,  990.430233131,  615.644901342,  1794.34
1590.40905438,  163637.0,  155967.0,  990.430182356,  615.645306108,  1794.63
1590.42948883,  163607.0,  155935.0,  990.430405081,  615.645396486,  1796.06
1590.44992327,  163624.0,  155953.0,  990.430374878,  615.645244977,  1795.75
1590.47035772,  163631.0,  155961.0,  990.430269016,  615.645247941,  1797.74
1590.49079226,  163615.0,  155945.0,  990.430249464,  615.645123078,  1795.54
1590.51122661,  163627.0,  155958.0,  990.430280049,  615.645336025,  1792.89
1590.53166105,  163647.0,  155979.0,  990.430243725,  615.645197669,  1796.77
1590.5520956,  163650.0,  155979.0,  990.430301241,  615.645190783,  1794.9
1590.57252994,  163627.0,  155961.0,  990.430274889,  615.645051083,  1795.07
1590.59296439,  163644.0,  155975.0,  990.430373867,  615.645272317,  1794.92
1590.61339893,  163639.0,  155971.0,  990.430105086,  615.645159965,  1793.91
1590.63383328,  163622.0,  155957.0,  990.430315084,  615.644882777,  1797.52
1590.65426773,  163652.0,  155983.0,  990.43008038,  615.64517957,  1794.55
1590.67470227,  163625.0,  155959.0,  990.430348709,  615.645359578,  1794.77
1590.69513672,  163627.0,  155962.0,  990.430023845,  615.644776511,  1793.21
1590.71557116,  163645.0,  155979.0,  990.430147311,  615.645193064,  1793.74
1590.73600561,  163629.0,  155966.0,  990.430353705,  615.645191954,  1794.78
1590.75644005,  163630.0,  155964.0,  990.430132593,  615.64515732,  1795.7
1590.7768745,  163648.0,  155982.0,  990.430085203,  615.645555412,  1793.72
1590.79730895,  163639.0,  155975.0,  990.430223296,  615.645537338,  1793.65
1590.81774339,  163656.0,  155991.0,  990.43013982,  615.645302192,  1792.97
1590.83817794,  163622.0,  155958.0,  990.430032134,  615.645254852,  1794.77
1590.85861228,  163642.0,  155978.0,  990.430243568,  615.645354364,  1792.59
1590.87904673,  163645.0,  155979.0,  990.430053545,  615.645135472,  1792.86
1590.89948127,  163653.0,  155991.0,  990.430123837,  615.645220946,  1792.18
1590.91991562,  163645.0,  155983.0,  990.43032097,  615.645481104,  1793.35
1590.94035017,  163631.0,  155969.0,  990.429995898,  615.645286563,  1792.92
1590.96078461,  163631.0,  155969.0,  990.430184675,  615.645303166,  1793.08
1590.98121896,  163597.0,  155918.0,  990.429424069,  615.643386927,  1792.06
1591.0016535,  163656.0,  155982.0,  990.42984247,  615.644875319,  1792.89
