Kepler I.D.-----Channel

[5218385]--------[75]

-TTYPE1--------TTYPE8------------TTYPE4-----------TTYPE15------------TTYPE17-----------TTYPE6

['TIME']---['PDCSAP_FLUX']---['SAP_FLUX']---['MOM_CENTR1']---['MOM_CENTR2']---['SAP_BKG']

['BJD - 2454833']--['e-/s']--------['e-/s']---------['pixel']---------['pixel']----------['e-/s']

CROWDSAP --- 0.9557

5218385

1559.24577811,  18285.4,  14834.2,  709.420451997,  220.730518717,  1806.98
1559.26621234,  18256.1,  14811.2,  709.419075146,  220.727734647,  1807.74
1559.28664666,  18740.6,  15185.9,  709.428859416,  220.724765292,  1805.11
1559.30708079,  19006.5,  15391.0,  709.432436183,  220.722682097,  1806.45
1559.32751502,  19100.0,  15463.1,  709.434752338,  220.721843577,  1806.43
1559.34794935,  18986.1,  15375.0,  709.432437199,  220.723252331,  1806.95
1559.36838348,  18698.2,  15152.3,  709.426777155,  220.725223845,  1807.73
1559.3888178,  18261.4,  14814.6,  709.420076891,  220.730368917,  1805.34
1559.40925203,  18259.2,  14812.3,  709.419789065,  220.730833313,  1806.27
1559.42968626,  18680.9,  15137.9,  709.427276683,  220.727037734,  1806.42
1559.45012049,  18964.8,  15357.5,  709.43191991,  220.723692149,  1806.44
1559.47055472,  19057.3,  15428.8,  709.434361178,  220.722218711,  1805.74
1559.49098895,  18951.3,  15346.2,  709.433004629,  220.723489508,  1805.68
1559.51142318,  18649.2,  15112.7,  709.42708513,  220.727251249,  1804.87
1559.53185741,  18219.6,  14780.1,  709.420438955,  220.731809147,  1806.27
1559.55229164,  18338.4,  14872.5,  709.422051747,  220.730885613,  1804.86
1559.57272587,  18827.8,  15250.1,  709.43124288,  220.725431281,  1804.94
1559.59316011,  19036.0,  15410.6,  709.434328841,  220.723623343,  1805.31
1559.61359434,  19083.6,  15447.8,  709.434445178,  220.723201125,  1803.73
1559.63402857,  18937.6,  15334.5,  709.432265519,  220.725359929,  1805.26
1559.6544628,  18606.5,  15078.8,  709.42604068,  220.72899938,  1803.71
1559.67489713,  18206.6,  14769.3,  709.419017342,  220.733288989,  1802.85
1559.69533127,  18347.5,  14877.4,  709.423007035,  220.731780639,  1805.14
1559.7157655,  18762.9,  15198.8,  709.429466714,  220.727051691,  1803.01
1559.73619983,  18994.1,  15377.4,  709.43333234,  220.725430426,  1803.51
1559.75663397,  19031.9,  15406.5,  709.434574357,  220.724770951,  1803.56
1559.7770683,  18894.4,  15300.2,  709.432435787,  220.725419123,  1801.26
1559.79750253,  18537.0,  15023.3,  709.425829744,  220.729789896,  1801.27
1559.81793667,  18202.6,  14764.8,  709.420235242,  220.732758977,  1801.21
1559.838371,  18451.0,  14956.7,  709.425468644,  220.730584205,  1800.33
1559.85880524,  18894.2,  15299.5,  709.432523151,  220.726211171,  1800.35
1559.87923937,  19057.9,  15425.4,  709.43599302,  220.725042671,  1801.79
1559.89967371,  19081.0,  15443.4,  709.436065867,  220.724655422,  1800.3
1559.92010795,  18872.5,  15282.0,  709.432581688,  220.725891836,  1800.26
1559.94054228,  18500.0,  14994.2,  709.426305765,  220.729691713,  1799.77
1559.96097642,  18167.1,  14736.7,  709.41982139,  220.733894667,  1799.61
1559.98141065,  18441.7,  14948.9,  709.425610062,  220.731270254,  1799.61
1560.00184499,  18822.0,  15242.3,  709.432116613,  220.728070511,  1800.19
1560.02227913,  19015.8,  15392.6,  709.435480849,  220.725202613,  1798.44
1560.04271337,  19026.4,  15400.4,  709.435443074,  220.724652883,  1800.33
1560.0631477,  18854.9,  15268.1,  709.432240155,  220.727751639,  1799.26
1560.08358184,  18425.8,  14936.1,  709.42591738,  220.730872571,  1798.11
1560.10401618,  18196.5,  14758.5,  709.422023529,  220.73428542,  1798.13
1560.12445042,  18566.9,  15044.8,  709.429049918,  220.730437586,  1799.8
1560.14488456,  18952.2,  15342.4,  709.434379955,  220.72655986,  1800.05
1560.1653189,  19086.9,  15447.1,  709.43602036,  220.724827173,  1798.92
1560.18575314,  19033.4,  15405.8,  709.436579491,  220.725890829,  1798.5
1560.20618728,  18807.5,  15230.7,  709.431877119,  220.72823449,  1799.18
1560.22662162,  18397.2,  14913.2,  709.425292649,  220.73235407,  1798.3
1560.24705586,  18180.6,  14745.9,  709.421318757,  220.733816364,  1798.61
1560.26749,  18546.4,  15028.7,  709.42807445,  220.731120282,  1797.81
1560.28792434,  18887.6,  15292.5,  709.434253153,  220.727915785,  1798.04
1560.30835858,  19033.5,  15405.2,  709.436123257,  220.725062159,  1797.78
1560.32879282,  18990.8,  15372.6,  709.434973094,  220.726565866,  1796.49
1560.34922706,  18800.9,  15225.1,  709.43192626,  220.72813572,  1796.86
1560.3696613,  18330.1,  14861.6,  709.42441748,  220.733706772,  1797.56
1560.39009565,  18237.7,  14789.9,  709.422074449,  220.734874034,  1797.18
1560.41052979,  18685.7,  15136.2,  709.43010828,  220.728775242,  1797.18
1560.43096403,  18979.1,  15363.5,  709.435507778,  220.726618889,  1795.32
1560.45139837,  19082.9,  15443.4,  709.43621093,  220.725202756,  1796.9
1560.47183252,  19001.2,  15380.5,  709.435084665,  220.725952717,  1796.33
1560.49226686,  18727.2,  15168.4,  709.430739392,  220.728645169,  1795.61
1560.5127011,  18287.8,  14828.7,  709.424045485,  220.73439527,  1797.55
1560.53313525,  18221.0,  14777.0,  709.422293037,  220.735064385,  1796.4
1560.55356959,  18630.4,  15093.6,  709.4293089,  220.731410387,  1796.34
1560.57400384,  18934.3,  15328.2,  709.434909266,  220.727313109,  1796.23
1560.59443798,  19047.5,  15415.7,  709.436602111,  220.726650384,  1796.12
1560.61487233,  18963.0,  15350.3,  709.434818046,  220.727171026,  1795.21
1560.63530657,  18712.1,  15156.6,  709.430463552,  220.730262469,  1794.78
1560.65574082,  18251.5,  14800.5,  709.423260802,  220.735060291,  1794.87
1560.67617506,  18298.2,  14836.7,  709.424036324,  220.735146606,  1794.58
1560.69660931,  18782.1,  15210.8,  709.432048019,  220.729888723,  1792.91
1560.7374778,  19081.1,  15442.3,  709.437210578,  220.726249441,  1793.03
1560.75791205,  18958.0,  15346.7,  709.435208596,  220.727342874,  1794.5
1560.7783464,  18654.9,  15111.8,  709.429975565,  220.73152541,  1794.44
1560.79878055,  18232.9,  14785.9,  709.422120691,  220.735135817,  1793.2
1560.81921479,  18299.3,  14837.2,  709.424040018,  220.734855357,  1797.45
1560.83964914,  18719.4,  15162.7,  709.430617302,  220.730506775,  1818.17
1560.96225464,  18363.8,  14888.2,  709.425103399,  220.733858466,  1847.16
1560.98268879,  18865.3,  15276.6,  709.431639724,  220.728186193,  1843.12
1561.00312314,  19046.1,  15417.7,  709.435610066,  220.72633418,  1839.79
1561.02355739,  19050.0,  15419.0,  709.437520841,  220.726887786,  1837.39
1561.04399174,  18921.0,  15320.4,  709.433138419,  220.728901417,  1830.85
1561.06442589,  18560.1,  15041.2,  709.429197547,  220.731015365,  1827.67
1561.08486014,  18185.6,  14751.9,  709.420799945,  220.736905465,  1825.95
1561.10529449,  18408.3,  14924.2,  709.426304754,  220.734976762,  1825.25
1561.12572864,  18818.8,  15241.9,  709.433571286,  220.73077396,  1822.95
1561.1461629,  19016.8,  15394.3,  709.430601754,  220.726845402,  1820.17
1561.16659725,  19025.6,  15400.4,  709.433185523,  220.727792261,  1817.86
1561.1870314,  18873.4,  15283.3,  709.434394167,  220.728714146,  1816.19
1561.20746566,  18490.0,  14986.9,  709.427317324,  220.73404551,  1813.44
1561.22790001,  18223.7,  14780.9,  709.424577364,  220.734811455,  1811.14
1561.24833416,  18522.1,  15011.3,  709.428687105,  220.73324981,  1809.86
1561.26876852,  18906.3,  15307.8,  709.434650422,  220.728811458,  1810.17
1561.28920277,  19063.6,  15429.3,  709.438352327,  220.728429885,  1806.63
1561.30963702,  19073.1,  15437.0,  709.435634016,  220.727740159,  1805.35
1561.33007128,  18849.4,  15264.1,  709.434101625,  220.730081119,  1805.12
1561.35050553,  18446.3,  14951.8,  709.42614186,  220.733898174,  1803.95
1561.37093979,  18185.5,  14749.8,  709.421732111,  220.737151003,  1802.83
1561.39137404,  18500.4,  14993.2,  709.428011881,  220.734167569,  1801.97
1561.4118083,  18847.5,  15261.7,  709.433470222,  220.729294599,  1802.66
1561.43224266,  19044.4,  15413.8,  709.437472629,  220.72722802,  1800.87
1561.45267681,  19041.8,  15411.9,  709.435714928,  220.730846441,  1798.22
1561.47311107,  18835.0,  15251.6,  709.433287449,  220.730322431,  1799.0
1561.49354533,  18391.0,  14908.4,  709.426771731,  220.735794028,  1797.4
1561.51397958,  18244.7,  14795.0,  709.42373977,  220.736123016,  1796.73
1561.53441384,  18629.6,  15093.0,  709.430547608,  220.733034274,  1794.31
1561.5548482,  18994.5,  15375.7,  709.436754333,  220.729914078,  1795.09
1561.57528236,  19079.4,  15439.6,  709.437879653,  220.728374463,  1796.55
1561.59571661,  19040.5,  15410.4,  709.436592599,  220.728817277,  1793.8
1561.61615097,  18785.4,  15213.2,  709.431247734,  220.730535377,  1793.88
1561.63658513,  18364.5,  14887.4,  709.424708311,  220.734824737,  1792.72
1561.65701949,  18207.6,  14765.8,  709.423435129,  220.738424316,  1792.27
1561.67745375,  18589.1,  15060.6,  709.430621771,  220.732752738,  1793.37
1561.69788791,  18913.2,  15311.4,  709.435605624,  220.729633652,  1792.8
1561.71832227,  19054.8,  15420.6,  709.437103781,  220.728409183,  1791.58
1561.73875653,  18978.0,  15361.4,  709.435836646,  220.729906702,  1792.5
1561.75919069,  18761.1,  15194.0,  709.432632048,  220.731792578,  1789.33
1561.77962505,  18303.8,  14839.9,  709.424764026,  220.737838664,  1789.58
1561.80005931,  18281.7,  14822.6,  709.423980907,  220.736712545,  1790.3
1561.82049367,  18751.7,  15186.8,  709.432278129,  220.731916732,  1787.46
1561.84092783,  19002.0,  15379.5,  709.436265684,  220.730207778,  1790.16
1561.8613621,  19082.2,  15441.8,  709.438281907,  220.728463385,  1787.63
1561.88179646,  18982.6,  15364.5,  709.436140753,  220.729220308,  1787.52
1561.90223062,  18702.9,  15147.7,  709.431329264,  220.732712979,  1789.49
1561.92266488,  18275.7,  14818.0,  709.423862235,  220.737191579,  1785.95
1561.94309924,  18260.5,  14805.4,  709.423752585,  220.737829467,  1786.2
1561.96353341,  18688.4,  15136.6,  709.432201691,  220.73358271,  1786.82
1561.98396767,  18959.0,  15345.9,  709.436106588,  220.73071917,  1786.76
1562.00440203,  19061.9,  15425.3,  709.438116325,  220.728801546,  1784.41
1562.0248363,  18943.3,  15333.9,  709.436489173,  220.73048065,  1785.33
1562.04527056,  18653.5,  15110.0,  709.431308421,  220.733868646,  1784.08
1562.06570483,  18231.8,  14783.8,  709.423318319,  220.738146358,  1786.17
1562.08613899,  18347.7,  14873.0,  709.425349137,  220.736890449,  1785.2
1562.10657336,  18818.4,  15237.2,  709.434068245,  220.732494416,  1784.25
1562.12700762,  19033.9,  15403.8,  709.437455903,  220.730611549,  1783.69
1562.14744179,  19083.3,  15442.3,  709.437823641,  220.729853931,  1781.8
1562.16787615,  18934.6,  15326.8,  709.436697548,  220.731421416,  1782.43
1562.18831042,  18609.5,  15075.7,  709.430800445,  220.734656605,  1781.81
1562.20874478,  18196.4,  14756.5,  709.422257574,  220.738190129,  1781.41
1562.22917895,  18355.3,  14879.0,  709.425460406,  220.736850218,  1780.74
1562.24961322,  18765.5,  15195.8,  709.43351233,  220.73323907,  1781.77
1562.27004758,  18983.3,  15364.4,  709.437755265,  220.731286738,  1782.05
1562.29048175,  19040.5,  15408.1,  709.438073015,  220.73179924,  1781.42
1562.31091602,  18916.8,  15312.8,  709.435123769,  220.732055262,  1781.66
1562.33135039,  18547.6,  15026.8,  709.429695975,  220.734540505,  1782.3
1562.35178456,  18207.7,  14764.1,  709.424359844,  220.739325637,  1781.08
1562.37221892,  18448.4,  14950.3,  709.42785716,  220.736164942,  1781.71
1562.39265319,  18897.3,  15297.7,  709.435871681,  220.732539483,  1780.88
1562.41308736,  19060.0,  15423.4,  709.438074013,  220.730382372,  1780.67
1562.43352173,  19061.9,  15425.2,  709.438870697,  220.729803175,  1779.65
1562.453956,  18888.6,  15291.0,  709.435198965,  220.732395699,  1779.07
1562.47439017,  18509.2,  14997.6,  709.428898648,  220.735752714,  1779.09
1562.49482454,  18180.3,  14743.2,  709.423242725,  220.738558547,  1779.1
1562.51525881,  18446.3,  14948.6,  709.42869309,  220.736855094,  1778.77
1562.53569308,  18815.7,  15234.5,  709.434368671,  220.732359446,  1778.43
1562.55612735,  19011.4,  15385.9,  709.438437076,  220.73152963,  1778.76
1562.57656162,  19030.4,  15400.3,  709.438216995,  220.730739823,  1780.53
1562.59699599,  18872.2,  15278.4,  709.43494659,  220.732537464,  1777.28
1562.61743016,  18445.4,  14948.1,  709.426962957,  220.736545962,  1779.21
1562.63786444,  18204.0,  14761.0,  709.424086416,  220.739770344,  1777.97
1562.65829881,  18581.4,  15053.6,  709.430652561,  220.735755135,  1776.69
1562.67873308,  18945.1,  15334.6,  709.436671564,  220.732202699,  1777.86
1562.69916725,  19080.2,  15438.7,  709.439142933,  220.730063747,  1777.98
1562.71960163,  19048.9,  15414.7,  709.437647751,  220.731493453,  1778.56
1562.7400358,  18827.7,  15243.8,  709.434640787,  220.733068733,  1777.24
1562.76047017,  18411.4,  14922.0,  709.428396816,  220.738060885,  1777.71
1562.78090445,  18185.0,  14746.5,  709.423990144,  220.740126265,  1777.32
1562.80133862,  18539.0,  15020.3,  709.430382559,  220.736516285,  1777.42
1562.82177299,  18876.5,  15281.6,  709.437125127,  220.733233218,  1776.04
1562.84220727,  19037.6,  15405.9,  709.439002878,  220.731024381,  1777.66
1562.86264144,  18997.0,  15374.2,  709.437757743,  220.731758412,  1777.44
1562.88307582,  18789.4,  15214.2,  709.435033235,  220.734019335,  1776.84
1562.90351009,  18347.2,  14872.0,  709.425627281,  220.738504847,  1775.64
1562.92394427,  18244.4,  14792.7,  709.425308127,  220.739940268,  1778.33
1562.94437864,  18692.8,  15139.5,  709.433324439,  220.734642904,  1776.77
1562.96481292,  19002.7,  15378.7,  709.437643569,  220.732077955,  1773.89
1562.9852473,  19086.0,  15443.3,  709.43972934,  220.731620669,  1776.86
1563.00568147,  19009.4,  15384.0,  709.438570737,  220.731216077,  1776.42
1563.02611575,  18750.9,  15183.7,  709.433133609,  220.734711615,  1776.98
1563.04655013,  18329.9,  14858.3,  709.427086618,  220.738617899,  1775.3
1563.0669843,  18224.0,  14776.2,  709.426247547,  220.740185649,  1776.22
1563.08741858,  18630.6,  15090.6,  709.432492135,  220.735772032,  1779.1
1563.10785296,  18926.5,  15319.6,  709.437278559,  220.733674683,  1781.07
1563.12828714,  19050.9,  15415.9,  709.438680064,  220.731178654,  1780.65
1563.14872152,  18978.6,  15359.8,  709.438108957,  220.732448661,  1782.53
1563.16915579,  18731.3,  15168.4,  709.434052769,  220.734807261,  1784.08
1563.18959007,  18257.2,  14801.9,  709.427706965,  220.739603277,  1782.53
1563.21002435,  18317.6,  14849.0,  709.427060082,  220.739411418,  1782.2
1563.23045863,  18786.5,  15211.1,  709.435575946,  220.734584559,  1781.78
1563.25089291,  19017.5,  15390.1,  709.439597549,  220.732871381,  1780.62
1563.27132719,  19093.9,  15449.3,  709.439918297,  220.731442072,  1782.02
1563.29176147,  18960.4,  15345.2,  709.438023453,  220.73250552,  1783.29
1563.31219575,  18660.4,  15113.4,  709.433313703,  220.736020353,  1783.02
1563.33263013,  18238.5,  14787.5,  709.425648305,  220.740423935,  1782.44
1563.35306431,  18295.1,  14831.2,  709.428110518,  220.739842388,  1779.89
1563.3734986,  18729.1,  15167.8,  709.435244844,  220.735200642,  1780.16
1563.39393288,  18978.7,  15359.5,  709.438349759,  220.733026264,  1781.08
1563.41436716,  19062.0,  15424.2,  709.440532955,  220.731858814,  1779.53
1563.43480154,  18952.0,  15339.2,  709.437552275,  220.733910365,  1779.48
1563.45523572,  18612.4,  15076.5,  709.432006861,  220.736294084,  1776.39
1563.47567001,  18225.5,  14777.5,  709.425534738,  220.740097103,  1776.6
1563.49610439,  18404.1,  14915.6,  709.429168837,  220.738599302,  1776.98
1563.51653857,  18861.3,  15269.4,  709.437622564,  220.734464961,  1777.24
1563.53697295,  19056.5,  15420.1,  709.439908405,  220.732539194,  1776.58
1563.55740724,  19082.9,  15440.9,  709.440613755,  220.732398106,  1775.55
1563.57784142,  18915.0,  15311.0,  709.438640296,  220.734180609,  1776.56
1563.59827581,  18559.4,  15035.5,  709.432670288,  220.737969211,  1776.52
1563.61871009,  18196.2,  14754.7,  709.424547461,  220.740559999,  1776.7
1563.63914427,  18400.2,  14913.0,  709.429305788,  220.73774848,  1773.99
1563.65957866,  18800.0,  15221.9,  709.436266381,  220.734374801,  1775.12
1563.68001294,  19019.2,  15391.4,  709.439272288,  220.732978881,  1775.44
1563.72088152,  18890.6,  15291.8,  709.43737979,  220.733849639,  1773.97
1563.7413158,  18505.1,  14993.6,  709.430817751,  220.738333904,  1774.42
1563.76175019,  18211.9,  14767.0,  709.425273479,  220.74098685,  1773.74
1563.78218437,  18504.4,  14993.0,  709.430921132,  220.738231443,  1774.81
1563.80261866,  18919.7,  15314.2,  709.437577479,  220.733906572,  1774.94
1563.82305305,  19081.7,  15439.2,  709.439761343,  220.732466601,  1777.19
1563.84348734,  19055.0,  15418.3,  709.438676049,  220.732386814,  1776.1
1563.86392152,  18861.7,  15269.3,  709.436901211,  220.735107918,  1774.66
1563.88435591,  18451.5,  14952.4,  709.430022127,  220.738769245,  1774.46
1563.9047902,  18184.5,  14745.5,  709.424945862,  220.742639019,  1772.72
1563.92522449,  18512.2,  14999.3,  709.430676358,  220.738137722,  1775.91
1563.94565878,  18865.1,  15271.8,  709.436049823,  220.734471031,  1775.71
1563.96609306,  19026.8,  15396.6,  709.439650253,  220.733953852,  1774.36
1563.98652735,  19010.6,  15384.7,  709.439604119,  220.73326462,  1774.58
1564.00696164,  18834.7,  15248.5,  709.435642273,  220.735392588,  1774.55
1564.02739593,  18404.6,  14915.5,  709.42851241,  220.740820298,  1774.81
1564.04783022,  18224.9,  14777.1,  709.425256308,  220.741673856,  1774.63
1564.06826451,  18625.5,  15086.8,  709.432547876,  220.737291437,  1775.39
1564.0886989,  18969.8,  15352.4,  709.438864554,  220.734230182,  1774.9
1564.10913309,  19088.7,  15445.1,  709.439841996,  220.732621863,  1772.86
1564.12956738,  19025.5,  15396.0,  709.439689989,  220.734277402,  1773.3
1564.15000177,  18778.2,  15205.2,  709.435769069,  220.73560472,  1772.12
1564.17043597,  18361.4,  14882.5,  709.428247042,  220.740269356,  1772.27
1564.19087026,  18219.4,  14772.5,  709.426054204,  220.741912769,  1770.69
1564.21130465,  18612.7,  15077.1,  709.432167222,  220.738104598,  1770.29
1564.23173884,  18922.7,  15316.7,  709.436466295,  220.734865213,  1770.56
1564.25217313,  19055.6,  15419.1,  709.440063908,  220.733411427,  1768.25
1564.27260753,  18993.6,  15371.6,  709.439760955,  220.734008726,  1769.08
1564.29304172,  18751.7,  15183.9,  709.434969744,  220.736982327,  1769.39
1564.31347611,  18300.2,  14835.5,  709.427425278,  220.740730435,  1767.99
1564.33391041,  18270.6,  14812.8,  709.425817488,  220.741726123,  1768.81
1564.3543446,  18729.0,  15166.7,  709.434306161,  220.73711244,  1768.01
1564.37477899,  19002.9,  15378.9,  709.438812501,  220.734119292,  1766.83
1564.39521329,  19087.9,  15444.6,  709.439776967,  220.732951543,  1767.21
1564.41564758,  18990.2,  15368.5,  709.43830529,  220.735023799,  1767.81
1564.43608188,  18704.3,  15148.4,  709.433810448,  220.737414423,  1766.29
1564.45651617,  18284.7,  14823.0,  709.427292661,  220.742589492,  1767.03
1564.47695057,  18271.0,  14812.1,  709.427638059,  220.74215219,  1766.77
1564.49738486,  18690.0,  15136.4,  709.433569065,  220.737290327,  1765.96
1564.51781906,  18964.4,  15348.4,  709.438795884,  220.734264638,  1765.62
1564.53825345,  19057.5,  15420.3,  709.440618294,  220.73426778,  1764.54
1564.55868775,  18968.8,  15352.1,  709.440236907,  220.734429974,  1764.05
1564.57912195,  18673.7,  15123.9,  709.43408141,  220.738461403,  1761.24
1564.59955634,  18252.7,  14798.2,  709.427210994,  220.742686167,  1762.07
1564.61999064,  18355.6,  14877.8,  709.42770867,  220.740563684,  1760.5
1564.64042484,  18834.1,  15247.7,  709.436928221,  220.736055919,  1760.02
1564.66085924,  19040.4,  15407.3,  709.44044891,  220.734610832,  1758.71
1564.68129343,  19101.3,  15454.1,  709.44111646,  220.734492126,  1760.53
1564.70172783,  18955.5,  15341.2,  709.438902417,  220.73537172,  1760.39
1564.72216213,  18607.2,  15071.8,  709.432248786,  220.738004166,  1758.94
1564.74259633,  18224.3,  14775.7,  709.425184903,  220.742935405,  1757.17
1564.76303073,  18348.5,  14871.7,  709.428784473,  220.741174374,  1758.17
1564.78346503,  18786.6,  15210.6,  709.435051486,  220.737694411,  1758.07
1564.80389922,  19009.5,  15382.6,  709.439898268,  220.735333745,  1757.12
1564.82433362,  19052.2,  15416.1,  709.440714628,  220.734954175,  1758.29
1564.84476792,  18919.1,  15313.2,  709.437946806,  220.736690375,  1757.11
1564.86520232,  18569.3,  15042.4,  709.432932405,  220.739932556,  1757.09
1564.88563652,  18205.3,  14761.1,  709.427147221,  220.743474513,  1757.34
1564.90607083,  18459.1,  14957.4,  709.431487375,  220.741372143,  1755.95
1564.92650523,  18913.5,  15308.2,  709.438822052,  220.7372379,  1757.82
1564.94693943,  19066.7,  15426.5,  709.441210422,  220.734849943,  1757.97
1564.96737373,  19071.1,  15430.2,  709.442268456,  220.735009087,  1755.98
1564.98780813,  18880.4,  15282.9,  709.438128377,  220.736642573,  1754.76
1565.00824233,  18509.5,  14995.4,  709.432502339,  220.74075317,  1756.82
1565.02867663,  18189.9,  14748.8,  709.426726693,  220.743916779,  1754.19
1565.04911104,  18461.9,  14958.9,  709.430950664,  220.740679979,  1755.4
1565.06954534,  18829.3,  15243.0,  709.43755714,  220.737851554,  1754.9
1565.08997964,  19032.1,  15399.7,  709.44061334,  220.735644808,  1755.82
1565.11041394,  19032.4,  15400.0,  709.439995183,  220.735027961,  1755.01
1565.13084825,  18874.5,  15278.3,  709.437819808,  220.736700813,  1755.85
1565.15128255,  18449.3,  14948.7,  709.430862903,  220.742010259,  1756.38
1565.17171686,  18209.9,  14764.3,  709.427394755,  220.744593902,  1754.07
1565.19215116,  18575.1,  15046.1,  709.433077842,  220.740076504,  1756.83
1565.21258556,  18940.9,  15328.6,  709.438822752,  220.737121301,  1755.43
1565.23301977,  19092.1,  15445.7,  709.441260504,  220.735996893,  1755.96
1565.25345417,  19056.4,  15418.2,  709.439880748,  220.735715598,  1756.0
1565.27388848,  18805.5,  15224.0,  709.43709273,  220.738085453,  1757.01
1565.29432268,  18425.3,  14930.4,  709.430961381,  220.742643209,  1754.53
1565.31475709,  18189.9,  14748.0,  709.426921009,  220.744702227,  1756.0
1565.3351913,  18554.6,  15030.5,  709.433506905,  220.740327275,  1755.56
1565.3556256,  18901.2,  15298.0,  709.438578996,  220.737463292,  1755.79
1565.37606001,  19052.0,  15414.3,  709.440243068,  220.735861645,  1754.3
1565.39649421,  19002.4,  15376.3,  709.440080136,  220.73626672,  1753.75
1565.41692852,  18811.6,  15228.5,  709.437501684,  220.738269729,  1753.67
1565.43736293,  18355.4,  14876.6,  709.429323423,  220.743145727,  1753.81
1565.45779714,  18257.7,  14800.9,  709.427884142,  220.744673251,  1754.07
1565.47823154,  18691.0,  15135.3,  709.435506956,  220.740042281,  1755.68
1565.49866585,  18999.2,  15373.7,  709.439996236,  220.736800963,  1752.87
1565.51910006,  19098.4,  15450.6,  709.441948493,  220.73588124,  1754.17
1565.53953447,  19010.3,  15382.2,  709.440690488,  220.735855344,  1754.53
1565.55996878,  18740.2,  15173.6,  709.436334634,  220.739373596,  1754.62
1565.58040309,  18311.8,  14842.4,  709.428883393,  220.7436928,  1751.92
1565.60083739,  18241.7,  14787.9,  709.427691313,  220.744786946,  1753.38
1565.6212717,  18641.0,  15096.8,  709.434474309,  220.740818414,  1753.79
1565.64170611,  18934.2,  15323.1,  709.439494745,  220.736821468,  1753.8
1565.66214032,  19061.8,  15422.2,  709.440991485,  220.736770069,  1751.8
1565.68257463,  18974.7,  15354.2,  709.439567886,  220.73765469,  1753.21
1565.70300904,  18721.6,  15158.8,  709.436086273,  220.740453663,  1752.33
1565.72344336,  18277.2,  14814.9,  709.42870349,  220.743965918,  1751.81
1565.74387757,  18319.7,  14848.2,  709.42962728,  220.743791653,  1752.12
1565.76431198,  18799.8,  15219.1,  709.43780278,  220.739628283,  1751.48
1565.78474629,  19034.9,  15400.9,  709.441295476,  220.736582789,  1751.7
1565.8051806,  19092.1,  15445.0,  709.441827432,  220.736188419,  1752.03
1565.82561491,  18964.1,  15346.2,  709.440180792,  220.737112122,  1751.22
1565.84604922,  18645.6,  15099.6,  709.43494114,  220.741569661,  1750.7
1565.86648364,  18240.1,  14786.4,  709.428305683,  220.745154693,  1750.83
1565.88691785,  18320.1,  14848.2,  709.429129068,  220.745015585,  1748.89
1565.90735216,  18730.2,  15165.2,  709.436670936,  220.740053366,  1750.88
1565.92778658,  18977.6,  15356.6,  709.441592443,  220.738146274,  1749.29
1565.94822079,  19054.2,  15416.3,  709.442224595,  220.737267182,  1748.64
1565.9686551,  18966.2,  15347.8,  709.439837445,  220.737781236,  1746.85
1565.98908942,  18624.4,  15082.9,  709.434983197,  220.741161708,  1748.97
1566.00952373,  18230.8,  14779.2,  709.428283598,  220.74500489,  1748.83
1566.02995814,  18411.7,  14918.8,  709.431202965,  220.743578086,  1748.99
1566.05039236,  18876.7,  15278.7,  709.438723581,  220.738966623,  1747.38
1566.07082667,  19061.2,  15421.3,  709.442567698,  220.737356375,  1747.43
1566.09126109,  19078.5,  15434.5,  709.444062925,  220.737323776,  1747.64
1566.1116953,  18909.5,  15303.8,  709.440224409,  220.738398931,  1747.19
1566.13212962,  18553.5,  15028.7,  709.434219494,  220.742633734,  1747.18
1566.15256404,  18197.2,  14753.4,  709.427966522,  220.74660248,  1745.71
1566.17299825,  18405.8,  14914.3,  709.430904368,  220.745153005,  1745.42
1566.19343267,  18796.9,  15216.5,  709.438407198,  220.739626858,  1745.3
1566.21386699,  19012.5,  15383.2,  709.442243104,  220.738672167,  1745.5
1566.2343012,  19036.3,  15402.3,  709.44202735,  220.737057462,  1745.09
1566.25473562,  18899.1,  15295.9,  709.440612317,  220.739227701,  1744.81
1566.27516994,  18504.0,  14990.7,  709.43379094,  220.743053952,  1743.36
1566.29560425,  18211.2,  14764.1,  709.428375158,  220.746517081,  1744.23
1566.31603857,  18526.0,  15006.9,  709.433184588,  220.742995073,  1744.32
1566.33647289,  18931.3,  15320.9,  709.44019017,  220.738432204,  1742.68
1566.35690721,  19073.7,  15431.3,  709.443311476,  220.736813888,  1743.51
1566.37734163,  19061.9,  15421.4,  709.443593792,  220.737225273,  1743.18
1566.39777585,  18846.8,  15255.8,  709.438739413,  220.73974414,  1742.21
1566.41821027,  18450.4,  14948.9,  709.432938652,  220.743892608,  1743.21
1566.43864459,  18181.2,  14740.8,  709.428463686,  220.746539533,  1741.91
1566.4590788,  18499.4,  14987.3,  709.433637496,  220.743205723,  1741.59
1566.47951322,  18850.2,  15257.9,  709.439254882,  220.739398152,  1743.54
1566.49994754,  19029.7,  15396.8,  709.442921688,  220.737725882,  1742.92
1566.52038177,  19024.8,  15392.9,  709.442020409,  220.738276468,  1742.41
1566.54081619,  18840.4,  15250.5,  709.438804574,  220.740246005,  1742.07
1566.56125051,  18407.3,  14915.8,  709.432997966,  220.743410161,  1742.89
1566.58168483,  18231.4,  14779.9,  709.429356344,  220.745756575,  1741.72
1566.60211915,  18643.7,  15098.2,  709.435571654,  220.741928098,  1742.05
1566.62255337,  18987.4,  15364.0,  709.441012113,  220.738668764,  1741.87
1566.64298779,  19095.9,  15447.6,  709.443081033,  220.738294727,  1742.06
1566.66342211,  19028.1,  15395.5,  709.441912867,  220.73873055,  1740.5
1566.70429076,  18368.7,  14885.1,  709.431721632,  220.744923083,  1743.61
1566.72472508,  18208.6,  14761.9,  709.428808669,  220.746332054,  1739.99
1566.74515941,  18592.8,  15058.9,  709.433897543,  220.742682397,  1739.87
1566.76559373,  18908.5,  15302.8,  709.440833545,  220.73959784,  1741.55
1566.78602805,  19063.9,  15423.0,  709.442491854,  220.737864877,  1739.55
1566.80646248,  18998.7,  15372.9,  709.441774793,  220.739226555,  1738.83
1566.8268967,  18761.4,  15188.9,  709.43792931,  220.741939109,  1739.63
1566.84733102,  18314.3,  14843.7,  709.429995783,  220.745637088,  1739.05
1566.86776545,  18285.2,  14820.4,  709.433097018,  220.744440021,  1740.55
1566.88819977,  18747.6,  15178.4,  709.43791145,  220.742058263,  1739.9
1566.908634,  19021.0,  15389.5,  709.441073959,  220.739682302,  1739.32
1566.92906842,  19104.3,  15454.0,  709.443422836,  220.738544852,  1738.28
1566.94950275,  18984.2,  15361.1,  709.44226237,  220.739656085,  1738.33
1566.96993708,  18705.6,  15145.7,  709.435858747,  220.742673126,  1739.11
1566.9903714,  18271.1,  14809.6,  709.428715026,  220.746457139,  1739.5
1567.01080573,  18268.0,  14807.8,  709.429070611,  220.746476571,  1738.03
1567.03124005,  18685.0,  15130.2,  709.436542851,  220.742425631,  1737.7
1567.05167438,  18962.7,  15344.9,  709.441043009,  220.739828784,  1736.32
1567.07210871,  19053.8,  15415.2,  709.442128801,  220.739571592,  1737.7
1567.09254313,  18968.9,  15349.3,  709.440815807,  220.739215854,  1738.35
1567.11297736,  18685.8,  15130.2,  709.43547933,  220.742536931,  1738.41
1567.13341179,  18269.8,  14808.9,  709.428780022,  220.747134606,  1736.97
1567.15384612,  18360.1,  14878.9,  709.430237835,  220.746047181,  1735.77
1567.17428035,  18840.9,  15250.4,  709.439433133,  220.740905993,  1735.37
1567.19471477,  19059.1,  15419.2,  709.442179223,  220.73858026,  1738.03
1567.2151491,  19111.5,  15459.9,  709.443090489,  220.738674664,  1737.16
1567.23558333,  18948.7,  15333.7,  709.440631912,  220.740116389,  1737.4
1567.25601776,  18595.8,  15061.2,  709.43426543,  220.744156879,  1735.58
1567.27645199,  18220.6,  14771.0,  709.427630234,  220.747937486,  1735.26
1567.29688632,  18356.4,  14876.6,  709.429761304,  220.746185787,  1734.09
1567.31732075,  18770.5,  15195.5,  709.4378137,  220.742559146,  1736.08
1567.33775498,  18993.8,  15368.8,  709.441552442,  220.739688633,  1734.41
1567.35818941,  19044.5,  15408.0,  709.442237818,  220.739295386,  1734.86
1567.37862374,  18919.0,  15310.7,  709.440149358,  220.740261608,  1735.24
1567.39905797,  18569.1,  15040.4,  709.434333758,  220.744494422,  1733.05
1567.4194924,  18221.3,  14771.6,  709.428123301,  220.747466077,  1734.28
1567.43992674,  18471.5,  14964.5,  709.432613778,  220.745785869,  1735.15
1567.46036107,  18909.2,  15303.2,  709.440231809,  220.741370017,  1734.69
1567.4807954,  19082.8,  15437.3,  709.443366404,  220.738821798,  1734.1
1567.50122973,  19071.3,  15428.4,  709.443769461,  220.739085454,  1734.53
1567.52166416,  18881.1,  15281.4,  709.439813024,  220.741767822,  1740.94
1567.5420984,  18509.4,  14993.7,  709.432807935,  220.745275941,  1733.97
1567.56253273,  18179.5,  14738.3,  709.427818537,  220.74893979,  1734.61
1567.58296716,  18457.2,  14953.5,  709.432143468,  220.745858604,  1733.31
1567.60340149,  18835.3,  15245.8,  709.438569237,  220.74213721,  1733.66
1567.62383573,  19039.0,  15403.4,  709.442854794,  220.740193972,  1732.89
1567.64427016,  19033.5,  15399.2,  709.441961529,  220.740096173,  1732.18
1567.6647045,  18879.2,  15279.7,  709.439806103,  220.742307347,  1732.19
1567.68513873,  18463.1,  14957.5,  709.434018784,  220.745770989,  1733.86
1567.70557316,  18217.8,  14767.9,  709.429589634,  220.748244989,  1732.58
1567.7260075,  18586.2,  15052.8,  709.435930713,  220.745597412,  1731.69
1567.74644193,  18959.5,  15341.3,  709.441012232,  220.74096846,  1732.06
1567.76687617,  19103.7,  15452.5,  709.443959286,  220.739909246,  1731.99
1567.78731051,  19042.0,  15404.9,  709.443265124,  220.739813024,  1732.58
1567.80774494,  18811.3,  15227.1,  709.439489152,  220.74207275,  1731.43
1567.82817918,  18403.1,  14911.1,  709.43291957,  220.746569216,  1731.86
1567.84861351,  18200.2,  14754.2,  709.430091531,  220.748239621,  1731.92
1567.86904795,  18549.0,  15024.0,  709.435176125,  220.744943698,  1730.18
1567.88948219,  18882.5,  15281.5,  709.440650032,  220.742194972,  1730.68
1567.90991662,  19047.4,  15409.3,  709.444108993,  220.740314832,  1730.67
1567.93035086,  19023.4,  15390.5,  709.442250837,  220.740335129,  1731.98
1567.9507852,  18818.4,  15232.5,  709.440099209,  220.742911197,  1730.51
1567.97121964,  18359.5,  14877.1,  709.432485892,  220.748026129,  1730.38
1567.99165387,  18258.6,  14798.9,  709.429764736,  220.749445713,  1729.17
1568.01208821,  18704.2,  15143.7,  709.43759195,  220.744533491,  1730.49
1568.03252265,  19016.4,  15384.8,  709.441337274,  220.740597142,  1732.09
1568.05295689,  19105.6,  15453.8,  709.443304645,  220.739899572,  1729.91
1568.07339123,  19027.5,  15393.4,  709.442942146,  220.741894233,  1730.66
1568.09382567,  18738.7,  15169.7,  709.438445457,  220.743309802,  1731.43
1568.11426001,  18320.9,  14847.2,  709.431292373,  220.749433877,  1729.73
1568.13469435,  18237.7,  14782.8,  709.430285056,  220.749410136,  1730.54
1568.15512868,  18638.9,  15093.4,  709.437101701,  220.745241682,  1730.1
1568.17556302,  18950.6,  15333.8,  709.442002387,  220.741324266,  1730.41
1568.19599737,  19062.3,  15420.0,  709.443480366,  220.741350334,  1730.41
1568.21643171,  18992.0,  15365.8,  709.442955696,  220.742043239,  1729.79
1568.23686605,  18731.9,  15164.3,  709.43829684,  220.745827047,  1729.86
1568.25730049,  18281.1,  14816.2,  709.431490332,  220.749060866,  1729.56
1568.27773473,  18333.6,  14856.8,  709.432101585,  220.747729643,  1727.99
1568.29816917,  18804.7,  15220.6,  709.440326552,  220.744050157,  1727.92
1568.31860351,  19039.7,  15402.6,  709.44305771,  220.741200087,  1729.29
1568.33903775,  19110.4,  15457.3,  709.444420409,  220.740623183,  1726.91
1568.3594722,  18973.2,  15351.4,  709.442164415,  220.742334401,  1728.26
1568.37990654,  18655.2,  15105.0,  709.437727971,  220.745305602,  1728.54
1568.40034078,  18247.7,  14789.8,  709.431281461,  220.749558965,  1726.75
1568.42077522,  18322.0,  14847.8,  709.431667557,  220.748473112,  1725.98
1568.44120957,  18725.2,  15159.2,  709.438934217,  220.745008325,  1727.45
1568.46164381,  18977.7,  15354.7,  709.441711309,  220.742115853,  1726.68
1568.48207825,  19054.1,  15413.6,  709.443515498,  220.741204504,  1727.86
1568.5025126,  18951.7,  15334.4,  709.442125511,  220.74235826,  1727.04
1568.52294704,  18620.1,  15077.6,  709.43779032,  220.745317868,  1727.19
1568.54338129,  18242.3,  14785.8,  709.431235595,  220.749973402,  1728.46
1568.56381553,  18427.8,  14928.7,  709.434346927,  220.74813229,  1728.44
1568.58424998,  18867.1,  15268.8,  709.440078108,  220.743512551,  1727.84
1568.60468432,  19071.2,  15426.6,  709.444481197,  220.741308121,  1727.24
1568.62511867,  19085.7,  15437.4,  709.445282791,  220.741937873,  1730.12
1568.64555301,  18916.8,  15307.4,  709.441066784,  220.743319756,  1727.52
1568.66598736,  18553.6,  15026.6,  709.436505454,  220.746183763,  1728.8
1568.6864218,  18206.7,  14757.8,  709.429883947,  220.750467418,  1728.09
1568.70685605,  18399.1,  14906.8,  709.433105362,  220.7474867,  1730.34
1568.7272904,  18808.9,  15223.4,  709.440844832,  220.74326015,  1730.35
1568.74772484,  19017.6,  15385.2,  709.443511967,  220.741804778,  1730.1
1568.76815919,  19051.8,  15411.3,  709.444011689,  220.741907125,  1729.81
1568.78859344,  18900.5,  15294.2,  709.442287586,  220.74366808,  1729.6
1568.80902788,  18516.9,  14997.5,  709.434554544,  220.746657417,  1730.48
1568.82946223,  18223.6,  14771.1,  709.42919885,  220.750510606,  1730.93
1568.84989658,  18521.9,  15001.4,  709.435530706,  220.747327377,  1732.49
1568.87033093,  18930.4,  15317.6,  709.441390009,  220.742865998,  1732.31
1568.89076528,  19083.3,  15435.8,  709.444976604,  220.742042498,  1732.74
1568.91119972,  19058.6,  15416.6,  709.444327124,  220.742658532,  1733.43
1568.93163397,  18856.3,  15260.3,  709.441544925,  220.74494682,  1733.19
1568.95206832,  18464.0,  14956.9,  709.434049486,  220.7483026,  1743.18
1568.97250277,  18196.8,  14750.1,  709.429170088,  220.750832616,  1732.59
1568.99293702,  18502.4,  14986.5,  709.434583297,  220.747766738,  1732.91
1569.01337137,  18878.0,  15276.7,  709.440537339,  220.744271039,  1730.43
1569.03380582,  19052.5,  15411.6,  709.44370219,  220.74228551,  1731.96
1569.05424007,  19034.0,  15397.6,  709.443036365,  220.742651781,  1730.87
1569.07467452,  18849.2,  15254.3,  709.440775271,  220.744309327,  1729.42
1569.09510887,  18413.5,  14917.5,  709.433817534,  220.748893996,  1730.43
1569.11554312,  18253.7,  14794.2,  709.430544724,  220.750517432,  1729.51
1569.13597757,  18636.5,  15090.1,  709.437359151,  220.746127469,  1727.64
1569.15641193,  18975.3,  15352.2,  709.44247608,  220.743024794,  1728.01
1569.17684618,  19101.1,  15449.5,  709.445606672,  220.741450206,  1726.93
1569.19728063,  19042.5,  15404.5,  709.444121346,  220.74214275,  1725.38
1569.21771488,  18806.6,  15221.8,  709.440269551,  220.745498307,  1725.22
1569.23814933,  18370.2,  14884.8,  709.433188326,  220.749621867,  1724.31
1569.25858369,  18223.8,  14771.4,  709.430806474,  220.751617962,  1724.96
1569.27901794,  18612.7,  15072.1,  709.436847264,  220.747089372,  1726.04
1569.29945239,  18911.2,  15302.1,  709.441837384,  220.74349082,  1726.46
1569.31988675,  19066.5,  15422.8,  709.444867564,  220.742842885,  1724.42
1569.3403211,  19015.3,  15383.2,  709.443897471,  220.743172684,  1723.14
1569.36075545,  18772.5,  15195.3,  709.440311615,  220.74574929,  1724.46
1569.38118981,  18328.5,  14852.0,  709.43163274,  220.74954394,  1723.31
1569.40162416,  18287.7,  14820.7,  709.431605867,  220.75021827,  1722.2
1569.42205852,  18744.1,  15173.3,  709.440700018,  220.746293464,  1723.27
1569.44249287,  19031.8,  15396.0,  709.44396808,  220.743535173,  1721.13
1569.46292733,  19100.6,  15448.9,  709.445424364,  220.743028825,  1722.31
1569.48336168,  19001.8,  15373.0,  709.444279514,  220.74349323,  1719.9
1569.50379594,  18705.5,  15143.4,  709.439224784,  220.746720481,  1720.8
1569.52423039,  18287.5,  14820.4,  709.431658902,  220.750504525,  1722.0
1569.54466475,  18276.1,  14811.7,  709.431147047,  220.751270466,  1720.89
1569.565099,  18692.8,  15133.7,  709.439279376,  220.747615486,  1720.51
1569.58553346,  18976.5,  15353.0,  709.44320662,  220.744575275,  1720.08
1569.60596782,  19061.2,  15418.5,  709.445440091,  220.743376067,  1721.09
1569.62640227,  18978.3,  15354.5,  709.445247914,  220.743905221,  1720.64
1569.64683653,  18680.4,  15123.9,  709.439056217,  220.74663877,  1719.44
1569.68770534,  18380.1,  14891.9,  709.433788567,  220.750984657,  1718.31
1569.7081396,  18837.6,  15245.2,  709.440969515,  220.745387591,  1721.08
1569.72857396,  19046.9,  15406.8,  709.444841278,  220.743188786,  1719.48
1569.74900842,  19111.2,  15457.0,  709.445963854,  220.743562563,  1718.83
1569.76944268,  18946.9,  15330.1,  709.442684999,  220.744858191,  1720.13
1569.78987704,  18628.7,  15084.0,  709.437967734,  220.748370461,  1719.2
1569.81031149,  18228.7,  14775.0,  709.430865526,  220.751596061,  1718.51
1569.83074575,  18370.4,  14884.3,  709.433115812,  220.751245895,  1719.65
1569.85118021,  18779.6,  15200.7,  709.440932778,  220.746573094,  1718.87
1569.87161447,  19016.0,  15383.6,  709.444244884,  220.744000071,  1719.02
1569.89204883,  19070.8,  15425.3,  709.445060431,  220.74342231,  1719.29
1569.91248329,  18944.3,  15327.8,  709.442934054,  220.745160363,  1718.78
1569.93291755,  18586.8,  15052.0,  709.437518838,  220.747931537,  1717.16
1569.95335191,  18234.1,  14778.7,  709.431420505,  220.751078279,  1718.15
1569.97378637,  18485.1,  14973.5,  709.435366253,  220.750141098,  1716.25
1569.99422073,  18911.8,  15303.2,  709.442628559,  220.745485072,  1718.11
1570.0146551,  19101.9,  15449.6,  709.445472597,  220.742851871,  1717.08
1570.03508946,  19086.6,  15438.6,  709.445686919,  220.743861055,  1716.72
1570.05552382,  18898.1,  15292.2,  709.442202956,  220.745037274,  1718.24
1570.07595818,  18528.5,  15006.9,  709.435949565,  220.748940933,  1715.81
1570.09639254,  18201.6,  14754.3,  709.43086048,  220.75255815,  1714.56
1570.1168269,  18461.5,  14955.2,  709.435436112,  220.750514596,  1714.35
1570.13726137,  18855.6,  15259.6,  709.44178313,  220.74675337,  1714.23
1570.15769563,  19055.2,  15414.1,  709.444332268,  220.744616723,  1715.46
1570.17813009,  19057.4,  15415.8,  709.445434823,  220.743637811,  1715.49
1570.19856446,  18901.3,  15294.9,  709.443167995,  220.745703595,  1715.19
1570.21899872,  18466.3,  14958.9,  709.434714269,  220.750248337,  1713.64
1570.23943318,  18220.3,  14768.2,  709.431502916,  220.752239592,  1713.85
1570.25986755,  18585.7,  15050.7,  709.436311283,  220.749538388,  1714.84
1570.28030181,  18965.8,  15345.4,  709.443697867,  220.745821725,  1713.03
1570.30073628,  19113.8,  15459.4,  709.445550183,  220.743425904,  1713.3
1570.32117064,  19069.0,  15424.9,  709.444729836,  220.744714162,  1712.44
1570.34160491,  18846.1,  15252.8,  709.441450392,  220.746389932,  1712.89
1570.36203937,  18416.5,  14920.0,  709.434825745,  220.750660309,  1711.91
1570.38247374,  18210.9,  14761.4,  709.431333767,  220.752760114,  1712.45
1570.4029081,  18580.0,  15046.4,  709.436720418,  220.749184218,  1712.05
1570.42334247,  18908.2,  15299.8,  709.443009938,  220.746090913,  1713.05
1570.44377683,  19066.5,  15422.3,  709.444501407,  220.744190121,  1711.87
1570.4642112,  19034.6,  15397.9,  709.44365557,  220.744877836,  1711.41
1570.48464557,  18835.5,  15243.7,  709.441230229,  220.747062234,  1711.73
1570.50507993,  18370.2,  14884.0,  709.432765348,  220.751240976,  1712.26
1570.5255143,  18258.2,  14797.3,  709.431893318,  220.752521084,  1711.36
1570.54594867,  18705.0,  15142.6,  709.439494042,  220.748134535,  1710.01
1570.56638313,  19014.1,  15381.8,  709.44497753,  220.7453926,  1711.46
1570.5868174,  19120.1,  15463.7,  709.445778525,  220.745291252,  1710.4
1570.60725177,  19024.5,  15390.0,  709.445443386,  220.745271271,  1709.94
1570.62768624,  18773.1,  15195.4,  709.439715092,  220.748424086,  1709.97
1570.64812061,  18334.4,  14856.4,  709.432818294,  220.75114313,  1709.71
1570.66855487,  18260.4,  14799.0,  709.431533286,  220.753044052,  1709.57
1570.68898934,  18667.5,  15113.6,  709.438522957,  220.74902647,  1709.83
1570.70942371,  18965.8,  15344.2,  709.442401386,  220.746069103,  1709.39
1570.72985798,  19059.5,  15416.4,  709.444257326,  220.745094081,  1711.36
1570.75029245,  19008.3,  15377.3,  709.444604638,  220.746030532,  1709.16
1570.77072682,  18740.6,  15169.4,  709.440372243,  220.748955364,  1709.99
1570.79116129,  18290.0,  14821.5,  709.432256456,  220.752901846,  1710.4
1570.81159556,  18325.8,  14849.0,  709.433122309,  220.752185226,  1710.27
1570.83202993,  18801.1,  15216.4,  709.440669897,  220.748014269,  1708.26
1570.8524644,  19040.6,  15401.5,  709.445546517,  220.744939143,  1709.59
1570.87289867,  19119.6,  15462.9,  709.44699828,  220.744149048,  1708.22
1570.89333304,  19005.4,  15374.6,  709.442991895,  220.745685861,  1707.59
1570.91376751,  18675.4,  15119.1,  709.439136062,  220.748629712,  1708.93
1570.93420178,  18256.7,  14794.9,  709.431855389,  220.753334371,  1708.99
1570.95463626,  18332.2,  14854.1,  709.433953622,  220.752668455,  1708.01
1570.97507063,  18746.1,  15173.3,  709.441248525,  220.747394466,  1708.73
1570.9955049,  18994.1,  15365.3,  709.444128167,  220.74621692,  1708.15
1571.01593937,  19073.3,  15426.9,  709.446143817,  220.745163198,  1708.92
1571.03637375,  18961.8,  15340.1,  709.444410146,  220.746699585,  1708.29
1571.05680802,  18647.7,  15097.2,  709.439022246,  220.749637826,  1710.0
1571.07724249,  18242.3,  14783.7,  709.431744362,  220.753315442,  1708.6
1571.09767686,  18409.8,  14913.3,  709.434953116,  220.75156851,  1708.3
1571.11811114,  18874.0,  15272.4,  709.442508337,  220.747424187,  1708.2
1571.13854561,  19068.8,  15422.7,  709.446259489,  220.745710179,  1709.15
1571.15897999,  19106.6,  15452.1,  709.446701351,  220.746084812,  1707.12
1571.17941436,  18941.3,  15323.8,  709.443695524,  220.746318463,  1707.81
1571.19984873,  18576.7,  15041.8,  709.43771805,  220.75066809,  1708.17
1571.22028311,  18219.7,  14766.1,  709.431944871,  220.754101023,  1708.77
1571.24071748,  18418.9,  14920.3,  709.434867026,  220.752229106,  1706.11
1571.26115186,  18813.4,  15225.3,  709.44297571,  220.747949102,  1708.6
1571.28158623,  19025.1,  15388.8,  709.446018852,  220.7459939,  1707.52
1571.30202061,  19062.6,  15417.6,  709.445486089,  220.745919891,  1707.12
1571.32245498,  18917.0,  15305.0,  709.443543003,  220.747832069,  1709.06
1571.34288946,  18516.6,  14995.9,  709.437035359,  220.751412218,  1707.96
1571.36332384,  18216.3,  14763.4,  709.432630152,  220.75448541,  1709.25
1571.38375811,  18522.6,  14999.9,  709.438338675,  220.751366864,  1710.55
1571.40419259,  18933.1,  15317.2,  709.44359523,  220.747546957,  1710.81
1571.42462697,  19090.5,  15438.9,  709.446873076,  220.746562989,  1710.57
1571.44506124,  19073.7,  15426.4,  709.44677795,  220.746030388,  1709.59
1571.46549572,  18890.5,  15284.2,  709.443983213,  220.748190843,  1710.14
1571.4859301,  18466.6,  14956.5,  709.437055674,  220.751971471,  1711.04
1571.50636438,  18204.3,  14754.1,  709.432007892,  220.754807912,  1710.03
1571.52679885,  18514.8,  14993.8,  709.43769716,  220.751401731,  1712.47
1571.54723323,  18865.4,  15264.1,  709.443790507,  220.748250517,  1713.77
1571.56766771,  19061.4,  15416.0,  709.446571371,  220.746078859,  1711.66
1571.58810199,  19055.7,  15412.1,  709.446412461,  220.747018309,  1710.73
1571.60853637,  18855.7,  15257.4,  709.443833921,  220.748553098,  1711.31
1571.62897085,  18415.0,  14916.3,  709.435945246,  220.753725035,  1711.94
1571.64940513,  18235.8,  14777.7,  709.432648118,  220.754980078,  1713.05
1571.66983951,  18653.0,  15100.2,  709.440293957,  220.749903878,  1715.84
1571.69027399,  18985.8,  15357.4,  709.44584053,  220.747042883,  1711.9
1571.71070827,  19110.0,  15453.7,  709.447647711,  220.746701606,  1711.66
1571.73114275,  19057.6,  15413.0,  709.446730582,  220.746769874,  1712.99
1571.75157713,  18809.7,  15221.1,  709.442761059,  220.748442792,  1710.84
1571.77201141,  18378.4,  14888.2,  709.435065085,  220.752292412,  1710.63
1571.79244589,  18238.3,  14779.8,  709.432802573,  220.754788093,  1709.22
1571.81288027,  18626.1,  15079.5,  709.438804906,  220.751220049,  1711.35
1571.83331455,  18932.3,  15316.6,  709.44510029,  220.748504533,  1709.3
1571.85374903,  19077.4,  15428.3,  709.446717012,  220.747123743,  1710.66
1571.87418341,  19020.4,  15384.7,  709.446080541,  220.747624822,  1709.43
1571.8946177,  18784.1,  15201.3,  709.442206614,  220.749841992,  1709.8
1571.91505218,  18314.0,  14838.3,  709.435363924,  220.753396331,  1708.83
1571.93548656,  18284.7,  14815.2,  709.433355479,  220.754490619,  1709.41
1571.95592104,  18749.8,  15174.9,  709.44236559,  220.749991287,  1707.91
1571.97635533,  19019.5,  15383.8,  709.446807276,  220.747325404,  1706.48
1571.99678971,  19116.2,  15458.4,  709.447573561,  220.746532794,  1706.73
1572.01722419,  19014.3,  15379.8,  709.445670075,  220.747803435,  1705.4
1572.03765848,  18734.7,  15162.9,  709.441979925,  220.749693298,  1706.79
1572.05809286,  18301.1,  14828.0,  709.434538675,  220.754862941,  1705.05
1572.07852734,  18291.3,  14821.0,  709.433879277,  220.753763486,  1702.72
1572.09896163,  18714.8,  15147.8,  709.440792022,  220.750699907,  1704.11
1572.11939611,  18975.0,  15349.2,  709.44598877,  220.748145024,  1704.04
1572.1398305,  19067.6,  15420.8,  709.447105859,  220.747682148,  1702.03
1572.16026478,  18977.7,  15351.5,  709.446122268,  220.747415869,  1702.18
1572.18069927,  18690.0,  15129.2,  709.441133889,  220.75055788,  1700.33
1572.20113365,  18242.7,  14782.8,  709.433373821,  220.754944279,  1701.04
1572.22156794,  18378.0,  14887.8,  709.436401306,  220.75413098,  1701.27
1572.24200242,  18841.5,  15246.2,  709.442561406,  220.748919341,  1701.99
1572.26243681,  19056.6,  15412.1,  709.447340768,  220.747981338,  1702.68
1572.28287119,  19109.2,  15453.1,  709.447980008,  220.747263437,  1700.67
1572.30330558,  18964.8,  15341.1,  709.445557611,  220.747858998,  1701.61
1572.32373997,  18630.5,  15083.0,  709.440494023,  220.750805765,  1701.21
1572.34417435,  18264.4,  14799.7,  709.434288023,  220.755774651,  1702.08
1572.36460874,  18379.2,  14888.3,  709.435297953,  220.753688651,  1701.88
1572.38504313,  18781.4,  15199.5,  709.443082078,  220.750545881,  1702.56
1572.40547752,  19020.3,  15383.8,  709.446217135,  220.747740707,  1701.52
1572.4259119,  19073.1,  15424.4,  709.44673817,  220.747932506,  1702.55
1572.44634629,  18935.5,  15318.9,  709.445879369,  220.749293132,  1701.3
1572.46678068,  18593.7,  15054.6,  709.439075243,  220.751056988,  1698.48
1572.48721507,  18236.1,  14777.5,  709.43364547,  220.756125358,  1702.91
1572.50764956,  18472.7,  14960.9,  709.437650621,  220.753934787,  1700.93
1572.52808394,  18916.7,  15304.3,  709.443968465,  220.749029271,  1701.12
1572.54851823,  19079.6,  15430.2,  709.448536412,  220.747598541,  1702.77
1572.56895272,  19108.3,  15452.8,  709.448030305,  220.7474653,  1701.32
1572.58938711,  18915.7,  15303.3,  709.444912543,  220.74943027,  1703.19
1572.6098214,  18531.1,  15006.1,  709.438481382,  220.752460472,  1702.52
1572.63025589,  18213.7,  14760.8,  709.432619421,  220.755345328,  1702.8
1572.67112457,  18863.7,  15263.2,  709.443592672,  220.749767382,  1703.41
1572.69155906,  19055.6,  15411.5,  709.4466927,  220.748037891,  1705.2
1572.71199345,  19063.0,  15417.0,  709.446755037,  220.748185194,  1705.99
1572.73242794,  18891.8,  15285.1,  709.444234904,  220.749676715,  1706.42
1572.75286224,  18472.5,  14960.5,  709.437168059,  220.753727632,  1706.24
1572.77329663,  18220.2,  14765.6,  709.433179713,  220.756640311,  1705.09
1572.79373112,  18595.0,  15055.4,  709.439558958,  220.753530717,  1705.12
1572.81416541,  18974.2,  15349.2,  709.445638338,  220.748306416,  1706.62
1572.8345998,  19113.7,  15456.4,  709.44773037,  220.747263512,  1712.57
1572.85503429,  19077.4,  15428.4,  709.447472268,  220.747553188,  1715.92
1572.87546859,  18850.9,  15253.3,  709.443549347,  220.74944525,  1715.78
1572.89590308,  18427.3,  14926.4,  709.436707519,  220.754762657,  1710.95
1572.91633747,  18228.8,  14773.0,  709.434015542,  220.756838108,  1703.67
1572.93677177,  18592.3,  15053.1,  709.439537842,  220.752326544,  1701.61
1572.95720626,  18929.2,  15314.5,  709.444414448,  220.749134936,  1697.78
1572.97764065,  19088.7,  15436.9,  709.447472376,  220.747762031,  1698.96
1572.99807505,  19037.8,  15398.1,  709.446791422,  220.748924673,  1697.44
1573.01850944,  18839.3,  15244.4,  709.443301986,  220.750847936,  1698.76
1573.03894383,  18376.0,  14886.6,  709.435474408,  220.755237994,  1697.08
1573.05937813,  18273.9,  14807.5,  709.433520907,  220.755902717,  1697.39
1573.07981262,  18716.8,  15149.8,  709.441674371,  220.752005026,  1697.71
1573.10024702,  19008.2,  15375.0,  709.446498252,  220.749371646,  1697.03
1573.12068141,  19130.2,  15469.7,  709.447990701,  220.747454564,  1695.23
1573.14111581,  19039.6,  15400.0,  709.446114149,  220.749692416,  1695.19
1573.1615502,  18775.9,  15195.9,  709.442158733,  220.751627302,  1694.94
1573.1819847,  18353.2,  14868.9,  709.435278268,  220.755264011,  1694.13
1573.202419,  18273.5,  14807.5,  709.434848179,  220.755704059,  1691.19
1573.22285339,  18669.0,  15113.2,  709.441137192,  220.75265422,  1692.61
1573.24328789,  18957.7,  15336.3,  709.445659991,  220.749358212,  1692.62
1573.26372218,  19082.8,  15433.0,  709.447311782,  220.747836042,  1689.71
1573.28415668,  19007.6,  15375.1,  709.446846802,  220.748751569,  1687.67
1573.30459108,  18743.2,  15170.5,  709.442154622,  220.751167755,  1688.06
1573.32502538,  18293.1,  14822.3,  709.434924885,  220.755732235,  1687.39
1573.34545987,  18310.2,  14835.7,  709.434768136,  220.755854942,  1686.85
1573.36589427,  18812.3,  15223.7,  709.442500246,  220.751671002,  1686.7
1573.38632857,  19045.5,  15404.4,  709.446909602,  220.749078266,  1685.68
1573.40676307,  19127.2,  15467.1,  709.447827945,  220.747907187,  1686.29
1573.42719746,  18989.7,  15360.6,  709.445760311,  220.74935476,  1686.13
1573.44763176,  18683.1,  15123.9,  709.440927186,  220.752668469,  1684.57
1573.46806626,  18278.8,  14811.3,  709.43333638,  220.756333028,  1683.23
1573.48850066,  18355.0,  14870.3,  709.435210519,  220.756363506,  1682.73
1573.50893516,  18750.2,  15175.5,  709.442656372,  220.751420064,  1683.55
1573.52936946,  19019.6,  15384.0,  709.444966143,  220.749382709,  1682.94
1573.54980386,  19093.2,  15440.7,  709.447934733,  220.749242391,  1683.68
1573.57023836,  18980.9,  15353.9,  709.445853978,  220.749464734,  1683.81
1573.59067266,  18644.1,  15093.4,  709.440552533,  220.753590686,  1683.08
1573.61110706,  18244.6,  14784.7,  709.434091319,  220.75751096,  1681.96
1573.63154156,  18415.9,  14917.0,  709.43626149,  220.756539238,  1682.13
1573.65197596,  18891.3,  15284.5,  709.44414784,  220.751657303,  1680.07
1573.67241036,  19082.9,  15432.3,  709.447107519,  220.749358695,  1681.33
1573.69284476,  19112.9,  15455.8,  709.447261975,  220.748153031,  1680.8
1573.71327906,  18949.7,  15329.3,  709.445436864,  220.749751213,  1680.7
1573.73371356,  18583.7,  15046.2,  709.439511406,  220.754143216,  1681.33
1573.75414797,  18242.1,  14782.4,  709.433581153,  220.756695099,  1680.5
1573.77458227,  18440.2,  14934.8,  709.437709325,  220.754231283,  1682.42
1573.79501677,  18831.0,  15237.3,  709.442860263,  220.751189399,  1680.97
1573.81545117,  19042.0,  15400.5,  709.446871936,  220.749440614,  1681.11
1573.83588547,  19072.3,  15424.1,  709.446785394,  220.749013033,  1680.21
1573.85631998,  18929.0,  15313.0,  709.444582223,  220.751109855,  1679.99
1573.87675438,  18533.7,  15007.8,  709.438879345,  220.754601643,  1679.44
1573.89718888,  18225.8,  14768.5,  709.433343485,  220.757847438,  1681.34
1573.91762319,  18532.0,  15006.1,  709.438201114,  220.75485555,  1677.78
1573.93805759,  18948.1,  15327.5,  709.445839284,  220.750723036,  1678.46
1573.95849209,  19086.7,  15434.5,  709.448052903,  220.749580736,  1678.75
1573.9789264,  19094.9,  15440.7,  709.447113041,  220.750406546,  1678.84
1573.9993608,  18874.6,  15270.7,  709.444342539,  220.751473692,  1677.59
1574.01979531,  18470.9,  14957.9,  709.437375235,  220.755573053,  1678.34
1574.04022961,  18223.9,  14767.3,  709.433604074,  220.757754779,  1678.38
1574.06066412,  18539.2,  15011.0,  709.439004868,  220.75516261,  1678.44
1574.08109852,  18901.0,  15291.0,  709.444465167,  220.751116546,  1679.26
1574.10153283,  19075.0,  15424.8,  709.447364252,  220.7499698,  1676.55
1574.12196733,  19057.6,  15411.7,  709.447311934,  220.749766466,  1675.28
1574.14240174,  18877.8,  15272.6,  709.444091049,  220.75215042,  1675.94
1574.16283614,  18414.3,  14914.4,  709.43669695,  220.75541784,  1675.35
1574.18327055,  18226.9,  14769.6,  709.434572997,  220.75788851,  1674.32
1574.20370496,  18651.9,  15098.2,  709.441058119,  220.754418171,  1675.36
1574.22413936,  18988.9,  15358.7,  709.446667478,  220.750493032,  1675.57
1574.24457377,  19128.5,  15466.5,  709.448741536,  220.749294311,  1676.0
1574.26500818,  19065.7,  15417.9,  709.448058944,  220.749955869,  1674.09
1574.28544258,  18805.1,  15216.8,  709.443413897,  220.752690897,  1675.04
1574.30587709,  18374.2,  14883.4,  709.43763242,  220.757044532,  1673.07
1574.3263114,  18239.0,  14778.7,  709.435292057,  220.758475189,  1674.73
1574.34674581,  18639.8,  15088.3,  709.441471128,  220.754543188,  1673.76
1574.36718021,  18946.0,  15324.9,  709.446139215,  220.751191859,  1672.53
1574.38761462,  19083.4,  15431.1,  709.448908563,  220.749068412,  1674.41
1574.40804913,  19042.3,  15400.1,  709.446773659,  220.750101433,  1672.67
1574.42848344,  18792.7,  15206.7,  709.444053614,  220.752932065,  1673.54
1574.44891795,  18328.7,  14847.3,  709.436550894,  220.756692457,  1672.88
1574.46935236,  18294.6,  14821.7,  709.435159778,  220.758083569,  1672.58
1574.48978667,  18762.3,  15183.0,  709.442794203,  220.752920474,  1672.54
1574.51022118,  19025.4,  15386.4,  709.448440702,  220.750480304,  1673.2
1574.53065559,  19118.4,  15457.7,  709.449050103,  220.750292418,  1672.73
1574.5510899,  19016.3,  15379.0,  709.447370401,  220.7516875,  1672.28
1574.57152441,  18730.0,  15157.8,  709.442079576,  220.752832588,  1671.05
1574.59195882,  18303.9,  14828.5,  709.43500468,  220.757182178,  1670.0
1574.61239333,  18304.2,  14828.4,  709.436183933,  220.758300737,  1670.85
1574.63282764,  18738.7,  15165.1,  709.443074483,  220.75416048,  1671.59
1574.65326205,  19010.0,  15374.3,  709.447545429,  220.751871271,  1670.03
1574.67369656,  19092.8,  15438.3,  709.447994305,  220.750532478,  1670.77
1574.69413087,  18996.5,  15364.0,  709.447155084,  220.751057724,  1671.32
1574.71456528,  18698.7,  15133.5,  709.442636041,  220.754092611,  1669.5
1574.73499979,  18260.0,  14794.3,  709.434855565,  220.758402892,  1670.42
1574.75543411,  18379.1,  14886.7,  709.436328455,  220.756809096,  1670.09
1574.77586852,  18846.4,  15247.8,  709.444737535,  220.752892824,  1669.2
1574.79630303,  19074.2,  15424.4,  709.448964489,  220.751542339,  1668.81
1574.81673744,  19111.1,  15452.6,  709.449120283,  220.750868678,  1668.91
1574.83717185,  18973.2,  15346.2,  709.447325274,  220.751484281,  1669.38
1574.85760627,  18641.0,  15089.3,  709.441286112,  220.754618438,  1667.87
1574.87804068,  18258.8,  14793.6,  709.435213451,  220.759164509,  1670.17
1574.89847509,  18402.9,  14905.3,  709.437332006,  220.757350613,  1667.86
1574.91890951,  18797.5,  15210.3,  709.44502243,  220.753510844,  1668.87
1574.93934392,  19044.2,  15400.8,  709.448491964,  220.750680265,  1667.79
1574.95977834,  19093.5,  15439.0,  709.448843048,  220.750523406,  1668.54
1574.98021275,  18946.6,  15326.3,  709.445683956,  220.751945965,  1668.3
1575.00064716,  18592.7,  15052.5,  709.440006692,  220.755080059,  1667.35
1575.02108158,  18236.1,  14776.6,  709.43320816,  220.761615732,  1666.87
1575.04151599,  18478.7,  14963.9,  709.437887543,  220.757318235,  1667.64
1575.06195051,  18928.2,  15311.0,  709.446320175,  220.75239332,  1668.04
1575.08238482,  19099.1,  15443.4,  709.448451342,  220.750842719,  1667.82
1575.10281924,  19097.3,  15442.0,  709.44849888,  220.750727874,  1665.62
1575.12325376,  18917.1,  15302.8,  709.445707635,  220.75214001,  1666.97
1575.14368807,  18555.5,  15023.0,  709.4398427,  220.755874873,  1666.43
1575.16412249,  18226.7,  14768.9,  709.434639193,  220.759175958,  1665.78
1575.184557,  18499.2,  14979.2,  709.438738626,  220.757247401,  1667.35
1575.20499132,  18875.1,  15270.7,  709.445235286,  220.752828064,  1667.84
1575.22542584,  19078.6,  15427.6,  709.448303085,  220.751617336,  1666.03
1575.24586025,  19072.3,  15422.8,  709.447245113,  220.751504504,  1665.3
1575.26629457,  18899.8,  15289.2,  709.445467986,  220.753038348,  1665.64
1575.28672909,  18484.1,  14968.2,  709.438965885,  220.756536817,  1664.26
1575.30716351,  18226.9,  14769.6,  709.434341309,  220.759324175,  1665.55
1575.32759782,  18600.5,  15058.1,  709.440602757,  220.754978835,  1665.95
1575.34803234,  18973.3,  15346.7,  709.447179101,  220.751801939,  1663.84
1575.36846676,  19117.2,  15457.4,  709.449064901,  220.750768926,  1666.69
1575.38890128,  19085.2,  15432.8,  709.447386119,  220.751988496,  1663.41
1575.4093356,  18846.5,  15248.4,  709.444841445,  220.752482392,  1665.71
1575.42977001,  18446.1,  14939.1,  709.437954406,  220.75766383,  1663.67
1575.45020453,  18236.1,  14776.7,  709.433556474,  220.759158103,  1664.05
1575.47063895,  18588.0,  15048.9,  709.440655192,  220.755669065,  1662.14
1575.49107327,  18927.0,  15310.8,  709.445765003,  220.752631061,  1663.42
1575.51150779,  19087.2,  15435.0,  709.448664434,  220.751518327,  1664.08
1575.53194221,  19051.0,  15406.7,  709.447912484,  220.75127892,  1662.96
1575.55237653,  18835.2,  15240.0,  709.444885369,  220.753301275,  1662.86
1575.57281105,  18371.5,  14881.6,  709.436902008,  220.75792455,  1661.16
1575.59324547,  18267.9,  14801.1,  709.434867109,  220.759601665,  1662.35
1575.61367989,  18712.1,  15144.7,  709.443089676,  220.755458667,  1663.71
1575.65454863,  19119.5,  15460.1,  709.448440375,  220.750601582,  1663.94
1575.67498316,  19042.8,  15400.6,  709.447165479,  220.75172598,  1662.2
1575.69541758,  18778.0,  15195.5,  709.444033753,  220.754729765,  1663.32
1575.7158519,  18353.5,  14867.6,  709.436833587,  220.759734262,  1662.08
1575.73628642,  18285.7,  14815.5,  709.434699808,  220.759947802,  1660.74
1575.75672084,  18687.5,  15126.0,  709.441411695,  220.755811264,  1662.73
1575.77715536,  18995.9,  15364.2,  709.446410334,  220.752823165,  1661.05
1575.79758969,  19107.6,  15451.2,  709.447407195,  220.750478837,  1660.49
1575.81802411,  19024.8,  15386.9,  709.44684963,  220.751779621,  1661.15
1575.83845863,  18764.7,  15185.7,  709.442567332,  220.754584633,  1659.92
1575.85889295,  18300.2,  14826.9,  709.434589488,  220.760005954,  1660.97
1575.87932738,  18341.3,  14858.2,  709.43531183,  220.758600844,  1660.5
1575.8997619,  18803.1,  15215.7,  709.443814523,  220.754192101,  1660.47
1575.92019622,  19047.0,  15404.0,  709.447197468,  220.751154033,  1661.47
1575.94063065,  19123.7,  15463.7,  709.449694801,  220.752019178,  1660.0
1575.96106517,  19000.8,  15369.0,  709.446334027,  220.752642813,  1660.62
1575.9814995,  18702.3,  15137.8,  709.441474332,  220.755109337,  1659.63
1576.00193402,  18283.0,  14813.6,  709.435015125,  220.75993913,  1659.81
1576.02236845,  18363.4,  14876.3,  709.435750546,  220.758302124,  1659.16
1576.04280287,  18771.3,  15191.9,  709.441812198,  220.754157584,  1659.41
1576.0632373,  19036.2,  15396.3,  709.44722798,  220.752109862,  1659.23
1576.08367172,  19097.7,  15443.9,  709.448135567,  220.752148742,  1658.8
1576.10410615,  18982.8,  15354.8,  709.44712283,  220.75286644,  1658.57
1576.12454057,  18659.4,  15105.3,  709.441239589,  220.755938156,  1659.34
1576.144975,  18246.7,  14786.2,  709.434392488,  220.760243254,  1658.51
1576.16540942,  18422.4,  14922.2,  709.437909322,  220.758231634,  1659.06
1576.18584395,  18892.5,  15285.2,  709.445241709,  220.753339544,  1659.19
1576.20627828,  19083.9,  15433.5,  709.44825916,  220.751952427,  1657.79
1576.2267128,  19117.3,  15459.2,  709.449071212,  220.751583513,  1656.76
1576.24714723,  19163.0,  15494.7,  709.442054611,  220.75489701,  1658.15
1576.26758156,  18605.3,  15063.2,  709.439452032,  220.757312738,  1656.94
1576.28801608,  18242.4,  14782.8,  709.434537944,  220.759610114,  1657.99
1576.30845041,  18454.8,  14947.6,  709.437779165,  220.757921908,  1656.41
1576.32888484,  18857.8,  15258.4,  709.444697249,  220.75431529,  1656.12
1576.34931937,  19067.2,  15420.2,  709.448689204,  220.75140344,  1657.69
1576.36975369,  19109.8,  15464.2,  709.447885006,  220.751719183,  1672.57
1576.39018822,  18940.7,  15323.0,  709.44656259,  220.75327761,  1656.57
1576.41062265,  18546.2,  15017.4,  709.438622945,  220.756648197,  1657.64
1576.43105698,  18229.5,  14772.9,  709.431530559,  220.760632126,  1656.4
1576.45149151,  18543.7,  15015.8,  709.439852527,  220.75735394,  1656.25
1576.47192594,  18954.8,  15333.7,  709.445419709,  220.753504095,  1656.64
1576.49236027,  19108.3,  15452.1,  709.449391603,  220.752682689,  1655.35
1576.5127948,  19099.1,  15445.2,  709.448322183,  220.752664278,  1655.73
1576.53322923,  18899.7,  15290.4,  709.445161379,  220.754154782,  1655.33
1576.55366365,  18491.7,  14975.3,  709.439012834,  220.757451396,  1656.0
1576.57409808,  18232.5,  14774.9,  709.434200669,  220.760286735,  1654.54
1576.59453251,  18559.8,  15028.0,  709.439592053,  220.75739127,  1654.65
1576.61496705,  18920.6,  15307.0,  709.445990829,  220.753815945,  1654.09
1576.63540138,  19085.9,  15434.6,  709.448298884,  220.752421665,  1656.2
1576.65583581,  19074.3,  15425.6,  709.448069191,  220.752618229,  1655.04
1576.67627034,  18876.3,  15272.6,  709.444797104,  220.75503222,  1655.06
1576.69670477,  18428.5,  14926.0,  709.43793414,  220.758401225,  1654.79
1576.7171391,  18252.0,  14789.5,  709.433852474,  220.761093019,  1654.32
1576.73757363,  18648.3,  15096.1,  709.442263241,  220.756932383,  1653.67
1576.75800806,  18994.0,  15363.2,  709.447316728,  220.753473547,  1654.66
1576.7784425,  19123.6,  15463.3,  709.449157497,  220.752953372,  1654.59
1576.79887693,  19066.8,  15419.6,  709.448149162,  220.752489144,  1654.97
1576.81931136,  18818.1,  15226.9,  709.444204213,  220.75561662,  1654.01
1576.83974589,  18407.3,  14909.7,  709.437546741,  220.75941988,  1652.54
1576.86018022,  18268.6,  14802.3,  709.434129781,  220.759909273,  1651.51
1576.88061466,  18659.0,  15104.1,  709.441751018,  220.75722029,  1654.59
1576.90104919,  18965.5,  15340.7,  709.446263861,  220.754688975,  1653.6
1576.92148352,  19092.4,  15438.9,  709.449347846,  220.7537401,  1652.01
1576.94191796,  19046.9,  15403.9,  709.447931539,  220.7534041,  1653.78
1576.96235239,  18798.5,  15211.9,  709.443641272,  220.755455203,  1651.69
1576.98278683,  18346.8,  14861.9,  709.435512869,  220.76012633,  1653.23
1577.00322136,  18297.7,  14824.4,  709.435598889,  220.760581644,  1652.49
1577.02365569,  18765.5,  15186.5,  709.442609609,  220.755749386,  1651.17
1577.04409013,  19033.6,  15392.8,  709.447958625,  220.753644676,  1652.71
1577.06452466,  19125.9,  15465.0,  709.449616019,  220.752758571,  1651.0
1577.084959,  19027.8,  15388.5,  709.447838024,  220.753297612,  1651.61
1577.10539343,  18736.7,  15164.2,  709.44324812,  220.756537737,  1651.41
1577.12582797,  18316.3,  14838.6,  709.436014943,  220.760490465,  1650.93
1577.1462623,  18319.4,  14840.5,  709.436406037,  220.760624116,  1653.74
1577.16669684,  18742.0,  15167.5,  709.443217531,  220.757105792,  1651.39
1577.18713128,  19002.5,  15369.0,  709.448292262,  220.753307856,  1650.41
1577.20756561,  19102.5,  15446.2,  709.448576504,  220.753529829,  1650.72
1577.22800015,  18997.3,  15364.7,  709.446770017,  220.75389313,  1651.67
1577.24843458,  18708.8,  15141.6,  709.443253041,  220.756705937,  1651.64
1577.26886902,  18272.9,  14804.7,  709.435171229,  220.760641277,  1650.63
1577.28930346,  18381.9,  14889.0,  709.437116487,  220.759981795,  1649.8
1577.30973789,  18854.3,  15254.2,  709.445591832,  220.756253202,  1650.79
1577.33017233,  19067.0,  15418.6,  709.449227478,  220.753808139,  1650.06
1577.35060687,  19128.9,  15466.7,  709.449797795,  220.753020591,  1650.56
1577.37104121,  18972.9,  15345.9,  709.446730746,  220.754149283,  1650.92
1577.39147574,  18659.8,  15103.9,  709.441549725,  220.757430433,  1650.78
1577.41191018,  18255.6,  14791.4,  709.434366347,  220.761266611,  1648.15
1577.43234452,  18418.9,  14917.5,  709.437923947,  220.759478152,  1648.77
1577.45277906,  18815.3,  15223.9,  709.444680942,  220.755443141,  1650.9
1577.4732135,  19049.6,  15404.7,  709.448590649,  220.754100768,  1650.25
1577.49364784,  19090.5,  15436.6,  709.44866113,  220.753756146,  1649.67
1577.51408238,  18959.3,  15335.0,  709.447826324,  220.754179156,  1650.37
1577.53451681,  18601.1,  15058.3,  709.44073645,  220.758728765,  1648.29
1577.55495125,  18240.0,  14779.0,  709.435066241,  220.761678422,  1649.25
1577.57538569,  18492.0,  14974.1,  709.439230443,  220.759709817,  1647.24
1577.59582003,  18922.0,  15306.7,  709.446706929,  220.755279554,  1648.97
1577.61625457,  19097.4,  15441.7,  709.449552537,  220.75483009,  1648.96
1577.63668901,  19114.0,  15454.9,  709.449235507,  220.754251286,  1647.63
1577.65712335,  18913.3,  15299.8,  709.445706705,  220.755155267,  1647.21
1577.67755789,  18552.1,  15020.4,  709.440546873,  220.759206921,  1648.67
1577.69799233,  18241.7,  14780.8,  709.43436659,  220.762229786,  1646.06
1577.71842678,  18493.2,  14975.2,  709.4388349,  220.760398707,  1649.43
1577.73886122,  18884.0,  15277.1,  709.446655248,  220.756288481,  1647.62
1577.75929566,  19068.4,  15419.3,  709.449640212,  220.754018123,  1647.55
1577.7797302,  19079.5,  15428.6,  709.449237602,  220.753714931,  1645.84
1577.80016454,  18930.1,  15313.0,  709.44736152,  220.755134241,  1646.01
1577.82059898,  18491.1,  14973.6,  709.439277614,  220.759115134,  1646.72
1577.84103352,  18242.1,  14780.4,  709.435334754,  220.761419853,  1646.52
1577.86146797,  18599.5,  15056.9,  709.440665148,  220.758991128,  1646.22
1577.88190231,  18969.4,  15343.0,  709.448106005,  220.755353311,  1646.94
1577.90233685,  19116.8,  15457.0,  709.448648155,  220.754219657,  1647.16
1577.92277129,  19086.3,  15433.0,  709.449158651,  220.754312402,  1646.64
1577.94320574,  18862.6,  15260.2,  709.445821923,  220.756207869,  1646.54
1577.96364018,  18437.5,  14931.3,  709.438694643,  220.759888454,  1647.69
1577.98407462,  18255.7,  14790.7,  709.436043461,  220.762738859,  1646.33
1578.00450907,  18587.7,  15047.5,  709.44170825,  220.758765833,  1647.27
1578.02494351,  18950.6,  15328.5,  709.447580922,  220.756179032,  1646.08
1578.04537796,  19111.8,  15452.9,  709.449672914,  220.754152299,  1645.17
1578.0658125,  19058.8,  15412.2,  709.449196354,  220.754601513,  1649.27
1578.08624684,  18847.8,  15248.7,  709.446313163,  220.756717504,  1648.14
1578.10668129,  18391.0,  14895.7,  709.438290639,  220.76088903,  1645.11
1578.12711583,  18270.0,  14801.8,  709.435918589,  220.761774696,  1646.81
1578.14755018,  18721.7,  15151.3,  709.443475442,  220.758404064,  1644.57
1578.16798472,  19014.8,  15378.1,  709.447921591,  220.7544385,  1645.7
1578.18841917,  19127.2,  15464.9,  709.450377397,  220.754545141,  1645.23
1578.20885351,  19042.0,  15398.9,  709.449247266,  220.753936722,  1646.68
1578.22928806,  18770.0,  15189.2,  709.444693482,  220.757193626,  1644.81
1578.24972241,  18357.4,  14870.5,  709.437274585,  220.761298661,  1644.13
1578.27015685,  18287.1,  14815.0,  709.435790211,  220.761930933,  1646.83
1578.2905914,  18698.2,  15133.1,  709.44373087,  220.758341403,  1644.79
1578.31102574,  18992.8,  15361.5,  709.448057219,  220.754820395,  1644.81
1578.33146029,  19118.9,  15459.1,  709.450606379,  220.753865593,  1644.99
1578.35189474,  19037.9,  15396.3,  709.448810129,  220.755387099,  1645.02
1578.37232908,  18770.7,  15189.5,  709.444634916,  220.757732258,  1644.81
1578.39276363,  18311.9,  14834.6,  709.436182119,  220.761655314,  1645.03
1578.41319808,  18352.5,  14866.2,  709.436573627,  220.762451273,  1643.3
1578.43363253,  18811.9,  15221.5,  709.444794017,  220.756773368,  1643.83
1578.45406697,  19054.9,  15409.5,  709.447957965,  220.754612222,  1643.25
1578.47450142,  19122.6,  15461.8,  709.450216447,  220.755205609,  1643.5
1578.49493587,  19009.0,  15373.7,  709.447833942,  220.755885059,  1644.03
1578.51537032,  18692.9,  15129.4,  709.443005431,  220.758730338,  1643.26
1578.53580477,  18275.6,  14807.2,  709.437109786,  220.762339406,  1643.62
1578.55623932,  18359.1,  14871.5,  709.437002897,  220.761334505,  1644.1
1578.57667376,  18780.2,  15197.1,  709.444644235,  220.757489328,  1643.36
1578.59710811,  19032.5,  15391.9,  709.448715892,  220.755311456,  1642.67
1578.63797711,  19005.9,  15371.7,  709.447128465,  220.755608395,  1641.19
1578.65841146,  18669.0,  15111.0,  709.443479578,  220.759368712,  1643.23
1578.67884601,  18269.3,  14801.9,  709.434100362,  220.763115852,  1642.56
1578.69928046,  18446.4,  14938.4,  709.437478704,  220.761346482,  1643.24
1578.71971481,  18888.5,  15280.8,  709.446395366,  220.756623951,  1642.25
1578.74014936,  19095.2,  15440.8,  709.448727946,  220.754955193,  1641.74
1578.76058381,  19131.1,  15467.9,  709.449504002,  220.754496545,  1642.25
1578.78101836,  18959.8,  15335.8,  709.446674218,  220.756504681,  1642.67
1578.80145271,  18599.7,  15057.9,  709.4406919,  220.759661919,  1640.99
1578.82188717,  18250.0,  14787.1,  709.434293642,  220.763257787,  1640.59
1578.84232172,  18460.7,  14950.4,  709.439186585,  220.760470043,  1642.3
1578.86275607,  18849.3,  15250.6,  709.444632415,  220.757927883,  1642.37
1578.88319052,  19085.8,  15433.7,  709.448293514,  220.754987554,  1639.98
1578.90362497,  19115.7,  15456.5,  709.449891529,  220.755176213,  1640.91
1578.92405942,  18960.4,  15336.8,  709.447155404,  220.756282673,  1642.48
1578.94449398,  18554.8,  15023.4,  709.440008431,  220.760197957,  1640.43
1578.96492833,  18247.4,  14785.4,  709.434513157,  220.762443428,  1641.81
1578.98536278,  18552.3,  15021.2,  709.439354897,  220.7602199,  1640.14
1579.00579733,  18961.7,  15337.9,  709.447793709,  220.756835012,  1640.29
1579.02623169,  19122.1,  15461.9,  709.450154157,  220.755344955,  1640.39
1579.04666614,  19098.5,  15443.5,  709.448560374,  220.755785698,  1639.94
1579.06710069,  18893.0,  15285.0,  709.44572256,  220.757378491,  1640.71
1579.08753515,  18491.8,  14974.7,  709.438691742,  220.761483396,  1639.64
1579.1079695,  18235.2,  14776.1,  709.435295748,  220.763268955,  1639.33
1579.12840405,  18567.5,  15033.6,  709.440256081,  220.760273034,  1638.52
1579.14883851,  18925.3,  15309.6,  709.445854627,  220.756510191,  1638.19
1579.16927296,  19099.8,  15444.6,  709.449718939,  220.755515481,  1639.38
1579.18970742,  19083.6,  15432.1,  709.448917186,  220.755833129,  1640.27
1579.21014187,  18888.1,  15280.7,  709.446474202,  220.757722747,  1639.71
1579.23057643,  18440.8,  14935.6,  709.438788955,  220.761500426,  1638.55
1579.25101078,  18268.7,  14801.7,  709.434595679,  220.763197626,  1640.57
1579.27144524,  18680.8,  15121.1,  709.442829835,  220.759239542,  1638.73
1579.29187979,  19018.0,  15381.7,  709.447207106,  220.755944299,  1638.14
1579.31231415,  19138.8,  15475.3,  709.450021256,  220.755401588,  1638.26
1579.3327487,  19068.7,  15420.8,  709.44935676,  220.756007253,  1639.82
1579.35318316,  18826.2,  15233.0,  709.44435086,  220.758887186,  1638.36
1579.37361752,  18395.2,  14899.9,  709.438140214,  220.761519519,  1638.03
1579.39405207,  18276.7,  14808.0,  709.434969793,  220.7633766,  1638.59
1579.41448653,  18660.3,  15104.7,  709.44173222,  220.759414416,  1638.2
1579.43492089,  18980.8,  15352.7,  709.447616119,  220.756393024,  1637.73
1579.45535544,  19107.3,  15450.1,  709.450427426,  220.755496018,  1639.66
1579.4757899,  19073.2,  15424.1,  709.448708974,  220.756110799,  1639.34
1579.49622426,  18836.5,  15240.5,  709.445003287,  220.758874849,  1637.86
1579.51665881,  18361.5,  14873.5,  709.437149272,  220.762472255,  1638.86
1579.53709317,  18333.5,  14852.0,  709.436168532,  220.762565703,  1637.49
1579.55752773,  18770.6,  15189.4,  709.444121453,  220.758077837,  1637.75
1579.57796219,  19056.7,  15410.7,  709.448710547,  220.755779746,  1637.35
1579.59839665,  19136.7,  15472.3,  709.449859607,  220.755630865,  1638.75
1579.6188311,  19020.9,  15382.7,  709.448171668,  220.756790399,  1637.44
1579.63926556,  18738.8,  15164.7,  709.443451244,  220.759351773,  1636.45
1579.65970002,  18321.9,  14842.1,  709.436848403,  220.7635035,  1636.88
1579.68013448,  18325.6,  14845.4,  709.437624335,  220.762728506,  1636.16
1579.70056894,  18756.2,  15178.3,  709.443721806,  220.759502278,  1635.87
1579.7210035,  19024.8,  15385.5,  709.448538275,  220.756680324,  1637.47
1579.74143796,  19130.2,  15467.5,  709.450319808,  220.755553686,  1636.89
1579.76187232,  19033.5,  15391.8,  709.449456107,  220.756921076,  1636.5
1579.78230688,  18732.2,  15159.5,  709.443846968,  220.759956887,  1634.57
1579.80274134,  18284.0,  14812.9,  709.436925571,  220.76313816,  1634.17
1579.8231757,  18410.1,  14910.0,  709.438236564,  220.762839049,  1633.98
1579.84361026,  18858.4,  15256.8,  709.446675632,  220.758868483,  1635.38
1579.86404472,  19087.2,  15433.4,  709.450214101,  220.756158245,  1634.41
1579.88447908,  19127.9,  15464.5,  709.449390517,  220.755732662,  1633.73
1579.90491364,  18984.7,  15354.2,  709.447683321,  220.756844976,  1633.25
1579.9253481,  18643.6,  15090.2,  709.44205044,  220.760382757,  1635.05
1579.94578266,  18256.2,  14791.0,  709.436102062,  220.764637593,  1632.14
1579.96621702,  18409.1,  14908.8,  709.438454922,  220.762894131,  1633.12
1579.98665148,  18829.1,  15233.3,  709.445482424,  220.759984503,  1634.62
1580.00708605,  19056.7,  15409.2,  709.448999443,  220.757240801,  1632.59
1580.02752041,  19117.5,  15456.6,  709.449770096,  220.75569721,  1632.39
1580.04795487,  18980.5,  15350.3,  709.448333033,  220.75733263,  1631.82
1580.06838943,  18619.6,  15071.5,  709.441426243,  220.761346772,  1632.09
1580.08882379,  18247.7,  14784.0,  709.435140699,  220.763897415,  1632.04
1580.10925826,  18499.7,  14978.0,  709.439949015,  220.762816576,  1634.02
1580.12969282,  18929.7,  15311.2,  709.447575184,  220.758325909,  1632.26
1580.15012718,  19096.3,  15439.6,  709.449698237,  220.756755009,  1631.03
1580.17056175,  19115.4,  15454.6,  709.448595882,  220.756331439,  1632.2
1580.19099611,  18904.4,  15291.0,  709.446108203,  220.758326,  1631.69
1580.21143057,  18537.0,  15006.8,  709.440190568,  220.76227791,  1631.63
1580.23186514,  18224.0,  14765.0,  709.435938785,  220.765348244,  1631.59
1580.2522995,  18515.9,  14990.8,  709.439592774,  220.762373432,  1631.52
1580.27273396,  18900.2,  15287.9,  709.445633654,  220.758431667,  1630.71
1580.29316853,  19091.6,  15436.0,  709.450170268,  220.756678107,  1628.51
1580.31360299,  19100.5,  15442.0,  709.450483314,  220.757425037,  1630.28
1580.33403746,  18935.4,  15314.6,  709.44825847,  220.75835069,  1631.72
1580.35447192,  18505.2,  14982.7,  709.439345778,  220.762196628,  1629.49
1580.37490639,  18266.1,  14796.9,  709.435581309,  220.766066671,  1629.81
1580.39534085,  18618.7,  15069.7,  709.442178355,  220.76114055,  1629.58
1580.41577532,  18989.7,  15356.4,  709.447648328,  220.757892608,  1630.92
1580.43620978,  19135.8,  15469.3,  709.45075918,  220.756590765,  1630.1
1580.45664435,  19089.0,  15433.3,  709.449759731,  220.756656152,  1627.82
1580.47707872,  18840.6,  15241.1,  709.445974265,  220.758787698,  1628.89
1580.49751318,  18440.6,  14931.7,  709.439111832,  220.762862808,  1630.89
1580.51794775,  18259.0,  14791.2,  709.434114667,  220.764823223,  1628.39
1580.53838211,  18617.3,  15068.3,  709.441909692,  220.761725161,  1629.66
1580.55881668,  18953.6,  15328.2,  709.447274905,  220.757818191,  1628.73
1580.57925115,  19110.0,  15448.9,  709.449902123,  220.75700953,  1628.41
1580.59968551,  19069.9,  15418.1,  709.448724348,  220.757433256,  1628.03
1580.62012008,  18870.3,  15263.7,  709.445759479,  220.759303568,  1627.78
1580.64055455,  18395.0,  14896.7,  709.437783068,  220.76366889,  1627.92
1580.66098892,  18286.4,  14811.8,  709.436902574,  220.764341946,  1629.64
1580.68142348,  18718.1,  15145.8,  709.443369973,  220.76140793,  1628.31
1580.70185795,  19021.8,  15380.6,  709.44983898,  220.75808163,  1628.61
1580.72229252,  19127.0,  15462.3,  709.450363189,  220.756546,  1628.72
1580.74272689,  19046.2,  15399.4,  709.44883755,  220.757874449,  1629.22
1580.76316136,  18774.2,  15189.3,  709.444423392,  220.760841848,  1627.0
1580.78359592,  18361.4,  14870.0,  709.437497019,  220.76409786,  1627.11
1580.80403029,  18304.1,  14825.6,  709.43672653,  220.765779516,  1627.47
1580.82446476,  18707.5,  15137.2,  709.443727602,  220.760985971,  1628.07
1580.84489923,  19014.9,  15374.9,  709.447934646,  220.758281557,  1628.06
1580.8653337,  19128.5,  15463.2,  709.450834391,  220.757612601,  1627.18
1580.88576817,  19052.1,  15403.7,  709.449282107,  220.75836803,  1627.58
1580.90620264,  18776.7,  15191.2,  709.44409845,  220.760372994,  1626.59
1580.92663711,  18317.3,  14835.7,  709.437790037,  220.764944485,  1625.5
1580.94707168,  18345.8,  14857.3,  709.439177692,  220.764416053,  1626.99
1580.96750615,  18820.5,  15224.9,  709.445634591,  220.760053403,  1627.46
1580.98794052,  19071.7,  15418.9,  709.44982663,  220.758272661,  1625.99
1581.00837509,  19125.7,  15460.6,  709.450849862,  220.757221172,  1626.61
1581.02880956,  19003.1,  15365.6,  709.448666115,  220.758106626,  1625.84
1581.04924393,  18683.7,  15118.8,  709.444022222,  220.761247059,  1625.94
1581.0696785,  18287.3,  14812.4,  709.437542218,  220.766034308,  1626.27
1581.09011297,  18375.8,  14880.7,  709.438479614,  220.764565559,  1626.15
1581.11054754,  18800.3,  15208.3,  709.445427545,  220.760829952,  1626.85
1581.13098192,  19036.1,  15391.3,  709.449447859,  220.758342325,  1625.75
1581.15141639,  19104.0,  15443.5,  709.451542523,  220.757951583,  1625.63
1581.17185096,  19009.9,  15371.0,  709.449427374,  220.75897861,  1623.87
1581.19228533,  18675.5,  15112.2,  709.444081206,  220.761368518,  1625.18
1581.2127198,  18264.8,  14794.4,  709.437237164,  220.765723124,  1624.97
1581.23315438,  18442.1,  14931.9,  709.439666142,  220.763641202,  1624.64
1581.25358875,  18901.4,  15287.1,  709.446787844,  220.760180745,  1623.85
1581.27402322,  19071.0,  15417.7,  709.450582298,  220.758181584,  1625.05
1581.29445779,  19121.2,  15456.8,  709.450789266,  220.758212621,  1623.64
1581.31489217,  18943.8,  15319.4,  709.448559186,  220.758737002,  1623.68
1581.33532674,  18592.6,  15047.8,  709.441262218,  220.762754265,  1624.06
1581.35576121,  18247.9,  14781.3,  709.436259163,  220.765865702,  1624.66
1581.37619569,  18481.2,  14961.8,  709.440353917,  220.764565291,  1623.4
1581.39663016,  18862.4,  15256.6,  709.446441468,  220.760149831,  1625.01
1581.41706464,  19093.9,  15435.4,  709.450234213,  220.758675436,  1623.44
1581.43749911,  19105.4,  15443.8,  709.451287695,  220.758173172,  1624.37
1581.45793358,  18951.2,  15324.6,  709.448704598,  220.759618266,  1622.99
1581.47836806,  18567.2,  15028.0,  709.441205373,  220.762705563,  1622.54
1581.49880253,  18260.1,  14790.8,  709.435923557,  220.765937984,  1623.08
1581.51923701,  18553.4,  15017.1,  709.441238805,  220.762786006,  1622.52
1581.53967148,  18972.2,  15340.9,  709.448684979,  220.758781,  1622.62
1581.56010596,  19116.1,  15452.0,  709.450692868,  220.757777595,  1623.08
1581.58054043,  19098.3,  15437.8,  709.450188513,  220.758404185,  1621.53
1586.83219909,  18364.3,  14801.6,  709.443841185,  220.778511961,  1593.68
1586.85263371,  18198.6,  14673.5,  709.441172778,  220.780201611,  1594.48
1586.87306812,  18590.7,  14976.8,  709.447698792,  220.777256103,  1593.18
1586.89350274,  18936.7,  15244.4,  709.454269626,  220.773950487,  1595.88
1586.91393726,  19050.2,  15333.0,  709.456201864,  220.772704181,  1591.75
1586.93437167,  18977.5,  15276.4,  709.455298457,  220.773074204,  1594.01
1586.95480629,  18729.0,  15084.7,  709.451009836,  220.775317973,  1592.18
1586.97524081,  18303.3,  14755.2,  709.444209893,  220.7787512,  1594.14
1586.99567532,  18185.2,  14663.9,  709.441902294,  220.780080717,  1594.77
1587.01610984,  18583.5,  14971.9,  709.44895628,  220.776854852,  1592.62
1587.03654436,  18882.3,  15203.4,  709.453376279,  220.774363668,  1593.96
1587.05697898,  19014.7,  15305.7,  709.456436241,  220.772807579,  1593.42
1587.07741349,  18964.7,  15267.6,  709.455721559,  220.773354148,  1593.62
1587.09784791,  18734.9,  15090.1,  709.450946426,  220.775159726,  1592.8
1587.11828253,  18278.8,  14737.4,  709.444149698,  220.779604542,  1592.4
1587.13871705,  18255.6,  14719.6,  709.443447727,  220.780975816,  1594.46
1587.15915147,  18711.0,  15072.2,  709.450684096,  220.776646351,  1594.25
1587.17958608,  18961.2,  15266.1,  709.455843271,  220.774161131,  1593.71
1587.2000206,  19057.6,  15340.8,  709.456776393,  220.773182198,  1593.07
1587.22045512,  18942.7,  15252.1,  709.454781249,  220.773636642,  1593.57
1587.24088964,  18657.1,  15031.9,  709.449922529,  220.776943195,  1591.81
1587.26132406,  18246.5,  14715.1,  709.44195273,  220.780287552,  1591.72
1587.28175868,  18253.1,  14719.9,  709.444097634,  220.780615885,  1592.04
1587.3021932,  18679.5,  15050.2,  709.450319888,  220.776529771,  1592.0
1587.32262762,  18924.7,  15240.4,  709.455415,  220.773641031,  1593.65
1587.34306224,  19045.0,  15333.8,  709.456357873,  220.772851654,  1594.57
1587.36349676,  18953.1,  15263.4,  709.454707094,  220.773745977,  1591.04
1587.38393138,  18663.2,  15039.6,  709.448889546,  220.776962756,  1590.56
1587.4043658,  18233.4,  14707.8,  709.44316295,  220.781243564,  1591.65
1587.42480032,  18351.0,  14799.6,  709.444649499,  220.780004884,  1591.36
1587.44523494,  18816.2,  15158.5,  709.45316984,  220.775361307,  1592.22
1587.46566936,  19009.3,  15309.0,  709.455365534,  220.774209637,  1591.07
1587.5065385,  18898.2,  15224.7,  709.453452662,  220.77456017,  1591.05
1587.52697292,  18571.5,  14972.3,  709.447866691,  220.777541049,  1589.32
1587.54740754,  18198.6,  14684.6,  709.442393168,  220.780897427,  1591.24
1587.56784206,  18360.8,  14810.2,  709.444123909,  220.779142969,  1588.87
1587.58827658,  18764.6,  15123.2,  709.451089105,  220.776374906,  1589.4
1587.6087111,  18991.9,  15298.9,  709.455766577,  220.773536015,  1589.14
1587.62914562,  19040.9,  15336.9,  709.455662295,  220.772476782,  1590.1
1587.64958015,  18918.8,  15243.4,  709.45355299,  220.773859585,  1589.73
1587.67001467,  18556.7,  14964.2,  709.448191676,  220.777219812,  1589.95
1587.69044919,  18205.1,  14692.3,  709.441788643,  220.780141014,  1588.35
1587.71088381,  18450.6,  14882.6,  709.446034116,  220.778048523,  1588.32
1587.73131823,  18891.1,  15223.6,  709.452810964,  220.774178986,  1589.15
1587.75175276,  19044.5,  15342.9,  709.456995594,  220.772051233,  1588.49
1587.77218738,  19057.2,  15352.9,  709.45580567,  220.772736131,  1589.73
1587.7926219,  18863.5,  15203.4,  709.453411071,  220.773624078,  1588.42
1587.81305632,  18495.1,  14919.3,  709.447029532,  220.776933383,  1588.25
1587.83349095,  18188.5,  14682.9,  709.440511649,  220.780006412,  1587.5
1587.85392537,  18453.9,  14888.5,  709.447586273,  220.777771188,  1587.09
1587.87435999,  18841.4,  15188.3,  709.451680203,  220.774875651,  1587.32
1587.89479452,  19033.3,  15337.2,  709.455503724,  220.772377087,  1587.89
1587.91522894,  19050.8,  15351.3,  709.455233782,  220.772730984,  1588.18
1587.93566356,  18872.6,  15214.2,  709.452970496,  220.773412807,  1587.65
1587.95609809,  18456.3,  14892.5,  709.44683537,  220.776569446,  1587.59
1587.97653251,  18229.0,  14717.6,  709.443103016,  220.780340658,  1586.82
1587.99696714,  18573.8,  14984.3,  709.447715111,  220.776000066,  1586.78
1588.01740166,  18955.2,  15279.3,  709.454385928,  220.772508507,  1587.18
1588.03783608,  19078.2,  15375.1,  709.455502489,  220.771095914,  1586.58
1588.05827071,  19026.3,  15335.2,  709.455450629,  220.771350143,  1585.96
1588.07870523,  18804.2,  15164.2,  709.452204956,  220.773752239,  1587.92
1588.09913986,  18393.7,  14847.0,  709.445136392,  220.777958816,  1586.38
1588.11957428,  18206.8,  14703.5,  709.441915577,  220.779155827,  1586.73
1588.14000881,  18570.9,  14984.8,  709.448039693,  220.775813403,  1585.84
1588.16044343,  18896.6,  15237.3,  709.452753351,  220.772302082,  1585.19
1588.18087786,  19061.0,  15364.7,  709.45497522,  220.771724021,  1584.25
1588.20131238,  19021.0,  15334.2,  709.455967829,  220.772066676,  1586.53
1588.22174701,  18815.3,  15175.6,  709.452128606,  220.773461089,  1585.75
1588.24218144,  18363.9,  14827.0,  709.444500486,  220.77755066,  1584.39
1588.26261606,  18257.4,  14745.3,  709.442732527,  220.778456754,  1584.54
1588.28305059,  18707.7,  15093.3,  709.448409956,  220.773598154,  1583.97
1588.30348511,  18992.6,  15314.1,  709.454977012,  220.772151874,  1583.95
1588.32391964,  19105.6,  15401.8,  709.456353442,  220.770526498,  1583.78
1588.34435417,  19019.5,  15335.9,  709.45510228,  220.772694282,  1584.19
1588.36478869,  18740.7,  15120.5,  709.450139231,  220.773987929,  1584.63
1588.38522322,  18324.4,  14798.6,  709.442886493,  220.777267174,  1584.51
1588.40565775,  18262.2,  14751.3,  709.44291208,  220.778302082,  1584.98
1588.42609227,  18674.5,  15070.2,  709.448690806,  220.773572814,  1583.59
1588.4465269,  18944.6,  15279.3,  709.454114116,  220.771301174,  1584.82
1588.46696133,  19070.9,  15377.0,  709.456227044,  220.770272278,  1584.3
1588.48739595,  19012.7,  15333.0,  709.454805822,  220.771677297,  1582.42
1588.50783038,  18739.3,  15121.6,  709.45060958,  220.773800934,  1582.88
1588.52826491,  18294.5,  14778.3,  709.442740598,  220.778023274,  1581.02
1588.54869954,  18334.4,  14809.7,  709.442553562,  220.777319587,  1579.99
1588.56913396,  18798.2,  15168.0,  709.451131649,  220.772167653,  1583.09
1588.58956849,  19033.7,  15350.6,  709.454569312,  220.770300074,  1580.42
1588.61000312,  19098.4,  15401.3,  709.456180979,  220.769933413,  1580.33
1588.63043755,  18974.1,  15305.1,  709.454570289,  220.771436126,  1581.32
1588.65087218,  18668.6,  15069.2,  709.449333847,  220.77402188,  1580.75
1588.67130671,  18265.1,  14757.2,  709.441740361,  220.778366736,  1580.21
1588.69174113,  18337.8,  14813.9,  709.443578756,  220.776074035,  1581.52
1588.71217576,  18737.7,  15123.4,  709.450282133,  220.772938637,  1580.12
1588.73261029,  19007.2,  15332.0,  709.453606806,  220.771277726,  1579.94
1588.75304472,  19077.2,  15386.6,  709.456168523,  220.770303163,  1581.12
1588.77347935,  18975.2,  15307.8,  709.452702545,  220.771453773,  1580.35
1588.79391388,  18633.7,  15044.0,  709.448579176,  220.773867198,  1580.3
1588.81434841,  18259.2,  14754.8,  709.44052785,  220.777349544,  1580.76
1588.83478294,  18438.2,  14893.5,  709.443812477,  220.775957094,  1580.45
1588.85521747,  18902.3,  15252.1,  709.452799579,  220.772371148,  1579.18
1588.8756521,  19081.9,  15391.7,  709.455373256,  220.769336157,  1580.26
1588.89608653,  19099.1,  15405.1,  709.456410506,  220.770729276,  1579.7
1588.91652106,  18935.3,  15279.0,  709.452565686,  220.771996233,  1578.42
1588.93695569,  18580.7,  15004.9,  709.447268466,  220.774833772,  1578.69
1588.95739022,  18227.5,  14731.7,  709.441572725,  220.778061045,  1579.02
1588.97782465,  18443.8,  14899.3,  709.445499228,  220.776138231,  1578.98
1588.99825928,  18828.0,  15196.5,  709.450980967,  220.771942533,  1579.22
1589.01869381,  19038.4,  15359.5,  709.455309452,  220.770037803,  1578.03
1589.03912824,  19057.0,  15373.7,  709.454534013,  220.770355792,  1579.22
1589.05956287,  18933.3,  15278.6,  709.452906297,  220.771910167,  1579.78
1589.0799974,  18532.5,  14968.8,  709.446221627,  220.774370718,  1576.94
1589.10043204,  18230.3,  14735.7,  709.441283806,  220.777905552,  1578.04
1589.12086647,  18559.8,  14990.5,  709.446627383,  220.774105386,  1579.93
1589.141301,  18958.4,  15298.6,  709.452748266,  220.771414386,  1578.03
1589.16173553,  19107.7,  15414.6,  709.455966623,  220.769690373,  1578.08
1589.18217006,  19087.6,  15399.5,  709.45634398,  220.770405362,  1576.62
1589.20260449,  18892.7,  15248.8,  709.451408171,  220.772064221,  1576.95
1589.22303913,  18483.5,  14932.4,  709.445273757,  220.775547405,  1577.67
1589.24347366,  18228.0,  14734.8,  709.441042957,  220.777937496,  1577.65
1589.26390829,  18551.3,  14985.1,  709.446420083,  220.775470299,  1576.93
1589.28434272,  18888.3,  15245.3,  709.45138442,  220.771690281,  1576.59
1589.30477726,  19074.4,  15390.1,  709.455471397,  220.769919088,  1575.53
1589.32521189,  19068.7,  15385.5,  709.453843284,  220.770211131,  1577.17
1589.34564632,  18871.6,  15233.3,  709.451300571,  220.771617028,  1576.98
1589.36608086,  18426.9,  14889.3,  709.444025492,  220.775584279,  1576.24
1589.38651549,  18258.1,  14759.5,  709.440548738,  220.777248958,  1575.84
1589.40694992,  18688.9,  15092.7,  709.447253153,  220.773853009,  1575.4
1589.42738446,  19018.4,  15347.2,  709.454615695,  220.771044842,  1575.16
1589.44781909,  19130.1,  15433.2,  709.455756103,  220.76925794,  1575.28
1589.46825362,  19065.6,  15383.9,  709.454860014,  220.77041997,  1575.84
1589.48868816,  18819.8,  15194.1,  709.449645355,  220.772440346,  1575.26
1589.50912269,  18389.2,  14861.1,  709.443506018,  220.776448741,  1576.18
1589.52955722,  18245.5,  14750.5,  709.441119232,  220.778049345,  1574.07
1589.54999176,  18641.5,  15055.9,  709.447196566,  220.774291428,  1574.39
1589.57042629,  18950.0,  15295.1,  709.453001934,  220.771477783,  1574.84
1589.59086083,  19085.3,  15400.2,  709.454737024,  220.77017427,  1575.08
1589.61129546,  19034.7,  15361.4,  709.454146528,  220.770736493,  1575.66
1589.6317299,  18797.9,  15178.6,  709.449752204,  220.772080088,  1574.31
1589.65216443,  18340.9,  14824.6,  709.441723782,  220.776360728,  1575.61
1589.67259907,  18321.0,  14809.2,  709.441289658,  220.776141161,  1573.92
1589.6930335,  18776.2,  15161.6,  709.449920748,  220.772263259,  1574.93
1589.71346814,  19063.5,  15383.8,  709.454415972,  220.769368748,  1573.02
1589.73390267,  19143.1,  15445.2,  709.455074478,  220.768806335,  1573.85
1589.75433711,  19024.8,  15353.9,  709.454201156,  220.770353197,  1573.81
1589.77477174,  18719.9,  15118.1,  709.448884966,  220.772760558,  1574.57
1589.79520628,  18315.6,  14805.8,  709.441750063,  220.77652249,  1574.99
1589.81564072,  18323.6,  14812.4,  709.441489081,  220.776738672,  1574.71
1589.85650979,  19001.4,  15336.4,  709.453126225,  220.77153813,  1574.16
1589.87694442,  19093.1,  15407.5,  709.454122801,  220.769449241,  1573.42
1589.89737896,  19010.6,  15343.8,  709.452612855,  220.769517443,  1573.33
1589.9178134,  18726.0,  15124.1,  709.448597864,  220.772676093,  1571.81
1589.93824803,  18290.0,  14786.4,  709.440253343,  220.776928721,  1572.5
1589.95868257,  18403.0,  14873.9,  709.443203982,  220.776164411,  1573.38
1589.97911701,  18875.5,  15238.8,  709.449659317,  220.771808335,  1573.32
1589.99955164,  19096.6,  15410.1,  709.453913924,  220.769973184,  1572.65
1590.01998618,  19130.5,  15436.8,  709.454352865,  220.769439454,  1571.56
1590.04042072,  18976.9,  15317.4,  709.452826672,  220.770410584,  1573.64
1590.06085526,  18637.8,  15056.0,  709.446238104,  220.773548912,  1570.93
1590.08128979,  18259.1,  14763.0,  709.440960233,  220.777422864,  1572.13
1590.10172443,  18397.2,  14869.7,  709.443191007,  220.776127963,  1571.92
1590.12215887,  18800.5,  15181.4,  709.450282666,  220.771877335,  1571.68
1590.14259341,  19039.2,  15366.3,  709.452969022,  220.770176445,  1571.96
1590.16302804,  19097.7,  15412.3,  709.453420637,  220.769545635,  1569.39
1590.18346258,  18960.6,  15305.6,  709.452081947,  220.771753592,  1571.78
1590.20389702,  18609.1,  15034.3,  709.446189808,  220.773898564,  1571.11
1590.22433166,  18255.0,  14760.2,  709.440349084,  220.778015476,  1571.36
1590.2447662,  18509.2,  14956.4,  709.444642286,  220.774766466,  1572.34
1590.26520064,  18941.2,  15290.8,  709.451887591,  220.772000533,  1569.58
1590.28563528,  19117.5,  15427.4,  709.45414253,  220.769290077,  1571.0
1590.30606981,  19128.2,  15435.8,  709.455148483,  220.769152328,  1570.25
1590.32650445,  18930.0,  15282.7,  709.451922501,  220.771619633,  1571.29
1590.34693889,  18545.3,  14985.2,  709.445174159,  220.774493561,  1570.01
1590.36737343,  18222.9,  14735.9,  709.439401345,  220.778084795,  1570.53
1590.38780807,  18498.4,  14948.9,  709.445019905,  220.775409808,  1569.86
1590.40824251,  18878.7,  15243.1,  709.450602892,  220.77133445,  1569.24
1590.42867705,  19078.9,  15397.9,  709.453866703,  220.769706384,  1570.5
1590.44911159,  19075.2,  15395.0,  709.453926529,  220.769689632,  1571.17
1590.46954613,  18910.4,  15268.0,  709.451030381,  220.770902318,  1569.75
1590.48998077,  18491.7,  14944.1,  709.445238497,  220.775257681,  1569.86
1590.51041521,  18248.9,  14756.1,  709.440769088,  220.777208354,  1569.24
1590.53084975,  18619.1,  15042.5,  709.446645319,  220.774000912,  1570.3
1590.55128439,  18999.7,  15336.9,  709.453412972,  220.770773238,  1569.3
1590.57171883,  19127.4,  15435.7,  709.453980091,  220.769489585,  1569.28
1590.59215337,  19101.2,  15415.9,  709.454550791,  220.77014812,  1568.07
1590.61258801,  18863.2,  15231.6,  709.450171833,  220.771918394,  1570.71
1590.63302245,  18438.8,  14903.3,  709.443721844,  220.776104148,  1568.26
1590.653457,  18247.7,  14756.2,  709.439756064,  220.777555743,  1567.75
1590.67389164,  18600.8,  15028.9,  709.445649865,  220.774128933,  1569.65
1590.69432618,  18942.7,  15293.5,  709.451406783,  220.771651215,  1568.58
1590.71476072,  19091.6,  15408.6,  709.454417927,  220.769844853,  1570.6
1590.73519526,  19048.7,  15375.3,  709.454705957,  220.771123297,  1568.53
1590.7556298,  18865.1,  15233.9,  709.450002037,  220.771483851,  1569.62
1590.77606434,  18377.8,  14856.7,  709.442810804,  220.776034871,  1568.96
1590.79649889,  18297.0,  14794.4,  709.442049022,  220.777772395,  1567.19
1590.81693343,  18744.6,  15140.9,  709.447333556,  220.77264453,  1566.66
1590.83736807,  19047.1,  15374.5,  709.453956121,  220.770470586,  1568.98
1590.85780251,  19149.4,  15453.3,  709.455622483,  220.769872187,  1569.35
1590.87823706,  19066.4,  15389.4,  709.453230371,  220.77116044,  1568.29
1590.8986717,  18785.5,  15172.4,  709.450082655,  220.773055986,  1567.89
1590.91910614,  18352.4,  14837.5,  709.443038513,  220.7768337,  1568.7
1590.93954078,  18285.0,  14785.2,  709.440527236,  220.777458191,  1565.87
1590.95997533,  18689.6,  15098.1,  709.447658663,  220.773223509,  1567.7
1590.98040977,  18978.8,  15317.7,  709.450103737,  220.77158844,  1567.21
1591.00084441,  19100.3,  15413.3,  709.454265691,  220.7700941,  1566.64
