Kepler I.D.-----Channel

[2580872]--------[83]

-TTYPE1--------TTYPE8------------TTYPE4-----------TTYPE15------------TTYPE17-----------TTYPE6

['TIME']---['PDCSAP_FLUX']---['SAP_FLUX']---['MOM_CENTR1']---['MOM_CENTR2']---['SAP_BKG']

['BJD - 2454833']--['e-/s']--------['e-/s']---------['pixel']---------['pixel']----------['e-/s']

CROWDSAP --- 0.9694

2580872

1559.24611741,  15590.2,  12181.7,  705.931712545,  456.982219301,  1183.92
1559.2665518,  15589.9,  12182.2,  705.931259537,  456.98289422,  1182.29
1559.28698629,  15590.9,  12182.9,  705.931163451,  456.98261367,  1183.05
1559.30742058,  15605.6,  12194.0,  705.931044634,  456.982299032,  1183.14
1559.32785497,  15595.1,  12186.8,  705.931021505,  456.983105157,  1181.77
1559.34828946,  15608.4,  12196.4,  705.931464582,  456.982085975,  1182.48
1559.36872375,  15600.0,  12190.8,  705.930867926,  456.983119403,  1182.67
1559.38915825,  15607.3,  12196.5,  705.931643557,  456.983625863,  1182.08
1559.40959264,  15599.8,  12190.6,  705.931539552,  456.983457325,  1182.48
1559.43002703,  15624.7,  12210.4,  705.929843209,  456.983448823,  1182.1
1559.45046142,  15603.2,  12194.1,  705.931387909,  456.982760089,  1181.98
1559.47089581,  15615.0,  12202.9,  705.931209998,  456.984099823,  1180.71
1559.4913302,  15618.6,  12206.4,  705.930740045,  456.983460026,  1181.66
1559.5117646,  15612.3,  12201.4,  705.9309132,  456.983954906,  1181.42
1559.53219899,  15612.6,  12201.9,  705.930059624,  456.984324173,  1180.78
1559.55263338,  15617.5,  12206.5,  705.931020042,  456.984296025,  1179.95
1559.57306778,  15614.8,  12203.9,  705.93058491,  456.984184539,  1180.68
1559.59350217,  15625.4,  12212.4,  705.931700041,  456.983485272,  1179.83
1559.61393656,  15627.5,  12214.5,  705.931202986,  456.984643568,  1179.77
1559.63437096,  15639.2,  12223.1,  705.930667672,  456.985123389,  1179.37
1559.65480535,  15640.5,  12224.9,  705.930211688,  456.98511334,  1180.42
1559.67523985,  15635.1,  12220.5,  705.930618641,  456.985394944,  1178.92
1559.69567414,  15646.0,  12228.9,  705.931033139,  456.984782111,  1179.06
1559.71610854,  15642.2,  12226.8,  705.93033822,  456.985329428,  1178.34
1559.73654303,  15642.9,  12227.0,  705.930965007,  456.985031768,  1178.86
1559.75697733,  15659.6,  12239.7,  705.93024747,  456.984847426,  1178.93
1559.77741182,  15636.7,  12223.2,  705.929347622,  456.985864972,  1179.21
1559.79784622,  15651.2,  12233.2,  705.931111447,  456.985372348,  1177.98
1559.81828051,  15638.4,  12224.3,  705.929662842,  456.986055989,  1179.14
1559.83871501,  15648.7,  12232.6,  705.929779017,  456.98653715,  1178.47
1559.85914941,  15652.3,  12234.6,  705.929804418,  456.985286189,  1177.78
1559.8795837,  15657.0,  12239.1,  705.929346478,  456.986221161,  1177.68
1559.9000182,  15664.5,  12244.6,  705.930117556,  456.985760186,  1177.94
1559.9204526,  15664.8,  12244.9,  705.930002922,  456.986294248,  1177.23
1559.9408871,  15656.2,  12239.0,  705.929949077,  456.986405568,  1176.41
1559.96132139,  15656.2,  12238.3,  705.92929927,  456.986826915,  1177.09
1559.98175579,  15662.6,  12243.4,  705.929832261,  456.987411238,  1175.58
1560.00219029,  15661.5,  12243.3,  705.930611138,  456.986475606,  1176.7
1560.02262459,  15673.7,  12251.8,  705.930586356,  456.987240113,  1176.78
1560.04305899,  15663.8,  12244.6,  705.929742312,  456.986446102,  1177.38
1560.06349349,  15667.4,  12247.9,  705.929903006,  456.985417123,  1176.27
1560.08392779,  15673.7,  12252.2,  705.929686482,  456.987722815,  1176.03
1560.10436228,  15680.4,  12257.9,  705.92943937,  456.987190918,  1176.47
1560.12479668,  15687.5,  12263.2,  705.930211799,  456.98622577,  1175.1
1560.14523098,  15677.0,  12254.8,  705.930103805,  456.987121197,  1175.67
1560.16566548,  15675.5,  12254.6,  705.93004539,  456.987881223,  1176.14
1560.18609988,  15677.5,  12255.5,  705.929833839,  456.987198607,  1176.47
1560.20653419,  15680.2,  12257.6,  705.929055891,  456.987777943,  1175.87
1560.22696869,  15690.6,  12266.0,  705.929299412,  456.987436997,  1175.81
1560.24740309,  15688.5,  12263.8,  705.929985678,  456.986981128,  1175.03
1560.26783739,  15691.8,  12266.7,  705.929594739,  456.988093989,  1175.28
1560.28827189,  15694.4,  12268.9,  705.929832988,  456.987521896,  1175.2
1560.30870629,  15694.5,  12268.6,  705.928909805,  456.986849065,  1175.08
1560.32914069,  15686.0,  12262.8,  705.929606993,  456.988569301,  1175.83
1560.3495751,  15702.9,  12275.1,  705.929233234,  456.988180025,  1175.42
1560.3700095,  15698.4,  12271.6,  705.928937152,  456.988207582,  1174.71
1560.390444,  15709.2,  12280.5,  705.92983785,  456.987476866,  1174.89
1560.4108783,  15700.5,  12273.1,  705.929956722,  456.987892711,  1175.08
1560.43131271,  15705.1,  12277.2,  705.929947839,  456.987182711,  1174.44
1560.45174721,  15699.3,  12273.3,  705.92896237,  456.987697311,  1174.41
1560.47218151,  15708.1,  12279.0,  705.929864385,  456.987693911,  1173.36
1560.49261602,  15703.5,  12276.0,  705.929764903,  456.988405407,  1174.37
1560.51305042,  15711.0,  12281.8,  705.9307291,  456.987873095,  1174.52
1560.53348473,  15711.6,  12281.9,  705.929551392,  456.987871351,  1173.19
1560.55391923,  15714.2,  12284.6,  705.929301055,  456.98782931,  1174.02
1560.57435363,  15723.6,  12291.2,  705.929831223,  456.989176306,  1172.56
1560.59478794,  15711.5,  12282.0,  705.929271936,  456.988709935,  1173.2
1560.61522244,  15714.6,  12285.1,  705.929559262,  456.988489958,  1173.27
1560.63565685,  15723.0,  12290.5,  705.930138268,  456.988503922,  1172.69
1560.65609126,  15708.1,  12279.4,  705.930151297,  456.988077351,  1172.05
1560.67652566,  15716.3,  12286.3,  705.929900111,  456.988486672,  1172.42
1560.69696007,  15726.8,  12293.6,  705.929747409,  456.989351765,  1171.86
1560.73782888,  15725.4,  12293.0,  705.929934118,  456.988313223,  1171.63
1560.75826329,  15732.2,  12297.6,  705.929569795,  456.98842571,  1171.49
1560.77869779,  15718.8,  12287.9,  705.929414217,  456.988902429,  1171.62
1560.7991321,  15719.5,  12287.7,  705.929276231,  456.9881065,  1171.47
1560.81956651,  15741.7,  12304.3,  705.930135048,  456.99002117,  1173.25
1560.84000102,  15746.4,  12308.5,  705.927638389,  456.989119038,  1185.1
1560.96260747,  15756.0,  12315.7,  705.929165172,  456.989857136,  1198.91
1560.98304178,  15730.2,  12296.6,  705.929197944,  456.989378162,  1198.43
1561.00347629,  15740.4,  12304.9,  705.928340332,  456.98923217,  1195.57
1561.0239107,  15753.6,  12314.5,  705.928241344,  456.989169765,  1192.8
1561.04434521,  15734.4,  12299.4,  705.928573655,  456.989271149,  1193.31
1561.06477952,  15760.1,  12319.6,  705.929114954,  456.987693257,  1191.02
1561.08521393,  15759.1,  12318.4,  705.93069823,  456.988808776,  1189.24
1561.10564844,  15750.6,  12312.3,  705.929888199,  456.98939274,  1187.91
1561.12608275,  15753.7,  12315.1,  705.928952324,  456.988971549,  1184.94
1561.14651716,  15748.4,  12310.4,  705.928047313,  456.989944585,  1186.0
1561.16695167,  15754.1,  12314.5,  705.927584237,  456.990201713,  1183.89
1561.18738598,  15764.7,  12322.4,  705.929791659,  456.987495315,  1181.86
1561.20782039,  15757.1,  12316.2,  705.928362324,  456.989235041,  1181.74
1561.22825491,  15739.7,  12304.1,  705.928623695,  456.989746688,  1180.99
1561.24868922,  15752.7,  12313.1,  705.927646214,  456.990436777,  1180.75
1561.26912373,  15749.4,  12310.3,  705.928956026,  456.987538847,  1180.04
1561.28955814,  15746.2,  12308.5,  705.928201956,  456.98849079,  1179.34
1561.30999256,  15758.5,  12317.4,  705.928323002,  456.99020548,  1177.63
1561.33042697,  15747.5,  12309.2,  705.928113654,  456.989445501,  1177.38
1561.35086138,  15749.8,  12311.4,  705.929034727,  456.989980835,  1176.92
1561.3712958,  15744.1,  12306.6,  705.929522283,  456.988916756,  1175.78
1561.39173021,  15814.3,  12359.9,  705.9304945,  456.989274571,  1175.15
1561.41216462,  15771.9,  12328.2,  705.929283887,  456.987833584,  1173.89
1561.43259914,  15745.2,  12307.6,  705.928228202,  456.989843148,  1173.66
1561.45303345,  15740.3,  12304.2,  705.928086748,  456.988900404,  1172.59
1561.47346787,  15747.7,  12309.4,  705.9290741,  456.989822664,  1171.83
1561.49390228,  15751.5,  12312.6,  705.929063812,  456.989352092,  1171.8
1561.5143367,  15750.7,  12312.6,  705.929071912,  456.990738591,  1171.17
1561.53477111,  15767.3,  12324.0,  705.928448679,  456.98925551,  1171.53
1561.55520563,  15759.2,  12318.5,  705.929365565,  456.989795756,  1171.34
1561.57563994,  15752.3,  12313.1,  705.92917127,  456.989149337,  1170.18
1561.59607436,  15766.1,  12323.6,  705.928418881,  456.989995003,  1169.93
1561.61650888,  15745.5,  12308.5,  705.927657286,  456.990004094,  1169.54
1561.63694319,  15750.4,  12311.9,  705.927903886,  456.990086954,  1168.59
1561.65737771,  15750.5,  12311.6,  705.929021779,  456.990270643,  1169.53
1561.67781213,  15755.5,  12316.1,  705.927953013,  456.990391441,  1168.54
1561.69824644,  15748.4,  12310.3,  705.929525659,  456.990098104,  1168.09
1561.71868096,  15750.7,  12312.3,  705.928591779,  456.990477858,  1167.17
1561.73911538,  15756.4,  12317.1,  705.928490261,  456.990328595,  1169.04
1561.7595497,  15748.6,  12310.7,  705.928063148,  456.989247722,  1167.0
1561.77998422,  15743.4,  12307.2,  705.928882766,  456.990573407,  1165.96
1561.80041863,  15744.0,  12308.1,  705.927850689,  456.989891448,  1166.84
1561.82085315,  15750.0,  12311.9,  705.927465013,  456.990607824,  1167.44
1561.84128747,  15743.3,  12307.5,  705.928453727,  456.990994118,  1167.28
1561.86172189,  15755.1,  12315.9,  705.929246404,  456.990401004,  1165.29
1561.88215641,  15743.7,  12307.4,  705.928200593,  456.989442184,  1166.06
1561.90259073,  15759.4,  12319.6,  705.92899442,  456.98992061,  1166.49
1561.92302515,  15757.4,  12317.6,  705.928673465,  456.990747017,  1166.05
1561.94345967,  15755.3,  12316.2,  705.928399144,  456.989475411,  1166.16
1561.96389399,  15742.2,  12307.2,  705.927816325,  456.991250145,  1165.35
1561.98432841,  15781.9,  12336.4,  705.927630496,  456.989935812,  1164.07
1562.00476293,  15733.6,  12300.3,  705.927370014,  456.990088541,  1165.13
1562.02519735,  15732.5,  12299.7,  705.927901433,  456.990163585,  1164.65
1562.04563177,  15733.7,  12299.9,  705.928321222,  456.991305205,  1163.96
1562.06606619,  15734.8,  12301.3,  705.928435433,  456.990423309,  1164.55
1562.08650051,  15740.1,  12305.4,  705.928104022,  456.991141368,  1165.57
1562.10693503,  15746.9,  12310.0,  705.929006414,  456.990497635,  1162.9
1562.12736946,  15722.4,  12292.3,  705.927461817,  456.990636041,  1163.53
1562.14780378,  15733.5,  12300.2,  705.928225782,  456.99087838,  1162.4
1562.1682383,  15741.0,  12305.9,  705.926572104,  456.990865936,  1164.12
1562.18867272,  15727.0,  12295.9,  705.92754474,  456.990882805,  1163.19
1562.20910725,  15726.3,  12294.6,  705.927738469,  456.991047942,  1162.33
1562.22954157,  15728.3,  12296.4,  705.9277877,  456.991166754,  1163.43
1562.24997599,  15722.3,  12292.2,  705.928034432,  456.990767692,  1161.87
1562.27041052,  15724.0,  12292.8,  705.927855218,  456.990948736,  1161.75
1562.29084484,  15717.0,  12288.2,  705.926811481,  456.991064398,  1161.7
1562.31127926,  15729.6,  12297.8,  705.927882085,  456.991164119,  1162.09
1562.33171379,  15723.4,  12292.6,  705.927296205,  456.991266955,  1162.04
1562.35214811,  15718.6,  12289.6,  705.927397707,  456.991455054,  1160.79
1562.37258264,  15724.1,  12293.3,  705.928367527,  456.990728805,  1161.41
1562.39301706,  15708.4,  12281.6,  705.928053618,  456.991380684,  1160.73
1562.41345139,  15717.9,  12289.4,  705.926612881,  456.991133047,  1160.59
1562.43388591,  15712.4,  12284.3,  705.927329492,  456.991276334,  1160.41
1562.45432034,  15713.7,  12285.5,  705.927047808,  456.991164176,  1159.74
1562.47475466,  15721.5,  12292.0,  705.927246714,  456.991432973,  1159.88
1562.49518919,  15704.2,  12278.2,  705.927785379,  456.990431266,  1159.43
1562.51562361,  15688.4,  12266.9,  705.926533919,  456.991186474,  1159.98
1562.53605804,  15697.9,  12273.7,  705.927797841,  456.991601421,  1159.52
1562.55649247,  15704.9,  12279.0,  705.926984632,  456.991375873,  1159.26
1562.57692689,  15689.8,  12268.1,  705.927226984,  456.991424852,  1158.66
1562.59736142,  15691.7,  12269.1,  705.927516147,  456.991679164,  1159.36
1562.61779575,  15682.2,  12261.8,  705.926720492,  456.991112494,  1158.75
1562.63823018,  15697.4,  12274.0,  705.927094601,  456.991245648,  1157.17
1562.6586647,  15694.3,  12270.9,  705.927483134,  456.990100709,  1158.36
1562.67909913,  15695.1,  12272.0,  705.927319684,  456.990724852,  1158.18
1562.69953346,  15695.1,  12272.4,  705.927376302,  456.991329115,  1157.62
1562.71996799,  15694.5,  12271.3,  705.92734845,  456.992319019,  1158.47
1562.74040232,  15681.9,  12262.2,  705.926258092,  456.99215707,  1158.06
1562.76083684,  15675.5,  12257.0,  705.927846931,  456.991309158,  1158.21
1562.78127127,  15679.2,  12259.8,  705.926345385,  456.991246178,  1156.48
1562.8017056,  15673.6,  12256.1,  705.926280104,  456.991413562,  1157.34
1562.82214013,  15674.4,  12256.1,  705.926528115,  456.991625076,  1157.91
1562.84257456,  15671.6,  12254.3,  705.926212385,  456.99118919,  1157.39
1562.86300889,  15646.3,  12235.6,  705.925916118,  456.991657737,  1156.49
1562.88344342,  15423.8,  12066.1,  705.92532611,  456.988904578,  1156.35
1562.90387785,  14916.3,  11681.8,  705.919351324,  456.985552968,  1157.42
1562.92431218,  14211.2,  11147.0,  705.914272341,  456.980116511,  1156.98
1562.94474671,  13458.7,  10575.8,  705.906565564,  456.971501477,  1156.97
1562.96518114,  12649.8,  9963.34,  705.897566542,  456.963168588,  1156.79
1562.98561567,  11943.8,  9427.23,  705.889779524,  456.954649001,  1156.77
1563.00605001,  11462.4,  9061.97,  705.883783619,  456.948545429,  1157.77
1563.02648444,  11336.2,  8967.07,  705.881725574,  456.946335492,  1157.29
1563.04691897,  11581.7,  9152.57,  705.886147361,  456.949684559,  1155.51
1563.0673533,  12153.7,  9586.95,  705.892389655,  456.958154136,  1155.11
1563.08778773,  12869.3,  10129.9,  705.900087687,  456.966941177,  1156.31
1563.10822227,  13676.6,  10741.6,  705.908292974,  456.974286995,  1155.03
1563.1286566,  14452.1,  11330.0,  705.916082404,  456.983010553,  1154.98
1563.14909113,  15102.9,  11823.2,  705.923541357,  456.988231023,  1155.41
1563.16952556,  15533.8,  12150.0,  705.924985969,  456.99057969,  1156.94
1563.18996,  15642.6,  12232.9,  705.927055974,  456.99219366,  1157.95
1563.21039443,  15629.2,  12222.4,  705.925876706,  456.991969639,  1160.18
1563.23082886,  15656.1,  12242.9,  705.925537799,  456.992547509,  1160.39
1563.2512633,  15626.2,  12220.6,  705.925466539,  456.992021407,  1160.06
1563.27169773,  15619.0,  12214.6,  705.925811514,  456.992115212,  1159.68
1563.29213217,  15616.5,  12213.1,  705.925638162,  456.992092495,  1161.03
1563.3125666,  15617.3,  12214.2,  705.92514109,  456.99237004,  1162.11
1563.33300114,  15614.6,  12211.4,  705.926098215,  456.992257461,  1163.73
1563.35343547,  15612.4,  12210.2,  705.925780802,  456.991412673,  1163.62
1563.37386991,  15607.9,  12206.6,  705.925489387,  456.992434776,  1165.02
1563.39430434,  15605.8,  12204.9,  705.92463445,  456.992115571,  1164.91
1563.41473878,  15603.2,  12203.3,  705.925624436,  456.991521134,  1162.66
1563.43517331,  15622.3,  12217.2,  705.925243295,  456.992310212,  1163.64
1563.45560765,  15599.3,  12200.0,  705.925561141,  456.991245628,  1163.88
1563.47604209,  15597.8,  12199.3,  705.925001969,  456.991926474,  1164.37
1563.49647662,  15588.3,  12191.6,  705.925670332,  456.992420975,  1162.25
1563.51691096,  15599.6,  12200.3,  705.92543091,  456.991562188,  1160.38
1563.5373455,  15597.6,  12199.2,  705.924701751,  456.99155315,  1159.65
1563.55777993,  15583.8,  12188.2,  705.925235105,  456.992003205,  1159.32
1563.57821427,  15582.0,  12187.2,  705.92587072,  456.992193297,  1158.73
1563.59864881,  15579.9,  12185.7,  705.925214235,  456.992607606,  1158.7
1563.61908325,  15578.7,  12184.2,  705.925139519,  456.991873675,  1158.24
1563.63951758,  15580.2,  12186.4,  705.925564169,  456.992081198,  1156.9
1563.65995212,  15565.1,  12174.4,  705.925527103,  456.991722647,  1156.71
1563.68038656,  15569.1,  12177.5,  705.925552166,  456.992118318,  1157.37
1563.72125544,  15568.9,  12176.3,  705.924640386,  456.992818262,  1155.62
1563.74168988,  15584.0,  12188.3,  705.92463869,  456.992481497,  1155.83
1563.76212442,  15563.0,  12172.6,  705.925042937,  456.991811027,  1155.02
1563.78255876,  15578.1,  12183.1,  705.924816911,  456.990969499,  1155.1
1563.8029932,  15571.1,  12178.1,  705.924367807,  456.991826937,  1154.83
1563.82342774,  15557.6,  12168.0,  705.924285109,  456.992338805,  1156.04
1563.84386218,  15555.4,  12165.8,  705.924966309,  456.991659026,  1155.51
1563.86429652,  15567.9,  12175.8,  705.924034574,  456.992235815,  1155.43
1563.88473106,  15561.6,  12170.6,  705.924854485,  456.991247655,  1155.85
1563.9051655,  15550.9,  12162.6,  705.924658422,  456.991450467,  1155.6
1563.92559994,  15548.5,  12160.9,  705.924737331,  456.991687822,  1155.75
1563.94603438,  15550.5,  12161.9,  705.924549483,  456.9926056,  1154.58
1563.96646882,  15539.7,  12154.0,  705.924628988,  456.991752934,  1155.78
1563.98690326,  15543.3,  12156.8,  705.924800921,  456.992086423,  1154.23
1564.0073377,  15529.3,  12145.5,  705.924204114,  456.991045559,  1155.87
1564.02777215,  15547.0,  12159.7,  705.925259473,  456.991804984,  1155.22
1564.04820659,  15543.6,  12156.9,  705.924525303,  456.992447859,  1155.25
1564.06864103,  15538.2,  12152.3,  705.925307156,  456.991896719,  1154.34
1564.08907557,  15533.3,  12149.2,  705.923791253,  456.991777901,  1154.37
1564.10950992,  15525.4,  12142.7,  705.924098706,  456.992771589,  1155.08
1564.12994436,  15533.5,  12148.9,  705.924471705,  456.9926585,  1154.65
1564.1503789,  15516.2,  12136.3,  705.924128984,  456.991498962,  1154.53
1564.17081325,  15529.0,  12145.2,  705.924838675,  456.991812376,  1154.43
1564.19124769,  15518.7,  12137.8,  705.924498653,  456.991621582,  1153.86
1564.21168223,  15527.8,  12144.9,  705.9244356,  456.992324339,  1152.21
1564.23211658,  15526.1,  12142.9,  705.923702162,  456.992017897,  1152.16
1564.25255102,  15508.6,  12130.4,  705.923784865,  456.991987702,  1152.26
1564.27298557,  15509.4,  12130.7,  705.924543364,  456.992429446,  1152.9
1564.29341991,  15507.2,  12128.9,  705.923933006,  456.991968139,  1152.09
1564.31385446,  15528.4,  12145.4,  705.923647599,  456.992750009,  1150.34
1564.3342889,  15510.2,  12131.2,  705.923137368,  456.992414895,  1151.6
1564.35472325,  15513.4,  12133.7,  705.923755845,  456.992129825,  1149.75
1564.37515779,  15510.6,  12132.1,  705.923865545,  456.991469563,  1150.89
1564.39559224,  15506.0,  12128.1,  705.923954391,  456.992147344,  1150.47
1564.41602668,  15501.3,  12124.9,  705.923549715,  456.992178525,  1148.95
1564.43646113,  15491.9,  12117.7,  705.923759093,  456.992170167,  1150.31
1564.45689558,  15501.2,  12124.4,  705.92322834,  456.992338468,  1150.92
1564.47733012,  15503.5,  12126.5,  705.922923975,  456.992010078,  1149.97
1564.49776457,  15505.2,  12127.8,  705.923923635,  456.992099844,  1149.17
1564.51819892,  15502.4,  12125.3,  705.923450538,  456.9920153,  1149.6
1564.53863347,  15501.1,  12124.7,  705.925235363,  456.992975922,  1148.15
1564.55906791,  15502.3,  12125.3,  705.924302776,  456.992349447,  1146.9
1564.57950226,  15499.2,  12123.1,  705.923484203,  456.992388982,  1146.36
1564.59993681,  15492.7,  12118.6,  705.923405428,  456.992444327,  1145.87
1564.62037126,  15494.1,  12119.1,  705.923351093,  456.991984067,  1145.03
1564.64080561,  15499.0,  12123.1,  705.923665491,  456.992818016,  1144.58
1564.66124015,  15494.9,  12120.5,  705.922723005,  456.993053509,  1144.51
1564.6816745,  15482.5,  12110.5,  705.924151096,  456.993216874,  1144.9
1564.70210905,  15481.9,  12110.5,  705.922213185,  456.991922034,  1145.06
1564.7225435,  15494.8,  12120.2,  705.922866791,  456.991854847,  1144.54
1564.74297785,  15489.6,  12116.1,  705.922862793,  456.992554299,  1143.88
1564.7634124,  15477.3,  12107.4,  705.92281839,  456.992843687,  1143.63
1564.78384685,  15482.6,  12111.1,  705.923766542,  456.99359654,  1142.57
1564.8042812,  15482.8,  12110.9,  705.922810977,  456.992037556,  1143.6
1564.82471575,  15481.7,  12110.8,  705.922774328,  456.991866206,  1143.01
1564.8451502,  15480.9,  12109.4,  705.923520715,  456.992706525,  1143.23
1564.86558475,  15494.2,  12120.2,  705.923161466,  456.993230311,  1141.72
1564.8860191,  15471.5,  12103.2,  705.923320845,  456.992512398,  1142.91
1564.90645355,  15481.4,  12109.9,  705.923623495,  456.992974196,  1141.67
1564.9268881,  15477.9,  12107.9,  705.923212766,  456.993273638,  1142.27
1564.94732246,  15478.2,  12108.2,  705.923794484,  456.993117763,  1141.62
1564.96775691,  15470.4,  12101.8,  705.922763697,  456.993178379,  1142.85
1564.98819146,  15477.4,  12107.6,  705.921573728,  456.993978084,  1142.37
1565.00862581,  15469.8,  12101.5,  705.922261169,  456.993334113,  1141.94
1565.02906026,  15483.9,  12112.5,  705.922503301,  456.993638992,  1141.28
1565.04949482,  15456.5,  12092.1,  705.923066194,  456.994082821,  1141.85
1565.06992927,  15469.2,  12101.2,  705.922085481,  456.992945306,  1141.19
1565.09036372,  15460.8,  12095.5,  705.922266517,  456.992630671,  1140.62
1565.11079817,  15468.8,  12101.4,  705.92119334,  456.992907044,  1141.69
1565.13123263,  15469.0,  12101.0,  705.922082041,  456.993008375,  1141.81
1565.15166708,  15470.2,  12102.8,  705.922477945,  456.993264377,  1141.54
1565.17210154,  15470.0,  12102.2,  705.922373461,  456.993379082,  1141.43
1565.19253599,  15467.8,  12100.3,  705.922330407,  456.994114241,  1141.32
1565.21297054,  15470.5,  12103.2,  705.922056606,  456.993650814,  1140.37
1565.2334049,  15466.9,  12100.0,  705.921677037,  456.993487911,  1140.95
1565.25383945,  15464.5,  12098.0,  705.922625848,  456.994098084,  1141.22
1565.27427391,  15456.1,  12092.1,  705.922941542,  456.993594837,  1140.59
1565.29470826,  15468.0,  12100.9,  705.92193432,  456.99401093,  1139.64
1565.31514282,  15460.3,  12095.1,  705.92197206,  456.993223038,  1140.86
1565.33557717,  15470.0,  12102.7,  705.922005377,  456.993832873,  1139.55
1565.35601163,  15451.6,  12088.3,  705.922221844,  456.993808251,  1140.0
1565.37644618,  15456.8,  12093.1,  705.92229021,  456.993745054,  1139.73
1565.39688054,  15466.4,  12099.8,  705.922436548,  456.993987126,  1139.58
1565.417315,  15461.1,  12095.8,  705.922063517,  456.992518756,  1141.11
1565.43774955,  15463.0,  12097.6,  705.921764296,  456.994277341,  1141.03
1565.45818391,  15456.8,  12092.3,  705.922309259,  456.993616057,  1140.89
1565.47861847,  15462.7,  12096.9,  705.922017812,  456.993516127,  1140.7
1565.49905292,  15457.8,  12093.6,  705.921773038,  456.9941389,  1139.59
1565.51948728,  15467.1,  12100.2,  705.922307056,  456.993727101,  1140.77
1565.53992184,  15455.8,  12092.2,  705.921712855,  456.99369236,  1140.61
1565.5603563,  15460.1,  12095.3,  705.921104617,  456.9942237,  1138.85
1565.58079075,  15451.5,  12088.5,  705.922093441,  456.993929947,  1139.35
1565.60122521,  15462.3,  12097.4,  705.921779572,  456.993759549,  1139.42
1565.62165967,  15457.7,  12093.3,  705.921014168,  456.994342433,  1137.72
1565.64209423,  15461.1,  12096.0,  705.922038025,  456.994682737,  1138.82
1565.66252859,  15461.3,  12096.7,  705.921336531,  456.99396903,  1138.47
1565.68296305,  15466.8,  12100.2,  705.922087121,  456.994363,  1138.4
1565.7033976,  15466.2,  12100.2,  705.922694935,  456.994093321,  1137.89
1565.72383206,  15449.1,  12087.4,  705.921463347,  456.993829016,  1139.11
1565.74426642,  15461.3,  12095.9,  705.921885124,  456.994065844,  1138.53
1565.76470098,  15468.8,  12102.1,  705.920893899,  456.993670688,  1137.28
1565.78513544,  15456.3,  12092.7,  705.922114419,  456.99414013,  1137.36
1565.8055699,  15457.3,  12093.1,  705.921496055,  456.99416507,  1137.2
1565.82600436,  15452.2,  12089.8,  705.922361708,  456.994770932,  1137.12
1565.84643882,  15467.1,  12100.8,  705.920991658,  456.994437493,  1136.96
1565.86687338,  15459.9,  12095.1,  705.92156785,  456.994157287,  1136.43
1565.88730774,  15457.0,  12093.6,  705.921041563,  456.995163814,  1135.93
1565.90774221,  15451.2,  12088.5,  705.921531305,  456.994322887,  1136.26
1565.92817677,  15451.0,  12088.8,  705.921822311,  456.994457475,  1135.6
1565.94861113,  15461.0,  12096.5,  705.922043532,  456.99480416,  1135.75
1565.96904559,  15468.1,  12101.5,  705.921634938,  456.99513223,  1135.78
1565.98948005,  15468.0,  12101.9,  705.920873144,  456.994680151,  1135.1
1566.00991451,  15463.1,  12097.9,  705.921436809,  456.995071142,  1134.56
1566.03034908,  15455.5,  12091.7,  705.921942623,  456.995016384,  1135.63
1566.05078344,  15462.9,  12098.2,  705.921203169,  456.995626127,  1134.22
1566.0712179,  15456.7,  12093.0,  705.921038444,  456.994649677,  1134.41
1566.09165246,  15462.4,  12097.3,  705.921193294,  456.994350703,  1134.51
1566.11208683,  15447.2,  12086.3,  705.921215508,  456.994845359,  1134.8
1566.13252129,  15453.5,  12090.6,  705.921091676,  456.994220708,  1134.24
1566.15295585,  15448.7,  12087.3,  705.921589482,  456.994496248,  1133.76
1566.17339022,  15454.1,  12091.6,  705.921224092,  456.994539884,  1133.97
1566.19382478,  15456.4,  12092.9,  705.920818652,  456.994877021,  1133.91
1566.21425925,  15455.4,  12092.7,  705.921134832,  456.995335742,  1133.34
1566.23469361,  15460.2,  12096.0,  705.921820475,  456.995195712,  1132.63
1566.25512817,  15457.0,  12093.4,  705.921055448,  456.994897301,  1133.38
1566.27556264,  15453.4,  12091.2,  705.921453749,  456.995765622,  1134.06
1566.2959971,  15471.9,  12104.6,  705.920572251,  456.9954245,  1132.57
1566.31643157,  15458.2,  12094.3,  705.921001542,  456.995825459,  1132.99
1566.33686603,  15459.2,  12095.6,  705.921682283,  456.995286764,  1132.18
1566.3573005,  15447.9,  12086.2,  705.920749779,  456.995563078,  1131.49
1566.37773507,  15445.4,  12084.8,  705.921219867,  456.99538579,  1131.85
1566.39816943,  15444.8,  12084.5,  705.920646038,  456.995813919,  1132.2
1566.418604,  15449.0,  12087.1,  705.920905328,  456.995350864,  1132.31
1566.43903846,  15453.0,  12090.7,  705.921504303,  456.995807412,  1132.43
1566.45947283,  15454.6,  12091.7,  705.921284261,  456.994615797,  1131.37
1566.4799074,  15441.2,  12081.1,  705.921093773,  456.995193644,  1130.59
1566.50034186,  15440.3,  12081.4,  705.92109079,  456.996256223,  1130.97
1566.52077623,  15451.3,  12089.0,  705.920593601,  456.995765369,  1130.37
1566.5412108,  15455.4,  12092.4,  705.920881428,  456.99537283,  1130.1
1566.56164527,  15446.8,  12086.2,  705.920258453,  456.995486788,  1129.65
1566.58207973,  15451.7,  12089.3,  705.922077303,  456.996325714,  1131.03
1566.6025142,  15451.5,  12089.5,  705.921167878,  456.994921137,  1131.25
1566.62294857,  15443.1,  12083.3,  705.921374027,  456.995608091,  1130.74
1566.64338314,  15445.1,  12083.9,  705.920981571,  456.996006398,  1130.48
1566.66381761,  15451.7,  12089.9,  705.921315123,  456.996619998,  1131.0
1566.70468654,  15452.3,  12089.6,  705.920736627,  456.995247028,  1130.74
1566.72512101,  15440.7,  12081.4,  705.921160349,  456.995969681,  1128.48
1566.74555548,  15447.0,  12085.3,  705.921186823,  456.995300793,  1129.71
1566.76598995,  15441.4,  12081.1,  705.920150152,  456.996055773,  1128.28
1566.78642442,  15451.6,  12089.2,  705.91985158,  456.995961019,  1128.76
1566.80685899,  15445.8,  12083.8,  705.920640372,  456.99557203,  1128.9
1566.82729336,  15453.5,  12090.3,  705.920871225,  456.996452709,  1128.48
1566.84772783,  15450.4,  12087.8,  705.920840996,  456.996081148,  1128.58
1566.8681624,  15439.1,  12078.9,  705.919839252,  456.996556852,  1128.57
1566.88859687,  15436.9,  12077.6,  705.920885299,  456.99550376,  1128.9
1566.90903124,  15441.9,  12081.1,  705.920634114,  456.996795832,  1128.38
1566.92946581,  15440.9,  12080.1,  705.920528211,  456.994881344,  1127.39
1566.94990029,  15448.6,  12086.4,  705.920705912,  456.995192294,  1128.45
1566.97033476,  15431.1,  12072.4,  705.920818289,  456.994845059,  1127.83
1566.99076923,  15437.5,  12077.6,  705.920886716,  456.995302211,  1127.35
1567.0112037,  15438.2,  12078.3,  705.92047965,  456.99665445,  1126.74
1567.03163817,  15437.9,  12077.6,  705.920098097,  456.99656229,  1127.94
1567.05207264,  15436.4,  12076.9,  705.920499171,  456.996296253,  1127.09
1567.07250712,  15433.0,  12074.3,  705.920465415,  456.994955131,  1126.62
1567.09294169,  15435.0,  12075.1,  705.92063895,  456.99526908,  1127.16
1567.11337606,  15427.5,  12070.2,  705.920033726,  456.996865914,  1126.75
1567.13381064,  15426.9,  12069.1,  705.920097559,  456.996479025,  1127.66
1567.15424511,  15427.1,  12069.4,  705.920317683,  456.99572901,  1126.69
1567.17467948,  15428.1,  12070.7,  705.920904455,  456.996042299,  1125.91
1567.19511406,  15430.7,  12072.4,  705.919658762,  456.995153804,  1126.06
1567.21554853,  15434.6,  12075.5,  705.91933373,  456.995800715,  1126.13
1567.2359829,  15425.6,  12068.6,  705.920413896,  456.995948538,  1125.95
1567.25641748,  15421.3,  12065.0,  705.919640853,  456.995884264,  1125.32
1567.27685185,  15426.8,  12069.5,  705.920933585,  456.99608853,  1126.34
1567.29728633,  15432.2,  12073.4,  705.920535614,  456.995604378,  1125.34
1567.3177209,  15420.5,  12064.4,  705.920709162,  456.995791149,  1126.6
1567.33815528,  15425.1,  12068.6,  705.920574604,  456.99626722,  1125.57
1567.35858985,  15423.5,  12066.6,  705.919991095,  456.995862906,  1125.66
1567.37902433,  15430.1,  12071.7,  705.919426777,  456.996171168,  1125.14
1567.3994587,  15424.7,  12068.2,  705.919281297,  456.995436901,  1126.1
1567.41989328,  15416.7,  12061.3,  705.919850576,  456.995342571,  1125.2
1567.44032775,  15420.1,  12064.5,  705.919894139,  456.99594392,  1125.3
1567.46076223,  15416.2,  12061.6,  705.919258975,  456.996389024,  1124.89
1567.48119671,  15421.0,  12064.5,  705.91981959,  456.996053624,  1125.21
1567.50163118,  15412.3,  12058.5,  705.920564287,  456.996121608,  1125.38
1567.52206576,  15415.3,  12061.0,  705.920587947,  456.995838914,  1130.88
1567.54250014,  15419.4,  12063.5,  705.919960133,  456.996340271,  1124.75
1567.56293461,  15417.4,  12062.7,  705.920247613,  456.995730389,  1124.02
1567.58336919,  15411.0,  12057.4,  705.919555143,  456.996210995,  1124.5
1567.60380367,  15412.1,  12058.0,  705.919666723,  456.996460955,  1124.7
1567.62423805,  15423.0,  12066.8,  705.920462231,  456.995577628,  1124.48
1567.64467262,  15411.9,  12057.9,  705.919525284,  456.996062971,  1124.31
1567.6651071,  15413.4,  12059.2,  705.919836827,  456.99597934,  1124.27
1567.68554148,  15414.6,  12060.6,  705.919299255,  456.996490295,  1122.45
1567.70597606,  15410.1,  12056.8,  705.918511813,  456.995543531,  1124.28
1567.72641054,  15398.7,  12048.7,  705.920535983,  456.996654143,  1123.66
1567.74684512,  15401.6,  12050.4,  705.918679444,  456.996510874,  1123.36
1567.76727949,  15409.1,  12056.2,  705.919604224,  456.997164517,  1123.16
1567.78771397,  15401.2,  12050.8,  705.918924742,  456.996325288,  1123.61
1567.80814855,  15391.5,  12043.0,  705.918406736,  456.996717276,  1122.95
1567.82858293,  15396.8,  12047.0,  705.920380557,  456.997673356,  1123.28
1567.84901741,  15396.1,  12047.1,  705.918285492,  456.996433428,  1122.63
1567.86945199,  15405.0,  12053.2,  705.919047689,  456.997228765,  1122.98
1567.88988637,  15395.3,  12046.1,  705.919037464,  456.996577021,  1122.37
1567.91032095,  15389.8,  12042.3,  705.919299264,  456.996586512,  1122.08
1567.93075533,  15399.8,  12049.0,  705.919286845,  456.996830507,  1122.67
1567.95118981,  15391.4,  12043.4,  705.919403828,  456.995880352,  1122.62
1567.9716244,  15393.6,  12045.0,  705.919050864,  456.996519589,  1121.79
1567.99205878,  15398.3,  12048.3,  705.917976177,  456.997083073,  1121.98
1568.01249326,  15395.0,  12046.6,  705.918346723,  456.996661245,  1121.45
1568.03292784,  15383.0,  12036.8,  705.91972779,  456.997246711,  1121.92
1568.05336222,  15394.6,  12045.7,  705.919196991,  456.997099093,  1120.54
1568.0737967,  15384.1,  12038.0,  705.918647507,  456.996880001,  1121.56
1568.09423128,  15394.3,  12045.2,  705.91864067,  456.997500504,  1121.08
1568.11466577,  15395.9,  12046.8,  705.919015654,  456.996313087,  1121.02
1568.13510025,  15383.1,  12037.4,  705.91947578,  456.997963269,  1121.27
1568.15553473,  15392.4,  12043.8,  705.918364594,  456.996961324,  1121.36
1568.17596921,  15388.4,  12041.3,  705.918557755,  456.996886318,  1121.71
1568.1964037,  15378.9,  12033.9,  705.918540798,  456.99717845,  1121.8
1568.21683818,  15382.4,  12036.5,  705.919700824,  456.997216709,  1121.02
1568.23727266,  15371.1,  12028.5,  705.918954796,  456.997884463,  1121.67
1568.25770725,  15384.1,  12037.7,  705.918843035,  456.997981069,  1120.4
1568.27814163,  15379.9,  12034.6,  705.918644598,  456.997386937,  1119.96
1568.29857622,  15372.1,  12029.1,  705.918897871,  456.997333029,  1120.43
1568.3190107,  15376.8,  12032.2,  705.918467842,  456.996583682,  1119.31
1568.33944508,  15382.7,  12037.2,  705.918375659,  456.997721791,  1120.07
1568.35987967,  15372.8,  12029.8,  705.919163216,  456.997662706,  1119.8
1568.38031415,  15375.6,  12031.1,  705.918687272,  456.997366383,  1120.56
1568.40074854,  15375.4,  12031.8,  705.918492426,  456.998452932,  1119.94
1568.42118312,  15367.4,  12025.3,  705.919444627,  456.99678435,  1119.13
1568.44161761,  15373.5,  12029.8,  705.918455529,  456.997700485,  1119.57
1568.46205199,  15372.2,  12029.4,  705.91893482,  456.997503796,  1119.4
1568.48248658,  15366.2,  12024.3,  705.917927959,  456.997691117,  1120.0
1568.50292107,  15360.4,  12019.9,  705.91784095,  456.997791299,  1119.93
1568.52335565,  15373.9,  12030.9,  705.918100273,  456.997010982,  1119.07
1568.54379004,  15372.3,  12028.7,  705.919142545,  456.99792705,  1118.37
1568.56422442,  15366.6,  12024.7,  705.917814709,  456.997426537,  1119.26
1568.58465901,  15369.5,  12027.3,  705.91875569,  456.997419252,  1118.13
1568.6050935,  15352.1,  12013.5,  705.91876923,  456.997392275,  1119.89
1568.62552798,  15367.7,  12026.1,  705.918263529,  456.997360031,  1118.46
1568.64596247,  15356.7,  12017.6,  705.918018485,  456.998564996,  1118.09
1568.66639696,  15357.1,  12017.4,  705.917508908,  456.998048444,  1118.81
1568.68683155,  15349.4,  12012.4,  705.91787406,  456.996978025,  1118.41
1568.70726593,  15358.7,  12018.5,  705.918141806,  456.997442837,  1119.49
1568.72770042,  15365.4,  12024.0,  705.919085679,  456.99828068,  1118.49
1568.74813501,  15353.9,  12015.5,  705.918023321,  456.998586441,  1118.52
1568.7685695,  15354.5,  12015.4,  705.918325513,  456.997928123,  1117.14
1568.78900389,  15357.5,  12018.2,  705.918089812,  456.997769009,  1118.54
1568.80943847,  15356.0,  12017.3,  705.917734742,  456.998102037,  1117.99
1568.82987296,  15350.8,  12012.5,  705.917315126,  456.996774929,  1117.58
1568.85030745,  15349.5,  12012.2,  705.917836634,  456.998280325,  1118.79
1568.87074194,  15354.5,  12015.7,  705.918823425,  456.997688264,  1118.3
1568.89117643,  15344.3,  12007.8,  705.918149895,  456.998291434,  1118.52
1568.91161102,  15357.3,  12018.3,  705.917001523,  456.998358371,  1118.2
1568.93204541,  15351.7,  12013.7,  705.918028457,  456.998149773,  1118.02
1568.9524799,  15357.0,  12017.7,  705.918735574,  456.996777296,  1126.41
1568.97291449,  15348.3,  12011.8,  705.917391093,  456.996800638,  1119.09
1568.99334888,  15353.9,  12015.4,  705.917292172,  456.997871606,  1118.84
1569.01378337,  15351.9,  12014.2,  705.917806055,  456.998128378,  1117.91
1569.03421796,  15351.1,  12013.5,  705.919543871,  456.997920598,  1118.61
1569.05465235,  15351.0,  12012.9,  705.917623918,  456.998013145,  1117.66
1569.07508694,  15358.7,  12019.3,  705.918440314,  456.99832182,  1118.85
1569.09552144,  15357.8,  12018.6,  705.91776132,  456.998631693,  1119.66
1569.11595583,  15345.2,  12008.7,  705.917754939,  456.99830993,  1120.66
1569.13639042,  15351.8,  12014.3,  705.918620635,  456.998552834,  1121.79
1569.15682491,  15345.9,  12009.4,  705.916851914,  456.998071218,  1122.44
1569.1772593,  15343.0,  12007.2,  705.917144477,  456.999198559,  1121.64
1569.19769389,  15341.2,  12006.3,  705.917849976,  456.998052002,  1120.22
1569.21812829,  15344.6,  12008.0,  705.917425398,  456.997352618,  1121.79
1569.23856288,  15337.0,  12003.1,  705.917849269,  456.998683798,  1122.05
1569.25899737,  15328.2,  11996.2,  705.917975807,  456.998159068,  1122.58
1569.27943176,  15338.8,  12003.8,  705.917468108,  456.998560628,  1122.61
1569.29986636,  15340.9,  12006.2,  705.917442657,  456.998793117,  1122.43
1569.32030085,  15338.3,  12003.5,  705.916500187,  456.998815311,  1122.5
1569.34073534,  15341.0,  12005.9,  705.917524148,  456.998403151,  1121.91
1569.36116984,  15335.8,  12002.6,  705.917499596,  456.999008774,  1121.51
1569.38160433,  15350.5,  12012.5,  705.917536704,  456.998813819,  1122.78
1569.40203883,  15339.0,  12004.1,  705.916897089,  456.998229074,  1122.63
1569.42247332,  15335.1,  12001.4,  705.917438275,  456.998433199,  1121.69
1569.44290781,  15334.3,  12000.2,  705.917236887,  456.99852759,  1121.26
1569.46334241,  15350.1,  12013.0,  705.917991983,  456.997865985,  1120.31
1569.4837769,  15339.0,  12004.2,  705.917919844,  456.999460121,  1119.82
1569.5042113,  15345.2,  12008.4,  705.916957948,  456.999140176,  1119.54
1569.52464589,  15336.1,  12002.3,  705.916925129,  456.998587833,  1118.63
1569.54508039,  15325.8,  11994.1,  705.917222909,  456.998668676,  1118.63
1569.56551478,  15339.3,  12004.1,  705.917667629,  456.998832518,  1117.6
1569.58594938,  15331.0,  11998.4,  705.918118563,  456.999562184,  1118.1
1569.60638388,  15340.0,  12004.4,  705.916544774,  456.998732906,  1115.69
1569.62681847,  15325.7,  11994.2,  705.916332231,  456.999085029,  1116.04
1569.64725287,  15336.0,  12002.0,  705.917611471,  456.998780365,  1115.83
1569.68812196,  15339.5,  12004.5,  705.917244203,  456.998826,  1114.66
1569.70855636,  15334.5,  12000.1,  705.916748596,  456.99827411,  1116.28
1569.72899085,  15340.6,  12004.4,  705.916124308,  456.998175285,  1116.02
1569.74942545,  15327.5,  11994.7,  705.917100369,  456.998345897,  1115.45
1569.76985985,  15349.5,  12010.9,  705.916417915,  456.998205435,  1114.79
1569.79029435,  15343.2,  12006.1,  705.916932811,  456.99900367,  1115.23
1569.81072894,  15342.0,  12005.5,  705.917338476,  456.998930279,  1114.86
1569.83116334,  15340.2,  12003.5,  705.916979018,  456.997986716,  1114.4
1569.85159794,  15347.7,  12009.5,  705.917265843,  456.999239609,  1114.96
1569.87203234,  15339.0,  12003.0,  705.916763943,  456.99852466,  1114.07
1569.89246684,  15336.0,  12000.0,  705.916531047,  456.998016466,  1115.19
1569.91290143,  15342.3,  12005.4,  705.917310759,  456.99877598,  1114.12
1569.93333583,  15337.0,  12001.0,  705.917511854,  457.000185797,  1114.42
1569.95377033,  15338.1,  12001.8,  705.9163727,  456.998882757,  1114.05
1569.97420493,  15343.8,  12006.5,  705.916840351,  456.998247133,  1113.69
1569.99463943,  15347.9,  12008.9,  705.917539914,  456.998344354,  1113.89
1570.01507393,  15352.7,  12012.9,  705.917826625,  456.998686359,  1113.55
1570.03550843,  15346.9,  12008.8,  705.916763789,  456.999002149,  1112.61
1570.05594293,  15352.2,  12011.9,  705.917260069,  456.998713935,  1112.72
1570.07637743,  15344.2,  12006.5,  705.91636858,  456.999451696,  1113.22
1570.09681193,  15337.8,  12001.5,  705.917270205,  456.999180754,  1112.78
1570.11724643,  15337.3,  12000.6,  705.916748434,  456.999853349,  1112.44
1570.13768103,  15346.0,  12007.8,  705.917490913,  456.998091199,  1112.18
1570.15811543,  15342.6,  12004.7,  705.916139602,  456.998636064,  1112.58
1570.17855003,  15343.6,  12005.4,  705.917033279,  456.99901776,  1112.41
1570.19898453,  15343.4,  12005.9,  705.916556199,  456.999356303,  1113.62
1570.21941893,  15272.0,  11951.2,  705.915918053,  456.999220126,  1113.23
1570.23985353,  15103.0,  11823.2,  705.914823538,  456.99697887,  1112.48
1570.26028804,  14829.6,  11616.3,  705.912666876,  456.994210555,  1111.81
1570.28072244,  14524.3,  11383.8,  705.911596251,  456.991431586,  1111.43
1570.30115704,  14186.6,  11128.3,  705.907370721,  456.988735962,  1112.35
1570.32159154,  13855.1,  10876.9,  705.903947691,  456.985816595,  1111.98
1570.34202594,  13512.9,  10616.8,  705.900200855,  456.982599458,  1113.15
1570.36246055,  13208.8,  10387.1,  705.897678861,  456.978921982,  1112.43
1570.38289505,  12976.0,  10209.9,  705.89431592,  456.977118259,  1110.22
1570.40332955,  12781.2,  10062.4,  705.892904609,  456.974231504,  1110.99
1570.42376406,  12672.5,  9980.59,  705.891864747,  456.97368598,  1111.46
1570.44419856,  12668.9,  9977.01,  705.891408152,  456.972661148,  1111.45
1570.46463306,  12749.2,  10038.4,  705.892285776,  456.974987155,  1109.88
1570.48506757,  12888.8,  10144.5,  705.893787543,  456.976200688,  1109.63
1570.50550207,  13115.0,  10315.1,  705.896191261,  456.9778347,  1110.99
1570.52593657,  13401.0,  10532.8,  705.90076647,  456.982376878,  1109.89
1570.54637108,  13703.2,  10761.8,  705.902264829,  456.984892708,  1108.82
1570.56680568,  14056.5,  11029.5,  705.90619184,  456.987196328,  1110.27
1570.58724009,  14415.4,  11302.4,  705.908870849,  456.99115066,  1107.95
1570.60767459,  14736.2,  11544.9,  705.911265174,  456.993785164,  1109.39
1570.62810919,  15027.4,  11765.9,  705.913079922,  456.995654229,  1108.22
1570.6485437,  15244.7,  11931.0,  705.91582923,  456.999233994,  1108.15
1570.6689781,  15344.8,  12006.4,  705.917016961,  456.999079834,  1108.41
1570.68941271,  15341.7,  12004.4,  705.916365044,  456.999505903,  1108.92
1570.70984722,  15343.5,  12006.3,  705.916643781,  456.99989967,  1107.96
1570.73028162,  15348.8,  12009.4,  705.915845146,  456.999326091,  1109.23
1570.75071623,  15344.0,  12006.5,  705.916510107,  456.999660128,  1108.93
1570.77115073,  15343.8,  12006.2,  705.915989943,  456.99887331,  1108.68
1570.79158534,  15343.4,  12005.5,  705.915734931,  456.999014195,  1107.57
1570.81201975,  15333.5,  11998.8,  705.91627788,  456.999506104,  1108.43
1570.83245425,  15347.4,  12008.9,  705.91593022,  457.000154285,  1106.99
1570.85288886,  15356.0,  12015.2,  705.915969671,  457.000000429,  1108.74
1570.87332327,  15355.1,  12015.1,  705.915626756,  456.999790368,  1108.0
1570.89375777,  15349.2,  12010.0,  705.915236749,  457.000452754,  1107.56
1570.91419238,  15348.1,  12009.9,  705.916141752,  456.99995877,  1108.33
1570.93462679,  15350.6,  12011.8,  705.916892316,  456.999956498,  1107.71
1570.95506139,  15340.4,  12003.5,  705.916046959,  456.999746354,  1107.64
1570.9754959,  15349.7,  12011.1,  705.915906881,  456.99948993,  1108.48
1570.99593031,  15341.5,  12004.7,  705.917134745,  457.000523962,  1107.23
1571.01636492,  15362.1,  12020.0,  705.916857655,  457.000635956,  1107.76
1571.03679943,  15351.6,  12012.9,  705.916443068,  457.001313717,  1107.66
1571.05723384,  15350.4,  12011.2,  705.916647642,  457.000936229,  1106.64
1571.07766844,  15358.7,  12017.7,  705.916540837,  457.00019319,  1107.01
1571.09810295,  15353.8,  12014.4,  705.915559576,  457.000740562,  1106.74
1571.11853736,  15350.1,  12011.0,  705.915979085,  457.000286371,  1106.97
1571.13897197,  15349.3,  12011.0,  705.915373054,  457.000213068,  1105.87
1571.15940648,  15354.2,  12015.0,  705.915830813,  457.000333004,  1107.03
1571.17984099,  15349.9,  12011.1,  705.916136848,  457.000555714,  1106.8
1571.2002755,  15362.0,  12020.8,  705.916567797,  457.000126437,  1106.28
1571.22071001,  15368.5,  12025.2,  705.916364581,  456.999963831,  1106.94
1571.24114452,  15369.9,  12026.5,  705.916666142,  457.00026908,  1106.48
1571.26157903,  15362.3,  12020.9,  705.916535637,  457.000370091,  1106.61
1571.28201354,  15361.1,  12019.9,  705.916312469,  457.000832661,  1106.35
1571.30244805,  15357.3,  12016.9,  705.915646649,  456.999997256,  1106.68
1571.32288256,  15357.9,  12017.9,  705.916552794,  457.000780958,  1106.4
1571.34331717,  15356.1,  12015.8,  705.915415295,  457.000713375,  1107.25
1571.36375168,  15359.8,  12019.0,  705.91640046,  457.000404136,  1107.37
1571.38418609,  15368.3,  12025.6,  705.915626642,  457.001297157,  1106.76
1571.4046207,  15368.3,  12024.8,  705.915919659,  456.999910076,  1106.88
1571.42505522,  15370.9,  12027.4,  705.91651119,  457.000990731,  1106.6
1571.44548963,  15354.7,  12015.1,  705.916222508,  457.000736037,  1106.69
1571.46592424,  15372.1,  12027.7,  705.915734834,  457.000340921,  1108.28
1571.48635875,  15368.3,  12026.1,  705.915556227,  457.000925096,  1107.58
1571.50679316,  15378.6,  12032.8,  705.916252571,  457.001135284,  1107.69
1571.52722778,  15371.0,  12027.4,  705.916749254,  457.000594302,  1107.73
1571.54766229,  15386.7,  12039.6,  705.916676578,  457.001492582,  1107.33
1571.5680969,  15372.5,  12028.2,  705.915728835,  457.001704389,  1106.94
1571.58853131,  15376.2,  12031.6,  705.915627612,  457.001338435,  1106.84
1571.60896583,  15381.5,  12035.5,  705.915812827,  457.001298825,  1108.37
1571.62940044,  15381.3,  12034.9,  705.916412843,  457.000436046,  1108.37
1571.64983485,  15372.8,  12029.1,  705.91634182,  457.001789706,  1110.36
1571.67026937,  15367.9,  12025.0,  705.916098509,  457.001255753,  1108.28
1571.69070398,  15383.6,  12036.8,  705.915630131,  457.001207761,  1108.08
1571.7111384,  15384.3,  12038.1,  705.916144045,  457.000346231,  1108.83
1571.73157301,  15389.9,  12041.5,  705.917053784,  457.001685445,  1108.81
1571.75200752,  15391.7,  12043.1,  705.915152594,  457.001374479,  1108.24
1571.77244194,  15394.0,  12045.3,  705.915084624,  457.001220808,  1108.73
1571.79287655,  15390.9,  12042.2,  705.916386206,  457.001965171,  1109.29
1571.81331107,  15387.0,  12040.0,  705.916179975,  457.00177333,  1108.5
1571.83374548,  15378.2,  12033.1,  705.915442813,  457.00169548,  1109.06
1571.8541801,  15406.3,  12053.9,  705.916922559,  457.0014371,  1108.35
1571.87461461,  15394.3,  12045.6,  705.915568778,  457.002218428,  1109.42
1571.89504903,  15396.1,  12046.7,  705.915537285,  457.001258751,  1108.5
1571.91548364,  15392.1,  12043.3,  705.9166843,  457.001721747,  1108.15
1571.93591816,  15397.0,  12047.4,  705.916241242,  457.001612817,  1108.78
1571.95635278,  15387.8,  12040.0,  705.915529298,  457.001915434,  1108.03
1571.97678719,  15392.7,  12043.9,  705.916321444,  457.001891648,  1108.19
1571.99722171,  15397.1,  12047.8,  705.9149891,  457.000948007,  1107.63
1572.01765632,  15390.5,  12042.0,  705.915563205,  457.00121923,  1108.81
1572.03809074,  15407.5,  12055.6,  705.915481737,  457.002510918,  1108.36
1572.05852526,  15399.4,  12049.3,  705.915959301,  457.002244509,  1107.65
1572.07895988,  15415.1,  12060.7,  705.9170535,  457.002389335,  1107.41
1572.09939429,  15408.0,  12056.2,  705.91533254,  457.002475758,  1106.8
1572.11982891,  15404.8,  12053.1,  705.915446842,  457.000439338,  1106.66
1572.14026343,  15412.9,  12059.4,  705.915396938,  457.002586997,  1107.64
1572.16069784,  15402.6,  12052.0,  705.916254139,  457.001941469,  1107.62
1572.18113246,  15409.3,  12056.3,  705.915620904,  457.002127563,  1106.96
1572.20156698,  15406.0,  12054.1,  705.916476738,  457.001485113,  1106.66
1572.2220014,  15409.0,  12056.7,  705.916558403,  457.001936329,  1107.24
1572.24243602,  15417.1,  12061.9,  705.915091831,  457.002203567,  1107.19
1572.26287054,  15412.5,  12059.5,  705.916117942,  457.002158285,  1105.18
1572.28330505,  15412.9,  12059.3,  705.915680058,  457.001651823,  1105.49
1572.30373957,  15414.6,  12060.3,  705.915926684,  457.003068821,  1105.25
1572.32417409,  15423.9,  12067.9,  705.915727487,  457.002704088,  1105.21
1572.34460861,  15411.7,  12058.0,  705.915910807,  457.001621116,  1106.02
1572.36504313,  15425.5,  12068.5,  705.916061611,  457.002959653,  1105.62
1572.38547765,  15426.5,  12069.8,  705.916421476,  457.002215197,  1103.94
1572.40591217,  15417.7,  12062.7,  705.915870336,  457.003147463,  1104.78
1572.42634669,  15425.4,  12068.5,  705.915841738,  457.002004192,  1104.12
1572.44678121,  15424.4,  12068.3,  705.915517655,  457.003079377,  1103.24
1572.46721573,  15436.4,  12076.6,  705.916343366,  457.002097698,  1104.33
1572.48765025,  15426.9,  12070.2,  705.915781995,  457.00371225,  1104.2
1572.50808487,  15430.1,  12072.0,  705.916061947,  457.003810224,  1104.63
1572.52851939,  15433.7,  12074.9,  705.915201624,  457.002311321,  1103.92
1572.54895381,  15439.5,  12079.7,  705.916422259,  457.002967337,  1106.24
1572.56938843,  15429.5,  12071.7,  705.916354125,  457.002928585,  1104.6
1572.58982295,  15427.7,  12070.3,  705.915990493,  457.002976729,  1105.07
1572.61025738,  15436.0,  12076.9,  705.914886345,  457.002666538,  1105.71
1572.630692,  15432.0,  12073.3,  705.916436475,  457.002645464,  1105.56
1572.67156094,  15436.1,  12076.5,  705.915278775,  457.002184332,  1105.05
1572.69199556,  15447.0,  12084.0,  705.916170405,  457.002890019,  1105.48
1572.71243008,  15443.4,  12081.8,  705.916065947,  457.003085206,  1107.27
1572.73286471,  15444.2,  12081.9,  705.916137713,  457.003645432,  1107.37
1572.75329913,  15449.3,  12085.4,  705.915963537,  457.002235532,  1108.42
1572.77373365,  15446.6,  12083.8,  705.915341021,  457.003096006,  1109.49
1572.79416827,  15444.4,  12081.4,  705.915603572,  457.003161026,  1109.62
1572.8146027,  15452.9,  12088.1,  705.915724267,  457.003256051,  1110.46
1572.83503722,  15450.3,  12086.4,  705.91632538,  457.002832263,  1110.93
1572.85547184,  15455.2,  12089.8,  705.915878285,  457.002487866,  1112.06
1572.87590627,  15445.6,  12082.7,  705.915492509,  457.002294257,  1114.02
1572.89634089,  15450.9,  12086.3,  705.915212431,  457.002850907,  1115.79
1572.91677541,  15461.4,  12093.8,  705.915188861,  457.003168604,  1115.8
1572.93720984,  15459.8,  12093.4,  705.916082808,  457.003211109,  1113.95
1572.95764446,  15457.7,  12090.9,  705.915716426,  457.002298035,  1114.79
1572.97807899,  15456.6,  12090.4,  705.916291427,  457.002062028,  1113.67
1572.99851351,  15514.2,  12134.5,  705.917383103,  457.002684667,  1110.49
1573.01894804,  15467.5,  12098.2,  705.915940055,  457.002442185,  1107.71
1573.03938256,  15470.4,  12100.7,  705.916192785,  457.002694571,  1105.02
1573.05981699,  15455.6,  12089.7,  705.914606924,  457.003338631,  1102.75
1573.08025161,  15467.6,  12097.8,  705.916146639,  457.002900369,  1103.52
1573.10068614,  15468.8,  12099.6,  705.915652322,  457.002547573,  1102.39
1573.12112066,  15465.9,  12097.0,  705.916230324,  457.002365034,  1103.82
1573.14155519,  15474.7,  12103.5,  705.916390815,  457.002973777,  1103.19
1573.16198971,  15472.9,  12102.6,  705.915172871,  457.002487196,  1102.79
1573.18242434,  15479.3,  12106.7,  705.91589076,  457.002833444,  1102.73
1573.20285876,  15477.5,  12105.7,  705.916133647,  457.002593382,  1101.9
1573.22329329,  15471.8,  12101.8,  705.915786666,  457.002984717,  1102.48
1573.24372792,  15472.6,  12101.7,  705.91566381,  457.002543675,  1102.12
1573.26416234,  15488.8,  12114.4,  705.916567983,  457.003643965,  1100.98
1573.28459697,  15476.3,  12104.9,  705.91534054,  457.00342672,  1101.3
1573.3050315,  15481.4,  12108.4,  705.915557291,  457.003190417,  1099.91
1573.32546592,  15477.0,  12105.8,  705.915735661,  457.00329519,  1099.54
1573.34590055,  15488.8,  12114.1,  705.915055011,  457.004496907,  1098.3
1573.36633508,  15482.5,  12109.6,  705.91574615,  457.00265595,  1097.41
1573.38676951,  15488.2,  12114.2,  705.916381158,  457.004008327,  1097.45
1573.40720413,  15487.3,  12112.7,  705.915073642,  457.001928286,  1097.53
1573.42763866,  15491.7,  12116.5,  705.915776731,  457.003214649,  1096.07
1573.44807309,  15492.4,  12117.3,  705.915878199,  457.001888368,  1095.57
1573.46850772,  15492.4,  12116.8,  705.915658836,  457.003302637,  1094.41
1573.48894225,  15495.6,  12119.6,  705.915966794,  457.003652373,  1094.26
1573.50937687,  15494.9,  12119.0,  705.915338013,  457.003724387,  1094.57
1573.5298113,  15496.3,  12119.8,  705.915699589,  457.003752316,  1094.32
1573.55024583,  15497.5,  12121.3,  705.916478433,  457.004206529,  1093.41
1573.57068046,  15502.3,  12124.5,  705.915384747,  457.002514415,  1092.53
1573.59111489,  15493.4,  12117.6,  705.915123265,  457.003607148,  1092.25
1573.61154942,  15498.1,  12121.8,  705.91496382,  457.003916439,  1092.2
1573.63198405,  15493.7,  12117.8,  705.916151968,  457.002936587,  1092.22
1573.65241858,  15505.2,  12127.1,  705.915583286,  457.003472643,  1091.96
1573.67285311,  15495.4,  12119.6,  705.915251228,  457.003803771,  1092.38
1573.69328764,  15508.8,  12129.2,  705.915232446,  457.004078418,  1091.39
1573.71372207,  15496.6,  12120.4,  705.914847232,  457.003440912,  1091.94
1573.7341567,  15501.0,  12123.6,  705.916122818,  457.002901698,  1091.7
1573.75459123,  15502.7,  12124.8,  705.916619744,  457.003451627,  1092.59
1573.77502566,  15502.8,  12125.5,  705.917023189,  457.00387892,  1091.83
1573.79546029,  15501.5,  12123.8,  705.915521374,  457.004106594,  1090.64
1573.81589482,  15511.9,  12132.0,  705.915864529,  457.003961528,  1091.0
1573.83632925,  15527.2,  12143.9,  705.914788346,  457.003099686,  1089.84
1573.85676388,  15509.1,  12129.3,  705.916073994,  457.004254027,  1090.97
1573.87719841,  15504.0,  12126.3,  705.915484837,  457.004757561,  1090.03
1573.89763305,  15509.5,  12130.6,  705.91594153,  457.0045352,  1090.44
1573.91806748,  15506.2,  12127.6,  705.915792455,  457.004288986,  1090.65
1573.93850201,  15504.8,  12127.2,  705.915204642,  457.003581987,  1089.91
1573.95893664,  15524.6,  12141.8,  705.91511599,  457.00587814,  1089.46
1573.97937107,  15526.7,  12143.2,  705.914908431,  457.003072302,  1089.37
1573.99980561,  15520.9,  12139.5,  705.915598856,  457.004791085,  1089.7
1574.02024024,  15527.0,  12143.4,  705.916303228,  457.003371342,  1090.28
1574.04067467,  15516.6,  12135.8,  705.915196941,  457.004975261,  1088.69
1574.0611093,  15527.0,  12143.9,  705.915679382,  457.004399601,  1089.07
1574.08154384,  15525.8,  12142.5,  705.915204665,  457.004230204,  1089.94
1574.10197827,  15521.3,  12139.4,  705.915106084,  457.004009928,  1088.6
1574.1224129,  15534.9,  12149.8,  705.915567729,  457.004081908,  1089.97
1574.14284744,  15522.5,  12140.0,  705.914944418,  457.004203355,  1087.8
1574.16328197,  15536.4,  12151.2,  705.915019211,  457.004777492,  1087.67
1574.1837165,  15548.0,  12159.4,  705.915261826,  457.004934385,  1087.74
1574.20415104,  15535.7,  12150.3,  705.916110478,  457.003865954,  1088.12
1574.22458557,  15538.8,  12153.1,  705.915696276,  457.004440692,  1088.17
1574.2450201,  15534.2,  12149.3,  705.915722525,  457.004135446,  1087.58
1574.26545464,  15534.5,  12149.3,  705.915886944,  457.005195185,  1086.79
1574.28588917,  15537.7,  12152.4,  705.915195207,  457.004514574,  1086.73
1574.30632381,  15545.7,  12157.7,  705.915659616,  457.00532099,  1087.36
1574.32675824,  15536.4,  12151.2,  705.916172092,  457.004623333,  1087.71
1574.34719278,  15548.2,  12159.8,  705.915701295,  457.005363651,  1087.07
1574.36762731,  15537.4,  12151.6,  705.916151475,  457.005717027,  1086.7
1574.38806185,  15547.6,  12159.7,  705.915757304,  457.0051347,  1087.91
1574.40849648,  15548.0,  12159.3,  705.915370249,  457.005720263,  1087.38
1574.42893092,  15549.9,  12160.9,  705.915779252,  457.003944146,  1086.65
1574.44936555,  15554.7,  12165.2,  705.915253877,  457.005894568,  1085.81
1574.46980009,  15561.7,  12169.2,  705.914834964,  457.004814681,  1086.32
1574.49023453,  15554.2,  12164.3,  705.915560277,  457.004651362,  1085.81
1574.51066916,  15559.6,  12168.7,  705.916337037,  457.005191171,  1086.17
1574.5311037,  15556.0,  12165.4,  705.915331877,  457.005193727,  1086.12
1574.55153814,  15546.7,  12159.1,  705.915634447,  457.005057555,  1086.34
1574.57197277,  15560.8,  12169.1,  705.915057361,  457.005735962,  1086.36
1574.59240731,  15563.0,  12170.7,  705.915780796,  457.005393892,  1086.65
1574.61284195,  15565.2,  12173.1,  705.914609281,  457.006057033,  1085.94
1574.63327638,  15563.7,  12171.6,  705.915793019,  457.005579128,  1085.56
1574.65371092,  15556.7,  12166.4,  705.914982532,  457.00485095,  1085.73
1574.67414556,  15566.0,  12173.3,  705.914960883,  457.005152062,  1085.89
1574.69458,  15561.3,  12169.4,  705.914418809,  457.00546963,  1086.43
1574.71501453,  15563.2,  12171.3,  705.914542517,  457.005425421,  1085.94
1574.73544917,  15562.5,  12170.6,  705.914815823,  457.005592796,  1086.03
1574.75588361,  15584.0,  12186.8,  705.915067012,  457.005263056,  1084.51
1574.77631815,  15568.9,  12175.5,  705.914812969,  457.005461485,  1085.43
1574.79675279,  15569.0,  12175.3,  705.914689687,  457.005575084,  1084.82
1574.81718732,  15576.3,  12180.9,  705.915563911,  457.006435795,  1084.57
1574.83762186,  15581.0,  12185.0,  705.915615121,  457.006379799,  1084.39
1574.8580564,  15567.9,  12174.4,  705.915843472,  457.005626758,  1085.48
1574.87849094,  15607.4,  12204.7,  705.914745577,  457.006089857,  1084.16
1574.89892548,  15584.1,  12186.9,  705.915376934,  457.005894333,  1084.01
1574.91936002,  15581.4,  12184.5,  705.915745649,  457.005717519,  1083.3
1574.93979456,  15594.0,  12194.8,  705.915215412,  457.005638642,  1084.41
1574.9602291,  15584.3,  12187.0,  705.91633209,  457.006157808,  1084.04
1574.98066364,  15584.9,  12187.1,  705.915710627,  457.005448002,  1084.21
1575.00109818,  15578.0,  12182.5,  705.915252082,  457.006168353,  1083.59
1575.02153272,  15587.8,  12189.1,  705.914959484,  457.005791434,  1083.23
1575.04196726,  15600.3,  12199.0,  705.916507697,  457.004700661,  1082.99
1575.0624019,  15585.6,  12188.4,  705.915650508,  457.005855059,  1083.56
1575.08283634,  15595.2,  12194.7,  705.916042195,  457.005307111,  1083.55
1575.10327088,  15595.9,  12195.9,  705.915721,  457.00663922,  1083.2
1575.12370552,  15593.6,  12194.0,  705.915970362,  457.006376546,  1083.46
1575.14413996,  15597.1,  12196.2,  705.915719143,  457.006631463,  1081.86
1575.1645745,  15594.1,  12194.6,  705.916174833,  457.00591745,  1082.4
1575.18500914,  15597.2,  12196.5,  705.914764721,  457.00633159,  1082.95
1575.20544358,  15603.2,  12200.9,  705.915552099,  457.00609756,  1083.57
1575.22587823,  15602.2,  12200.6,  705.915717148,  457.00617903,  1081.76
1575.24631277,  15593.7,  12193.6,  705.915061934,  457.005722213,  1082.14
1575.26674721,  15600.1,  12198.8,  705.91571799,  457.0070859,  1082.38
1575.28718185,  15603.7,  12201.7,  705.916011588,  457.005849165,  1082.21
1575.30761639,  15599.4,  12197.8,  705.916450743,  457.006082812,  1081.77
1575.32805084,  15602.7,  12200.9,  705.91665921,  457.005597296,  1082.27
1575.34848548,  15610.7,  12207.0,  705.9151272,  457.006266775,  1081.74
1575.36892002,  15609.4,  12205.3,  705.915563258,  457.006330621,  1081.5
1575.38935466,  15608.1,  12205.0,  705.915103294,  457.006255413,  1082.29
1575.40978911,  15616.5,  12210.8,  705.915886569,  457.006196962,  1081.45
1575.43022365,  15607.3,  12204.0,  705.916133546,  457.006201778,  1080.46
1575.45065829,  15609.7,  12206.1,  705.914924158,  457.006568198,  1081.72
1575.47109284,  15611.5,  12206.9,  705.915759878,  457.006256611,  1081.72
1575.49152728,  15618.7,  12212.8,  705.914917615,  457.006444011,  1080.66
1575.51196192,  15609.8,  12206.1,  705.915690506,  457.006568475,  1080.51
1575.53239647,  15611.4,  12206.4,  705.915710187,  457.005334788,  1080.55
1575.55283091,  15608.7,  12205.1,  705.916298422,  457.006660342,  1081.1
1575.57326555,  15613.9,  12208.8,  705.914888723,  457.006091836,  1080.12
1575.5937001,  15613.9,  12208.6,  705.915688594,  457.006193554,  1079.9
1575.61413464,  15622.1,  12215.2,  705.915574785,  457.005571373,  1079.55
1575.65500363,  15622.2,  12214.7,  705.916241672,  457.005586716,  1081.49
1575.67543828,  15622.6,  12215.0,  705.915586411,  457.007145878,  1080.35
1575.69587282,  15636.3,  12224.6,  705.915601453,  457.00691113,  1080.39
1575.71630727,  15629.1,  12219.5,  705.915878903,  457.006724789,  1078.26
1575.73674191,  15623.3,  12214.9,  705.914862678,  457.005961306,  1079.48
1575.75717646,  15614.5,  12207.7,  705.91629925,  457.005768811,  1080.16
1575.7776111,  15617.5,  12210.5,  705.914737553,  457.006549828,  1079.06
1575.79804555,  15620.3,  12211.9,  705.915213269,  457.006101586,  1079.15
1575.81848009,  15611.6,  12205.3,  705.915559196,  457.00608382,  1079.98
1575.83891474,  15616.5,  12209.4,  705.9149023,  457.006938227,  1079.5
1575.85934919,  15628.1,  12217.7,  705.914546313,  457.006256235,  1078.32
1575.87978373,  15626.3,  12216.5,  705.915197356,  457.0056936,  1078.33
1575.90021838,  15616.1,  12209.0,  705.915612349,  457.005209407,  1078.25
1575.92065283,  15617.9,  12209.5,  705.915614407,  457.006126,  1078.3
1575.94108737,  15615.0,  12207.9,  705.915241347,  457.006351277,  1077.93
1575.96152202,  15614.9,  12207.5,  705.914665398,  457.006606299,  1078.29
1575.98195647,  15622.4,  12212.9,  705.915496954,  457.006625892,  1077.67
1576.00239111,  15616.9,  12209.0,  705.915235149,  457.005724879,  1077.06
1576.02282566,  15623.2,  12213.4,  705.916293211,  457.005724434,  1077.8
1576.04326021,  15621.4,  12212.0,  705.915811394,  457.006110328,  1076.89
1576.06369476,  15616.2,  12208.5,  705.915349099,  457.0053453,  1077.64
1576.0841293,  15620.0,  12210.7,  705.915613715,  457.005956426,  1077.46
1576.10456385,  15617.9,  12209.5,  705.915220381,  457.005183168,  1077.39
1576.1249984,  15617.0,  12209.1,  705.915555496,  457.006928901,  1077.06
1576.14543295,  15622.2,  12211.9,  705.917105886,  457.005130947,  1077.75
1576.1658675,  15612.3,  12205.6,  705.915048598,  457.006105668,  1076.56
1576.18630214,  15618.1,  12209.0,  705.914920072,  457.00570295,  1077.41
1576.20673659,  15615.0,  12206.6,  705.915860661,  457.00604321,  1076.74
1576.22717124,  15613.1,  12205.9,  705.914777021,  457.006518396,  1076.99
1576.24760579,  15609.6,  12202.7,  705.915634537,  457.005342718,  1076.05
1576.26804024,  15612.3,  12204.7,  705.915152875,  457.006345669,  1075.95
1576.28847489,  15616.9,  12208.4,  705.914753592,  457.005904482,  1077.13
1576.30890934,  15602.0,  12196.8,  705.915658603,  457.005430871,  1075.17
1576.32934389,  15604.3,  12199.1,  705.915024532,  457.006213109,  1074.83
1576.34977854,  15612.8,  12205.3,  705.915283618,  457.005480903,  1076.22
1576.39064764,  15605.4,  12199.9,  705.91500254,  457.006350557,  1075.62
1576.41108219,  15609.8,  12202.8,  705.914750615,  457.005886646,  1075.21
1576.43151664,  15607.2,  12200.5,  705.915090712,  457.006402422,  1075.94
1576.45195129,  15603.3,  12198.5,  705.914782701,  457.005520273,  1074.48
1576.47238584,  15595.0,  12191.6,  705.915421487,  457.005479754,  1075.16
1576.49282029,  15610.2,  12203.2,  705.915141655,  457.007792187,  1076.54
1576.51325494,  15590.3,  12188.4,  705.914410479,  457.006014386,  1075.4
1576.53368949,  15599.9,  12195.2,  705.915553207,  457.006333044,  1074.81
1576.55412404,  15597.9,  12194.4,  705.915177658,  457.005809174,  1075.42
1576.57455859,  15596.7,  12192.9,  705.915488567,  457.005734928,  1075.32
1576.59499314,  15591.6,  12188.9,  705.915503674,  457.006453751,  1074.4
1576.61542779,  15586.5,  12185.6,  705.914166777,  457.005759266,  1075.11
1576.63586225,  15588.7,  12186.9,  705.915431231,  457.006563516,  1074.99
1576.6562968,  15588.8,  12187.4,  705.914934468,  457.005917372,  1074.78
1576.67673145,  15589.3,  12187.9,  705.914772093,  457.005842513,  1074.43
1576.697166,  15595.9,  12192.2,  705.914900057,  457.005285332,  1074.46
1576.71760045,  15581.8,  12182.0,  705.914482199,  457.006434917,  1075.07
1576.73803511,  15595.7,  12192.7,  705.914699515,  457.006074957,  1074.2
1576.75846966,  15576.1,  12177.4,  705.915152374,  457.005914278,  1073.88
1576.77890421,  15586.3,  12185.6,  705.915284622,  457.004753666,  1073.64
1576.79933876,  15585.7,  12184.8,  705.914636905,  457.006407025,  1074.24
1576.81977332,  15576.3,  12177.8,  705.914718122,  457.006301951,  1073.1
1576.84020797,  15576.3,  12177.9,  705.914623457,  457.006043572,  1073.03
1576.86064242,  15580.3,  12180.6,  705.914737922,  457.006462223,  1074.28
1576.88107698,  15600.3,  12196.2,  705.915205468,  457.006299475,  1073.96
1576.90151163,  15567.3,  12171.1,  705.914508886,  457.006910001,  1073.58
1576.92194608,  15575.2,  12176.7,  705.914443434,  457.005547653,  1073.13
1576.94238064,  15567.9,  12171.7,  705.914854688,  457.006587973,  1072.88
1576.96281519,  15575.4,  12176.9,  705.914848316,  457.005593205,  1073.53
1576.98324975,  15575.1,  12176.6,  705.914138603,  457.006163774,  1071.97
1577.0036844,  15566.1,  12170.7,  705.914784704,  457.00641363,  1072.81
1577.02411885,  15570.4,  12173.1,  705.914176799,  457.005863624,  1072.42
1577.04455341,  15562.9,  12167.7,  705.91411069,  457.006176777,  1074.2
1577.06498806,  15568.7,  12172.4,  705.915250326,  457.00606477,  1073.51
1577.08542252,  15561.4,  12166.1,  705.914250802,  457.006423791,  1073.03
1577.10585707,  15565.8,  12170.0,  705.914249218,  457.00641325,  1071.47
1577.12629173,  15547.6,  12156.6,  705.914219379,  457.006649974,  1071.76
1577.14672618,  15567.7,  12171.1,  705.914565754,  457.00548181,  1071.99
1577.16716084,  15547.3,  12156.3,  705.915034845,  457.006924027,  1071.6
1577.18759539,  15555.7,  12162.3,  705.914788556,  457.006182491,  1071.75
1577.20802985,  15552.1,  12159.5,  705.91399742,  457.007465356,  1073.07
1577.2284645,  15547.0,  12156.2,  705.914653427,  457.006340039,  1071.27
1577.24889906,  15549.2,  12157.5,  705.913576732,  457.005677941,  1071.12
1577.26933362,  15544.2,  12154.1,  705.913842583,  457.006138278,  1071.11
1577.28976817,  15553.3,  12161.2,  705.913509424,  457.006732032,  1071.69
1577.31020273,  15544.1,  12153.6,  705.913607212,  457.005789381,  1071.21
1577.33063729,  15544.9,  12154.9,  705.914760921,  457.007104575,  1071.04
1577.35107194,  15542.2,  12152.3,  705.913841285,  457.006391357,  1071.2
1577.3715064,  15528.3,  12141.6,  705.914408994,  457.005592503,  1070.97
1577.39194106,  15535.9,  12148.0,  705.913471259,  457.006215144,  1070.68
1577.41237561,  15524.0,  12138.3,  705.913748541,  457.006889365,  1070.28
1577.43281007,  15536.7,  12148.2,  705.913983274,  457.006473315,  1070.39
1577.45324473,  15534.3,  12146.7,  705.914125777,  457.00619321,  1071.52
1577.47367928,  15537.3,  12148.5,  705.913875207,  457.006162571,  1069.91
1577.49411374,  15530.7,  12144.0,  705.913213792,  457.005998816,  1070.06
1577.5145484,  15533.2,  12145.7,  705.912935542,  457.00602445,  1070.15
1577.53498296,  15534.5,  12146.1,  705.913872413,  457.00651249,  1070.2
1577.55541751,  15517.4,  12133.9,  705.914351128,  457.00689941,  1070.17
1577.57585207,  15520.4,  12135.5,  705.91436239,  457.006743919,  1069.89
1577.59628653,  15510.4,  12128.3,  705.913724994,  457.006468084,  1070.34
1577.61672119,  15517.3,  12133.8,  705.912929976,  457.00653901,  1069.81
1577.63715575,  15513.9,  12130.5,  705.914242486,  457.00648701,  1069.37
1577.65759021,  15524.2,  12139.0,  705.913168392,  457.006452215,  1068.6
1577.67802486,  15497.9,  12119.0,  705.913078145,  457.006230021,  1069.07
1577.69845942,  15504.7,  12123.7,  705.914177785,  457.006438148,  1069.84
1577.71889398,  15508.9,  12127.4,  705.913904501,  457.006297661,  1071.74
1577.73932854,  15497.6,  12118.4,  705.912916642,  457.006886605,  1069.35
1577.7597631,  15507.0,  12125.2,  705.913656966,  457.005586809,  1069.15
1577.78019776,  15500.7,  12121.1,  705.912688606,  457.006298957,  1068.67
1577.80063222,  15493.8,  12115.4,  705.913599404,  457.006260883,  1067.74
1577.82106678,  15508.7,  12126.7,  705.913242861,  457.006039408,  1068.19
1577.84150144,  15500.8,  12121.3,  705.912862042,  457.004350059,  1068.93
1577.861936,  15485.9,  12109.3,  705.912529352,  457.006454002,  1067.4
1577.88237046,  15493.5,  12115.5,  705.913379682,  457.006464947,  1068.01
1577.90280512,  15490.0,  12112.6,  705.914068123,  457.005929603,  1068.13
1577.92323968,  15494.8,  12116.1,  705.914376034,  457.006313916,  1069.4
1577.94367424,  15500.5,  12121.0,  705.913943433,  457.006166486,  1067.32
1577.9641088,  15481.2,  12106.1,  705.912765759,  457.007105505,  1067.23
1577.98454336,  15491.6,  12114.1,  705.913602792,  457.006472327,  1066.86
1578.00497792,  15496.3,  12117.8,  705.913375913,  457.007800162,  1066.61
1578.02541248,  15484.8,  12108.5,  705.913461416,  457.006528345,  1066.55
1578.04584705,  15476.5,  12102.7,  705.912509164,  457.00607255,  1067.41
1578.06628171,  15479.5,  12105.1,  705.91350417,  457.006518137,  1072.75
1578.08671617,  15472.9,  12099.6,  705.913558473,  457.006651157,  1067.91
1578.10715073,  15486.4,  12110.2,  705.912922145,  457.00696395,  1066.83
1578.12758539,  15484.1,  12108.3,  705.911852634,  457.005447017,  1066.64
1578.14801985,  15482.6,  12106.9,  705.913113009,  457.006459356,  1066.8
1578.16845452,  15481.6,  12106.6,  705.913220295,  457.006830548,  1066.91
1578.18888908,  15466.2,  12094.4,  705.913275821,  457.005543148,  1066.96
1578.20932354,  15473.5,  12100.3,  705.912783107,  457.005482588,  1066.03
1578.2297582,  15475.7,  12102.1,  705.91233122,  457.006801595,  1065.26
1578.25019266,  15466.5,  12094.6,  705.91361113,  457.00665884,  1066.17
1578.27062723,  15475.7,  12101.9,  705.913082691,  457.006939504,  1065.89
1578.29106189,  15470.5,  12097.9,  705.913207698,  457.006580355,  1066.14
1578.31149635,  15470.4,  12097.3,  705.912525448,  457.006102272,  1065.94
1578.33193102,  15470.1,  12097.7,  705.913058924,  457.006178942,  1066.21
1578.35236558,  15451.8,  12083.4,  705.912849565,  457.006101197,  1066.55
1578.37280004,  15459.0,  12088.8,  705.913063278,  457.007007368,  1065.6
1578.39323471,  15467.0,  12095.4,  705.912819859,  457.006279014,  1065.96
1578.41366927,  15464.7,  12093.1,  705.912768546,  457.006366517,  1066.57
1578.43410383,  15468.7,  12096.5,  705.912726992,  457.006839863,  1063.82
1578.4545384,  15467.9,  12095.9,  705.912755664,  457.006499904,  1065.18
1578.47497296,  15462.4,  12091.4,  705.913794864,  457.006685014,  1066.03
1578.49540752,  15464.2,  12093.1,  705.912753735,  457.007211684,  1064.46
1578.51584209,  15461.7,  12090.9,  705.912724766,  457.00598506,  1066.12
1578.53627665,  15466.0,  12094.1,  705.913607164,  457.006888299,  1064.33
1578.55671132,  15462.5,  12091.8,  705.913856144,  457.007614394,  1065.94
1578.57714588,  15470.6,  12097.3,  705.912522356,  457.006376912,  1064.99
1578.59758035,  15452.7,  12083.8,  705.913036529,  457.00635162,  1064.5
1578.63844958,  15455.5,  12085.6,  705.91290697,  457.005659461,  1064.92
1578.65888404,  15459.7,  12088.9,  705.912331398,  457.006864267,  1063.87
1578.67931871,  15449.7,  12080.9,  705.912812183,  457.005369182,  1064.98
1578.69975327,  15451.7,  12082.3,  705.912647178,  457.00570179,  1064.4
1578.72018774,  15454.7,  12084.9,  705.912585634,  457.005877295,  1063.38
1578.7406224,  15456.2,  12085.2,  705.912913882,  457.006995901,  1064.42
1578.76105697,  15441.7,  12074.3,  705.913024554,  457.005864657,  1063.9
1578.78149164,  15453.5,  12083.5,  705.912834327,  457.006674607,  1063.07
1578.8019261,  15350.9,  12005.2,  705.91221789,  457.004916184,  1063.81
1578.82236067,  14921.3,  11679.6,  705.907920225,  457.000852248,  1065.37
1578.84279533,  14258.2,  11176.8,  705.902747568,  456.995126475,  1063.22
1578.8632298,  13502.3,  10603.2,  705.895842409,  456.988201533,  1063.36
1578.88366437,  12711.6,  10004.0,  705.886766242,  456.979865097,  1063.44
1578.90409893,  11961.8,  9435.07,  705.879420387,  456.970083494,  1063.21
1578.9245335,  11394.6,  9004.76,  705.871338144,  456.962599453,  1062.98
1578.94496817,  11129.0,  8803.81,  705.866768789,  456.959960713,  1062.71
1578.96540264,  11266.4,  8907.65,  705.87080792,  456.961253027,  1062.67
1578.9858372,  11758.5,  9280.71,  705.876001758,  456.967085464,  1063.18
1579.00627187,  12460.3,  9813.26,  705.884146611,  456.977042791,  1062.41
1579.02670634,  13243.0,  10406.0,  705.892236111,  456.985667509,  1061.82
1579.04714091,  14046.1,  11015.6,  705.899992486,  456.995002069,  1062.32
1579.06757557,  14713.4,  11521.0,  705.906603545,  456.999696684,  1062.11
1579.08801014,  15211.6,  11898.8,  705.911023208,  457.003321366,  1062.12
1579.10844461,  15442.3,  12074.2,  705.912361984,  457.006339664,  1063.15
1579.12887928,  15438.5,  12071.1,  705.912530107,  457.00549216,  1062.01
1579.14931385,  15448.7,  12078.5,  705.912742949,  457.005386399,  1061.6
1579.16974841,  15442.1,  12074.0,  705.912964083,  457.005698159,  1061.9
1579.19018298,  15440.4,  12071.9,  705.913172508,  457.005770445,  1061.76
1579.21061755,  15447.7,  12078.0,  705.912527896,  457.005486455,  1060.67
1579.23105222,  15442.9,  12074.6,  705.912861405,  457.005924019,  1061.38
1579.25148669,  15444.9,  12075.4,  705.911983816,  457.006210369,  1061.44
1579.27192126,  15444.1,  12075.5,  705.912062719,  457.006478447,  1061.71
1579.29235593,  15436.0,  12068.7,  705.912854851,  457.006654751,  1060.15
1579.3127904,  15458.1,  12085.6,  705.912352529,  457.00607169,  1061.25
1579.33322507,  15447.5,  12078.1,  705.912089354,  457.007003913,  1059.86
1579.35365963,  15452.2,  12081.1,  705.912011364,  457.006717591,  1060.71
1579.3740941,  15439.9,  12072.1,  705.912510526,  457.006163253,  1059.63
1579.39452877,  15444.0,  12075.1,  705.912049931,  457.006164419,  1060.34
1579.41496334,  15451.8,  12080.6,  705.911866253,  457.006713227,  1059.1
1579.43539781,  15446.5,  12077.3,  705.911649654,  457.005950726,  1059.99
1579.45583248,  15448.4,  12078.7,  705.911921751,  457.005664143,  1060.09
1579.47626705,  15447.6,  12077.7,  705.912198033,  457.006830287,  1058.99
1579.49670153,  15443.9,  12075.6,  705.912707603,  457.006276216,  1060.14
1579.5171362,  15447.2,  12077.5,  705.912309365,  457.006348639,  1060.27
1579.53757067,  15452.9,  12082.0,  705.912157706,  457.006421994,  1060.67
1579.55800534,  15461.0,  12088.4,  705.910429501,  457.006909225,  1060.0
1579.57843991,  15451.2,  12080.6,  705.911923444,  457.005906469,  1060.8
1579.59887448,  15455.0,  12083.8,  705.911286413,  457.006229027,  1059.45
1579.61930905,  15459.8,  12087.1,  705.911893279,  457.006505433,  1060.7
1579.63974362,  15463.4,  12089.7,  705.912699732,  457.006731742,  1059.9
1579.66017819,  15458.9,  12086.9,  705.912421188,  457.006556428,  1058.64
1579.68061276,  15449.3,  12078.9,  705.911685498,  457.006239613,  1058.74
1579.70104734,  15453.1,  12081.9,  705.911906587,  457.006645062,  1058.47
1579.72148201,  15462.7,  12090.1,  705.912491297,  457.0072798,  1058.39
1579.74191658,  15454.9,  12083.6,  705.912382439,  457.006822294,  1058.88
1579.76235105,  15455.2,  12084.0,  705.912316211,  457.006730413,  1059.26
1579.78278572,  15457.8,  12086.0,  705.911533972,  457.007063874,  1058.08
1579.8032203,  15461.8,  12088.7,  705.912105253,  457.006954811,  1058.26
1579.82365477,  15464.3,  12091.2,  705.912120649,  457.00685766,  1058.98
1579.84408944,  15458.9,  12086.7,  705.911690662,  457.006648194,  1057.55
1579.86452401,  15451.0,  12080.5,  705.912887148,  457.007031989,  1057.38
1579.88495849,  15451.4,  12081.4,  705.911233459,  457.007286258,  1057.8
1579.90539316,  15459.8,  12087.4,  705.912192512,  457.00708034,  1057.87
1579.92582773,  15460.2,  12087.6,  705.911433043,  457.006598144,  1058.32
1579.94626241,  15460.6,  12088.5,  705.912346128,  457.006976073,  1057.09
1579.96669688,  15459.2,  12087.0,  705.911834116,  457.007143348,  1056.4
1579.98713145,  15457.1,  12085.9,  705.912682441,  457.006801788,  1056.84
1580.00756613,  15461.0,  12088.6,  705.91291021,  457.006182956,  1056.37
1580.0280006,  15452.7,  12081.9,  705.912455634,  457.007037374,  1055.89
1580.04843517,  15454.3,  12083.8,  705.911948247,  457.007136914,  1057.56
1580.06886985,  15454.4,  12083.5,  705.911236633,  457.007103832,  1056.58
1580.08930432,  15453.5,  12082.7,  705.912737917,  457.007255914,  1056.21
1580.1097389,  15462.1,  12089.8,  705.911770469,  457.007122455,  1056.18
1580.13017357,  15460.4,  12088.1,  705.912121095,  457.006782118,  1055.79
1580.15060804,  15466.8,  12093.2,  705.912279032,  457.007033757,  1055.98
1580.17104272,  15472.8,  12097.9,  705.912542719,  457.007327248,  1055.43
1580.19147719,  15465.8,  12092.1,  705.911285231,  457.007536152,  1055.63
1580.21191177,  15454.8,  12084.3,  705.911546204,  457.007704061,  1055.39
1580.23234644,  15457.4,  12086.2,  705.912371127,  457.007282184,  1054.97
1580.25278092,  15457.8,  12086.0,  705.911662401,  457.007271496,  1054.77
1580.27321549,  15459.6,  12088.3,  705.9115064,  457.007140608,  1054.42
1580.29365017,  15457.2,  12085.9,  705.911638516,  457.006906374,  1054.02
1580.31408474,  15461.9,  12089.6,  705.911709341,  457.007026147,  1054.38
1580.33451932,  15464.0,  12091.4,  705.910702823,  457.006761452,  1054.39
1580.3549539,  15458.1,  12086.5,  705.91150942,  457.007670614,  1053.54
1580.37538847,  15447.2,  12078.6,  705.911789928,  457.007013547,  1054.1
1580.39582305,  15458.7,  12087.4,  705.913062873,  457.007796729,  1053.87
1580.41625762,  15459.3,  12087.1,  705.911438931,  457.007036308,  1054.0
1580.4366922,  15456.9,  12086.0,  705.911607213,  457.007228244,  1054.03
1580.45712688,  15449.1,  12080.1,  705.911444382,  457.007410589,  1054.16
1580.47756135,  15455.8,  12085.0,  705.912067551,  457.007109493,  1054.05
1580.49799593,  15463.2,  12091.3,  705.91189408,  457.007176344,  1052.08
1580.5184306,  15459.2,  12087.1,  705.911351734,  457.006778057,  1053.38
1580.53886508,  15449.7,  12080.9,  705.911796573,  457.007466638,  1051.9
1580.55929976,  15454.6,  12084.6,  705.911517585,  457.008372746,  1053.25
1580.57973434,  15456.1,  12085.1,  705.911458425,  457.007660005,  1051.54
1580.60016881,  15454.6,  12084.4,  705.91206172,  457.008327046,  1052.38
1580.62060349,  15450.7,  12081.1,  705.910577936,  457.007679201,  1052.53
1580.64103807,  15461.3,  12089.0,  705.911297678,  457.007328327,  1051.52
1580.66147254,  15462.5,  12090.6,  705.911316979,  457.00683921,  1052.19
1580.68190722,  15464.7,  12091.7,  705.911667203,  457.007608613,  1052.0
1580.7023418,  15457.4,  12086.4,  705.912674669,  457.006908167,  1051.48
1580.72277648,  15455.4,  12085.0,  705.911293419,  457.007695337,  1051.42
1580.74321096,  15469.9,  12095.4,  705.911264294,  457.006959634,  1051.25
1580.76364553,  15455.9,  12085.6,  705.910494603,  457.007716077,  1050.77
1580.78408021,  15458.4,  12087.1,  705.910604178,  457.007844808,  1051.94
1580.80451469,  15464.0,  12091.2,  705.911085039,  457.00768522,  1051.61
1580.82494927,  15463.0,  12091.2,  705.9110286,  457.0079091,  1050.53
1580.84538385,  15450.2,  12080.5,  705.911203073,  457.008161866,  1051.04
1580.86581843,  15463.6,  12091.1,  705.911707117,  457.008253066,  1050.42
1580.886253,  15461.0,  12089.6,  705.910646918,  457.008212186,  1050.02
1580.90668758,  15467.7,  12093.7,  705.910841022,  457.007554516,  1050.75
1580.92712216,  15449.4,  12080.3,  705.910661238,  457.008842578,  1050.48
1580.94755684,  15455.3,  12084.8,  705.91183953,  457.007808081,  1050.81
1580.96799142,  15458.3,  12086.7,  705.91066629,  457.007189344,  1049.13
1580.9884259,  15445.8,  12078.0,  705.91192903,  457.009353284,  1050.33
1581.00886058,  15452.5,  12082.8,  705.911224868,  457.007393268,  1050.77
1581.02929516,  15466.0,  12092.8,  705.911356636,  457.007994355,  1049.77
1581.04972964,  15453.6,  12083.8,  705.911706071,  457.008602683,  1049.86
1581.07016432,  15445.7,  12077.4,  705.912221056,  457.007546998,  1049.53
1581.0905989,  15450.3,  12080.7,  705.91077417,  457.007825326,  1049.44
1581.11103358,  15457.8,  12087.1,  705.91108976,  457.008323378,  1049.59
1581.13146806,  15451.8,  12081.6,  705.910923465,  457.007674755,  1049.02
1581.15190264,  15450.6,  12081.3,  705.910933373,  457.007495812,  1049.82
1581.17233732,  15451.1,  12081.7,  705.911345583,  457.008265457,  1049.31
1581.1927718,  15442.1,  12074.6,  705.911119203,  457.00813822,  1048.85
1581.21320638,  15448.6,  12080.2,  705.911400996,  457.007482568,  1049.3
1581.23364106,  15445.8,  12077.5,  705.911488339,  457.008155529,  1048.63
1581.25407554,  15440.7,  12073.6,  705.91144765,  457.008301589,  1047.84
1581.27451012,  15441.7,  12074.9,  705.910746296,  457.008541316,  1048.58
1581.2949448,  15435.4,  12069.5,  705.911250052,  457.008571913,  1048.49
1581.31537928,  15451.3,  12081.8,  705.911397411,  457.00858449,  1048.76
1581.33581397,  15431.3,  12066.8,  705.910472487,  457.009161896,  1048.16
1581.35624855,  15434.8,  12068.8,  705.90993059,  457.007982679,  1048.42
1581.37668313,  15441.8,  12075.2,  705.911341225,  457.008940006,  1048.85
1581.39711771,  15433.8,  12068.2,  705.910994791,  457.007978557,  1048.25
1581.41755229,  15427.2,  12063.5,  705.910125724,  457.007663224,  1047.71
1581.43798687,  15434.5,  12069.6,  705.910620981,  457.008143565,  1046.48
1581.45842146,  15439.9,  12073.0,  705.909953308,  457.008379223,  1047.45
1581.47885604,  15437.9,  12071.7,  705.91075497,  457.008933347,  1048.4
1581.49929062,  15424.2,  12061.4,  705.911088661,  457.008263955,  1047.59
1581.5197252,  15434.6,  12069.0,  705.911565952,  457.007346762,  1046.46
1581.54015979,  15429.4,  12065.6,  705.910308485,  457.007813914,  1046.68
1581.56059437,  15430.5,  12066.1,  705.910948464,  457.009260862,  1047.13
1581.58102895,  15420.4,  12058.9,  705.910561911,  457.007907191,  1048.04
1586.83271326,  15371.5,  12054.2,  705.900607549,  457.020650282,  1022.32
1586.85314796,  15363.6,  12048.4,  705.901791055,  457.020344953,  1024.5
1586.87358247,  15361.8,  12046.7,  705.900406042,  457.020824824,  1023.07
1586.89401718,  15374.0,  12055.7,  705.900548057,  457.02047054,  1022.8
1586.91445179,  15383.8,  12063.6,  705.900180369,  457.021425495,  1022.94
1586.9348863,  15377.3,  12057.8,  705.901678759,  457.020955897,  1022.88
1586.95532101,  15370.2,  12053.0,  705.902245043,  457.020375336,  1022.57
1586.97575562,  15373.4,  12055.3,  705.901508112,  457.021434822,  1023.05
1586.99619022,  15371.4,  12053.1,  705.901900362,  457.020986312,  1021.95
1587.01662483,  15371.9,  12054.0,  705.900741475,  457.02168197,  1022.75
1587.03705944,  15373.6,  12054.5,  705.900898298,  457.021543399,  1022.45
1587.05749415,  15384.6,  12062.9,  705.90079552,  457.021807303,  1022.4
1587.07792876,  15365.5,  12048.5,  705.89958076,  457.021779505,  1022.78
1587.09836327,  15372.2,  12052.9,  705.900778245,  457.020847247,  1022.13
1587.11879798,  15378.1,  12057.4,  705.900940497,  457.022080372,  1021.93
1587.13923259,  15383.2,  12061.2,  705.899758954,  457.020852952,  1022.64
1587.1596671,  15380.4,  12058.6,  705.900052846,  457.021517296,  1022.19
1587.18010181,  15386.8,  12063.5,  705.901356952,  457.022128019,  1021.2
1587.20053642,  15381.2,  12058.6,  705.901962677,  457.021529834,  1021.62
1587.22097103,  15383.2,  12059.9,  705.901032188,  457.021209697,  1021.64
1587.24140564,  15385.3,  12061.9,  705.901081058,  457.022621355,  1021.35
1587.26184015,  15387.9,  12063.2,  705.901077722,  457.021715861,  1022.03
1587.28227486,  15398.7,  12071.1,  705.900651041,  457.021702639,  1021.89
1587.30270947,  15404.5,  12075.6,  705.900652332,  457.022822,  1021.67
1587.32314398,  15393.7,  12066.8,  705.900432038,  457.021817688,  1022.43
1587.34357869,  15398.6,  12070.1,  705.900526989,  457.021373777,  1022.9
1587.3640133,  15398.8,  12070.4,  705.901436823,  457.02170876,  1022.2
1587.38444801,  15400.1,  12070.6,  705.901212829,  457.021125027,  1022.66
1587.40488252,  15398.0,  12069.2,  705.901039766,  457.022192542,  1021.77
1587.42531713,  15407.0,  12075.7,  705.901138632,  457.021016372,  1022.11
1587.44575184,  15404.7,  12073.6,  705.901385989,  457.022123675,  1021.7
1587.46618635,  15405.6,  12074.6,  705.900620139,  457.022332938,  1022.8
1587.50705567,  15399.9,  12069.0,  705.900019015,  457.022518006,  1021.75
1587.52749018,  15412.2,  12078.2,  705.901710309,  457.021069424,  1022.66
1587.54792489,  15411.5,  12076.9,  705.901962725,  457.021094613,  1021.74
1587.56835951,  15416.9,  12081.1,  705.901681823,  457.020586438,  1021.33
1587.58879412,  15409.6,  12075.4,  705.902419997,  457.021315573,  1022.55
1587.60922873,  15418.5,  12081.3,  705.902009821,  457.020382699,  1021.87
1587.62966334,  15418.4,  12081.7,  705.901784083,  457.020877918,  1022.22
1587.65009795,  15420.4,  12082.4,  705.901842676,  457.020557778,  1020.98
1587.67053256,  15411.8,  12075.6,  705.901997806,  457.020554353,  1022.1
1587.69096717,  15421.9,  12083.5,  705.901578214,  457.020816525,  1021.29
1587.71140189,  15430.0,  12088.9,  705.902471392,  457.020694477,  1022.15
1587.7318364,  15426.0,  12085.5,  705.902813177,  457.020553912,  1022.29
1587.75227101,  15423.3,  12083.6,  705.902462345,  457.020834833,  1021.27
1587.77270572,  15431.3,  12088.5,  705.902725063,  457.020716764,  1022.03
1587.79314033,  15425.3,  12084.5,  705.902322861,  457.021289984,  1020.92
1587.81357484,  15432.0,  12089.3,  705.902769876,  457.01998446,  1020.97
1587.83400956,  15432.7,  12089.1,  705.90261607,  457.019842353,  1021.99
1587.85444407,  15433.0,  12089.7,  705.902801138,  457.020186939,  1019.89
1587.87487878,  15433.1,  12088.9,  705.902581042,  457.020824361,  1021.61
1587.89531339,  15439.2,  12093.3,  705.902620753,  457.019674677,  1020.58
1587.91574791,  15440.8,  12094.6,  705.902691166,  457.02036372,  1021.15
1587.93618262,  15442.0,  12094.8,  705.902934602,  457.018816776,  1021.95
1587.95661723,  15447.6,  12099.3,  705.903359829,  457.020829813,  1021.46
1587.97705174,  15431.3,  12086.7,  705.903137055,  457.019688749,  1020.31
1587.99748646,  15443.7,  12095.4,  705.903668773,  457.020010057,  1021.56
1588.01792107,  15456.8,  12105.5,  705.90327535,  457.019729846,  1021.07
1588.03835558,  15470.2,  12115.2,  705.904425014,  457.018879536,  1020.8
1588.0587903,  15453.7,  12102.4,  705.90320945,  457.019794558,  1020.71
1588.07922491,  15453.5,  12102.6,  705.903126052,  457.019564821,  1019.86
1588.09965962,  15449.8,  12098.7,  705.904459387,  457.018641283,  1020.94
1588.12009414,  15462.0,  12108.0,  705.903218793,  457.018600919,  1020.26
1588.14052875,  15455.2,  12102.8,  705.902997875,  457.019327808,  1020.04
1588.16096346,  15465.2,  12109.6,  705.904025428,  457.018247498,  1018.99
1588.18139798,  15463.5,  12108.7,  705.903851266,  457.018718014,  1020.24
1588.20183259,  15452.0,  12099.4,  705.904840346,  457.018405774,  1019.29
1588.2222673,  15466.1,  12109.7,  705.903292013,  457.019632992,  1019.4
1588.24270182,  15458.8,  12104.3,  705.903714631,  457.018550162,  1019.63
1588.26313653,  15461.3,  12105.4,  705.903623,  457.018228159,  1019.04
1588.28357114,  15465.0,  12108.3,  705.903852009,  457.018683453,  1018.8
1588.30400576,  15477.9,  12118.3,  705.903397922,  457.018434491,  1017.74
1588.32444037,  15467.4,  12109.4,  705.90526343,  457.017978539,  1019.18
1588.34487499,  15465.3,  12107.9,  705.904780856,  457.01898007,  1019.43
1588.3653096,  15479.2,  12118.3,  705.904284803,  457.017631714,  1017.99
1588.38574421,  15478.6,  12117.1,  705.904511158,  457.018329511,  1017.38
1588.40617883,  15477.4,  12116.6,  705.903565152,  457.018984417,  1018.65
1588.42661344,  15482.3,  12119.8,  705.904265263,  457.01923601,  1017.76
1588.44704816,  15491.9,  12126.6,  705.904736393,  457.018143684,  1018.46
1588.46748267,  15478.9,  12117.4,  705.904650587,  457.018570232,  1016.3
1588.48791739,  15491.0,  12125.6,  705.90431446,  457.01760316,  1016.13
1588.5083519,  15491.1,  12125.8,  705.904709141,  457.018229643,  1017.63
1588.52878652,  15483.7,  12120.2,  705.904524181,  457.016854694,  1017.15
1588.54922123,  15499.8,  12131.5,  705.904901846,  457.018502973,  1017.72
1588.56965575,  15498.8,  12131.4,  705.904796149,  457.017314009,  1017.02
1588.59009036,  15488.2,  12122.9,  705.904855565,  457.017439786,  1017.12
1588.61052508,  15495.4,  12127.8,  705.904134968,  457.017839272,  1016.53
1588.63095959,  15490.4,  12124.3,  705.904616373,  457.017461381,  1016.92
1588.65139431,  15504.3,  12134.0,  705.903331782,  457.0184719,  1016.74
1588.67182892,  15506.7,  12135.8,  705.905190329,  457.017522052,  1017.03
1588.69226344,  15509.0,  12138.0,  705.905152966,  457.018886587,  1017.22
1588.71269815,  15510.4,  12137.9,  705.904809493,  457.017590978,  1016.7
1588.73313277,  15501.8,  12131.7,  705.904637888,  457.017485917,  1016.08
1588.75356728,  15510.7,  12138.5,  705.904092703,  457.018129267,  1016.79
1588.774002,  15513.4,  12139.9,  705.904814376,  457.017110071,  1015.82
1588.79443661,  15509.2,  12137.4,  705.90445085,  457.017510462,  1016.62
1588.81487123,  15509.6,  12136.8,  705.904875574,  457.01747118,  1016.33
1588.83530585,  15516.0,  12141.4,  705.905427683,  457.017533582,  1016.13
1588.85574046,  15530.2,  12152.8,  705.904855072,  457.01701512,  1016.24
1588.87617518,  15528.6,  12150.7,  705.905440406,  457.017744928,  1015.5
1588.89660969,  15516.3,  12141.5,  705.905127421,  457.01788201,  1015.11
1588.91704431,  15519.9,  12144.2,  705.904402089,  457.017843565,  1015.38
1588.93747903,  15532.9,  12153.6,  705.905529546,  457.01752362,  1014.16
1588.95791364,  15525.4,  12148.1,  705.904775884,  457.017288292,  1013.98
1588.97834816,  15528.8,  12150.3,  705.90488783,  457.016608511,  1015.2
1588.99878287,  15529.1,  12150.2,  705.906115703,  457.017209408,  1014.26
1589.01921749,  15530.9,  12152.0,  705.905440217,  457.017154402,  1015.38
1589.03965201,  15533.5,  12153.3,  705.905124594,  457.016552359,  1015.39
1589.06008672,  15534.4,  12154.0,  705.90492098,  457.017356992,  1014.22
1589.08052134,  15530.3,  12150.9,  705.905101357,  457.017608897,  1014.04
1589.10095606,  15539.9,  12157.5,  705.904781822,  457.015565198,  1016.13
1589.12139057,  15535.4,  12154.4,  705.905320054,  457.01689883,  1015.01
1589.14182519,  15539.4,  12157.2,  705.905840515,  457.017325918,  1013.36
1589.16225981,  15532.1,  12151.2,  705.904750979,  457.017237938,  1013.76
1589.18269443,  15541.9,  12159.0,  705.905471737,  457.017563565,  1015.57
1589.20312894,  15538.2,  12155.7,  705.905710389,  457.016964408,  1013.92
1589.22356366,  15530.1,  12149.3,  705.9050815,  457.017276647,  1014.07
1589.24399828,  15543.8,  12160.2,  705.906608368,  457.017059238,  1013.28
1589.26443299,  15537.7,  12155.0,  705.905817034,  457.016817125,  1011.93
1589.28486751,  15560.3,  12172.2,  705.905291888,  457.016402266,  1013.66
1589.30530213,  15549.7,  12164.3,  705.904863445,  457.017082117,  1013.8
1589.32573685,  15552.1,  12165.2,  705.905937784,  457.015905938,  1013.0
1589.34617136,  15558.5,  12170.4,  705.906017369,  457.016197629,  1012.69
1589.36660598,  15547.4,  12161.9,  705.905769405,  457.016350478,  1012.74
1589.3870407,  15548.2,  12161.8,  705.905383061,  457.016348001,  1013.5
1589.40747522,  15552.8,  12165.9,  705.905397168,  457.016545708,  1012.33
1589.42790984,  15550.7,  12163.8,  705.905606533,  457.016551948,  1012.06
1589.44834455,  15559.6,  12170.5,  705.905608607,  457.016551393,  1012.84
1589.46877917,  15562.0,  12172.6,  705.904782548,  457.015881732,  1012.56
1589.48921379,  15554.4,  12166.3,  705.905498769,  457.017098975,  1012.0
1589.50964841,  15558.4,  12169.4,  705.906138023,  457.016550299,  1012.69
1589.53008303,  15557.8,  12168.9,  705.905914804,  457.015730098,  1013.83
1589.55051764,  15553.9,  12165.0,  705.905753162,  457.016541107,  1013.41
1589.57095226,  15557.3,  12167.9,  705.906405596,  457.016133947,  1012.73
1589.59138688,  15556.5,  12167.7,  705.906118059,  457.016503699,  1012.79
1589.6118216,  15567.5,  12175.3,  705.905638066,  457.016489923,  1012.34
1589.63225612,  15558.3,  12169.2,  705.905412964,  457.016373312,  1012.48
1589.65269074,  15562.4,  12171.4,  705.905822981,  457.016040794,  1012.32
1589.67312546,  15555.5,  12166.2,  705.906284043,  457.016061884,  1012.82
1589.69355997,  15563.4,  12172.6,  705.905569991,  457.016841938,  1012.33
1589.71399469,  15577.1,  12182.5,  705.904971211,  457.016273823,  1011.47
1589.73442931,  15566.8,  12174.6,  705.905693957,  457.016568535,  1011.32
1589.75486383,  15558.8,  12168.5,  705.906340994,  457.016562498,  1011.64
1589.77529855,  15568.9,  12175.5,  705.90597112,  457.016967882,  1011.3
1589.79573317,  15575.7,  12181.6,  705.905593674,  457.016389881,  1011.83
1589.81616769,  15568.9,  12175.6,  705.904964735,  457.016374693,  1012.09
1589.85703693,  15569.1,  12175.9,  705.905619215,  457.016737426,  1011.88
1589.87747165,  15562.0,  12170.1,  705.905810569,  457.016277003,  1011.1
1589.89790627,  15565.0,  12172.5,  705.906009518,  457.016016166,  1010.84
1589.91834079,  15559.1,  12168.1,  705.905923839,  457.015762074,  1009.81
1589.93877551,  15547.7,  12158.8,  705.906189638,  457.015421349,  1011.25
1589.95921012,  15562.0,  12170.0,  705.905174137,  457.016993708,  1012.07
1589.97964464,  15568.9,  12175.1,  705.905674347,  457.016045368,  1009.71
1590.00007936,  15560.3,  12168.2,  705.906014903,  457.016159102,  1011.39
1590.02051398,  15569.8,  12176.0,  705.906404714,  457.015600663,  1010.83
1590.0409486,  15571.1,  12176.4,  705.906031011,  457.015624977,  1009.9
1590.06138322,  15551.8,  12161.7,  705.905663456,  457.016375033,  1010.58
1590.08181784,  15558.0,  12167.0,  705.905697983,  457.015384247,  1010.77
1590.10225256,  15571.2,  12176.0,  705.905956372,  457.016022465,  1010.49
1590.12268708,  15569.4,  12175.0,  705.905271992,  457.015842533,  1011.37
1590.1431217,  15556.8,  12165.3,  705.906316329,  457.016298931,  1010.93
1590.16355643,  15561.7,  12168.8,  705.905257503,  457.014847756,  1010.77
1590.18399105,  15551.5,  12161.6,  705.905200131,  457.016147618,  1010.61
1590.20442557,  15560.6,  12168.1,  705.90561061,  457.015985412,  1010.14
1590.22486029,  15566.4,  12172.4,  705.906136426,  457.016145195,  1010.64
1590.24529491,  15562.5,  12169.6,  705.905703378,  457.016070226,  1010.57
1590.26572943,  15556.7,  12164.5,  705.905511491,  457.015666089,  1010.68
1590.28616415,  15564.0,  12170.6,  705.905955198,  457.016294349,  1010.58
1590.30659877,  15563.5,  12170.5,  705.90599925,  457.016310934,  1009.75
1590.32703349,  15560.2,  12167.2,  705.905931063,  457.015579271,  1009.6
1590.34746801,  15556.4,  12164.7,  705.907054249,  457.015907017,  1009.46
1590.36790263,  15563.6,  12169.8,  705.905139265,  457.01601938,  1009.81
1590.38833735,  15557.6,  12165.3,  705.906645382,  457.015981017,  1009.58
1590.40877187,  15556.1,  12164.4,  705.904996807,  457.015089968,  1011.02
1590.42920649,  15557.7,  12164.9,  705.90548333,  457.01500059,  1009.04
1590.44964112,  15553.5,  12162.0,  705.905552653,  457.016174573,  1009.87
1590.47007574,  15549.3,  12159.1,  705.905309044,  457.015841683,  1009.29
1590.49051046,  15553.3,  12161.5,  705.905037143,  457.015953076,  1010.41
1590.51094498,  15551.6,  12160.8,  705.905864492,  457.015806422,  1009.31
1590.5313796,  15551.4,  12160.2,  705.905658443,  457.015384296,  1009.57
1590.55181432,  15544.9,  12154.8,  705.905947674,  457.01573923,  1008.88
1590.57224884,  15547.3,  12157.0,  705.904799551,  457.014763883,  1008.22
1590.59268347,  15551.2,  12159.6,  705.90618188,  457.015762956,  1010.13
1590.61311819,  15533.7,  12146.4,  705.906086516,  457.015993562,  1009.6
1590.63355271,  15554.7,  12162.9,  705.905669652,  457.015892292,  1008.76
1590.65398733,  15544.2,  12153.8,  705.906294368,  457.015021886,  1009.38
1590.67442205,  15532.7,  12145.4,  705.905488747,  457.016975348,  1009.24
1590.69485668,  15538.6,  12150.3,  705.906139734,  457.015230177,  1009.43
1590.7152913,  15534.4,  12146.3,  705.904938248,  457.01461262,  1009.4
1590.73572592,  15528.9,  12142.6,  705.904500856,  457.015730264,  1009.52
1590.75616054,  15549.8,  12158.3,  705.90648491,  457.015973185,  1007.9
1590.77659516,  15531.0,  12143.9,  705.906084834,  457.014824866,  1007.79
1590.79702979,  15533.7,  12146.3,  705.904945276,  457.015662392,  1009.97
1590.81746441,  15536.8,  12147.9,  705.905281805,  457.015151699,  1008.79
1590.83789913,  15542.0,  12152.0,  705.906917905,  457.015435252,  1008.79
1590.85833365,  15533.5,  12145.9,  705.905203274,  457.014443953,  1008.77
1590.87876828,  15528.1,  12141.0,  705.905836812,  457.015042287,  1007.78
1590.899203,  15540.6,  12151.0,  705.904787179,  457.01555485,  1008.6
1590.91963752,  15515.8,  12132.1,  705.905731931,  457.014834539,  1007.59
1590.94007224,  15523.6,  12137.5,  705.906248169,  457.015760774,  1008.06
1590.96050687,  15514.4,  12131.7,  705.906209408,  457.015156532,  1008.0
1590.98094139,  15520.3,  12131.7,  705.904843621,  457.016451582,  1007.95
1591.00137611,  15517.8,  12131.1,  705.905146078,  457.015202865,  1008.09
