Kepler I.D.-----Channel

[4157488]--------[82]

-TTYPE1--------TTYPE8------------TTYPE4-----------TTYPE15------------TTYPE17-----------TTYPE6

['TIME']---['PDCSAP_FLUX']---['SAP_FLUX']---['MOM_CENTR1']---['MOM_CENTR2']---['SAP_BKG']

['BJD - 2454833']--['e-/s']--------['e-/s']---------['pixel']---------['pixel']----------['e-/s']

CROWDSAP --- 0.8359

4157488

1559.24622785,  32876.3,  35878.7,  579.175564531,  269.026791202,  1564.8
1559.26666221,  33260.9,  36226.5,  579.174906627,  269.02756896,  1565.59
1559.28709667,  33918.7,  36813.2,  579.173929133,  269.029398314,  1566.46
1559.30753093,  34745.9,  37555.3,  579.172281447,  269.031930218,  1564.6
1559.3279653,  35593.5,  38317.1,  579.171265437,  269.033624326,  1566.63
1559.34839976,  36332.8,  38976.6,  579.170567086,  269.035676558,  1565.2
1559.36883402,  36779.3,  39379.3,  579.169776688,  269.036884349,  1565.51
1559.38926848,  36842.9,  39439.0,  579.169496931,  269.036050885,  1564.51
1559.40970285,  36846.2,  39439.3,  579.169217445,  269.036436324,  1563.97
1559.43013721,  36836.5,  39434.6,  579.169283276,  269.036225201,  1566.47
1559.45057157,  36843.4,  39440.1,  579.169268061,  269.036492244,  1563.48
1559.47100594,  36851.2,  39446.7,  579.169383118,  269.03636512,  1563.33
1559.4914403,  36845.4,  39447.2,  579.169018373,  269.035583231,  1564.61
1559.51187466,  36836.1,  39436.3,  579.168841924,  269.035693326,  1563.32
1559.53230903,  36833.6,  39436.3,  579.169335862,  269.036571028,  1563.1
1559.55274339,  36845.9,  39451.0,  579.168513067,  269.035436698,  1563.61
1559.57317776,  36829.6,  39434.4,  579.16895085,  269.035524724,  1564.05
1559.59361212,  36849.2,  39455.4,  579.168287433,  269.034927951,  1563.55
1559.61404649,  36849.9,  39456.9,  579.168506154,  269.035319092,  1562.6
1559.63448085,  36840.7,  39446.7,  579.168687135,  269.035044404,  1563.63
1559.65491522,  36854.7,  39464.7,  579.168354673,  269.034894855,  1562.24
1559.67534969,  36848.4,  39458.2,  579.168613737,  269.034967056,  1561.92
1559.69578395,  36855.7,  39464.0,  579.168320771,  269.034704749,  1560.9
1559.71621832,  36842.7,  39457.6,  579.168049759,  269.034607901,  1561.86
1559.73665278,  36856.4,  39467.6,  579.168163934,  269.034860867,  1560.43
1559.75708705,  36844.8,  39457.5,  579.167995323,  269.034000186,  1561.28
1559.77752152,  36853.8,  39469.2,  579.167989396,  269.034677532,  1559.88
1559.79795589,  36853.0,  39464.5,  579.168094896,  269.03490666,  1558.47
1559.81839015,  36853.8,  39467.5,  579.167788406,  269.034439744,  1560.27
1559.83882462,  36856.5,  39472.9,  579.167914398,  269.034246384,  1560.77
1559.85925899,  36857.8,  39471.0,  579.16786804,  269.034024681,  1558.89
1559.87969326,  36864.0,  39481.2,  579.167827261,  269.033865212,  1560.58
1559.90012773,  36859.7,  39475.7,  579.167902638,  269.033769658,  1559.99
1559.92056209,  36868.7,  39483.5,  579.167153441,  269.03359159,  1559.0
1559.94099656,  36863.1,  39483.0,  579.167566419,  269.03356665,  1559.0
1559.96143083,  36867.0,  39482.6,  579.167556189,  269.033858993,  1559.65
1559.9818652,  36863.4,  39481.6,  579.167966396,  269.033765323,  1556.65
1560.00229967,  36874.5,  39493.6,  579.16722677,  269.033358256,  1558.9
1560.02273394,  36880.5,  39495.5,  579.16706853,  269.033665858,  1556.98
1560.04316831,  36876.9,  39495.5,  579.167793913,  269.033324101,  1559.07
1560.06360278,  36877.2,  39496.0,  579.16758031,  269.033603356,  1557.47
1560.08403705,  36876.6,  39493.5,  579.167332401,  269.03353392,  1556.68
1560.10447152,  36890.1,  39509.6,  579.167327436,  269.033357904,  1556.69
1560.12490589,  36883.7,  39502.5,  579.167453651,  269.03339823,  1557.65
1560.14534016,  36889.7,  39506.1,  579.16678094,  269.033905128,  1556.97
1560.16577463,  36885.6,  39506.8,  579.167774168,  269.032834636,  1556.09
1560.186209,  36898.5,  39515.6,  579.167191133,  269.032867407,  1557.94
1560.20664328,  36901.7,  39519.1,  579.166939263,  269.032916766,  1556.21
1560.22707775,  36896.7,  39517.0,  579.167036175,  269.033096053,  1554.91
1560.24751212,  36889.0,  39507.0,  579.16737997,  269.033422491,  1555.27
1560.26794639,  36896.8,  39516.4,  579.16721929,  269.033071414,  1554.7
1560.28838086,  36898.1,  39518.0,  579.166876091,  269.032740614,  1556.04
1560.30881524,  36897.8,  39514.9,  579.166843887,  269.032925407,  1557.12
1560.32924961,  36897.1,  39518.4,  579.166937979,  269.032397944,  1554.37
1560.34968398,  36910.7,  39528.6,  579.167397786,  269.032857616,  1555.34
1560.37011836,  36910.9,  39528.1,  579.166670066,  269.032586522,  1554.1
1560.39055283,  36894.5,  39516.1,  579.16696439,  269.032476466,  1555.62
1560.4109871,  36902.7,  39519.8,  579.167058819,  269.032525167,  1554.17
1560.43142148,  36907.2,  39525.5,  579.167048327,  269.032859647,  1555.15
1560.45185595,  36895.1,  39516.5,  579.167389369,  269.032675543,  1553.4
1560.47229023,  36911.2,  39527.4,  579.167169913,  269.032756802,  1553.24
1560.4927247,  36903.2,  39522.5,  579.166757523,  269.032169487,  1552.59
1560.51315908,  36920.8,  39538.0,  579.166994558,  269.032206421,  1555.4
1560.53359335,  36905.1,  39522.8,  579.167246002,  269.032229375,  1552.24
1560.55402783,  36900.4,  39521.5,  579.166358123,  269.032406629,  1554.38
1560.5744622,  36910.6,  39528.4,  579.166783489,  269.032127128,  1554.27
1560.59489648,  36911.3,  39528.6,  579.166855023,  269.03233413,  1553.22
1560.61533095,  36904.7,  39525.2,  579.166536258,  269.032329307,  1553.14
1560.63576533,  36910.7,  39527.2,  579.166404778,  269.032303548,  1551.69
1560.65619971,  36901.2,  39520.0,  579.166653682,  269.032079737,  1552.16
1560.67663408,  36900.1,  39520.3,  579.166802148,  269.031665923,  1553.34
1560.69706846,  36896.1,  39513.8,  579.166445867,  269.032145675,  1551.39
1560.73793721,  36902.9,  39521.6,  579.166431477,  269.031868293,  1552.03
1560.75837159,  36909.6,  39523.9,  579.166829737,  269.032389144,  1550.33
1560.77880607,  36900.2,  39518.2,  579.165925507,  269.031705579,  1550.4
1560.79924035,  36905.0,  39519.2,  579.165959138,  269.03172751,  1550.9
1560.81967473,  36897.3,  39513.1,  579.166189876,  269.032069045,  1551.78
1560.8401092,  36906.0,  39526.2,  579.166687946,  269.031038464,  1572.75
1560.96271548,  36888.1,  39509.3,  579.165504029,  269.031421136,  1590.93
1560.98314976,  36899.0,  39520.1,  579.165531765,  269.031802837,  1586.92
1561.00358424,  36876.2,  39499.5,  579.166356362,  269.031423014,  1587.85
1561.02401862,  36888.9,  39508.1,  579.165625204,  269.030037759,  1584.53
1561.0444531,  36878.8,  39498.1,  579.165011992,  269.031547259,  1581.73
1561.06488738,  36904.2,  39522.6,  579.164911828,  269.032028254,  1581.1
1561.08532176,  36887.1,  39505.0,  579.165234431,  269.031135636,  1578.55
1561.10575624,  36906.2,  39520.7,  579.166172042,  269.032317552,  1577.97
1561.12619052,  36885.9,  39504.3,  579.165802608,  269.030956353,  1576.51
1561.1466249,  36876.1,  39491.2,  579.164913861,  269.031105423,  1573.51
1561.16705939,  36851.1,  39470.6,  579.165514856,  269.031155574,  1572.26
1561.18749367,  36882.5,  39498.3,  579.165745,  269.030870229,  1569.73
1561.20792805,  36873.8,  39488.5,  579.166159428,  269.031851097,  1568.26
1561.22836253,  36841.9,  39462.9,  579.165590461,  269.031150963,  1566.83
1561.24879682,  36863.4,  39479.7,  579.165620948,  269.031201675,  1566.86
1561.2692313,  36852.2,  39469.5,  579.165260395,  269.031329408,  1565.15
1561.28966568,  36842.4,  39462.6,  579.165248931,  269.030926901,  1563.08
1561.31010006,  36855.6,  39472.0,  579.165117737,  269.030612532,  1560.74
1561.33053445,  36863.7,  39478.7,  579.165292461,  269.030462172,  1561.14
1561.35096883,  36863.9,  39480.6,  579.164469145,  269.030088594,  1558.86
1561.37140322,  36854.8,  39469.1,  579.164875887,  269.030427598,  1556.57
1561.3918376,  36859.0,  39476.0,  579.164756662,  269.030322286,  1558.52
1561.41227198,  36836.2,  39454.4,  579.165781195,  269.030692177,  1558.29
1561.43270647,  36846.0,  39462.9,  579.165185671,  269.030503033,  1555.25
1561.45314075,  36838.1,  39457.3,  579.165428329,  269.030672069,  1555.09
1561.47357514,  36830.2,  39446.9,  579.165849191,  269.031000499,  1554.66
1561.49400952,  36836.2,  39453.8,  579.164819282,  269.030366052,  1554.61
1561.51444391,  36838.3,  39458.8,  579.165225375,  269.030342027,  1553.89
1561.53487829,  36826.9,  39444.5,  579.165712697,  269.030161716,  1552.39
1561.55531278,  36778.2,  39404.4,  579.165502237,  269.029650764,  1550.43
1561.57574707,  36834.0,  39454.9,  579.16555077,  269.030450292,  1551.76
1561.59618145,  36830.3,  39448.2,  579.165192556,  269.03030152,  1549.42
1561.61661594,  36844.0,  39463.0,  579.165230223,  269.03005462,  1550.05
1561.63705023,  36836.0,  39455.2,  579.165650002,  269.029792132,  1549.95
1561.65748471,  36834.9,  39451.8,  579.165176137,  269.030156879,  1549.51
1561.6779191,  36835.2,  39456.4,  579.165141747,  269.030048057,  1548.14
1561.69835339,  36835.9,  39453.9,  579.165094885,  269.030203901,  1546.23
1561.71878787,  36787.0,  39411.0,  579.164917369,  269.029936996,  1547.89
1561.73922226,  36353.1,  39025.9,  579.165768101,  269.028539829,  1548.56
1561.75965655,  35634.6,  38380.1,  579.166289406,  269.027065843,  1546.52
1561.78009104,  34782.1,  37618.9,  579.167882454,  269.02473681,  1546.71
1561.80052543,  33971.0,  36894.7,  579.168596103,  269.022415085,  1546.17
1561.82095991,  33300.0,  36290.8,  579.169603242,  269.020387882,  1545.33
1561.8413942,  32878.2,  35916.4,  579.169845682,  269.019028671,  1544.26
1561.86182859,  32770.2,  35819.5,  579.170407059,  269.01935919,  1544.93
1561.88226308,  33006.4,  36028.2,  579.170196768,  269.019801276,  1543.93
1561.90269737,  33520.5,  36491.5,  579.168711282,  269.020952982,  1543.79
1561.92313176,  34257.0,  37148.6,  579.168345359,  269.022944238,  1544.6
1561.94356625,  35112.4,  37915.0,  579.167014656,  269.025335455,  1543.37
1561.96400054,  35922.9,  38642.9,  579.166019788,  269.027406984,  1541.67
1561.98443493,  36584.1,  39230.6,  579.165044148,  269.028559855,  1544.14
1562.00486942,  36830.3,  39452.5,  579.165012258,  269.029302049,  1540.91
1562.02530381,  36816.8,  39441.5,  579.164741885,  269.029315066,  1542.2
1562.0457382,  36840.4,  39459.4,  579.164614439,  269.029190099,  1540.69
1562.06617259,  36822.4,  39447.5,  579.164463746,  269.029351877,  1540.79
1562.08660689,  36834.4,  39456.8,  579.164632727,  269.029261689,  1539.48
1562.10704138,  36848.7,  39467.4,  579.164387064,  269.02917292,  1539.65
1562.12747577,  36830.2,  39454.6,  579.164306118,  269.029066068,  1541.34
1562.14791006,  36848.3,  39468.4,  579.164215337,  269.028870445,  1540.64
1562.16834455,  36834.9,  39456.6,  579.164531253,  269.028700793,  1539.93
1562.18877894,  36840.5,  39464.1,  579.163897515,  269.028529642,  1540.55
1562.20921344,  36839.3,  39459.5,  579.164729664,  269.028729033,  1540.7
1562.22964773,  36843.6,  39465.5,  579.164175093,  269.028657624,  1537.49
1562.25008212,  36837.1,  39460.4,  579.164751152,  269.028874472,  1539.11
1562.27051662,  36846.2,  39466.1,  579.164430283,  269.02868178,  1537.71
1562.29095091,  36830.3,  39456.2,  579.163893978,  269.028683242,  1538.74
1562.3113853,  36840.6,  39463.3,  579.163934749,  269.028462638,  1537.66
1562.3318198,  36835.1,  39458.5,  579.164065062,  269.028587061,  1536.85
1562.35225409,  36843.1,  39467.2,  579.16438805,  269.028001654,  1536.98
1562.37268859,  36843.8,  39465.3,  579.164294575,  269.028852128,  1537.88
1562.39312298,  36850.5,  39471.5,  579.163870713,  269.028342886,  1535.68
1562.41355727,  36862.7,  39484.1,  579.163859277,  269.028170676,  1536.75
1562.43399177,  36858.0,  39476.7,  579.164174479,  269.028070549,  1536.15
1562.45442616,  36859.9,  39480.9,  579.163809896,  269.028220079,  1535.3
1562.47486046,  36851.9,  39475.5,  579.163686862,  269.028295304,  1535.75
1562.49529495,  36868.4,  39486.3,  579.164585869,  269.029090613,  1534.86
1562.51572935,  36862.8,  39483.2,  579.163674473,  269.028118649,  1535.11
1562.53616375,  36891.2,  39508.5,  579.164007309,  269.028075017,  1534.87
1562.55659814,  36873.4,  39491.6,  579.164324795,  269.028658988,  1533.83
1562.57703254,  36866.0,  39487.6,  579.163900578,  269.028229814,  1534.63
1562.59746703,  36859.2,  39478.3,  579.163742447,  269.028071596,  1534.8
1562.61790133,  36884.6,  39501.7,  579.163541281,  269.028020716,  1533.55
1562.63833573,  36886.5,  39506.0,  579.164148042,  269.028044287,  1533.19
1562.65877023,  36886.7,  39503.4,  579.163900506,  269.028003284,  1532.63
1562.67920462,  36876.0,  39495.5,  579.163957882,  269.027622002,  1533.56
1562.69963892,  36881.7,  39500.3,  579.163369115,  269.027952713,  1532.52
1562.72007342,  36894.8,  39510.0,  579.163627317,  269.027965365,  1533.2
1562.74050772,  36898.5,  39516.4,  579.163186911,  269.027646607,  1531.04
1562.76094221,  36901.5,  39516.0,  579.163617228,  269.027819745,  1531.92
1562.78137661,  36906.3,  39520.0,  579.163307464,  269.027676615,  1531.4
1562.80181091,  36898.5,  39516.0,  579.163901638,  269.027759255,  1532.21
1562.82224541,  36905.0,  39519.4,  579.163494709,  269.027786117,  1531.43
1562.84267981,  36889.8,  39506.7,  579.163855746,  269.027682643,  1530.63
1562.86311411,  36897.8,  39515.5,  579.163541554,  269.027250369,  1530.75
1562.88354861,  36903.3,  39517.5,  579.163909763,  269.027637181,  1532.29
1562.90398301,  36905.2,  39521.4,  579.163580314,  269.027631859,  1531.02
1562.92441731,  36903.5,  39519.3,  579.163481229,  269.027804601,  1531.78
1562.94485181,  36916.6,  39530.0,  579.163517509,  269.027575335,  1530.5
1562.96528621,  36901.2,  39518.1,  579.163596553,  269.027350121,  1531.54
1562.98572071,  36910.4,  39525.3,  579.169194728,  269.031941192,  1529.87
1563.00615501,  36912.0,  39525.8,  579.163322416,  269.027612252,  1532.15
1563.02658941,  36898.6,  39516.6,  579.163308812,  269.027350949,  1530.19
1563.04702391,  36910.0,  39522.9,  579.163398906,  269.027343089,  1528.3
1563.06745821,  36914.2,  39527.9,  579.163160686,  269.027275355,  1530.67
1563.08789261,  36905.7,  39522.8,  579.163125632,  269.026943079,  1530.5
1563.10832711,  36915.8,  39528.4,  579.163135723,  269.027215603,  1530.72
1563.12876142,  36906.2,  39522.2,  579.163154329,  269.027282929,  1527.59
1563.14919592,  36910.4,  39526.6,  579.16305456,  269.026660338,  1529.51
1563.16963032,  36911.3,  39523.8,  579.16368238,  269.026990048,  1528.1
1563.19006472,  36931.9,  39545.5,  579.162878679,  269.026792107,  1530.75
1563.21049913,  36904.2,  39518.9,  579.163290467,  269.026727912,  1533.78
1563.23093353,  36901.8,  39517.3,  579.163271047,  269.026919201,  1535.29
1563.25136793,  36904.6,  39522.9,  579.163105955,  269.026699919,  1537.29
1563.27180233,  36909.5,  39522.6,  579.163453403,  269.026677479,  1535.67
1563.29223674,  36916.8,  39529.7,  579.163256767,  269.026482219,  1536.24
1563.31267114,  36915.9,  39532.2,  579.163143677,  269.026878162,  1534.62
1563.33310565,  36902.9,  39516.4,  579.16337666,  269.026766555,  1538.26
1563.35353995,  36909.2,  39525.9,  579.16321604,  269.026631694,  1539.06
1563.37397435,  36899.1,  39515.6,  579.163567431,  269.026743885,  1539.56
1563.39440876,  36896.1,  39512.0,  579.163347077,  269.02700089,  1540.72
1563.41484316,  36902.6,  39520.0,  579.163030548,  269.026669815,  1541.13
1563.43527767,  36891.7,  39506.8,  579.163526754,  269.026867269,  1540.66
1563.45571197,  36898.9,  39512.8,  579.16310916,  269.026909266,  1539.43
1563.47614638,  36895.6,  39513.3,  579.16290068,  269.026582646,  1539.65
1563.49658088,  36895.7,  39510.4,  579.162817114,  269.026487622,  1537.87
1563.51701519,  36879.6,  39496.3,  579.162988888,  269.026311547,  1539.08
1563.5374497,  36896.6,  39514.4,  579.162693655,  269.026590718,  1537.94
1563.5578841,  36891.4,  39505.7,  579.163037204,  269.026540348,  1536.62
1563.57831841,  36869.1,  39488.6,  579.163503294,  269.026410631,  1536.35
1563.59875291,  36876.7,  39494.5,  579.163431254,  269.026318569,  1533.45
1563.61918732,  36878.5,  39494.7,  579.162907274,  269.026625822,  1533.76
1563.63962163,  36869.3,  39489.5,  579.162869826,  269.025708413,  1532.81
1563.66005613,  36869.3,  39486.1,  579.163456208,  269.026257132,  1531.27
1563.68049054,  36868.5,  39486.3,  579.162871009,  269.025706775,  1530.08
1563.72135936,  36867.3,  39482.5,  579.16239795,  269.02645441,  1529.56
1563.74179377,  36858.9,  39475.9,  579.162945421,  269.025951795,  1531.67
1563.76222827,  36871.3,  39487.6,  579.162645714,  269.025604202,  1529.35
1563.78266258,  36857.2,  39470.3,  579.162345487,  269.025937592,  1529.13
1563.80309699,  36848.9,  39464.8,  579.162597161,  269.026102104,  1530.06
1563.8235315,  36862.8,  39476.6,  579.163305625,  269.026377847,  1529.81
1563.84396591,  36850.2,  39462.7,  579.162178681,  269.026305634,  1530.0
1563.86440022,  36865.1,  39478.6,  579.162607684,  269.026513403,  1530.87
1563.88483473,  36838.9,  39452.9,  579.162880976,  269.026073784,  1530.6
1563.90526914,  36840.6,  39454.3,  579.162449665,  269.026034533,  1528.11
1563.92570355,  36841.2,  39457.2,  579.163003716,  269.02592879,  1528.45
1563.94613796,  36846.3,  39458.0,  579.162112824,  269.026154905,  1531.02
1563.96657237,  36843.9,  39457.7,  579.162060984,  269.02588686,  1529.38
1563.98700678,  36834.5,  39448.8,  579.162534674,  269.026259084,  1530.02
1564.00744119,  36838.6,  39449.6,  579.16199104,  269.025845098,  1529.12
1564.0278756,  36821.8,  39438.1,  579.162398848,  269.025835004,  1528.13
1564.04831001,  36831.5,  39444.7,  579.162159576,  269.025757526,  1529.85
1564.06874442,  36838.6,  39449.3,  579.161995205,  269.02559268,  1528.2
1564.08917893,  36817.3,  39433.1,  579.162366956,  269.025556437,  1529.22
1564.10961324,  36819.9,  39432.8,  579.162255286,  269.025598043,  1530.6
1564.13004765,  36824.7,  39436.6,  579.162105324,  269.025580491,  1529.09
1564.15048217,  36821.1,  39436.3,  579.162145198,  269.025697672,  1528.31
1564.17091648,  36797.8,  39411.5,  579.16283943,  269.025646114,  1529.35
1564.19135089,  36823.6,  39434.9,  579.162386636,  269.025247464,  1528.31
1564.2117854,  36821.4,  39434.6,  579.16193273,  269.025509178,  1527.31
1564.23221972,  36817.1,  39428.5,  579.162313816,  269.025675622,  1525.83
1564.25265413,  36805.8,  39420.9,  579.162422561,  269.025302743,  1525.75
1564.27308864,  36800.6,  39414.9,  579.162082099,  269.02534493,  1525.65
1564.29352295,  36729.8,  39350.1,  579.162282676,  269.024964629,  1525.15
1564.31395747,  36236.4,  38911.6,  579.162962851,  269.023897798,  1523.98
1564.33439188,  35468.3,  38221.2,  579.163498922,  269.021587362,  1527.04
1564.3548262,  35367.7,  38131.3,  579.15697453,  269.030687133,  1522.35
1564.37526071,  33770.8,  36705.6,  579.16686621,  269.017013439,  1524.37
1564.39569512,  33131.4,  36128.9,  579.167364688,  269.014822981,  1524.79
1564.41612954,  32773.3,  35810.8,  579.16790078,  269.013829661,  1523.62
1564.43656395,  32729.7,  35772.6,  579.16806532,  269.014199306,  1520.87
1564.45699837,  33031.0,  36040.0,  579.167726747,  269.014483637,  1525.21
1564.47743288,  33591.7,  36545.4,  579.166726594,  269.016094174,  1521.87
1564.4978673,  34371.9,  37241.3,  579.165737975,  269.018313923,  1520.46
1564.51830161,  35151.5,  37938.1,  579.1654105,  269.019342668,  1522.8
1564.53873613,  36020.4,  38718.6,  579.163635837,  269.022352171,  1520.92
1564.55917055,  36606.8,  39240.6,  579.163002169,  269.023978426,  1519.04
1564.57960486,  36776.7,  39393.5,  579.162432455,  269.023924647,  1517.45
1564.60003938,  36769.3,  39389.0,  579.162513131,  269.023774557,  1517.14
1564.62047379,  36772.0,  39387.6,  579.162235814,  269.024307545,  1517.05
1564.64090811,  36755.3,  39374.7,  579.162666209,  269.024170464,  1515.12
1564.66134263,  36767.8,  39387.0,  579.162538683,  269.023882939,  1515.33
1564.68177694,  36766.8,  39383.1,  579.162732606,  269.024259633,  1515.68
1564.70221146,  36781.8,  39400.4,  579.162368776,  269.02400496,  1514.06
1564.72264588,  36768.7,  39387.6,  579.162309616,  269.024076381,  1513.38
1564.7430802,  36769.4,  39387.5,  579.162317003,  269.023978717,  1513.84
1564.76351471,  36775.2,  39395.0,  579.162064229,  269.023733128,  1513.98
1564.78394913,  36769.8,  39387.8,  579.162199532,  269.023729288,  1513.31
1564.80438345,  36775.7,  39394.4,  579.16217148,  269.023683406,  1514.44
1564.82481797,  36766.9,  39387.2,  579.162016274,  269.023612174,  1511.01
1564.84525239,  36799.8,  39414.1,  579.161833544,  269.023803402,  1513.23
1564.86568691,  36785.4,  39404.4,  579.162540358,  269.023391469,  1512.13
1564.88612123,  36775.8,  39395.1,  579.16231747,  269.023692573,  1513.06
1564.90655565,  36786.2,  39402.0,  579.162807827,  269.02327913,  1513.07
1564.92699016,  36797.8,  39416.7,  579.161673915,  269.022795275,  1510.91
1564.94742448,  36802.1,  39418.6,  579.161796385,  269.023426069,  1512.39
1564.9678589,  36811.1,  39426.0,  579.161987598,  269.023449809,  1510.65
1564.98829342,  36799.0,  39417.2,  579.161723404,  269.023673398,  1511.44
1565.00872774,  36812.5,  39427.4,  579.161760286,  269.023349406,  1510.11
1565.02916216,  36812.7,  39427.8,  579.161584847,  269.023224235,  1510.54
1565.04959668,  36812.8,  39431.0,  579.162122519,  269.023356753,  1509.73
1565.07003111,  36809.8,  39424.4,  579.161721322,  269.022916842,  1509.75
1565.09046553,  36821.1,  39437.6,  579.161531385,  269.022842001,  1509.93
1565.11089995,  36817.9,  39434.8,  579.161589949,  269.023137985,  1508.26
1565.13133437,  36831.3,  39443.4,  579.16201981,  269.023212515,  1510.33
1565.15176879,  36835.7,  39451.2,  579.161409858,  269.022888673,  1511.94
1565.17220321,  36819.8,  39436.1,  579.161597971,  269.023278027,  1508.78
1565.19263763,  36831.4,  39445.4,  579.161095502,  269.023218846,  1507.66
1565.21307216,  36824.5,  39443.0,  579.161493958,  269.022433595,  1508.7
1565.23350648,  36827.0,  39441.8,  579.161290375,  269.022354504,  1509.08
1565.253941,  36839.2,  39453.4,  579.161477675,  269.023280719,  1509.14
1565.27437542,  36825.0,  39443.1,  579.161534081,  269.022554499,  1509.0
1565.29480975,  36845.6,  39458.6,  579.161594278,  269.022742414,  1510.43
1565.31524427,  36850.1,  39464.5,  579.161165607,  269.022623231,  1509.1
1565.33567859,  36832.5,  39448.1,  579.161705793,  269.022661123,  1508.13
1565.35611302,  36841.7,  39453.9,  579.16164135,  269.022730128,  1509.19
1565.37654754,  36854.7,  39469.7,  579.161229949,  269.022577326,  1508.63
1565.39698186,  36849.3,  39462.1,  579.161256696,  269.022189365,  1508.55
1565.41741629,  36850.2,  39463.5,  579.161212053,  269.022694115,  1509.86
1565.43785081,  36832.7,  39450.5,  579.1612486,  269.023006286,  1510.52
1565.45828514,  36845.1,  39458.3,  579.16141582,  269.022436757,  1510.53
1565.47871966,  36846.9,  39461.7,  579.160689961,  269.022218654,  1510.66
1565.49915409,  36840.3,  39457.5,  579.161103291,  269.022693858,  1507.99
1565.51958841,  36854.7,  39466.8,  579.161035608,  269.022478425,  1507.36
1565.54002294,  36851.1,  39465.7,  579.160930746,  269.022363296,  1508.6
1565.56045736,  36845.8,  39460.8,  579.161022086,  269.022333795,  1508.71
1565.58089179,  36857.3,  39470.0,  579.1609972,  269.022419196,  1507.28
1565.60132621,  36854.0,  39469.4,  579.161348057,  269.022081308,  1507.78
1565.62176064,  36852.9,  39466.3,  579.160648025,  269.021679481,  1506.85
1565.64219517,  36855.9,  39469.0,  579.161327559,  269.022052975,  1506.68
1565.66262949,  36863.9,  39479.8,  579.161038666,  269.021879321,  1505.59
1565.68306392,  36858.3,  39470.7,  579.161042885,  269.022235911,  1507.28
1565.70349844,  36857.5,  39471.7,  579.160580785,  269.021709553,  1505.2
1565.72393287,  36848.9,  39465.7,  579.160528174,  269.021567004,  1507.59
1565.7443672,  36860.0,  39472.2,  579.160506939,  269.021723743,  1507.51
1565.76480173,  36860.7,  39475.8,  579.160555642,  269.022099964,  1507.51
1565.78523615,  36859.4,  39473.5,  579.160315911,  269.02164865,  1506.42
1565.80567058,  36851.7,  39465.2,  579.160268907,  269.021653777,  1505.01
1565.82610501,  36848.2,  39464.5,  579.160690143,  269.021663272,  1506.83
1565.84653944,  36847.9,  39463.6,  579.160573733,  269.021285377,  1503.62
1565.86697397,  36850.9,  39465.0,  579.160291955,  269.021811626,  1503.67
1565.88740829,  36851.9,  39469.2,  579.160581257,  269.021616262,  1505.26
1565.90784272,  36843.4,  39457.2,  579.161018365,  269.02135969,  1504.98
1565.92827725,  36858.7,  39473.6,  579.160459577,  269.021310101,  1504.3
1565.94871158,  36841.8,  39459.2,  579.160352371,  269.021270975,  1501.55
1565.96914601,  36834.4,  39449.1,  579.160610771,  269.021282518,  1503.03
1565.98958044,  36849.9,  39467.2,  579.160449326,  269.021601607,  1500.18
1566.01001487,  36854.7,  39470.0,  579.160234571,  269.021038186,  1502.21
1566.0304494,  36838.1,  39453.9,  579.1603583,  269.021186342,  1503.54
1566.05088373,  36832.9,  39452.6,  579.160257912,  269.020822837,  1501.4
1566.07131816,  36835.3,  39451.6,  579.160547884,  269.020803721,  1500.88
1566.09175269,  36826.2,  39443.8,  579.160681347,  269.020564606,  1500.61
1566.11218702,  36816.8,  39438.1,  579.160240659,  269.021315256,  1502.24
1566.13262145,  36838.9,  39453.8,  579.160441026,  269.020871538,  1500.84
1566.15305598,  36829.1,  39447.6,  579.160857607,  269.021151025,  1499.76
1566.17349031,  36826.2,  39445.3,  579.160236011,  269.020882174,  1500.8
1566.19392484,  36828.2,  39444.3,  579.160445389,  269.020972549,  1499.53
1566.21435927,  36821.3,  39440.9,  579.160485254,  269.02049193,  1500.6
1566.23479361,  36812.9,  39432.7,  579.16046918,  269.020954163,  1500.53
1566.25522814,  36838.5,  39454.3,  579.159646752,  269.020626801,  1499.98
1566.27566257,  36805.6,  39427.3,  579.160433184,  269.020553604,  1497.93
1566.296097,  36808.8,  39427.8,  579.16033547,  269.020765816,  1499.65
1566.31653143,  36811.0,  39430.7,  579.160459046,  269.020518601,  1498.75
1566.33696587,  36804.9,  39426.8,  579.160638638,  269.020453299,  1498.01
1566.3574003,  36791.3,  39411.3,  579.160382398,  269.020539775,  1497.1
1566.37783483,  36799.4,  39421.2,  579.160279165,  269.020195944,  1496.15
1566.39826917,  36787.6,  39410.8,  579.159799497,  269.02076007,  1495.82
1566.4187037,  36787.4,  39407.6,  579.16019164,  269.02079862,  1496.56
1566.43913813,  36784.0,  39407.8,  579.160532689,  269.020360027,  1497.22
1566.45957247,  36802.9,  39422.6,  579.160195156,  269.020102051,  1497.36
1566.480007,  36804.6,  39423.3,  579.159113116,  269.020295583,  1497.73
1566.50044143,  36777.7,  39402.4,  579.160126085,  269.020400867,  1495.86
1566.52087577,  36797.9,  39417.1,  579.160364833,  269.020513865,  1496.58
1566.5413103,  36778.7,  39399.7,  579.160462952,  269.020498134,  1497.18
1566.56174474,  36772.9,  39398.4,  579.160224068,  269.020723981,  1495.31
1566.58217917,  36788.3,  39407.8,  579.160568328,  269.020396844,  1495.98
1566.60261361,  36782.3,  39404.1,  579.160059648,  269.020095753,  1497.31
1566.62304794,  36785.3,  39407.6,  579.159979877,  269.020091087,  1497.09
1566.64348248,  36771.1,  39392.6,  579.16015294,  269.019964471,  1495.96
1566.66391691,  36774.7,  39399.5,  579.159853861,  269.020036906,  1495.63
1566.70478579,  36775.1,  39395.4,  579.159781903,  269.019838464,  1496.99
1566.72522022,  36768.8,  39391.8,  579.159765533,  269.020345457,  1494.59
1566.74565466,  36774.7,  39392.9,  579.160088034,  269.019993425,  1494.64
1566.76608909,  36789.4,  39405.7,  579.159523295,  269.019571681,  1494.81
1566.78652353,  36764.8,  39385.5,  579.159419324,  269.019964093,  1493.96
1566.80695807,  36765.0,  39381.2,  579.159917026,  269.020135073,  1492.79
1566.82739241,  36766.8,  39386.0,  579.15968388,  269.020265088,  1492.25
1566.84782684,  36780.9,  39397.1,  579.159863502,  269.02016562,  1492.11
1566.86826138,  36769.1,  39384.9,  579.159310138,  269.019816346,  1493.36
1566.88869582,  36765.6,  39385.1,  579.159271805,  269.020191179,  1492.88
1566.90913016,  36767.2,  39382.9,  579.159180992,  269.020078165,  1493.84
1566.92956469,  36487.1,  39132.3,  579.160039099,  269.019251603,  1494.56
1566.94999913,  35837.4,  38553.3,  579.16082532,  269.017758834,  1493.25
1566.97043357,  35023.7,  37821.5,  579.161984812,  269.015562857,  1493.5
1566.99086801,  34177.9,  37066.9,  579.162436692,  269.013424047,  1492.06
1567.01130245,  33446.6,  36412.3,  579.16352519,  269.011099533,  1493.14
1567.03173689,  32933.9,  35949.9,  579.16497304,  269.009931545,  1492.57
1567.05217133,  32723.8,  35764.9,  579.164815067,  269.009693287,  1491.56
1567.07260576,  32824.6,  35854.8,  579.165255014,  269.009650301,  1491.61
1567.0930403,  33259.1,  36240.7,  579.164008297,  269.010760536,  1491.34
1567.11347464,  33911.4,  36828.2,  579.163277788,  269.012129681,  1492.42
1567.13390918,  34751.8,  37577.1,  579.161866965,  269.014433887,  1491.35
1567.15434362,  35586.6,  38324.3,  579.160489066,  269.016838695,  1492.79
1567.17477796,  36316.3,  38979.0,  579.159953859,  269.018219676,  1492.2
1567.1952125,  36721.3,  39339.2,  579.159251276,  269.019398381,  1492.73
1567.21564694,  36772.9,  39387.2,  579.159414851,  269.019526829,  1491.42
1567.23608129,  36778.0,  39392.3,  579.159315235,  269.01950807,  1491.36
1567.25651583,  36770.8,  39382.5,  579.159476683,  269.019403364,  1490.98
1567.27695017,  36773.3,  39387.9,  579.158933817,  269.019287732,  1491.71
1567.29738461,  36777.6,  39389.7,  579.158923104,  269.019564003,  1490.01
1567.31781915,  36776.3,  39387.3,  579.159332063,  269.01935703,  1491.98
1567.33825349,  36778.2,  39392.4,  579.158971145,  269.019348191,  1490.04
1567.35868803,  36776.0,  39387.5,  579.159005119,  269.019568722,  1492.33
1567.37912248,  36794.0,  39404.2,  579.158838645,  269.019239497,  1489.84
1567.39955682,  36787.2,  39400.6,  579.159109091,  269.018767137,  1490.61
1567.41999136,  36784.8,  39394.6,  579.158724757,  269.018936948,  1490.39
1567.4404258,  36780.5,  39393.3,  579.158770568,  269.018760664,  1490.06
1567.46086025,  36793.4,  39405.6,  579.158965893,  269.019007244,  1488.65
1567.48129469,  36791.3,  39400.7,  579.159231368,  269.019199003,  1490.06
1567.50172913,  36789.5,  39402.5,  579.158916015,  269.019419261,  1489.57
1567.52216368,  36797.3,  39409.6,  579.159081137,  269.018969601,  1495.3
1567.54259802,  36808.0,  39416.2,  579.15877823,  269.018866935,  1489.47
1567.56303246,  36790.0,  39403.5,  579.158482078,  269.01892204,  1489.88
1567.58346701,  36809.7,  39418.9,  579.159017446,  269.019103609,  1489.8
1567.60390145,  36808.4,  39417.7,  579.158439303,  269.019071831,  1491.13
1567.62433579,  36821.4,  39432.5,  579.158054227,  269.019109939,  1489.5
1567.64477034,  36807.2,  39415.8,  579.159095043,  269.018734807,  1489.25
1567.66520478,  36812.7,  39423.0,  579.158269416,  269.018143749,  1486.98
1567.68563913,  36809.9,  39421.9,  579.159064655,  269.018820139,  1489.22
1567.70607367,  36806.5,  39416.0,  579.158203048,  269.018579372,  1488.03
1567.72650812,  36807.3,  39419.8,  579.158281552,  269.018417849,  1489.01
1567.74694266,  36814.6,  39424.5,  579.158383746,  269.01898063,  1488.32
1567.76737701,  36816.4,  39425.0,  579.158361834,  269.018973431,  1488.36
1567.78781145,  36829.4,  39440.7,  579.158386192,  269.018004689,  1486.85
1567.808246,  36819.1,  39428.9,  579.158544156,  269.018651301,  1487.15
1567.82868035,  36832.2,  39440.3,  579.15874431,  269.018376699,  1487.21
1567.84911479,  36847.6,  39456.9,  579.158343993,  269.018274212,  1487.68
1567.86954934,  36837.0,  39444.1,  579.158198206,  269.018191793,  1487.26
1567.88998369,  36837.5,  39446.3,  579.158531234,  269.018151422,  1487.87
1567.91041823,  36846.7,  39456.3,  579.158143073,  269.018298249,  1485.93
1567.93085258,  36845.0,  39450.7,  579.15821163,  269.018567526,  1486.55
1567.95128703,  36832.2,  39443.4,  579.158322722,  269.018287726,  1486.97
1567.97172157,  36834.6,  39444.2,  579.158581688,  269.018262155,  1487.68
1567.99215592,  36839.9,  39447.8,  579.158280535,  269.018087663,  1485.96
1568.01259037,  36837.3,  39449.1,  579.158326562,  269.018058,  1485.41
1568.03302492,  36854.3,  39461.2,  579.158046921,  269.018211705,  1487.42
1568.05345926,  36841.2,  39449.4,  579.158291798,  269.017971243,  1484.33
1568.07389371,  36851.0,  39461.3,  579.157949573,  269.018142875,  1485.53
1568.09432826,  36852.8,  39459.7,  579.158109402,  269.018326444,  1485.56
1568.11476271,  36843.1,  39452.9,  579.157896762,  269.018044555,  1485.6
1568.13519716,  36856.7,  39465.9,  579.158078287,  269.017848225,  1485.31
1568.15563161,  36845.9,  39453.2,  579.15803085,  269.017840353,  1486.43
1568.17606606,  36849.9,  39460.6,  579.157973015,  269.017979847,  1485.92
1568.19650051,  36845.2,  39454.0,  579.157776563,  269.017155622,  1484.87
1568.21693495,  36857.6,  39465.0,  579.15812799,  269.017755771,  1484.89
1568.2373694,  36862.0,  39471.1,  579.158341043,  269.017813127,  1485.11
1568.25780395,  36855.4,  39462.4,  579.157961006,  269.017876427,  1485.3
1568.2782383,  36857.1,  39465.5,  579.158245429,  269.017525672,  1483.75
1568.29867285,  36865.6,  39476.1,  579.1575173,  269.017362507,  1484.71
1568.3191073,  36856.0,  39462.5,  579.157855223,  269.017702221,  1484.1
1568.33954165,  36852.0,  39462.9,  579.157791788,  269.017611798,  1483.4
1568.35997621,  36870.3,  39477.9,  579.157752354,  269.017691653,  1485.06
1568.38041066,  36857.5,  39464.9,  579.157774323,  269.017518809,  1483.78
1568.40084501,  36862.3,  39472.4,  579.157768001,  269.017134555,  1482.34
1568.42127956,  36862.1,  39470.2,  579.158087574,  269.01749405,  1485.58
1568.44171401,  36863.6,  39470.1,  579.157663308,  269.017407247,  1483.56
1568.46214836,  36863.6,  39475.1,  579.157793427,  269.017258309,  1481.88
1568.48258291,  36860.2,  39467.9,  579.157999526,  269.017790377,  1481.66
1568.50301737,  36846.9,  39456.8,  579.157758629,  269.017322864,  1484.12
1568.52345192,  36851.9,  39463.9,  579.157046747,  269.016967104,  1481.96
1568.54388627,  36870.9,  39476.7,  579.15765999,  269.017165465,  1483.55
1568.56432062,  36845.7,  39457.0,  579.15771287,  269.017131315,  1482.25
1568.58475517,  36853.8,  39464.3,  579.157590689,  269.017100974,  1484.33
1568.60518963,  36845.9,  39453.8,  579.157621034,  269.017055665,  1482.54
1568.62562408,  36848.6,  39460.5,  579.157790094,  269.017210541,  1483.04
1568.64605853,  36855.6,  39465.4,  579.157259313,  269.01698346,  1482.65
1568.66649299,  36841.8,  39451.8,  579.157579843,  269.016978711,  1481.2
1568.68692754,  36824.0,  39438.8,  579.157486703,  269.016726638,  1484.1
1568.70736189,  36833.5,  39443.9,  579.157614781,  269.016978241,  1483.3
1568.72779635,  36840.9,  39451.8,  579.157551701,  269.017305524,  1483.57
1568.7482309,  36826.4,  39440.9,  579.15693111,  269.016492394,  1481.13
1568.76866536,  36885.8,  39491.1,  579.154298554,  269.015111272,  1481.63
1568.78909971,  36812.9,  39427.3,  579.157947503,  269.016980716,  1481.23
1568.80953426,  36828.1,  39441.9,  579.157722162,  269.016382749,  1482.66
1568.82996872,  36835.3,  39444.9,  579.157646488,  269.016665662,  1481.93
1568.85040317,  36821.2,  39437.1,  579.157317723,  269.01619262,  1483.07
1568.87083763,  36830.3,  39442.8,  579.157369082,  269.016198123,  1481.28
1568.89127208,  36803.0,  39417.9,  579.15745011,  269.016376368,  1482.93
1568.91170664,  36820.4,  39435.6,  579.157204364,  269.016538596,  1481.62
1568.932141,  36804.9,  39418.7,  579.157373119,  269.016080132,  1481.07
1568.95257545,  36799.3,  39414.8,  579.157390611,  269.016319636,  1494.04
1568.97301001,  36810.8,  39426.8,  579.157364238,  269.016494686,  1482.26
1568.99344436,  36798.8,  39413.8,  579.157086735,  269.016540372,  1482.11
1569.01387882,  36800.7,  39416.8,  579.157113882,  269.016244114,  1481.96
1569.03431338,  36800.0,  39416.5,  579.157040581,  269.016141247,  1482.8
1569.05474773,  36784.3,  39399.6,  579.157148132,  269.015989749,  1484.53
1569.07518229,  36791.5,  39410.5,  579.157018775,  269.016585836,  1483.97
1569.09561675,  36804.5,  39419.0,  579.157341942,  269.016099181,  1482.41
1569.1160511,  36793.3,  39408.7,  579.156830138,  269.015976218,  1484.46
1569.13648566,  36788.3,  39407.1,  579.157174252,  269.016159506,  1485.59
1569.15692012,  36790.7,  39404.9,  579.156853299,  269.015707196,  1490.1
1569.17735448,  36787.2,  39403.8,  579.156676589,  269.015583163,  1489.85
1569.19778903,  36771.5,  39391.5,  579.156720163,  269.015815661,  1488.93
1569.21822339,  36778.8,  39395.1,  579.156974748,  269.016007607,  1487.03
1569.23865795,  36764.7,  39384.1,  579.156941366,  269.015799275,  1486.88
1569.25909241,  36771.3,  39390.1,  579.157346415,  269.015656944,  1488.69
1569.27952677,  36774.2,  39390.7,  579.15719703,  269.015362419,  1489.07
1569.29996133,  36775.2,  39394.9,  579.157204178,  269.014970326,  1489.09
1569.32039578,  36768.7,  39386.7,  579.157120385,  269.015943345,  1487.46
1569.34083024,  36762.7,  39381.2,  579.157113454,  269.015342871,  1487.96
1569.3612647,  36751.7,  39374.3,  579.1566685,  269.015718963,  1487.51
1569.38169916,  36771.1,  39387.3,  579.156871795,  269.015418075,  1486.89
1569.40213362,  36770.1,  39388.4,  579.15680083,  269.01568904,  1486.23
1569.42256808,  36777.2,  39396.5,  579.156732138,  269.015671797,  1487.98
1569.44300254,  36758.4,  39375.2,  579.156746791,  269.015430504,  1486.78
1569.4634371,  36768.5,  39387.4,  579.157277852,  269.015244159,  1486.5
1569.48387156,  36739.4,  39361.4,  579.156981859,  269.01543747,  1486.53
1569.50430592,  36382.0,  39038.3,  579.157627649,  269.014561438,  1485.64
1569.52474048,  35706.2,  38437.7,  579.158324982,  269.01273846,  1483.71
1569.54517494,  34843.7,  37662.0,  579.159616047,  269.010377533,  1484.5
1569.5656093,  34026.0,  36931.7,  579.160778748,  269.008407073,  1483.15
1569.58604387,  33321.9,  36303.7,  579.161753131,  269.006377362,  1479.5
1569.60647833,  32850.7,  35877.7,  579.162390887,  269.00573511,  1480.87
1569.62691289,  32684.7,  35733.3,  579.162348269,  269.004368746,  1479.62
1569.64734725,  32882.0,  35909.3,  579.162171132,  269.005099265,  1480.19
1569.68821627,  34063.9,  36966.5,  579.160124795,  269.00802637,  1478.34
1569.70865064,  34904.1,  37714.4,  579.159131974,  269.010765843,  1480.36
1569.7290851,  35736.1,  38457.2,  579.157932449,  269.012701021,  1479.69
1569.74951966,  36434.8,  39084.3,  579.156787036,  269.014071849,  1477.88
1569.76995402,  36743.1,  39357.0,  579.156875774,  269.01516344,  1478.81
1569.79038849,  36764.2,  39375.6,  579.156493782,  269.015554409,  1477.17
1569.81082305,  36757.7,  39371.2,  579.156569432,  269.015554116,  1477.73
1569.83125741,  36761.4,  39370.4,  579.156383696,  269.015410017,  1479.96
1569.85169197,  36747.2,  39359.4,  579.156559601,  269.015788324,  1478.58
1569.87212634,  36756.5,  39367.8,  579.156506337,  269.01515075,  1478.44
1569.8925608,  36764.6,  39373.1,  579.156408635,  269.015739101,  1476.89
1569.91299537,  36749.7,  39362.3,  579.156278201,  269.015063983,  1477.86
1569.93342973,  36753.8,  39363.6,  579.156080585,  269.015314239,  1476.54
1569.95386419,  36750.5,  39360.3,  579.156138625,  269.0152921,  1476.26
1569.97429876,  36751.2,  39362.9,  579.156397565,  269.015294795,  1477.42
1569.99473322,  36762.8,  39369.3,  579.156441078,  269.015262798,  1477.2
1570.01516769,  36770.0,  39376.2,  579.156150624,  269.014829006,  1476.3
1570.03560215,  36769.1,  39377.8,  579.156196976,  269.015366287,  1476.98
1570.05603662,  36777.9,  39380.1,  579.156346561,  269.015478596,  1477.13
1570.07647108,  36767.4,  39374.5,  579.156190068,  269.015290845,  1476.35
1570.09690555,  36774.4,  39379.1,  579.15579773,  269.015152399,  1475.67
1570.11734001,  36780.9,  39384.1,  579.155792625,  269.015323031,  1472.32
1570.13777458,  36768.8,  39376.6,  579.156527663,  269.015014561,  1474.34
1570.15820894,  36779.6,  39383.3,  579.155841329,  269.015182991,  1474.07
1570.17864351,  36784.4,  39386.7,  579.155969173,  269.015221795,  1473.95
1570.19907798,  36778.1,  39384.6,  579.155894087,  269.014964824,  1474.79
1570.21951234,  36789.6,  39391.4,  579.155776508,  269.015101421,  1474.85
1570.23994691,  36782.7,  39385.7,  579.156236446,  269.01491419,  1475.73
1570.26038138,  36781.7,  39385.7,  579.155942713,  269.015134335,  1474.67
1570.28081574,  36797.9,  39397.4,  579.155938318,  269.01503175,  1475.42
1570.30125031,  36803.6,  39404.7,  579.156147389,  269.015206168,  1476.24
1570.32168478,  36793.0,  39394.5,  579.155418742,  269.014931397,  1474.38
1570.34211914,  36790.6,  39390.3,  579.156144246,  269.014869168,  1476.18
1570.36255371,  36799.1,  39401.8,  579.155684551,  269.014457077,  1475.17
1570.38298818,  36814.1,  39411.7,  579.155657644,  269.01477823,  1473.36
1570.40342265,  36826.0,  39424.0,  579.155735233,  269.014901897,  1472.41
1570.42385712,  36804.6,  39407.8,  579.155750534,  269.014693462,  1472.78
1570.44429158,  36795.7,  39396.6,  579.155684072,  269.014600197,  1473.74
1570.46472605,  36815.0,  39415.7,  579.15560715,  269.014841716,  1472.85
1570.48516052,  36828.3,  39427.9,  579.155820985,  269.014493006,  1471.78
1570.50559499,  36827.0,  39423.1,  579.155582274,  269.014819796,  1470.81
1570.52602946,  36814.1,  39415.3,  579.156191872,  269.014980161,  1471.54
1570.54646393,  36812.8,  39413.1,  579.155476996,  269.014545357,  1472.25
1570.5668985,  36826.3,  39423.9,  579.155632593,  269.014517511,  1471.72
1570.58733287,  36827.2,  39429.4,  579.155655672,  269.01418056,  1470.07
1570.60776734,  36829.9,  39426.7,  579.155835062,  269.014672826,  1471.03
1570.6282019,  36833.7,  39430.8,  579.155681059,  269.014247236,  1471.44
1570.64863637,  36836.6,  39437.2,  579.155838057,  269.01429747,  1469.88
1570.66907074,  36844.8,  39440.9,  579.155419831,  269.014389721,  1470.01
1570.68950531,  36842.0,  39441.0,  579.155460019,  269.014341002,  1470.65
1570.70993979,  36851.9,  39450.1,  579.154954788,  269.013672491,  1470.81
1570.73037416,  36837.5,  39434.2,  579.155093742,  269.014412328,  1469.2
1570.75080873,  36954.1,  39543.2,  579.153710339,  269.015269961,  1470.62
1570.7712432,  36842.3,  39441.2,  579.155277585,  269.014222272,  1472.1
1570.79167777,  36852.5,  39448.4,  579.15547061,  269.014139788,  1470.3
1570.81211214,  36847.5,  39448.2,  579.154993532,  269.01377778,  1470.41
1570.83254661,  36839.0,  39436.8,  579.155267064,  269.014070976,  1471.79
1570.85298118,  36846.1,  39444.3,  579.155073396,  269.014050872,  1468.72
1570.87341555,  36833.4,  39435.5,  579.155294357,  269.014087946,  1468.37
1570.89385003,  36835.5,  39432.4,  579.155698422,  269.014057246,  1468.68
1570.9142846,  36849.6,  39449.0,  579.155432439,  269.013946754,  1470.34
1570.93471897,  36833.1,  39435.0,  579.154902086,  269.013566317,  1468.66
1570.95515354,  36838.0,  39435.5,  579.155165733,  269.0138132,  1469.5
1570.97558801,  36843.6,  39444.4,  579.155193206,  269.013621758,  1468.91
1570.99602239,  36831.5,  39432.7,  579.155214737,  269.013642889,  1469.26
1571.01645696,  36836.1,  39435.2,  579.155378999,  269.014135993,  1466.53
1571.03689143,  36830.1,  39434.1,  579.155172054,  269.013419897,  1468.58
1571.05732581,  36831.5,  39431.4,  579.154713382,  269.01364119,  1468.02
1571.07776038,  36837.4,  39437.8,  579.155344477,  269.01375113,  1467.64
1571.09819485,  36847.2,  39449.2,  579.154908672,  269.013386307,  1468.57
1571.11862923,  36830.7,  39430.6,  579.154695438,  269.01335828,  1468.65
1571.1390638,  36829.2,  39432.1,  579.155561397,  269.013606396,  1468.16
1571.15949827,  36823.1,  39427.3,  579.155000027,  269.013590726,  1469.55
1571.17993275,  36836.7,  39437.8,  579.154676929,  269.013353008,  1469.49
1571.20036722,  36829.9,  39433.6,  579.155306806,  269.013266723,  1467.24
1571.2208017,  36833.5,  39435.3,  579.155295427,  269.013783665,  1467.84
1571.24123617,  36829.1,  39430.9,  579.15477404,  269.013115321,  1468.95
1571.26167065,  36835.2,  39438.2,  579.155578157,  269.013928858,  1469.09
1571.28210512,  36834.1,  39434.8,  579.155092457,  269.013771938,  1468.49
1571.3025396,  36826.8,  39429.1,  579.15500925,  269.013290784,  1467.36
1571.32297407,  36826.6,  39431.2,  579.154669256,  269.013282841,  1468.83
1571.34340865,  36823.6,  39425.1,  579.155003718,  269.013358998,  1469.05
1571.36384312,  36818.4,  39422.9,  579.155103609,  269.013062108,  1471.14
1571.3842775,  36823.5,  39427.2,  579.154840533,  269.013124332,  1468.99
1571.40471207,  36816.6,  39418.4,  579.154596218,  269.013217955,  1469.1
1571.42514655,  36811.8,  39417.8,  579.155076261,  269.013325943,  1468.74
1571.44558093,  36810.2,  39414.0,  579.155058449,  269.013028522,  1469.93
1571.4660155,  36806.9,  39410.9,  579.154371212,  269.012970367,  1470.34
1571.48644998,  36795.2,  39404.3,  579.155064513,  269.012698254,  1469.46
1571.50688436,  36802.0,  39406.0,  579.154789188,  269.012946905,  1469.35
1571.52731893,  36805.0,  39408.9,  579.154977805,  269.013318996,  1471.39
1571.54775341,  36793.0,  39400.5,  579.154622407,  269.012850225,  1470.63
1571.56818799,  36785.1,  39389.6,  579.155157733,  269.01295489,  1470.22
1571.58862236,  36793.0,  39399.8,  579.154332272,  269.012908974,  1471.05
1571.60905684,  36790.1,  39396.6,  579.154518591,  269.013035119,  1472.63
1571.62949142,  36785.4,  39389.8,  579.154403542,  269.012450558,  1471.3
1571.6499258,  36790.0,  39399.2,  579.155086048,  269.01301392,  1472.02
1571.67036027,  36786.9,  39393.2,  579.154758109,  269.012326149,  1471.28
1571.69079485,  36777.8,  39385.3,  579.154532372,  269.01263309,  1473.73
1571.71122923,  36766.5,  39378.4,  579.154459512,  269.012661649,  1472.52
1571.73166381,  36784.1,  39389.6,  579.154931929,  269.012803161,  1471.68
1571.75209829,  36770.7,  39379.4,  579.154228376,  269.012806446,  1472.93
1571.77253267,  36783.1,  39391.5,  579.154566502,  269.012528016,  1471.79
1571.79296725,  36766.2,  39372.7,  579.154997968,  269.012850095,  1473.88
1571.81340172,  36774.6,  39383.3,  579.154616725,  269.012227094,  1474.97
1571.8338361,  36773.4,  39382.2,  579.154735849,  269.012436888,  1474.63
1571.85427068,  36754.9,  39363.5,  579.154863814,  269.012472971,  1473.24
1571.87470516,  36758.6,  39370.8,  579.155101091,  269.012499026,  1472.28
1571.89513954,  36762.1,  39370.0,  579.154461448,  269.012297467,  1473.26
1571.91557412,  36759.0,  39367.3,  579.154254048,  269.011735458,  1473.67
1571.9360086,  36756.8,  39368.9,  579.154200251,  269.012046729,  1472.95
1571.95644318,  36757.2,  39364.5,  579.154484003,  269.011706439,  1472.74
1571.97687756,  36762.4,  39371.1,  579.154530922,  269.012286739,  1471.44
1571.99731204,  36754.4,  39365.7,  579.154468334,  269.01202171,  1470.79
1572.01774662,  36752.2,  39359.1,  579.154474081,  269.011523022,  1470.19
1572.038181,  36748.5,  39360.3,  579.154414204,  269.012021665,  1472.11
1572.05861549,  36744.6,  39355.5,  579.154366917,  269.011665752,  1471.61
1572.07905007,  36735.6,  39345.1,  579.154291214,  269.011960948,  1469.72
1572.09948445,  36675.1,  39296.1,  579.15515228,  269.01078741,  1469.07
1572.11991903,  36614.4,  39237.4,  579.15470096,  269.012064415,  1470.48
1572.14035351,  36072.6,  38752.7,  579.154524053,  269.010022923,  1470.88
1572.16078789,  35296.3,  38060.3,  579.15654513,  269.008293644,  1469.16
1572.18122247,  34434.4,  37285.9,  579.15745272,  269.006187139,  1470.34
1572.20165696,  33637.8,  36574.0,  579.158471529,  269.004044194,  1468.33
1572.22209134,  33054.4,  36053.6,  579.159665393,  269.001799991,  1469.72
1572.24252592,  32731.2,  35760.7,  579.159276022,  269.000663812,  1469.45
1572.2629604,  32703.2,  35738.8,  579.159380918,  269.000592086,  1468.51
1572.28339489,  33046.6,  36045.1,  579.158787652,  269.00240243,  1465.36
1572.30382937,  33639.8,  36573.5,  579.158341693,  269.003524313,  1465.1
1572.32426385,  34421.1,  37275.9,  579.15740251,  269.005234041,  1466.14
1572.34469834,  35276.0,  38037.7,  579.156038047,  269.007661413,  1465.26
1572.36513282,  36065.9,  38745.6,  579.15500787,  269.00970079,  1464.44
1572.3855673,  36617.5,  39241.0,  579.153983813,  269.010790658,  1464.65
1572.40600179,  36760.5,  39365.5,  579.154272701,  269.01095129,  1466.11
1572.42643627,  36754.0,  39361.6,  579.153565786,  269.011470594,  1464.13
1572.44687075,  36762.0,  39368.9,  579.153912639,  269.01185968,  1464.54
1572.46730524,  36741.9,  39347.6,  579.154629706,  269.011327169,  1465.24
1572.48773972,  36759.4,  39367.4,  579.15390092,  269.011155027,  1464.87
1572.50817431,  36764.5,  39369.7,  579.153830664,  269.01161792,  1463.83
1572.52860879,  36760.1,  39365.4,  579.153782526,  269.011412456,  1466.78
1572.54904318,  36743.0,  39353.0,  579.154370702,  269.011262504,  1466.47
1572.56947776,  36770.3,  39373.8,  579.154201356,  269.010922424,  1467.56
1572.58991225,  36753.4,  39359.8,  579.154341755,  269.011721848,  1466.57
1572.61034663,  36762.9,  39370.2,  579.153871704,  269.011540151,  1466.91
1572.63078122,  36750.7,  39353.6,  579.154489885,  269.011330518,  1466.44
1572.67165009,  36768.7,  39371.9,  579.153762481,  269.011345841,  1467.99
1572.69208467,  36766.8,  39367.3,  579.153395901,  269.011582918,  1468.24
1572.71251916,  36766.6,  39368.9,  579.153579456,  269.01171599,  1469.53
1572.73295374,  36785.6,  39382.3,  579.154028134,  269.011462736,  1469.01
1572.75338813,  36770.9,  39367.5,  579.153771125,  269.012057686,  1470.85
1572.77382262,  36779.3,  39377.6,  579.153870777,  269.011799858,  1471.17
1572.7942572,  36779.4,  39373.2,  579.153966716,  269.011450634,  1471.34
1572.81469159,  36786.7,  39381.6,  579.153560719,  269.011602821,  1472.25
1572.83512608,  36786.5,  39382.3,  579.154149859,  269.011672257,  1473.7
1572.85556066,  36791.3,  39381.7,  579.153980636,  269.011901407,  1474.39
1572.87599505,  36793.0,  39387.6,  579.153895087,  269.01159727,  1475.93
1572.89642964,  36805.8,  39396.0,  579.153691848,  269.011508152,  1479.82
1572.91686413,  36803.3,  39392.1,  579.153226381,  269.011570655,  1481.24
1572.93729851,  36815.7,  39406.2,  579.153853944,  269.011768474,  1479.19
1572.9577331,  36809.0,  39395.5,  579.153758664,  269.011753857,  1480.73
1572.97816759,  36812.9,  39400.9,  579.153817172,  269.011508947,  1479.0
1572.99860208,  36813.5,  39402.2,  579.153755777,  269.011743925,  1477.37
1573.01903657,  36833.2,  39416.7,  579.153997752,  269.011791874,  1470.8
1573.03947105,  36821.5,  39406.9,  579.153473989,  269.011555511,  1466.44
1573.05990544,  36831.7,  39417.3,  579.153510271,  269.011841149,  1465.33
1573.08034003,  36829.7,  39410.5,  579.153469731,  269.011900096,  1464.94
1573.10077452,  36842.1,  39426.7,  579.153197883,  269.011553336,  1464.59
1573.12120901,  36829.1,  39412.1,  579.153109343,  269.011168744,  1464.0
1573.1416435,  36836.7,  39417.1,  579.153793757,  269.011838105,  1466.01
1573.16207799,  36839.5,  39423.2,  579.153402593,  269.011773812,  1463.94
1573.18251258,  36840.8,  39420.1,  579.153105656,  269.012111038,  1461.79
1573.20294697,  36844.0,  39425.2,  579.153509256,  269.011699649,  1460.67
1573.22338146,  36844.5,  39427.0,  579.153143485,  269.011131679,  1461.84
1573.24381605,  36848.9,  39428.3,  579.153334247,  269.011184044,  1462.13
1573.26425044,  36850.4,  39430.2,  579.15325588,  269.011473952,  1461.07
1573.28468503,  36848.4,  39429.3,  579.153698658,  269.011194923,  1460.04
1573.30511952,  36853.1,  39430.0,  579.153187454,  269.011104882,  1459.73
1573.32555391,  36846.3,  39428.9,  579.153063641,  269.011042063,  1458.47
1573.3459885,  36860.9,  39438.0,  579.153770026,  269.011533251,  1456.72
1573.36642299,  36850.0,  39428.2,  579.153110096,  269.011106114,  1455.67
1573.38685738,  36842.6,  39424.9,  579.153193357,  269.011246373,  1455.34
1573.40729197,  36874.6,  39449.8,  579.153094686,  269.01129981,  1454.42
1573.42772646,  36859.7,  39438.7,  579.153187599,  269.011274911,  1455.11
1573.44816085,  36865.1,  39443.8,  579.15322313,  269.011227184,  1452.56
1573.46859545,  36857.3,  39433.3,  579.153206624,  269.011162453,  1451.23
1573.48902994,  36852.6,  39433.0,  579.153227235,  269.011252123,  1451.67
1573.50946453,  36861.6,  39439.5,  579.153322723,  269.011185884,  1452.4
1573.52989892,  36861.0,  39438.2,  579.152828889,  269.011169241,  1451.71
1573.55033341,  36845.2,  39427.3,  579.152988842,  269.011067756,  1450.07
1573.57076801,  36863.8,  39440.8,  579.153184437,  269.011220544,  1450.32
1573.5912024,  36853.3,  39430.8,  579.152933545,  269.0108447,  1449.73
1573.61163689,  36846.5,  39428.1,  579.152803881,  269.010723131,  1451.68
1573.63207148,  36853.4,  39429.5,  579.153016049,  269.010812514,  1448.76
1573.65250598,  36850.7,  39430.2,  579.152800619,  269.010652727,  1448.8
1573.67294047,  36862.4,  39440.3,  579.152839014,  269.010596955,  1449.75
1573.69337496,  36859.9,  39435.7,  579.152623342,  269.010817858,  1450.42
1573.71380936,  36855.1,  39435.5,  579.152651307,  269.010786801,  1447.94
1573.73424395,  36857.6,  39436.0,  579.152663451,  269.010260895,  1449.4
1573.75467844,  36852.2,  39430.4,  579.152931446,  269.010661693,  1447.63
1573.77511284,  36845.1,  39427.0,  579.152863077,  269.01043846,  1447.8
1573.79554743,  36843.5,  39422.6,  579.152942845,  269.010842482,  1447.98
1573.81598193,  36845.0,  39424.3,  579.152966061,  269.010526107,  1447.18
1573.83641632,  36852.0,  39432.7,  579.152666557,  269.010499137,  1448.77
1573.85685091,  36842.5,  39421.3,  579.152372617,  269.010613951,  1446.77
1573.87728541,  36840.0,  39422.0,  579.152375058,  269.010205685,  1447.96
1573.89772,  36840.9,  39423.2,  579.152629222,  269.010453869,  1446.44
1573.9181544,  36843.0,  39423.0,  579.152520134,  269.010524963,  1444.54
1573.93858889,  36832.8,  39416.4,  579.152730775,  269.010601046,  1446.16
1573.95902349,  36837.7,  39419.1,  579.152441399,  269.009735305,  1445.79
1573.97945788,  36820.1,  39402.5,  579.152623903,  269.010108338,  1448.16
1573.99989238,  36821.4,  39406.7,  579.152116769,  269.010217337,  1446.23
1574.02032698,  36827.4,  39408.3,  579.152528288,  269.010064353,  1443.93
1574.04076137,  36832.0,  39413.4,  579.15289556,  269.01020891,  1443.57
1574.06119597,  36815.4,  39400.8,  579.152279053,  269.01003272,  1444.09
1574.08163046,  36812.8,  39395.2,  579.152800295,  269.01007446,  1445.4
1574.10206486,  36808.5,  39393.6,  579.152006887,  269.009446724,  1443.59
1574.12249946,  36807.6,  39393.3,  579.152466419,  269.00973558,  1443.9
1574.14293395,  36795.0,  39378.4,  579.15262494,  269.010043073,  1443.67
1574.16336845,  36810.0,  39396.8,  579.152005636,  269.009671463,  1442.14
1574.18380295,  36812.8,  39395.5,  579.152685863,  269.01004981,  1442.35
1574.20423744,  36796.2,  39381.2,  579.152041148,  269.009773803,  1443.21
1574.22467194,  36788.6,  39375.8,  579.152513563,  269.009850824,  1443.23
1574.24510644,  36792.3,  39376.6,  579.152756674,  269.00963366,  1443.25
1574.26554093,  36805.4,  39388.7,  579.152441151,  269.009600928,  1442.69
1574.28597543,  36787.9,  39375.1,  579.152389924,  269.009605003,  1442.84
1574.30641003,  36784.4,  39369.0,  579.152583617,  269.009985973,  1442.83
1574.32684443,  36776.5,  39365.4,  579.152279727,  269.009843636,  1443.35
1574.34727892,  36785.9,  39371.0,  579.15215581,  269.00977618,  1442.06
1574.36771342,  36793.1,  39377.3,  579.152664577,  269.00955273,  1441.84
1574.38814792,  36785.1,  39373.3,  579.152711301,  269.009643537,  1443.29
1574.40858252,  36771.8,  39358.7,  579.152393131,  269.009790374,  1441.33
1574.42901692,  36777.5,  39364.2,  579.152473348,  269.009511231,  1440.9
1574.44945152,  36789.1,  39376.5,  579.152225659,  269.009262268,  1440.98
1574.46988601,  36784.0,  39368.2,  579.151803154,  269.009595019,  1441.67
1574.49032041,  36770.6,  39358.4,  579.151903242,  269.009199644,  1440.18
1574.51075501,  36764.8,  39353.4,  579.152398177,  269.009210534,  1441.59
1574.53118951,  36764.2,  39349.8,  579.152237996,  269.00940237,  1439.98
1574.55162391,  36762.9,  39352.2,  579.152099087,  269.009461338,  1439.33
1574.57205851,  36758.7,  39345.3,  579.152042141,  269.009489858,  1440.01
1574.59249301,  36772.1,  39358.1,  579.152384395,  269.009397795,  1439.62
1574.61292761,  36767.1,  39355.6,  579.152118292,  269.009332829,  1438.09
1574.63336201,  36759.5,  39346.4,  579.152254219,  269.008967218,  1439.15
1574.65379651,  36754.9,  39343.2,  579.151940494,  269.0085987,  1439.05
1574.67423111,  36752.1,  39342.7,  579.151936638,  269.009167701,  1438.09
1574.69466551,  36560.4,  39166.6,  579.152595308,  269.008851621,  1439.6
1574.71510001,  35954.5,  38628.5,  579.153099544,  269.007111359,  1437.54
1574.73553461,  35149.1,  37905.1,  579.154214933,  269.005004474,  1439.09
1574.75596901,  34302.4,  37145.4,  579.155556297,  269.002669738,  1436.21
1574.77640351,  33537.8,  36465.3,  579.156245492,  269.001294586,  1439.29
1574.79683812,  32989.7,  35971.9,  579.157172685,  268.9993756,  1436.63
1574.81727262,  32714.3,  35725.9,  579.157542152,  268.99792595,  1436.89
1574.83770712,  32777.3,  35784.2,  579.157459312,  268.999126754,  1437.55
1574.85814162,  33168.2,  36131.4,  579.156563441,  268.999681577,  1435.44
1574.87857612,  33815.7,  36712.1,  579.155857438,  269.001280494,  1438.93
1574.89901062,  34632.6,  37443.0,  579.155059667,  269.004077995,  1434.44
1574.91944512,  35477.9,  38196.0,  579.153502466,  269.005665313,  1436.26
1574.93987963,  36228.6,  38870.9,  579.152341458,  269.007685621,  1438.35
1574.96031413,  36707.3,  39297.8,  579.152168511,  269.008519561,  1435.54
1574.98074863,  36765.5,  39347.7,  579.152420896,  269.008817088,  1437.35
1575.00118313,  36746.2,  39334.8,  579.152072896,  269.00881363,  1436.34
1575.02161764,  36766.3,  39348.0,  579.151873108,  269.008887645,  1435.24
1575.04205214,  36762.5,  39346.2,  579.152020375,  269.008693974,  1435.91
1575.06248674,  36768.9,  39353.2,  579.151644175,  269.008461897,  1435.46
1575.08292115,  36781.0,  39360.0,  579.151731619,  269.009139099,  1435.36
1575.10335565,  36767.5,  39352.1,  579.151915222,  269.008423257,  1434.22
1575.12379025,  36768.9,  39352.2,  579.152105519,  269.008808965,  1434.3
1575.14422466,  36771.9,  39352.7,  579.151696616,  269.008790733,  1435.79
1575.16465916,  36765.8,  39349.1,  579.152086465,  269.00875626,  1433.3
1575.18509376,  36774.0,  39354.3,  579.15179441,  269.008296239,  1433.58
1575.20552817,  36774.9,  39355.9,  579.151831864,  269.008651143,  1435.34
1575.22596277,  36782.0,  39364.2,  579.151454943,  269.008382728,  1432.69
1575.24639728,  36774.4,  39354.6,  579.151515648,  269.008726244,  1433.4
1575.26683168,  36790.2,  39369.4,  579.152168779,  269.008458314,  1433.64
1575.28726628,  36782.2,  39363.4,  579.151938724,  269.008747909,  1432.78
1575.30770079,  36780.2,  39357.6,  579.152089417,  269.008904072,  1432.76
1575.32813519,  36785.3,  39364.4,  579.151512536,  269.008610354,  1433.51
1575.3485698,  36781.3,  39360.6,  579.151362327,  269.007721104,  1434.12
1575.3690043,  36792.5,  39368.7,  579.15099973,  269.008631198,  1432.46
1575.38943891,  36790.7,  39370.5,  579.151631016,  269.008372985,  1431.43
1575.40987331,  36781.1,  39358.2,  579.151796961,  269.008702144,  1430.29
1575.43030782,  36796.4,  39371.6,  579.152345223,  269.00860313,  1431.24
1575.45074243,  36791.3,  39369.8,  579.151123382,  269.008622136,  1431.92
1575.47117693,  36796.0,  39370.5,  579.151732485,  269.008367686,  1431.4
1575.49161134,  36795.0,  39370.6,  579.150606127,  269.008455795,  1431.37
1575.51204594,  36809.0,  39384.1,  579.151527418,  269.008214821,  1430.54
1575.53248045,  36803.6,  39375.7,  579.151161602,  269.008509463,  1430.06
1575.55291486,  36807.9,  39382.9,  579.151582107,  269.007961437,  1430.93
1575.57334946,  36816.1,  39388.7,  579.151561856,  269.008391631,  1431.57
1575.59378397,  36816.8,  39386.5,  579.151516401,  269.008430321,  1429.69
1575.61421848,  36812.7,  39388.1,  579.151511974,  269.008132563,  1430.92
1575.65508739,  36823.8,  39392.7,  579.151164922,  269.008388945,  1430.26
1575.675522,  36820.9,  39390.6,  579.151406546,  269.008566981,  1429.1
1575.6959565,  36821.2,  39385.8,  579.151653908,  269.00844961,  1429.79
1575.71639091,  36820.9,  39388.3,  579.151151918,  269.008010891,  1428.64
1575.73682552,  36830.4,  39394.5,  579.151480813,  269.008639537,  1430.31
1575.75726003,  36822.1,  39383.6,  579.151266888,  269.00897437,  1428.39
1575.77769463,  36829.0,  39393.7,  579.151337486,  269.008004453,  1430.18
1575.79812904,  36831.1,  39392.9,  579.151293309,  269.008583108,  1427.28
1575.81856355,  36826.6,  39386.8,  579.151091545,  269.008839635,  1428.46
1575.83899816,  36837.0,  39398.7,  579.150572194,  269.008765696,  1427.65
1575.85943257,  36838.4,  39396.1,  579.151450033,  269.008979479,  1428.13
1575.87986708,  36842.4,  39401.3,  579.151154392,  269.00851269,  1427.77
1575.90030168,  36846.3,  39404.0,  579.151298548,  269.008706349,  1428.35
1575.92073609,  36838.1,  39394.5,  579.151395477,  269.008473147,  1425.19
1575.9411706,  36847.8,  39404.6,  579.151933341,  269.008393919,  1426.17
1575.96160521,  36851.3,  39405.3,  579.151279498,  269.009100791,  1427.69
1575.98203962,  36844.0,  39397.0,  579.15143177,  269.009137446,  1427.87
1576.00247423,  36852.8,  39407.4,  579.151189258,  269.008675309,  1426.82
1576.02290874,  36844.5,  39397.6,  579.151336421,  269.008787455,  1425.76
1576.04334325,  36851.7,  39403.4,  579.151094049,  269.008744648,  1426.01
1576.06377776,  36845.4,  39401.0,  579.150948397,  269.008658025,  1425.16
1576.08421227,  36858.4,  39408.0,  579.151074189,  269.00908426,  1426.32
1576.10464678,  36865.6,  39416.2,  579.151643611,  269.008988288,  1425.45
1576.12508129,  36855.2,  39406.6,  579.151087083,  269.008948163,  1426.85
1576.1455158,  36844.5,  39393.8,  579.151070612,  269.008978427,  1426.42
1576.16595031,  36858.7,  39410.0,  579.151145841,  269.008523914,  1426.46
1576.18638492,  36856.2,  39405.0,  579.151259749,  269.009002821,  1425.78
1576.20681933,  36844.5,  39394.3,  579.150886216,  269.008602517,  1425.67
1576.22725394,  36859.4,  39410.9,  579.151102132,  269.008620392,  1425.11
1576.24768845,  36852.6,  39399.9,  579.15057777,  269.008433695,  1424.72
1576.26812286,  36858.8,  39407.9,  579.150791541,  269.008659375,  1425.16
1576.28855747,  36835.5,  39388.0,  579.150967623,  269.008612281,  1426.29
1576.30899189,  36844.7,  39391.9,  579.151269658,  269.009012495,  1424.94
1576.3294264,  36862.4,  39411.6,  579.151004797,  269.008337501,  1424.63
1576.34986101,  36842.0,  39392.3,  579.150960562,  269.008502361,  1423.37
1576.37029542,  36867.8,  39446.0,  579.151547747,  269.008815565,  1432.61
1576.39073003,  36846.4,  39397.4,  579.151016154,  269.008279316,  1424.91
1576.41116454,  36841.8,  39390.6,  579.150927974,  269.008644364,  1425.42
1576.43159896,  36852.6,  39399.3,  579.150823155,  269.008605754,  1424.17
1576.45203357,  36848.0,  39399.4,  579.150685618,  269.008496475,  1423.32
1576.47246808,  36848.6,  39395.9,  579.150830755,  269.008515586,  1424.76
1576.49290249,  36845.0,  39395.4,  579.150560795,  269.008402136,  1424.41
1576.51333711,  36835.7,  39387.0,  579.150683356,  269.008719385,  1422.79
1576.53377162,  36851.7,  39398.2,  579.150966003,  269.010027861,  1422.32
1576.55420613,  36835.0,  39387.1,  579.150742861,  269.008207294,  1421.79
1576.57464065,  36837.5,  39386.8,  579.151113323,  269.008396053,  1421.38
1576.59507516,  36825.2,  39374.5,  579.151067148,  269.008283563,  1422.44
1576.61550977,  36827.4,  39380.9,  579.150742131,  269.007876285,  1422.33
1576.63594419,  36829.6,  39379.0,  579.150507425,  269.007936894,  1420.6
1576.6563787,  36816.4,  39368.5,  579.150816951,  269.008120475,  1421.79
1576.67681331,  36820.5,  39373.0,  579.150481563,  269.00800406,  1422.52
1576.69724783,  36819.8,  39369.6,  579.150792715,  269.0082985,  1421.05
1576.71768224,  36818.8,  39372.4,  579.15078351,  269.007928832,  1422.15
1576.73811686,  36822.5,  39374.3,  579.150634838,  269.008284505,  1421.6
1576.75855137,  36806.1,  39358.2,  579.150989126,  269.008117398,  1420.84
1576.77898588,  36808.6,  39363.4,  579.150009844,  269.007750167,  1420.29
1576.7994204,  36804.7,  39357.4,  579.150708395,  269.007786905,  1422.44
1576.81985491,  36801.8,  39354.2,  579.150292321,  269.008033348,  1419.56
1576.84028953,  36805.9,  39360.4,  579.150338274,  269.007696141,  1420.73
1576.86072394,  36806.5,  39358.2,  579.150863508,  269.007445688,  1420.45
1576.88115846,  36802.6,  39356.2,  579.150712054,  269.007534241,  1420.81
1576.90159307,  36778.9,  39335.1,  579.150269434,  269.007774654,  1420.77
1576.92202749,  36797.0,  39349.3,  579.150629078,  269.00739361,  1419.96
1576.942462,  36788.1,  39343.9,  579.150909366,  269.007424018,  1419.83
1576.96289652,  36785.2,  39339.9,  579.150465189,  269.007467645,  1420.48
1576.98333104,  36793.0,  39346.5,  579.149963015,  269.007561379,  1420.23
1577.00376565,  36780.1,  39338.3,  579.150220667,  269.007677386,  1419.25
1577.02420007,  36779.4,  39334.5,  579.150586841,  269.007413669,  1419.42
1577.04463458,  36772.4,  39329.8,  579.150198464,  269.006940672,  1419.64
1577.0650692,  36778.5,  39337.3,  579.150406716,  269.00724286,  1419.38
1577.08550362,  36781.4,  39336.0,  579.150164224,  269.007049581,  1419.02
1577.10593813,  36770.4,  39328.3,  579.150466863,  269.007190394,  1418.93
1577.12637275,  36767.7,  39326.5,  579.150313401,  269.007246615,  1418.95
1577.14680717,  36774.9,  39329.8,  579.15027803,  269.007445459,  1417.7
1577.16724178,  36761.6,  39320.7,  579.150187867,  269.006988203,  1419.28
1577.1876763,  36761.9,  39319.4,  579.150173903,  269.006790583,  1419.2
1577.20811072,  36775.8,  39331.8,  579.150184413,  269.007447233,  1417.46
1577.22854533,  36771.4,  39330.4,  579.150044372,  269.006927211,  1418.24
1577.24897985,  36765.9,  39322.6,  579.150036692,  269.006700591,  1415.73
1577.26941437,  36765.5,  39323.6,  579.14980365,  269.00672386,  1418.55
1577.28984889,  36763.2,  39322.8,  579.150268135,  269.007633754,  1418.0
1577.31028341,  36717.8,  39279.9,  579.150307641,  269.00681888,  1417.18
1577.33071792,  36313.0,  38920.5,  579.150947907,  269.005973861,  1417.14
1577.35115254,  35594.5,  38275.3,  579.152071994,  269.004539533,  1416.44
1577.37158696,  34746.7,  37514.3,  579.153074492,  269.002051218,  1417.15
1577.39202158,  33916.8,  36775.6,  579.154306323,  268.999763796,  1417.66
1577.4124561,  33247.4,  36173.8,  579.155046642,  268.998038103,  1417.68
1577.43289052,  32821.9,  35793.9,  579.155665063,  268.997239444,  1417.34
1577.45332513,  32704.8,  35692.2,  579.155190307,  268.996298692,  1416.1
1577.47375965,  32919.3,  35880.0,  579.154932369,  268.9970613,  1416.1
1577.49419407,  33428.1,  36338.5,  579.154334898,  268.997910871,  1416.04
1577.51462869,  34154.8,  36987.3,  579.154017843,  269.000232239,  1415.69
1577.53506321,  34990.2,  37732.6,  579.152360737,  269.002772845,  1415.86
1577.55549773,  35818.3,  38477.1,  579.151575208,  269.00441372,  1414.62
1577.57593225,  36485.0,  39071.2,  579.150518519,  269.006596864,  1415.32
1577.59636667,  36759.4,  39315.5,  579.150155678,  269.006785178,  1416.86
1577.61680129,  36762.7,  39321.2,  579.150431576,  269.006685294,  1415.05
1577.63723581,  36768.6,  39323.0,  579.150196666,  269.007115965,  1414.67
1577.65767023,  36760.8,  39318.4,  579.15091046,  269.007125644,  1414.81
1577.67810485,  36753.1,  39312.6,  579.149936435,  269.00652599,  1414.9
1577.69853937,  36758.9,  39313.9,  579.150597488,  269.006610482,  1415.02
1577.71897389,  36771.3,  39328.7,  579.149896633,  269.006806195,  1417.59
1577.73940841,  36783.3,  39337.2,  579.149800605,  269.006464946,  1413.22
1577.75984293,  36761.1,  39315.8,  579.150511404,  269.007029468,  1415.61
1577.78027755,  36777.7,  39333.7,  579.150069973,  269.006701509,  1412.67
1577.80071197,  36775.4,  39328.8,  579.150336447,  269.006582464,  1413.5
1577.82114649,  36776.3,  39329.7,  579.150310705,  269.00603311,  1414.2
1577.84158111,  36765.3,  39322.9,  579.150404328,  269.00707377,  1413.6
1577.86201564,  36792.5,  39343.1,  579.149721392,  269.006687823,  1412.19
1577.88245006,  36784.3,  39338.7,  579.150399555,  269.006655547,  1414.12
1577.90288468,  36778.7,  39333.0,  579.149858381,  269.006572005,  1412.79
1577.9233192,  36782.8,  39336.1,  579.150018009,  269.006455492,  1413.06
1577.94375372,  36785.6,  39340.5,  579.149854703,  269.006863544,  1411.6
1577.96418824,  36785.7,  39337.5,  579.150087148,  269.006523139,  1412.49
1577.98462277,  36793.9,  39345.7,  579.149978079,  269.006169337,  1413.06
1578.00505729,  36787.3,  39342.0,  579.149480461,  269.006682182,  1412.46
1578.02549181,  36791.6,  39341.3,  579.150547285,  269.006395522,  1412.06
1578.04592633,  36786.4,  39340.5,  579.149854701,  269.006757642,  1411.97
1578.06636096,  36795.4,  39348.4,  579.150138742,  269.006639854,  1421.92
1578.08679538,  36805.0,  39353.7,  579.149936928,  269.006649647,  1416.76
1578.1072299,  36804.9,  39356.5,  579.150042093,  269.006544296,  1410.24
1578.12766452,  36797.6,  39348.2,  579.149785196,  269.006625614,  1412.52
1578.14809895,  36820.1,  39367.7,  579.149708225,  269.006291204,  1410.43
1578.16853357,  36802.7,  39354.6,  579.149827707,  269.006458246,  1410.43
1578.18896809,  36812.4,  39359.2,  579.149646331,  269.006787024,  1412.89
1578.20940252,  36817.4,  39365.1,  579.150383862,  269.006668096,  1410.56
1578.22983714,  36822.8,  39372.6,  579.149751312,  269.006310967,  1410.84
1578.25027156,  36821.6,  39366.7,  579.149985816,  269.006336094,  1410.95
1578.27070609,  36835.1,  39381.9,  579.149631899,  269.006434542,  1410.86
1578.29114071,  36832.6,  39378.4,  579.149745475,  269.006000451,  1409.05
1578.31157514,  36835.2,  39378.1,  579.149936951,  269.006369659,  1410.79
1578.33200976,  36830.0,  39377.5,  579.150150264,  269.006397445,  1410.12
1578.35244428,  36834.9,  39379.3,  579.149783559,  269.006886731,  1409.86
1578.37287871,  36849.2,  39392.1,  579.149589193,  269.006434932,  1409.66
1578.39331333,  36838.3,  39384.6,  579.149618811,  269.006689121,  1410.91
1578.41374786,  36844.3,  39385.4,  579.149873752,  269.006383836,  1409.55
1578.43418238,  36839.7,  39383.9,  579.149816902,  269.00635445,  1409.75
1578.45461691,  36844.8,  39388.9,  579.149831063,  269.005769672,  1410.11
1578.47505143,  36862.7,  39402.2,  579.149416557,  269.005823917,  1409.91
1578.49548596,  36835.0,  39380.4,  579.149211835,  269.006354102,  1409.81
1578.51592048,  36846.2,  39388.1,  579.149256617,  269.005893394,  1408.19
1578.53635501,  36853.8,  39394.7,  579.149440424,  269.006384612,  1410.12
1578.55678963,  36857.8,  39400.9,  579.149309076,  269.005689317,  1409.09
1578.57722416,  36849.3,  39389.7,  579.149352498,  269.005912271,  1409.01
1578.59765859,  36855.7,  39397.4,  579.149585416,  269.005876276,  1407.52
1578.63852774,  36851.3,  39388.3,  579.149357627,  269.005928029,  1407.94
1578.65896216,  36858.4,  39395.5,  579.149776514,  269.00625076,  1408.61
1578.67939679,  36857.7,  39393.8,  579.149537437,  269.00646589,  1406.7
1578.69983132,  36860.8,  39394.5,  579.149321812,  269.006526124,  1408.65
1578.72026574,  36851.3,  39388.1,  579.149350134,  269.006165896,  1407.08
1578.74070037,  36862.2,  39392.7,  579.149242274,  269.006554585,  1407.74
1578.7611349,  36874.5,  39405.9,  579.149251907,  269.006129636,  1406.59
1578.78156952,  36856.4,  39390.1,  579.149537015,  269.006479304,  1407.86
1578.80200395,  36861.0,  39390.5,  579.149333097,  269.006538089,  1406.46
1578.82243848,  36863.3,  39394.1,  579.148428741,  269.006502189,  1409.15
1578.8428731,  36862.9,  39394.5,  579.149117789,  269.006418927,  1405.03
1578.86330753,  36869.0,  39396.9,  579.149050456,  269.006623491,  1406.41
1578.88374206,  36854.1,  39385.4,  579.148840333,  269.006135632,  1406.59
1578.90417659,  36859.6,  39387.2,  579.149230271,  269.006454505,  1406.18
1578.92461111,  36863.2,  39389.4,  579.149197798,  269.006473088,  1405.84
1578.94504574,  36867.8,  39397.9,  579.148855294,  269.006247466,  1404.45
1578.96548017,  36865.4,  39390.1,  579.149251425,  269.00625692,  1407.05
1578.9859147,  36859.6,  39386.9,  579.149428301,  269.006400419,  1406.83
1579.00634933,  36867.9,  39395.2,  579.149269837,  269.006724358,  1404.71
1579.02678375,  36862.2,  39385.3,  579.148755527,  269.006264082,  1405.53
1579.04721828,  36852.5,  39380.9,  579.149243392,  269.006666663,  1405.67
1579.06765291,  36859.6,  39384.6,  579.149054347,  269.00635979,  1405.89
1579.08808744,  36863.4,  39385.8,  579.14900005,  269.006114673,  1405.21
1579.10852187,  36843.4,  39371.7,  579.14875192,  269.006234522,  1404.45
1579.1289565,  36850.7,  39374.8,  579.148795159,  269.006397379,  1405.8
1579.14939103,  36858.6,  39382.3,  579.149049706,  269.00611338,  1404.68
1579.16982556,  36857.2,  39383.2,  579.149021281,  269.006060064,  1404.08
1579.19026008,  36844.4,  39367.6,  579.148886996,  269.006370315,  1404.51
1579.21069461,  36849.6,  39375.0,  579.148870525,  269.00645444,  1403.83
1579.23112924,  36838.1,  39364.8,  579.148906743,  269.006689835,  1403.15
1579.25156367,  36832.3,  39357.7,  579.14918316,  269.006040421,  1405.38
1579.2719982,  36835.2,  39363.1,  579.149289425,  269.006425818,  1404.15
1579.29243283,  36832.4,  39357.7,  579.148828053,  269.006370232,  1403.21
1579.31286726,  36823.2,  39349.9,  579.149028081,  269.006205476,  1403.3
1579.33330189,  36837.4,  39364.7,  579.149179964,  269.006315576,  1403.65
1579.35373642,  36826.8,  39352.2,  579.148597275,  269.006440547,  1404.11
1579.37417085,  36824.3,  39352.4,  579.148912511,  269.005905183,  1402.54
1579.39460548,  36832.0,  39359.4,  579.148690954,  269.006305653,  1403.27
1579.41504001,  36812.8,  39339.2,  579.148931649,  269.005978065,  1403.13
1579.43547445,  36813.0,  39343.2,  579.149247999,  269.005663252,  1403.78
1579.45590908,  36805.2,  39334.2,  579.14847976,  269.006252294,  1401.67
1579.47634361,  36814.4,  39341.1,  579.149348469,  269.006133225,  1401.73
1579.49677804,  36804.4,  39335.6,  579.148429725,  269.005296526,  1403.5
1579.51721267,  36801.0,  39330.5,  579.148659086,  269.005670138,  1404.08
1579.5376471,  36794.0,  39324.8,  579.1484416,  269.005911514,  1402.75
1579.55808173,  36803.4,  39335.2,  579.148900235,  269.00568883,  1403.83
1579.57851626,  36794.9,  39324.5,  579.148888994,  269.005647238,  1403.19
1579.59895079,  36798.1,  39327.9,  579.14929278,  269.005842673,  1403.65
1579.61938533,  36788.2,  39320.6,  579.148258329,  269.005478434,  1401.78
1579.63981986,  36777.3,  39307.8,  579.148415856,  269.005823791,  1402.21
1579.66025439,  36782.1,  39317.2,  579.148455607,  269.005458198,  1402.99
1579.68068892,  36792.6,  39323.0,  579.148991361,  269.005718423,  1401.36
1579.70112345,  36791.9,  39322.1,  579.148843434,  269.005458972,  1401.03
1579.72155809,  36797.8,  39330.6,  579.148792323,  269.005608353,  1400.25
1579.74199262,  36774.2,  39306.3,  579.14850208,  269.00529062,  1402.77
1579.76242705,  36776.6,  39309.5,  579.148779564,  269.00577222,  1400.51
1579.78286168,  36787.3,  39320.1,  579.14872715,  269.00546511,  1400.4
1579.80329622,  36776.5,  39308.5,  579.148434648,  269.005427228,  1399.34
1579.82373065,  36768.6,  39303.7,  579.148852744,  269.005649366,  1400.37
1579.84416528,  36763.3,  39298.5,  579.148646768,  269.005413568,  1399.48
1579.86459982,  36767.1,  39300.2,  579.148535411,  269.005343972,  1399.09
1579.88503425,  36699.6,  39244.1,  579.148121679,  269.004888362,  1400.31
1579.90546888,  36225.6,  38816.4,  579.1493261,  269.003825288,  1399.68
1579.92590342,  35452.4,  38124.8,  579.150063259,  269.002241623,  1397.28
1579.94633805,  34615.3,  37377.8,  579.151574708,  268.999693754,  1399.6
1579.96677248,  33812.4,  36656.1,  579.152159426,  268.997681323,  1400.34
1579.98720702,  33168.3,  36081.5,  579.153054886,  268.995705851,  1397.05
1580.00764165,  32778.1,  35733.5,  579.153586949,  268.995126477,  1396.81
1580.02807609,  32738.0,  35695.0,  579.153590057,  268.994897562,  1397.39
1580.04851062,  33003.9,  35937.2,  579.153057374,  268.994843681,  1397.3
1580.06894525,  33573.5,  36443.3,  579.152287649,  268.99678421,  1398.65
1580.08937969,  34341.9,  37131.1,  579.151582961,  268.998906462,  1398.05
1580.10981422,  35207.6,  37908.9,  579.150344014,  269.000923593,  1397.38
1580.13024886,  36008.5,  38621.9,  579.1493787,  269.003437431,  1397.32
1580.15068329,  36596.5,  39150.8,  579.148169013,  269.004453803,  1396.84
1580.17111793,  36779.2,  39315.3,  579.148328515,  269.005129735,  1396.53
1580.19155236,  36773.1,  39306.8,  579.14822821,  269.004695898,  1395.37
1580.2119869,  36777.4,  39313.2,  579.148201998,  269.005081062,  1394.7
1580.23242153,  36781.6,  39316.1,  579.147999032,  269.004723388,  1395.2
1580.25285597,  36794.2,  39325.2,  579.148351965,  269.004990539,  1396.3
1580.2732905,  36783.2,  39319.7,  579.147577997,  269.004609471,  1395.13
1580.29372514,  36785.7,  39319.5,  579.148254884,  269.004462356,  1396.07
1580.31415967,  36785.8,  39319.4,  579.147980399,  269.004699232,  1395.22
1580.33459421,  36798.6,  39333.1,  579.147795047,  269.004862585,  1394.64
1580.35502875,  36785.4,  39317.5,  579.148291306,  269.004456593,  1396.7
1580.37546328,  36788.5,  39323.9,  579.1476588,  269.00461209,  1394.75
1580.39589782,  36800.4,  39333.5,  579.1479923,  269.004566942,  1394.3
1580.41633235,  36814.7,  39344.4,  579.147803268,  269.004394186,  1394.26
1580.43676689,  36790.3,  39325.4,  579.147727243,  269.004547624,  1394.05
1580.45720153,  36796.5,  39328.9,  579.148219302,  269.004859231,  1394.77
1580.47763596,  36800.8,  39333.5,  579.148036838,  269.004919838,  1392.43
1580.4980705,  36807.1,  39342.3,  579.147899664,  269.004025806,  1394.51
1580.51850514,  36807.9,  39337.9,  579.14826659,  269.004811922,  1394.63
1580.53893957,  36815.6,  39347.7,  579.148019141,  269.004509689,  1393.93
1580.55937421,  36805.8,  39340.7,  579.148117224,  269.004819649,  1392.11
1580.57980875,  36810.0,  39341.2,  579.147873866,  269.004517426,  1393.65
1580.60024318,  36819.2,  39351.9,  579.147733243,  269.004296344,  1392.64
1580.62067782,  36820.6,  39351.3,  579.147540656,  269.005136462,  1391.9
1580.64111236,  36818.0,  39346.7,  579.148024822,  269.004320945,  1392.5
1580.6615468,  36814.3,  39348.2,  579.14784406,  269.004546621,  1393.73
1580.68198143,  36820.1,  39350.3,  579.147819621,  269.004452696,  1391.16
1580.70241597,  36813.0,  39344.4,  579.148221492,  269.004259604,  1392.07
1580.72285061,  36819.9,  39352.6,  579.147622156,  269.004552635,  1390.53
1580.74328505,  36843.1,  39369.3,  579.147328195,  269.004520369,  1391.16
1580.76371959,  36841.7,  39371.9,  579.147793103,  269.004052523,  1390.83
1580.78415422,  36830.2,  39361.5,  579.148018247,  269.004669785,  1390.41
1580.80458866,  36835.9,  39363.8,  579.147826223,  269.004521652,  1391.75
1580.8250232,  36823.4,  39355.5,  579.147352351,  269.004489815,  1391.48
1580.84545774,  36852.4,  39378.8,  579.147255309,  269.004459144,  1390.54
1580.86589228,  36831.2,  39361.4,  579.147674365,  269.004234812,  1389.79
1580.88632682,  36834.9,  39366.4,  579.147847469,  269.004565319,  1390.99
1580.90676136,  36857.4,  39383.4,  579.147205555,  269.004421959,  1391.43
1580.9271959,  36853.5,  39381.2,  579.147621468,  269.003978435,  1389.43
1580.94763053,  36850.2,  39379.2,  579.147570269,  269.003970617,  1390.59
1580.96806507,  36876.4,  39399.2,  579.147603945,  269.00395778,  1390.13
1580.98849951,  36869.5,  39396.9,  579.147517181,  269.004112255,  1390.5
1581.00893415,  36840.2,  39369.7,  579.147402536,  269.004124676,  1390.54
1581.02936869,  36854.9,  39380.7,  579.148049776,  269.004097982,  1389.73
1581.04980313,  36857.9,  39386.9,  579.147645085,  269.004219045,  1388.91
1581.07023777,  36863.8,  39387.7,  579.147654522,  269.00426172,  1389.7
1581.09067231,  36859.7,  39385.7,  579.147687845,  269.004681076,  1389.41
1581.11110695,  36679.3,  39226.8,  579.147064942,  269.004794026,  1387.94
1581.13154139,  36878.2,  39401.1,  579.147478481,  269.004147529,  1389.01
1581.15197593,  36869.2,  39396.2,  579.147635729,  269.003713441,  1387.53
1581.17241057,  36856.6,  39384.5,  579.147594707,  269.004412361,  1389.13
1581.19284501,  36879.0,  39403.0,  579.147709253,  269.004086474,  1388.34
1581.21327955,  36860.4,  39389.1,  579.146831366,  269.004137533,  1388.19
1581.23371419,  36880.0,  39404.2,  579.147372076,  269.00409663,  1388.11
1581.25414863,  36864.2,  39390.0,  579.147142418,  269.00328932,  1389.26
1581.27458317,  36855.5,  39385.6,  579.147347002,  269.003962486,  1387.71
1581.29501782,  36859.5,  39384.0,  579.147533736,  269.003894617,  1388.91
1581.31545226,  36863.0,  39389.4,  579.147416974,  269.004045664,  1387.73
1581.3358869,  36855.3,  39383.2,  579.147229464,  269.003875416,  1388.74
1581.35632144,  36861.7,  39386.1,  579.147274113,  269.003765973,  1389.4
1581.37675598,  36866.0,  39393.2,  579.147200897,  269.003556888,  1387.39
1581.39719052,  36868.7,  39394.1,  579.146983831,  269.003807005,  1386.7
1581.41762506,  36865.6,  39391.2,  579.147102522,  269.003865817,  1386.92
1581.4380596,  36864.1,  39392.3,  579.147505959,  269.003942217,  1386.67
1581.45849415,  36868.2,  39392.6,  579.147172706,  269.003428243,  1386.5
1581.47892869,  36872.8,  39398.9,  579.146764471,  269.003770159,  1385.61
1581.49936323,  36864.8,  39392.7,  579.147285267,  269.003739933,  1386.47
1581.51979777,  36851.6,  39377.4,  579.147057594,  269.003411488,  1387.2
1581.54023231,  36851.2,  39379.5,  579.14744853,  269.003523646,  1386.27
1581.56066686,  36868.3,  39394.4,  579.146963631,  269.003560665,  1386.09
1581.5811014,  36853.1,  39382.0,  579.146786724,  269.003144889,  1384.74
1586.83277509,  36756.2,  39532.5,  579.137675687,  268.99415418,  1356.45
1586.85320976,  36750.9,  39531.3,  579.137879477,  268.994486962,  1356.05
1586.87364422,  36748.7,  39526.5,  579.137991702,  268.993994784,  1356.42
1586.89407889,  36750.5,  39527.3,  579.138202393,  268.994558808,  1355.82
1586.91451345,  36740.9,  39521.1,  579.138279893,  268.994080393,  1355.54
1586.93494792,  36759.7,  39532.4,  579.137842904,  268.993904673,  1355.68
1586.95538259,  36748.4,  39524.8,  579.138537635,  268.99415599,  1355.07
1586.97581715,  36732.5,  39509.1,  579.137621952,  268.993857616,  1356.13
1586.99625172,  36734.0,  39507.0,  579.137981234,  268.993636581,  1354.79
1587.01668629,  36734.6,  39509.2,  579.138005079,  268.993895468,  1355.17
1587.03712085,  36734.0,  39505.7,  579.137841784,  268.993651731,  1354.18
1587.05755552,  36729.3,  39500.6,  579.137558628,  268.992979264,  1352.7
1587.07799009,  36731.9,  39503.4,  579.137825042,  268.99349183,  1354.62
1587.09842455,  36754.6,  39519.4,  579.138035032,  268.994170187,  1352.95
1587.11885922,  36731.8,  39499.3,  579.13781475,  268.993354973,  1354.78
1587.13929379,  36724.2,  39491.6,  579.137092384,  268.992559679,  1355.31
1587.15972826,  36731.0,  39492.9,  579.137312454,  268.992747999,  1353.04
1587.18016292,  36709.0,  39473.8,  579.137793935,  268.993359581,  1354.32
1587.20059749,  36716.1,  39478.0,  579.137454638,  268.993204502,  1353.65
1587.22103206,  36714.3,  39472.2,  579.137419404,  268.993073779,  1355.11
1587.24146662,  36726.2,  39486.0,  579.137002433,  268.992931691,  1354.9
1587.26190109,  36716.4,  39473.2,  579.137086943,  268.993101567,  1352.33
1587.28233576,  36723.9,  39476.6,  579.137471832,  268.992993866,  1353.96
1587.30277033,  36704.7,  39460.5,  579.137467939,  268.992558466,  1355.11
1587.3232048,  36718.3,  39467.6,  579.137841059,  268.993016282,  1352.01
1587.34363946,  36714.1,  39461.9,  579.136740806,  268.992780433,  1356.75
1587.36407403,  36691.0,  39441.4,  579.137156119,  268.992537219,  1353.05
1587.3845087,  36714.7,  39457.5,  579.137588991,  268.993006868,  1351.38
1587.40494317,  36703.0,  39447.7,  579.137054889,  268.992623199,  1355.75
1587.42537773,  36692.7,  39435.9,  579.137332989,  268.992980365,  1352.83
1587.4458124,  36690.9,  39431.0,  579.137312576,  268.992629852,  1353.24
1587.46624687,  36699.2,  39439.8,  579.137369952,  268.992798647,  1352.92
1587.50711611,  36706.5,  39439.7,  579.137481493,  268.9926832,  1352.43
1587.52755058,  36685.5,  39419.3,  579.136980638,  268.992449791,  1351.96
1587.54798524,  36702.6,  39429.5,  579.137663928,  268.992493985,  1351.76
1587.56841981,  36691.1,  39419.4,  579.137378367,  268.992909056,  1351.38
1587.58885438,  36693.2,  39418.8,  579.137203487,  268.992646148,  1353.25
1587.60928895,  36698.3,  39417.9,  579.137366032,  268.992821626,  1352.1
1587.62972352,  36698.6,  39420.5,  579.137562559,  268.993068175,  1352.98
1587.65015809,  36703.7,  39420.0,  579.138457552,  268.993002735,  1353.37
1587.67059266,  36703.9,  39418.5,  579.137617988,  268.993420046,  1352.41
1587.69102723,  36705.5,  39420.2,  579.138033799,  268.993157231,  1352.21
1587.7114619,  36597.4,  39318.9,  579.138209907,  268.992776556,  1352.9
1587.73189637,  36044.7,  38822.9,  579.138848443,  268.991534003,  1350.5
1587.75233093,  35260.2,  38121.8,  579.139991081,  268.989826099,  1353.89
1587.7727656,  34401.3,  37346.6,  579.140914576,  268.988095324,  1352.6
1587.79320017,  33620.1,  36649.9,  579.141938288,  268.985735875,  1351.73
1587.81363464,  33013.5,  36102.9,  579.142726098,  268.983591256,  1350.9
1587.83406931,  32671.5,  35794.0,  579.144051261,  268.98336571,  1351.84
1587.85450378,  32662.2,  35787.7,  579.143414675,  268.982744292,  1351.45
1587.87493845,  32963.6,  36051.4,  579.143116705,  268.984454157,  1351.65
1587.89537302,  33579.5,  36601.1,  579.141731788,  268.985608562,  1352.73
1587.91580749,  34335.8,  37279.3,  579.141073603,  268.987511881,  1350.98
1587.93624216,  35196.2,  38043.5,  579.140464765,  268.990023802,  1350.54
1587.95667673,  35983.3,  38748.3,  579.139709505,  268.991827645,  1351.99
1587.9771112,  36567.6,  39269.3,  579.138678752,  268.993288342,  1351.5
1587.99754587,  36696.0,  39379.8,  579.139251553,  268.993780889,  1350.66
1588.01798044,  36700.1,  39385.3,  579.138335715,  268.9939435,  1350.77
1588.03841491,  36697.3,  39376.7,  579.13872151,  268.993869423,  1351.79
1588.05884958,  36707.0,  39385.0,  579.139059055,  268.993559939,  1350.55
1588.07928415,  36706.8,  39385.4,  579.13920986,  268.994030771,  1351.18
1588.09971882,  36699.7,  39372.9,  579.139123887,  268.993881433,  1351.24
1588.12015329,  36711.7,  39384.4,  579.138806817,  268.993698202,  1348.68
1588.14058786,  36720.0,  39390.7,  579.139165233,  268.994150573,  1351.08
1588.16102253,  36705.8,  39374.7,  579.139239901,  268.994011563,  1350.56
1588.18145701,  36717.7,  39385.8,  579.139093774,  268.993975329,  1349.07
1588.20189158,  36727.9,  39391.6,  579.139631203,  268.994412365,  1349.73
1588.22232625,  36724.6,  39385.6,  579.139413327,  268.994389101,  1348.69
1588.24276072,  36722.9,  39385.1,  579.139347524,  268.994232187,  1348.25
1588.26319539,  36718.5,  39377.3,  579.139205892,  268.994435251,  1347.8
1588.28362996,  36736.3,  39392.6,  579.138910911,  268.994502661,  1348.26
1588.30406453,  36735.1,  39391.6,  579.139495349,  268.994594302,  1348.47
1588.3244991,  36737.0,  39388.9,  579.139885937,  268.994960556,  1348.79
1588.34493367,  36744.9,  39396.7,  579.139201848,  268.994802903,  1346.96
1588.36536824,  36729.1,  39380.2,  579.139620559,  268.994832399,  1344.72
1588.38580282,  36745.3,  39389.8,  579.13975062,  268.994966907,  1348.3
1588.40623739,  36755.1,  39401.9,  579.139431246,  268.994804499,  1347.09
1588.42667196,  36749.1,  39392.0,  579.139559851,  268.995244231,  1348.58
1588.44710663,  36734.5,  39377.2,  579.139774705,  268.994869818,  1347.71
1588.4675411,  36751.9,  39394.8,  579.139533896,  268.995229739,  1346.65
1588.48797577,  36753.9,  39392.1,  579.139379205,  268.995207406,  1347.29
1588.50841025,  36765.0,  39402.5,  579.139504638,  268.995222289,  1345.59
1588.52884482,  36763.2,  39399.6,  579.139816763,  268.995285283,  1347.99
1588.54927949,  36763.3,  39395.4,  579.140050691,  268.995323189,  1345.9
1588.56971396,  36765.5,  39398.7,  579.139833381,  268.995222352,  1346.34
1588.59014853,  36772.7,  39403.1,  579.139964876,  268.995018227,  1346.59
1588.61058321,  36776.3,  39403.7,  579.139881241,  268.995136262,  1344.62
1588.63101768,  36789.4,  39417.3,  579.140035877,  268.995456259,  1346.73
1588.65145235,  36790.5,  39414.2,  579.13979465,  268.995463805,  1344.46
1588.67188692,  36795.5,  39417.4,  579.139813315,  268.995080072,  1344.4
1588.6923214,  36781.3,  39405.4,  579.14004262,  268.995469315,  1344.24
1588.71275607,  36801.5,  39418.7,  579.140270396,  268.995637314,  1344.8
1588.73319064,  36784.3,  39405.1,  579.139633644,  268.99529782,  1344.1
1588.75362511,  36796.9,  39415.4,  579.140328731,  268.995602744,  1345.2
1588.77405979,  36805.9,  39419.6,  579.139577487,  268.995648672,  1344.83
1588.79449436,  36800.3,  39417.4,  579.139925484,  268.995601903,  1342.14
1588.81492893,  36801.5,  39414.8,  579.139416904,  268.995357855,  1343.59
1588.8353635,  36816.4,  39426.6,  579.140223892,  268.995527549,  1344.98
1588.85579808,  36818.0,  39430.4,  579.14004644,  268.995608361,  1345.27
1588.87623275,  36809.5,  39417.9,  579.139889469,  268.995792804,  1343.76
1588.89666722,  36816.9,  39425.1,  579.13988187,  268.995730832,  1342.0
1588.9171018,  36839.9,  39445.5,  579.139440794,  268.995585934,  1343.35
1588.93753647,  36815.7,  39419.0,  579.139828847,  268.995818742,  1344.37
1588.95797104,  36820.6,  39426.2,  579.140274973,  268.995984241,  1343.39
1588.97840552,  36827.7,  39430.3,  579.139808167,  268.995889882,  1342.48
1588.99884019,  36831.7,  39431.8,  579.139930653,  268.995999614,  1341.77
1589.01927476,  36814.2,  39417.0,  579.140800151,  268.995785166,  1343.28
1589.03970924,  36822.5,  39420.9,  579.140228704,  268.995728778,  1343.16
1589.06014391,  36822.3,  39420.8,  579.140048283,  268.995746974,  1341.51
1589.08057848,  36822.8,  39421.0,  579.140079681,  268.995911985,  1342.77
1589.10101316,  36824.1,  39418.1,  579.140215147,  268.995986567,  1341.75
1589.12144763,  36829.3,  39424.8,  579.139877022,  268.996080387,  1343.65
1589.14188221,  36826.6,  39420.9,  579.140169128,  268.995895966,  1343.92
1589.16231678,  36835.0,  39424.8,  579.140112355,  268.995735923,  1342.94
1589.18275135,  36826.6,  39419.9,  579.14026491,  268.996268664,  1341.03
1589.20318583,  36832.0,  39421.5,  579.140462502,  268.996388942,  1341.83
1589.2236205,  36828.9,  39418.6,  579.140227709,  268.996353115,  1341.41
1589.24405508,  36831.4,  39421.6,  579.140133914,  268.995956025,  1340.12
1589.26448975,  36823.4,  39411.7,  579.139957025,  268.996114714,  1341.29
1589.28492423,  36833.1,  39420.3,  579.140416876,  268.996236837,  1341.09
1589.3053588,  36817.3,  39406.7,  579.140341314,  268.996085883,  1341.99
1589.32579347,  36836.5,  39419.5,  579.14010143,  268.996363017,  1339.45
1589.34622795,  36821.5,  39408.2,  579.140057579,  268.996179676,  1341.85
1589.36666252,  36824.5,  39409.2,  579.140416192,  268.99594797,  1341.98
1589.3870972,  36836.2,  39417.0,  579.140045301,  268.996140807,  1340.69
1589.40753167,  36839.4,  39422.2,  579.140474026,  268.996116479,  1340.29
1589.42796625,  36823.3,  39404.4,  579.140334169,  268.996376768,  1340.8
1589.44840092,  36813.2,  39395.4,  579.140275326,  268.995827276,  1340.81
1589.4688355,  36821.8,  39404.9,  579.140178448,  268.996366538,  1339.27
1589.48927007,  36814.0,  39394.2,  579.139955985,  268.995776626,  1338.61
1589.50970465,  36819.4,  39399.9,  579.140147382,  268.996125508,  1338.85
1589.53013922,  36823.4,  39402.0,  579.14038781,  268.996363994,  1338.52
1589.5505738,  36803.8,  39380.2,  579.14039818,  268.996170833,  1339.82
1589.57100837,  36813.5,  39391.0,  579.140534247,  268.996537193,  1339.18
1589.59144295,  36809.6,  39388.0,  579.139927834,  268.996180977,  1338.22
1589.61187762,  36799.9,  39377.2,  579.140300114,  268.995992256,  1338.8
1589.6323121,  36795.4,  39375.4,  579.140256426,  268.996472331,  1338.24
1589.65274667,  36803.0,  39377.4,  579.140277913,  268.996111594,  1338.05
1589.67318135,  36812.8,  39387.5,  579.140236218,  268.99632751,  1337.7
1589.69361582,  36796.7,  39374.8,  579.140017122,  268.996123571,  1339.02
1589.7140505,  36796.7,  39370.1,  579.14031836,  268.996353129,  1338.76
1589.73448508,  36791.3,  39367.3,  579.140284865,  268.996328736,  1338.13
1589.75491955,  36802.0,  39375.2,  579.140257568,  268.996002285,  1339.1
1589.77535423,  36802.2,  39373.0,  579.139850926,  268.995987956,  1339.31
1589.7957888,  36790.5,  39365.7,  579.140281277,  268.996563605,  1338.48
1589.81622328,  36776.4,  39349.8,  579.140281993,  268.996335294,  1339.43
1589.85709243,  36775.5,  39350.5,  579.140314318,  268.996373637,  1336.64
1589.87752711,  36775.5,  39345.5,  579.140228177,  268.99592072,  1337.7
1589.89796168,  36780.9,  39352.8,  579.140219039,  268.996374708,  1336.65
1589.91839616,  36781.6,  39353.1,  579.140166,  268.996626153,  1337.29
1589.93883084,  36764.8,  39334.0,  579.140399608,  268.996895829,  1336.99
1589.95926541,  36775.2,  39345.5,  579.140231987,  268.996159549,  1338.83
1589.97969989,  36783.3,  39352.4,  579.140081073,  268.996204174,  1336.06
1590.00013457,  36769.1,  39337.4,  579.140187619,  268.996121055,  1337.0
1590.02056914,  36779.7,  39349.9,  579.139959181,  268.995897999,  1338.67
1590.04100372,  36755.5,  39324.1,  579.140413654,  268.996418219,  1337.02
1590.0614383,  36766.3,  39334.2,  579.140230694,  268.996300133,  1338.26
1590.08187287,  36753.5,  39324.6,  579.140388607,  268.996234088,  1337.1
1590.10230755,  36766.7,  39332.9,  579.140138922,  268.996492555,  1338.22
1590.12274203,  36762.1,  39331.4,  579.140125889,  268.996190206,  1337.33
1590.1431766,  36759.1,  39327.1,  579.140408529,  268.996662626,  1337.94
1590.16361128,  36752.2,  39317.8,  579.140203195,  268.996716221,  1337.16
1590.18404586,  36753.5,  39322.9,  579.139860027,  268.996369519,  1336.34
1590.20448033,  36759.4,  39325.1,  579.140298671,  268.996427972,  1336.35
1590.22491501,  36757.7,  39323.1,  579.140707854,  268.996262459,  1337.43
1590.24534959,  36758.1,  39326.1,  579.140258788,  268.996365604,  1337.23
1590.26578407,  36763.0,  39325.2,  579.140144933,  268.996302079,  1337.68
1590.28621874,  36608.6,  39189.7,  579.1392565,  268.99542465,  1335.98
1590.30665332,  36002.6,  38648.2,  579.141065369,  268.994277448,  1335.63
1590.327088,  35180.6,  37908.7,  579.142317138,  268.992837802,  1337.16
1590.34752247,  34335.7,  37155.1,  579.142782125,  268.99063748,  1337.1
1590.36795705,  33565.4,  36463.2,  579.144310086,  268.988485572,  1335.58
1590.38839173,  32995.6,  35952.9,  579.145095613,  268.986380855,  1335.04
1590.40882621,  32707.2,  35698.3,  579.145665457,  268.986252166,  1337.85
1590.42926079,  32766.5,  35747.0,  579.14547273,  268.986025711,  1335.63
1590.44969536,  33131.6,  36074.8,  579.14501695,  268.987927623,  1336.72
1590.47012994,  33790.1,  36664.5,  579.144427351,  268.988760332,  1336.25
1590.49056462,  34594.8,  37380.5,  579.142940021,  268.991180578,  1336.11
1590.5109991,  35440.8,  38141.0,  579.141857212,  268.993498896,  1335.99
1590.53143367,  36215.6,  38831.9,  579.140627747,  268.995254774,  1336.33
1590.55186835,  36692.8,  39256.5,  579.139985777,  268.996242862,  1336.03
1590.57230283,  36766.1,  39325.6,  579.140119141,  268.996425731,  1336.47
1590.59273741,  36763.8,  39319.5,  579.140245089,  268.996818519,  1336.11
1590.61317209,  36787.4,  39342.0,  579.139623873,  268.996561792,  1336.19
1590.63360657,  36754.8,  39315.4,  579.139696023,  268.996585012,  1334.55
1590.65404114,  36768.4,  39322.4,  579.140333814,  268.996511493,  1336.78
1590.67447582,  36764.1,  39320.6,  579.140033274,  268.996821339,  1335.55
1590.6949104,  36763.6,  39320.9,  579.139740694,  268.996413229,  1336.93
1590.71534498,  36777.9,  39330.4,  579.140329218,  268.997068714,  1335.75
1590.73577956,  36756.1,  39313.5,  579.140357074,  268.996623622,  1336.79
1590.75621414,  36776.1,  39328.9,  579.140318501,  268.996680776,  1334.64
1590.77664871,  36766.6,  39319.0,  579.139752424,  268.996401167,  1337.41
1590.79708329,  36776.1,  39331.4,  579.140188853,  268.99675508,  1334.81
1590.81751787,  36790.3,  39338.8,  579.140507567,  268.996941791,  1337.06
1590.83795255,  36781.9,  39333.2,  579.140409213,  268.996494136,  1334.83
1590.85838703,  36790.7,  39342.2,  579.139950852,  268.996590465,  1334.7
1590.87882161,  36803.7,  39350.9,  579.140016058,  268.996483845,  1334.94
1590.89925629,  36788.1,  39339.3,  579.140434524,  268.996601087,  1335.27
1590.91969077,  36791.2,  39340.6,  579.139921562,  268.996896674,  1333.19
1590.94012545,  36808.1,  39353.3,  579.140305643,  268.996262789,  1334.85
1590.96056002,  36804.9,  39354.6,  579.139830845,  268.99670472,  1333.65
1590.9809945,  36807.7,  39334.7,  579.139332573,  268.99632293,  1333.2
1591.00142918,  36818.9,  39351.7,  579.140664724,  268.996983579,  1334.24
