Kepler I.D.-----Channel

[8938628]--------[26]

-TTYPE1--------TTYPE8------------TTYPE4-----------TTYPE15------------TTYPE17-----------TTYPE6

['TIME']---['PDCSAP_FLUX']---['SAP_FLUX']---['MOM_CENTR1']---['MOM_CENTR2']---['SAP_BKG']

['BJD - 2454833']--['e-/s']--------['e-/s']---------['pixel']---------['pixel']----------['e-/s']

CROWDSAP --- 0.9956

8938628

1559.24684559,  48917.3,  44957.2,  886.48596774,  765.749806514,  1372.0
1559.26727983,  48931.0,  44971.1,  886.485994707,  765.750225196,  1371.43
1559.28771418,  48919.9,  44960.5,  886.48600739,  765.749587104,  1370.94
1559.30814833,  48934.4,  44973.5,  886.485489343,  765.749876552,  1371.14
1559.32858258,  48921.0,  44962.1,  886.485664968,  765.74985372,  1370.73
1559.34901692,  48928.4,  44967.3,  886.4856735,  765.749777461,  1371.87
1559.36945107,  48919.7,  44959.9,  886.48533451,  765.749660899,  1370.99
1559.38988542,  48926.6,  44966.9,  886.485535759,  765.749383758,  1369.51
1559.41031967,  48920.8,  44960.5,  886.485611997,  765.749086922,  1368.56
1559.43075392,  48929.9,  44968.8,  886.485575886,  765.749058178,  1369.07
1559.45118817,  48921.3,  44961.2,  886.485176456,  765.749333378,  1369.67
1559.47162242,  48923.8,  44962.4,  886.485050012,  765.749197598,  1371.52
1559.49205667,  48929.8,  44968.6,  886.485486616,  765.749403674,  1369.59
1559.51249092,  48921.6,  44960.2,  886.485537585,  765.749041996,  1368.83
1559.53292516,  48925.7,  44964.9,  886.485013303,  765.749180067,  1369.31
1559.55335941,  48931.1,  44970.0,  886.485216816,  765.749401241,  1368.25
1559.57379366,  48924.3,  44962.5,  886.485314868,  765.749093662,  1368.32
1559.59422791,  48927.6,  44966.1,  886.484763923,  765.749029832,  1367.83
1559.61466216,  48929.8,  44968.0,  886.485291558,  765.749209757,  1368.51
1559.63509641,  48922.7,  44960.3,  886.484667146,  765.749143211,  1369.77
1559.65553066,  48928.2,  44966.4,  886.484648587,  765.74918016,  1368.68
1559.67596502,  48939.3,  44975.8,  886.484661962,  765.749200399,  1369.46
1559.69639917,  48924.1,  44961.5,  886.48466898,  765.749052604,  1367.68
1559.71683342,  48920.8,  44960.1,  886.484228874,  765.748745557,  1367.67
1559.73726777,  48923.7,  44961.7,  886.484556206,  765.749110114,  1368.35
1559.75770192,  48923.1,  44961.2,  886.484601377,  765.748772769,  1367.46
1559.77813627,  48925.7,  44963.7,  886.4845376,  765.748862169,  1368.12
1559.79857052,  48931.0,  44967.3,  886.484438987,  765.748731764,  1368.73
1559.81900467,  48932.0,  44968.1,  886.484142605,  765.748626557,  1367.83
1559.83943903,  48912.5,  44951.5,  886.483981857,  765.748555266,  1367.47
1559.85987328,  48904.2,  44942.4,  886.484257771,  765.748706797,  1368.36
1559.88030743,  48919.0,  44957.2,  886.48430641,  765.748501894,  1368.27
1559.90074178,  48913.3,  44951.4,  886.484230894,  765.748545608,  1367.08
1559.92117603,  48924.3,  44960.5,  886.48414742,  765.748428512,  1366.26
1559.94161039,  48926.4,  44963.6,  886.484049282,  765.748457068,  1366.39
1559.96204454,  48924.4,  44961.0,  886.484059237,  765.748669167,  1365.22
1559.98247879,  48924.0,  44960.3,  886.483829014,  765.748435692,  1366.72
1560.00291314,  48921.7,  44959.0,  886.483972877,  765.748122655,  1366.6
1560.0233473,  48904.8,  44942.4,  886.48379125,  765.748353882,  1366.74
1560.04378155,  48925.2,  44961.5,  886.483909687,  765.748364297,  1365.82
1560.0642159,  48934.3,  44970.1,  886.483922659,  765.748140568,  1364.89
1560.08465006,  48924.2,  44960.2,  886.484398543,  765.748309267,  1364.36
1560.10508441,  48916.3,  44953.3,  886.483482637,  765.748388948,  1366.62
1560.12551867,  48928.0,  44963.2,  886.483744564,  765.748565171,  1366.3
1560.14595282,  48920.8,  44956.5,  886.483689513,  765.747919039,  1365.82
1560.16638717,  48923.3,  44959.8,  886.48358929,  765.748490559,  1365.86
1560.18682143,  48918.6,  44954.6,  886.483512142,  765.748203654,  1366.64
1560.20725558,  48916.4,  44952.8,  886.483754948,  765.7481255,  1367.01
1560.22768994,  48926.3,  44961.6,  886.483658542,  765.748364335,  1366.42
1560.24812419,  48916.5,  44952.0,  886.48332552,  765.748335626,  1366.56
1560.26855835,  48936.9,  44971.4,  886.483742618,  765.748521992,  1364.52
1560.2889927,  48918.9,  44954.9,  886.483599365,  765.74827009,  1366.92
1560.30942696,  48912.6,  44948.1,  886.483480027,  765.747983856,  1365.32
1560.32986121,  48920.0,  44956.2,  886.483609061,  765.748094519,  1366.08
1560.35029547,  48926.0,  44961.2,  886.483533524,  765.747822,  1363.67
1560.37072972,  48917.2,  44952.4,  886.483614902,  765.747915598,  1365.14
1560.39116408,  48924.3,  44960.1,  886.483242304,  765.748142749,  1364.22
1560.41159823,  48927.9,  44962.4,  886.483339392,  765.747891721,  1363.28
1560.43203249,  48921.0,  44956.2,  886.483421979,  765.747899999,  1364.48
1560.45246685,  48922.6,  44958.3,  886.483712139,  765.748205825,  1363.9
1560.472901,  48908.8,  44944.6,  886.483442534,  765.747770454,  1365.1
1560.49333536,  48927.8,  44962.7,  886.483392741,  765.747844151,  1366.02
1560.51376962,  48916.3,  44951.7,  886.483291174,  765.748057711,  1363.73
1560.53420377,  48920.3,  44954.5,  886.483491573,  765.747996208,  1365.61
1560.55463813,  48931.4,  44966.3,  886.483088698,  765.747833209,  1364.12
1560.57507239,  48927.1,  44961.6,  886.483601367,  765.747667492,  1364.11
1560.59550654,  48927.6,  44961.3,  886.483156228,  765.747504076,  1364.14
1560.6159409,  48926.6,  44961.8,  886.483316371,  765.747731266,  1363.84
1560.63637516,  48928.3,  44962.5,  886.48313873,  765.747840103,  1364.07
1560.65680942,  48926.3,  44959.9,  886.483018397,  765.747771549,  1364.24
1560.67724367,  48917.7,  44953.1,  886.482873799,  765.747991641,  1362.54
1560.69767793,  48918.6,  44953.2,  886.483349735,  765.747479766,  1363.37
1560.73854645,  48917.2,  44952.6,  886.482977133,  765.747827566,  1363.78
1560.75898071,  48926.2,  44960.8,  886.483229902,  765.747378123,  1360.71
1560.77941507,  48925.9,  44960.5,  886.483402805,  765.747524259,  1364.08
1560.79984923,  48927.4,  44961.7,  886.482832876,  765.747185942,  1363.02
1560.82028348,  48938.4,  44970.5,  886.483668849,  765.747336868,  1365.02
1560.84071784,  48941.9,  44976.5,  886.48244128,  765.748178121,  1380.88
1560.9633234,  48399.4,  44483.7,  886.484255429,  765.746731244,  1403.85
1560.98375756,  48873.3,  44917.0,  886.483961076,  765.746589605,  1402.41
1561.00419192,  48931.9,  44971.8,  886.483348173,  765.747246405,  1399.13
1561.02462618,  48913.0,  44953.5,  886.483076367,  765.746921067,  1392.71
1561.04506054,  48916.6,  44956.8,  886.483764915,  765.746660464,  1389.93
1561.0654947,  48935.3,  44974.3,  886.483888501,  765.7471232,  1390.62
1561.08592896,  48929.5,  44968.0,  886.483311942,  765.74692015,  1390.08
1561.10636332,  48941.2,  44980.1,  886.483398379,  765.747121692,  1386.79
1561.12679748,  48942.4,  44980.4,  886.482869126,  765.746793344,  1385.18
1561.14723175,  48927.2,  44964.7,  886.483058544,  765.74629191,  1384.95
1561.16766611,  48926.3,  44964.8,  886.482895745,  765.746813757,  1384.33
1561.18810027,  48955.4,  44992.3,  886.483397031,  765.747208397,  1381.49
1561.20853453,  48930.5,  44969.3,  886.484035855,  765.746968581,  1379.4
1561.22896889,  48939.8,  44976.5,  886.483366452,  765.746912971,  1380.11
1561.24940305,  48930.0,  44966.3,  886.48297546,  765.746982591,  1378.37
1561.26983742,  48940.5,  44975.1,  886.482924829,  765.747390165,  1376.26
1561.29027168,  48940.3,  44975.8,  886.483004607,  765.746761399,  1377.89
1561.31070594,  48975.7,  45007.8,  886.482937978,  765.746658155,  1373.88
1561.3311402,  48956.4,  44989.9,  886.483316678,  765.747263196,  1372.2
1561.35157447,  48954.2,  44987.7,  886.483111576,  765.747021352,  1372.94
1561.37200873,  48940.8,  44975.0,  886.483161954,  765.746758634,  1371.86
1561.39244299,  48950.1,  44983.4,  886.483022569,  765.746624808,  1372.4
1561.41287725,  48948.6,  44982.9,  886.482926086,  765.746530577,  1370.96
1561.43331162,  48936.0,  44970.3,  886.482918128,  765.746641234,  1369.84
1561.45374578,  48946.0,  44980.5,  886.483280486,  765.746388074,  1368.96
1561.47418004,  48970.6,  45001.8,  886.483297634,  765.746436412,  1369.07
1561.49461431,  48944.3,  44977.4,  886.483916999,  765.74638653,  1367.52
1561.51504857,  48938.2,  44973.1,  886.483108811,  765.746188807,  1367.32
1561.53548284,  48951.8,  44983.9,  886.48273824,  765.746676854,  1367.55
1561.5559172,  48948.2,  44981.3,  886.48300916,  765.746386628,  1366.3
1561.57635136,  48949.7,  44982.6,  886.482814918,  765.7462962,  1365.7
1561.59678563,  48966.3,  44996.3,  886.482780092,  765.746330072,  1366.92
1561.61721999,  48951.1,  44983.2,  886.482480447,  765.746601772,  1365.07
1561.63765416,  48952.6,  44985.3,  886.482993801,  765.746161556,  1364.53
1561.65808852,  48943.6,  44975.4,  886.482757169,  765.746246399,  1363.91
1561.67852279,  48941.3,  44974.5,  886.482703914,  765.746311189,  1364.23
1561.69895695,  48941.3,  44974.0,  886.482852668,  765.746279687,  1363.57
1561.71939132,  48945.6,  44978.1,  886.482999428,  765.746755637,  1364.27
1561.73982558,  48935.9,  44970.1,  886.482164571,  765.746356559,  1364.09
1561.76025975,  48939.7,  44972.2,  886.482651118,  765.745978308,  1363.2
1561.78069411,  48951.1,  44982.9,  886.482844382,  765.746384511,  1362.01
1561.80112838,  48957.4,  44989.4,  886.482367344,  765.746251497,  1362.33
1561.82156275,  48953.6,  44984.3,  886.482380958,  765.746051332,  1362.58
1561.84199691,  48939.5,  44972.0,  886.4823909,  765.746286999,  1362.17
1561.86243118,  48960.2,  44990.9,  886.482518572,  765.746116027,  1361.35
1561.88286554,  48957.2,  44987.6,  886.482425109,  765.746017054,  1360.12
1561.90329971,  48946.6,  44978.6,  886.482725219,  765.746165038,  1360.04
1561.92373398,  48941.6,  44973.1,  886.482265478,  765.746335553,  1359.99
1561.94416834,  48948.8,  44979.5,  886.48205235,  765.745966842,  1360.56
1561.96460251,  48952.8,  44983.4,  886.482473983,  765.74615334,  1360.53
1561.98503678,  48941.4,  44972.6,  886.482113595,  765.745945652,  1358.87
1562.00547114,  48939.0,  44971.1,  886.482107201,  765.745733434,  1359.64
1562.02590541,  48955.9,  44986.8,  886.482335081,  765.745964817,  1359.18
1562.04633968,  48963.6,  44992.4,  886.48229797,  765.745768376,  1359.7
1562.06677395,  48939.7,  44971.1,  886.482270687,  765.745614042,  1359.85
1562.08720812,  48953.3,  44983.6,  886.481934934,  765.745771447,  1359.66
1562.10764248,  48942.2,  44972.8,  886.482015128,  765.745888914,  1359.39
1562.12807675,  48947.3,  44977.7,  886.482124513,  765.745652089,  1359.73
1562.14851092,  48952.4,  44982.2,  886.481926453,  765.74625201,  1359.37
1562.16894529,  48955.3,  44984.4,  886.481873134,  765.745934058,  1358.64
1562.18937956,  48938.5,  44970.4,  886.481961386,  765.746028207,  1359.85
1562.20981392,  48945.1,  44975.2,  886.481703939,  765.745570322,  1359.1
1562.23024809,  48947.9,  44978.3,  886.48191873,  765.745620337,  1357.4
1562.25068236,  48949.9,  44980.2,  886.481715718,  765.745706016,  1358.02
1562.27111673,  48931.9,  44962.4,  886.481861066,  765.745899072,  1358.2
1562.2915509,  48940.2,  44971.1,  886.481815095,  765.745593108,  1357.69
1562.31198517,  48945.3,  44975.4,  886.482055095,  765.745410765,  1357.75
1562.33241954,  48952.6,  44981.1,  886.481640732,  765.745840461,  1357.45
1562.35285371,  48943.5,  44974.2,  886.481792035,  765.745929644,  1357.44
1562.37328808,  48955.4,  44984.6,  886.48238596,  765.745902173,  1356.02
1562.39372235,  48939.2,  44969.2,  886.481644877,  765.745298981,  1356.14
1562.41415652,  48945.8,  44976.2,  886.481991184,  765.745479433,  1355.8
1562.43459089,  48947.8,  44976.8,  886.481418365,  765.745654224,  1357.08
1562.45502516,  48939.0,  44969.1,  886.481561332,  765.745423985,  1357.99
1562.47545933,  48947.2,  44977.2,  886.481844061,  765.745763444,  1356.71
1562.4958937,  48958.2,  44986.3,  886.481612263,  765.74566557,  1356.19
1562.51632797,  48940.2,  44970.2,  886.481848584,  765.745284951,  1356.95
1562.53676224,  48939.8,  44969.6,  886.481567953,  765.745717215,  1357.13
1562.55719651,  48938.3,  44967.6,  886.481488239,  765.745772434,  1355.92
1562.57763078,  48938.3,  44969.4,  886.482023361,  765.745588992,  1355.2
1562.59806515,  48961.7,  44989.8,  886.481625667,  765.745786863,  1355.82
1562.61849933,  48943.6,  44973.1,  886.481368256,  765.74516939,  1355.99
1562.6389336,  48935.1,  44966.0,  886.481546527,  765.745193582,  1354.8
1562.65936797,  48923.2,  44954.1,  886.481552358,  765.745187105,  1354.68
1562.67980224,  48938.0,  44968.4,  886.481679221,  765.745649205,  1355.37
1562.70023641,  48937.6,  44968.1,  886.481574299,  765.745126642,  1355.05
1562.72067078,  48940.2,  44969.1,  886.481558795,  765.745628136,  1355.21
1562.74110496,  48936.2,  44966.3,  886.481429603,  765.745572876,  1354.93
1562.76153933,  48932.7,  44963.3,  886.48159404,  765.745503285,  1354.8
1562.7819736,  48928.4,  44958.6,  886.48143318,  765.745069229,  1354.83
1562.80240777,  48934.1,  44965.5,  886.481106408,  765.745285931,  1353.77
1562.82284215,  48924.3,  44955.6,  886.481370517,  765.745343053,  1353.2
1562.84327642,  48922.6,  44953.4,  886.481297231,  765.745540085,  1354.02
1562.86371059,  48923.7,  44955.3,  886.481427639,  765.745229945,  1355.62
1562.88414497,  48927.0,  44957.2,  886.481351223,  765.7453722,  1354.45
1562.90457924,  48931.9,  44961.9,  886.480951115,  765.745281878,  1353.66
1562.92501341,  48917.7,  44949.7,  886.481185635,  765.745033596,  1356.01
1562.94544779,  48923.7,  44954.1,  886.48123224,  765.745035053,  1352.82
1562.96588206,  48919.0,  44950.3,  886.481310639,  765.74573745,  1353.32
1562.98631643,  48923.0,  44953.6,  886.481171114,  765.745290328,  1354.14
1563.00675061,  48913.6,  44944.2,  886.481134543,  765.745028239,  1352.75
1563.02718488,  48930.2,  44960.9,  886.48146467,  765.744879609,  1356.27
1563.04761926,  48917.1,  44948.2,  886.481246728,  765.745147242,  1353.48
1563.06805343,  48919.6,  44949.9,  886.481109851,  765.745203289,  1354.66
1563.08848771,  48925.7,  44956.9,  886.480831596,  765.745128158,  1352.7
1563.10892208,  48922.0,  44952.1,  886.481250044,  765.744803564,  1353.97
1563.12935626,  48931.1,  44960.8,  886.48106025,  765.74513796,  1353.49
1563.14979063,  48922.1,  44953.0,  886.480975857,  765.744478875,  1352.62
1563.17022491,  48923.2,  44953.3,  886.480906113,  765.74493035,  1353.56
1563.19065918,  48912.1,  44943.4,  886.480379017,  765.745006447,  1352.06
1563.21109346,  48914.6,  44945.7,  886.480772109,  765.745052677,  1353.23
1563.23152773,  48905.2,  44936.4,  886.480889234,  765.744953102,  1351.87
1563.25196201,  48915.8,  44947.7,  886.480797665,  765.745019302,  1353.24
1563.27239628,  48913.5,  44943.5,  886.481078722,  765.744529055,  1353.66
1563.29283056,  48911.1,  44941.4,  886.481049102,  765.744999682,  1353.66
1563.31326483,  48922.0,  44953.0,  886.480909638,  765.744908141,  1352.29
1563.33369921,  48919.8,  44949.6,  886.48095121,  765.744671734,  1355.83
1563.35413339,  48916.6,  44948.3,  886.480581901,  765.744967738,  1357.47
1563.37456766,  48902.0,  44933.9,  886.480847952,  765.744802704,  1359.22
1563.39500194,  48916.8,  44946.8,  886.480923397,  765.744827266,  1360.49
1563.41543622,  48910.5,  44942.6,  886.480738341,  765.745033075,  1361.04
1563.43587059,  48918.1,  44948.4,  886.480678586,  765.744724956,  1360.52
1563.45630477,  48901.8,  44933.8,  886.480516807,  765.744809042,  1360.98
1563.47673905,  48910.6,  44941.7,  886.480727615,  765.744962955,  1358.93
1563.49717343,  48901.3,  44932.5,  886.480745042,  765.744740949,  1361.76
1563.5176076,  48891.9,  44924.1,  886.480785098,  765.744824432,  1360.3
1563.53804198,  48894.2,  44927.1,  886.480572815,  765.744649828,  1361.16
1563.55847626,  48902.9,  44934.3,  886.480697513,  765.744544735,  1359.7
1563.57891044,  48897.7,  44930.2,  886.480516225,  765.745060577,  1361.08
1563.59934481,  48898.5,  44930.8,  886.481037231,  765.744757295,  1361.34
1563.61977909,  48908.3,  44939.1,  886.480009218,  765.744328997,  1360.03
1563.64021327,  48892.9,  44926.3,  886.480805089,  765.744841004,  1358.45
1563.66064765,  48894.3,  44925.8,  886.480827459,  765.744810475,  1358.86
1563.68108193,  48888.8,  44920.9,  886.481089519,  765.744419393,  1358.59
1563.72195048,  48904.4,  44934.9,  886.480427119,  765.744144241,  1357.46
1563.74238476,  48897.2,  44929.0,  886.480426954,  765.744349129,  1357.34
1563.76281914,  48903.8,  44935.5,  886.48076321,  765.744442222,  1357.48
1563.78325332,  48892.9,  44924.8,  886.480894107,  765.744343256,  1356.72
1563.8036876,  48905.4,  44936.9,  886.480433857,  765.744149463,  1356.07
1563.82412198,  48890.1,  44922.9,  886.480872811,  765.744403348,  1358.34
1563.84455626,  48890.7,  44923.0,  886.480722536,  765.743945288,  1357.29
1563.86499044,  48888.5,  44922.3,  886.48070054,  765.744148771,  1356.07
1563.88542482,  48897.0,  44929.0,  886.480830389,  765.744243956,  1356.74
1563.9058591,  48886.0,  44919.2,  886.480529718,  765.744176183,  1357.15
1563.92629338,  48894.3,  44927.6,  886.480706752,  765.744533099,  1356.29
1563.94672766,  48892.1,  44924.7,  886.48075836,  765.74400508,  1357.25
1563.96716194,  48896.5,  44928.9,  886.480452604,  765.74408909,  1357.61
1563.98759622,  48880.1,  44914.8,  886.481148086,  765.744601399,  1356.83
1564.0080305,  48885.4,  44918.7,  886.480844281,  765.743666519,  1356.59
1564.02846478,  48884.1,  44917.9,  886.480575364,  765.744271395,  1358.1
1564.04889906,  48883.8,  44917.4,  886.48046985,  765.74439713,  1356.28
1564.06933334,  48891.5,  44923.9,  886.48034365,  765.744129835,  1356.56
1564.08976772,  48883.6,  44918.0,  886.480876945,  765.744111636,  1359.21
1564.11020191,  48877.0,  44910.7,  886.480776938,  765.743871504,  1358.71
1564.13063619,  48885.5,  44918.8,  886.480784718,  765.743968201,  1356.56
1564.15107057,  48880.9,  44915.5,  886.480503674,  765.743713999,  1357.63
1564.17150475,  48879.9,  44912.9,  886.480761707,  765.743705967,  1357.62
1564.19193903,  48885.9,  44919.4,  886.480733177,  765.743909731,  1355.79
1564.21237341,  48887.0,  44920.4,  886.480727826,  765.744114874,  1357.26
1564.2328076,  48875.3,  44909.2,  886.480716313,  765.744176303,  1355.57
1564.25324188,  48884.0,  44918.0,  886.480481981,  765.743972921,  1355.05
1564.27367626,  48877.3,  44911.8,  886.480232976,  765.743979708,  1356.46
1564.29411044,  48867.3,  44901.3,  886.480441104,  765.743983081,  1355.49
1564.31454483,  48845.6,  44882.6,  886.479943804,  765.744198277,  1354.72
1564.33497911,  48546.0,  44607.9,  886.481027531,  765.743713129,  1358.6
1564.35541329,  48286.5,  44370.8,  886.48050182,  765.744157488,  1354.75
1564.37584767,  48396.1,  44471.5,  886.480426712,  765.743864203,  1353.06
1564.39628196,  48769.5,  44811.6,  886.480180145,  765.743462822,  1355.36
1564.41671624,  48866.8,  44901.1,  886.480159877,  765.743679473,  1354.29
1564.43715052,  48865.9,  44900.4,  886.480297761,  765.743968863,  1354.75
1564.45758481,  48874.0,  44907.3,  886.480392008,  765.743690092,  1353.39
1564.47801919,  48879.1,  44912.6,  886.480282938,  765.743433261,  1353.39
1564.49845348,  48874.2,  44907.9,  886.480191602,  765.743409606,  1353.41
1564.51888766,  48871.0,  44904.4,  886.480187027,  765.743737624,  1351.42
1564.53932204,  48869.5,  44903.2,  886.47997601,  765.74356568,  1349.84
1564.55975633,  48866.1,  44899.6,  886.480432961,  765.743843405,  1348.95
1564.58019051,  48878.0,  44910.4,  886.47997347,  765.743645457,  1350.41
1564.6006249,  48875.0,  44908.3,  886.480184765,  765.74334725,  1348.8
1564.62105918,  48873.6,  44906.0,  886.480012555,  765.743448635,  1348.81
1564.64149337,  48863.1,  44896.8,  886.479991585,  765.743502924,  1348.65
1564.66192775,  48879.3,  44912.1,  886.480341173,  765.743620787,  1347.79
1564.68236194,  48865.0,  44897.7,  886.480382582,  765.743034309,  1346.92
1564.70279632,  48865.0,  44899.5,  886.48017842,  765.743324432,  1346.32
1564.72323061,  48861.9,  44895.4,  886.480358436,  765.74307277,  1346.49
1564.74366479,  48867.5,  44900.6,  886.480251929,  765.743628202,  1344.99
1564.76409918,  48859.4,  44893.1,  886.480040859,  765.743418145,  1345.19
1564.78453346,  48852.0,  44886.7,  886.480018601,  765.742848575,  1344.89
1564.80496765,  48864.8,  44897.8,  886.479812096,  765.743427187,  1344.07
1564.82540203,  48843.3,  44878.9,  886.479750322,  765.743051135,  1344.2
1564.84583632,  48857.8,  44890.5,  886.479823994,  765.743244831,  1344.21
1564.86627071,  48857.0,  44890.5,  886.479768845,  765.743354578,  1343.14
1564.88670489,  48856.3,  44890.5,  886.479927036,  765.74328919,  1343.85
1564.90713918,  48854.0,  44887.0,  886.479844834,  765.743077284,  1343.55
1564.92757357,  48865.9,  44899.3,  886.48006707,  765.74327319,  1342.62
1564.94800775,  48869.4,  44901.2,  886.479972451,  765.742967275,  1342.89
1564.96844204,  48860.4,  44893.1,  886.480058971,  765.743012902,  1342.24
1564.98887643,  48856.8,  44890.6,  886.479847631,  765.743135307,  1342.15
1565.00931061,  48850.1,  44883.8,  886.479987752,  765.743026961,  1341.4
1565.0297449,  48851.3,  44885.2,  886.479958688,  765.743017223,  1341.0
1565.05017929,  48858.0,  44891.8,  886.479599121,  765.742900823,  1340.73
1565.07061357,  48851.4,  44884.3,  886.479792041,  765.74309584,  1341.5
1565.09104786,  48859.9,  44892.6,  886.480031342,  765.742828019,  1341.48
1565.11148215,  48847.5,  44881.9,  886.479702061,  765.742703192,  1339.87
1565.13191644,  48850.4,  44883.3,  886.479863523,  765.742838826,  1340.84
1565.15235073,  48854.9,  44887.9,  886.479731474,  765.7427237,  1340.11
1565.17278501,  48845.5,  44879.4,  886.479582497,  765.742732202,  1339.98
1565.1932193,  48844.4,  44877.8,  886.479590198,  765.742782977,  1339.91
1565.21365369,  48853.0,  44886.4,  886.479666507,  765.74249814,  1341.08
1565.23408788,  48844.5,  44877.8,  886.479328214,  765.742711757,  1341.19
1565.25452227,  48841.0,  44874.6,  886.479484199,  765.742793764,  1340.59
1565.27495656,  48853.8,  44886.5,  886.479521315,  765.742923858,  1340.98
1565.29539074,  48826.1,  44861.0,  886.479251566,  765.742687589,  1339.99
1565.31582513,  48850.2,  44883.3,  886.479580701,  765.742707074,  1340.57
1565.33625932,  48842.5,  44876.7,  886.479390192,  765.743009752,  1340.29
1565.35669361,  48846.5,  44879.3,  886.4796055,  765.742785741,  1340.15
1565.377128,  48856.0,  44888.6,  886.479279066,  765.742735109,  1340.67
1565.39756219,  48853.0,  44884.8,  886.479205269,  765.742880452,  1340.57
1565.41799648,  48859.8,  44891.4,  886.479158199,  765.742461789,  1339.39
1565.43843087,  48847.2,  44880.7,  886.479416046,  765.742670433,  1339.28
1565.45886506,  48856.5,  44888.2,  886.479513553,  765.742572744,  1339.93
1565.47929945,  48853.6,  44885.3,  886.479396126,  765.74280335,  1340.66
1565.49973374,  48848.5,  44881.6,  886.479365042,  765.742612284,  1339.83
1565.52016793,  48844.4,  44876.1,  886.479199093,  765.742722809,  1340.26
1565.54060232,  48843.2,  44876.1,  886.478778649,  765.742735157,  1340.24
1565.56103661,  48853.7,  44885.7,  886.479230603,  765.74228749,  1339.72
1565.5814709,  48841.5,  44873.3,  886.479161103,  765.742510283,  1341.38
1565.60190519,  48850.6,  44882.9,  886.479145157,  765.742576832,  1342.41
1565.62233948,  48853.2,  44884.9,  886.478801135,  765.742292588,  1342.02
1565.64277387,  48838.9,  44871.3,  886.478850447,  765.742483632,  1341.53
1565.66320806,  48840.3,  44874.0,  886.479033007,  765.74219623,  1341.22
1565.68364236,  48847.4,  44878.3,  886.478846686,  765.742298709,  1341.89
1565.70407675,  48847.6,  44879.2,  886.479424585,  765.741782591,  1341.42
1565.72451104,  48850.2,  44881.8,  886.478485471,  765.742104271,  1341.25
1565.74494523,  48848.8,  44880.0,  886.478957115,  765.742163242,  1339.76
1565.76537962,  48858.6,  44889.4,  886.478926647,  765.74242257,  1339.71
1565.78581391,  48852.0,  44883.5,  886.478895338,  765.742430783,  1339.33
1565.80624821,  48849.4,  44880.0,  886.478827025,  765.742447254,  1339.34
1565.8266825,  48846.0,  44878.2,  886.479229293,  765.742887202,  1337.65
1565.84711679,  48852.1,  44883.3,  886.47887466,  765.742287002,  1338.64
1565.86755118,  48842.5,  44874.0,  886.478815376,  765.742496017,  1338.56
1565.88798538,  48863.6,  44894.3,  886.478770791,  765.742477565,  1339.53
1565.90841967,  48841.6,  44872.9,  886.479121663,  765.742207659,  1337.98
1565.92885406,  48851.2,  44881.4,  886.478984958,  765.742244359,  1337.75
1565.94928825,  48847.2,  44878.3,  886.478795739,  765.74195732,  1338.17
1565.96972255,  48845.6,  44876.0,  886.47890607,  765.741928665,  1337.7
1565.99015684,  48850.8,  44881.6,  886.478451737,  765.742368278,  1335.83
1566.01059113,  48856.6,  44887.3,  886.479045886,  765.741821516,  1336.66
1566.03102553,  48847.6,  44877.8,  886.478678796,  765.741858695,  1338.64
1566.05145972,  48845.9,  44877.8,  886.47851861,  765.742189249,  1336.46
1566.07189401,  48836.0,  44867.4,  886.478726167,  765.741994544,  1337.34
1566.09232841,  48840.7,  44872.0,  886.478657685,  765.741936909,  1335.68
1566.1127626,  48850.8,  44881.5,  886.47868502,  765.742460743,  1336.18
1566.13319689,  48841.8,  44872.8,  886.478620372,  765.741832109,  1335.88
1566.15363129,  48852.5,  44882.6,  886.47846497,  765.742415715,  1335.54
1566.17406548,  48847.0,  44877.2,  886.478854576,  765.741891919,  1335.89
1566.19449988,  48837.7,  44868.6,  886.47837917,  765.742221539,  1334.92
1566.21493417,  48835.6,  44867.5,  886.47862688,  765.741834156,  1335.22
1566.23536837,  48854.4,  44884.6,  886.478175062,  765.741833812,  1333.85
1566.25580276,  48844.3,  44874.7,  886.478529358,  765.741705035,  1334.18
1566.27623706,  48834.5,  44866.8,  886.478212765,  765.741707642,  1334.52
1566.29667135,  48837.4,  44868.2,  886.478431772,  765.74187525,  1334.26
1566.31710565,  48835.3,  44866.5,  886.478415649,  765.742050593,  1334.01
1566.33753994,  48849.3,  44880.5,  886.478435242,  765.741887937,  1333.31
1566.35797424,  48836.4,  44866.7,  886.478453346,  765.741735192,  1333.79
1566.37840863,  48840.7,  44871.3,  886.478508974,  765.741786298,  1332.59
1566.39884283,  48826.1,  44858.6,  886.478000566,  765.741623722,  1333.41
1566.41927722,  48834.8,  44865.7,  886.47874301,  765.741353392,  1332.03
1566.43971152,  48830.5,  44862.8,  886.478386615,  765.741766837,  1332.57
1566.46014571,  48834.4,  44865.1,  886.478534426,  765.741704636,  1333.21
1566.48058011,  48833.7,  44863.7,  886.478268145,  765.741524186,  1333.86
1566.50101441,  48832.3,  44864.4,  886.478585031,  765.741484511,  1331.72
1566.5214486,  48828.1,  44859.4,  886.478596318,  765.741599371,  1332.43
1566.541883,  48834.4,  44865.3,  886.478413288,  765.741966795,  1331.72
1566.5623173,  48823.3,  44855.6,  886.478141416,  765.741753455,  1331.93
1566.58275159,  48830.1,  44860.9,  886.478417186,  765.741498998,  1329.39
1566.60318589,  48830.7,  44861.6,  886.478222649,  765.741595769,  1331.06
1566.62362009,  48819.3,  44851.5,  886.478115675,  765.741601586,  1331.2
1566.64405448,  48826.4,  44857.0,  886.478415553,  765.741443687,  1332.07
1566.66448878,  48819.5,  44851.9,  886.478072672,  765.741693079,  1331.5
1566.70535738,  48820.5,  44851.8,  886.478234315,  765.74174628,  1330.12
1566.72579167,  48811.4,  44843.7,  886.478090064,  765.741455123,  1331.81
1566.74622597,  48810.2,  44841.9,  886.478307552,  765.740950006,  1330.93
1566.76666027,  48820.8,  44852.1,  886.478092598,  765.741412627,  1329.14
1566.78709457,  48828.1,  44859.5,  886.478610902,  765.741447838,  1330.47
1566.80752896,  48813.4,  44845.1,  886.478432661,  765.741413357,  1330.08
1566.82796316,  48833.4,  44864.6,  886.478081165,  765.741142944,  1329.49
1566.84839746,  48806.6,  44839.7,  886.478370636,  765.741382455,  1330.23
1566.86883186,  48821.0,  44852.0,  886.478560637,  765.740985586,  1331.68
1566.88926616,  48820.3,  44852.4,  886.478538665,  765.741137566,  1328.71
1566.90970036,  48813.3,  44845.6,  886.478458071,  765.7411544,  1330.18
1566.93013476,  48817.0,  44849.1,  886.478393234,  765.740901689,  1331.11
1566.95056905,  48829.7,  44862.0,  886.478157759,  765.740968989,  1328.68
1566.97100335,  48804.8,  44837.4,  886.478554746,  765.741194943,  1329.53
1566.99143765,  48802.3,  44835.8,  886.478829136,  765.740659678,  1327.95
1567.01187195,  48805.2,  44839.1,  886.47836229,  765.741101157,  1329.1
1567.03230625,  48819.3,  44850.4,  886.478725972,  765.740851355,  1329.29
1567.05274055,  48810.9,  44844.1,  886.47859836,  765.740787812,  1329.53
1567.07317485,  48810.9,  44844.2,  886.478772444,  765.741162456,  1327.51
1567.09360925,  48804.9,  44837.1,  886.478323175,  765.740983576,  1328.5
1567.11404345,  48814.7,  44847.5,  886.478295507,  765.740770176,  1328.75
1567.13447785,  48790.5,  44825.1,  886.478265792,  765.740693171,  1328.9
1567.15491215,  48818.1,  44849.9,  886.478582913,  765.741174901,  1328.27
1567.17534635,  48803.2,  44837.2,  886.478136574,  765.740684739,  1327.55
1567.19578075,  48807.6,  44840.1,  886.478291161,  765.740621676,  1327.75
1567.21621505,  48799.4,  44833.5,  886.478171821,  765.740851157,  1328.19
1567.23664925,  48799.7,  44833.7,  886.4780732,  765.740883997,  1327.65
1567.25708365,  48806.7,  44838.9,  886.478118398,  765.740547092,  1328.19
1567.27751785,  48803.3,  44836.8,  886.478306769,  765.740505273,  1328.69
1567.29795215,  48799.9,  44833.4,  886.478076701,  765.741013049,  1326.51
1567.31838655,  48799.6,  44832.6,  886.478194149,  765.740373451,  1326.97
1567.33882075,  48798.9,  44833.2,  886.478039452,  765.740649635,  1326.39
1567.35925516,  48813.9,  44845.6,  886.478048179,  765.740715516,  1326.36
1567.37968946,  48797.4,  44830.0,  886.477933228,  765.740376477,  1327.16
1567.40012366,  48782.3,  44817.8,  886.478139777,  765.740820847,  1326.48
1567.42055806,  48797.5,  44829.8,  886.478105722,  765.740328137,  1327.42
1567.44099236,  48803.3,  44835.6,  886.477668549,  765.740676598,  1326.33
1567.46142666,  48791.4,  44825.9,  886.478011753,  765.740707215,  1326.0
1567.48186097,  48801.0,  44833.5,  886.478104699,  765.740472184,  1324.39
1567.50229527,  48803.0,  44835.6,  886.477978923,  765.740477198,  1325.12
1567.52272967,  48794.5,  44827.8,  886.477872535,  765.740424274,  1334.95
1567.54316387,  48792.7,  44825.6,  886.477995395,  765.740380976,  1325.73
1567.56359818,  48788.8,  44822.5,  886.478177553,  765.740637598,  1325.28
1567.58403258,  48792.4,  44825.7,  886.477806228,  765.740641414,  1325.38
1567.60446688,  48808.5,  44839.2,  886.477963288,  765.740598154,  1326.26
1567.62490108,  48795.6,  44828.4,  886.477745244,  765.740479849,  1326.45
1567.64533549,  48784.1,  44816.8,  886.477979576,  765.740379297,  1325.24
1567.66576979,  48797.1,  44829.5,  886.478099529,  765.740040521,  1324.85
1567.68620399,  48785.1,  44818.6,  886.477437129,  765.740440855,  1323.78
1567.7066384,  48792.9,  44825.0,  886.47790053,  765.740503653,  1325.59
1567.7270727,  48779.2,  44813.2,  886.477698931,  765.740214408,  1325.55
1567.7475071,  48790.8,  44823.2,  886.477822234,  765.740123934,  1324.18
1567.76794131,  48581.3,  44631.3,  886.477831897,  765.740099353,  1324.09
1567.78837561,  48030.5,  44128.1,  886.477915194,  765.740395864,  1324.77
1567.80881001,  47889.1,  43998.4,  886.477892374,  765.740526721,  1323.9
1567.82924422,  48324.6,  44396.4,  886.477785544,  765.740126389,  1323.85
1567.84967852,  48757.8,  44793.7,  886.477498688,  765.740365949,  1323.67
1567.87011293,  48791.6,  44823.0,  886.477297652,  765.740218251,  1321.75
1567.89054713,  48783.9,  44816.0,  886.477331045,  765.740200713,  1323.49
1567.91098153,  48783.6,  44816.6,  886.477428081,  765.740133216,  1322.21
1567.93141574,  48786.6,  44817.5,  886.477873036,  765.740001391,  1322.25
1567.95185004,  48793.7,  44824.8,  886.477647105,  765.740095545,  1324.32
1567.97228445,  48781.4,  44814.2,  886.477201738,  765.740113141,  1322.95
1567.99271865,  48787.0,  44818.1,  886.47796074,  765.740118775,  1322.48
1568.01315296,  48797.3,  44829.0,  886.477363289,  765.740657471,  1322.87
1568.03358736,  48785.6,  44817.5,  886.477992339,  765.740092802,  1323.44
1568.05402157,  48784.0,  44815.5,  886.477584125,  765.739916376,  1322.52
1568.07445587,  48789.9,  44821.7,  886.477378006,  765.740137483,  1322.07
1568.09489028,  48778.1,  44810.4,  886.477368357,  765.739771333,  1322.17
1568.11532458,  48784.4,  44815.8,  886.477160818,  765.740010988,  1322.1
1568.13575889,  48787.6,  44819.1,  886.477262175,  765.739654243,  1322.28
1568.1561932,  48801.1,  44830.4,  886.477223972,  765.739981838,  1321.74
1568.1766275,  48785.6,  44817.8,  886.477760107,  765.739982004,  1322.82
1568.19706181,  48783.0,  44815.1,  886.477288734,  765.740056892,  1321.58
1568.21749611,  48785.2,  44815.9,  886.477496835,  765.739863791,  1322.01
1568.23793042,  48780.8,  44812.8,  886.477223041,  765.739696619,  1321.34
1568.25836483,  48775.4,  44806.6,  886.477480454,  765.739689273,  1322.22
1568.27879903,  48794.7,  44824.8,  886.47702478,  765.740014637,  1321.57
1568.29923344,  48792.6,  44823.3,  886.477209817,  765.739803629,  1321.96
1568.31966775,  48782.5,  44812.9,  886.477284482,  765.740019936,  1321.12
1568.34010195,  48797.1,  44826.9,  886.476887568,  765.739902784,  1321.89
1568.36053636,  48793.1,  44823.6,  886.477506101,  765.73986849,  1322.09
1568.38097067,  48804.6,  44832.6,  886.477414548,  765.739438681,  1321.93
1568.40140487,  48795.9,  44826.2,  886.47706296,  765.739699178,  1322.28
1568.42183928,  48796.4,  44825.8,  886.477018879,  765.739676482,  1320.71
1568.44227359,  48793.7,  44823.1,  886.476978199,  765.739636877,  1320.79
1568.4627078,  48793.9,  44823.8,  886.476778907,  765.739777768,  1321.52
1568.4831422,  48783.5,  44813.8,  886.477033927,  765.739320606,  1321.23
1568.50357651,  48789.9,  44819.3,  886.476822867,  765.739308083,  1321.65
1568.52401092,  48790.0,  44820.0,  886.477286474,  765.739871234,  1322.89
1568.54444513,  48797.9,  44826.5,  886.477120811,  765.739746409,  1321.34
1568.56487934,  48784.3,  44814.0,  886.477111448,  765.739651023,  1321.0
1568.58531374,  48802.3,  44831.1,  886.477008429,  765.739452018,  1320.84
1568.60574805,  48795.5,  44823.6,  886.476757523,  765.739537746,  1321.84
1568.62618236,  48798.8,  44827.6,  886.476673493,  765.73936887,  1320.44
1568.64661667,  48794.1,  44823.0,  886.477032573,  765.739252496,  1320.81
1568.66705098,  48785.0,  44814.1,  886.476932161,  765.739412651,  1320.47
1568.68748539,  48802.9,  44831.5,  886.476892329,  765.739797109,  1321.14
1568.7079196,  48792.0,  44821.0,  886.476742028,  765.738996082,  1322.15
1568.72835391,  48789.6,  44818.4,  886.476717729,  765.739406388,  1320.86
1568.74878831,  48809.0,  44837.5,  886.476781498,  765.739559913,  1320.79
1568.76922262,  48796.9,  44824.4,  886.476825184,  765.739362155,  1320.49
1568.78965683,  48801.2,  44829.3,  886.476722861,  765.739762808,  1320.13
1568.81009124,  48805.3,  44833.1,  886.477177054,  765.739323493,  1321.52
1568.83052555,  48799.4,  44826.3,  886.476376105,  765.738950987,  1321.22
1568.85095986,  48816.5,  44843.6,  886.476798578,  765.739162162,  1320.24
1568.87139417,  48800.0,  44827.2,  886.476759668,  765.739595962,  1320.04
1568.89182848,  48799.0,  44825.9,  886.476551589,  765.739570411,  1320.44
1568.91226289,  48806.7,  44834.7,  886.476952845,  765.739483546,  1321.49
1568.9326971,  48814.0,  44839.4,  886.47650525,  765.739334858,  1321.02
1568.95313141,  48824.3,  44849.2,  886.476928179,  765.739269981,  1333.22
1568.97356582,  48808.2,  44835.6,  886.476547381,  765.739410931,  1321.23
1568.99400003,  48808.4,  44834.2,  886.476484452,  765.73938201,  1322.68
1569.01443434,  48812.3,  44838.8,  886.476680221,  765.739050227,  1323.8
1569.03486875,  48813.4,  44839.9,  886.476726356,  765.739115234,  1323.67
1569.05530296,  48821.7,  44846.7,  886.47674899,  765.73934538,  1323.47
1569.07573738,  48810.5,  44837.6,  886.47632677,  765.73908729,  1325.09
1569.09617169,  48809.7,  44836.0,  886.476339385,  765.739024877,  1323.56
1569.1166059,  48818.1,  44843.5,  886.476630776,  765.738826774,  1327.18
1569.13704031,  48810.0,  44837.4,  886.47635386,  765.739220789,  1326.49
1569.15747462,  48820.5,  44845.2,  886.476677636,  765.738788977,  1325.81
1569.17790883,  48853.9,  44876.1,  886.476110846,  765.739224857,  1323.56
1569.19834324,  48834.9,  44859.5,  886.476730434,  765.739112289,  1325.27
1569.21877745,  48809.3,  44834.9,  886.476428105,  765.73895601,  1323.58
1569.23921187,  48822.4,  44848.3,  886.476605083,  765.739234292,  1321.75
1569.25964618,  48835.6,  44859.1,  886.476671211,  765.738903831,  1322.93
1569.28008039,  48821.4,  44845.9,  886.476353037,  765.739081804,  1323.77
1569.3005148,  48827.0,  44852.0,  886.476359232,  765.738834996,  1323.9
1569.32094911,  48824.2,  44848.8,  886.47633394,  765.739158799,  1323.11
1569.34138343,  48827.8,  44852.7,  886.4766475,  765.739099397,  1323.2
1569.36181774,  48821.4,  44846.6,  886.476158989,  765.739061364,  1321.35
1569.38225205,  48825.7,  44849.7,  886.4766807,  765.738702829,  1321.45
1569.40268636,  48826.5,  44850.9,  886.47610344,  765.739251021,  1320.72
1569.42312068,  48834.7,  44858.9,  886.476127319,  765.738600518,  1322.02
1569.44355499,  48831.1,  44854.3,  886.476367857,  765.738970717,  1320.67
1569.4639894,  48830.8,  44855.2,  886.476314978,  765.739103446,  1320.39
1569.48442372,  48822.2,  44846.8,  886.476187503,  765.739164945,  1320.26
1569.50485793,  48812.6,  44837.5,  886.476583204,  765.738824696,  1321.65
1569.52529234,  48832.3,  44857.0,  886.476363764,  765.739123121,  1320.8
1569.54572666,  48822.9,  44846.7,  886.476015986,  765.738637143,  1320.12
1569.56616087,  48834.4,  44857.4,  886.476454663,  765.738619464,  1320.84
1569.58659528,  48826.7,  44851.5,  886.476311394,  765.738938998,  1318.52
1569.6070296,  48839.0,  44860.7,  886.476004442,  765.738541496,  1321.05
1569.62746401,  48837.1,  44860.1,  886.475924439,  765.738918787,  1320.32
1569.64789823,  48846.8,  44869.6,  886.476327628,  765.738545993,  1320.54
1569.68876695,  48831.7,  44855.9,  886.476080955,  765.738827928,  1318.63
1569.70920117,  48840.6,  44863.3,  886.476499184,  765.73842984,  1318.6
1569.72963548,  48835.7,  44858.3,  886.476269388,  765.738557238,  1318.75
1569.7500699,  48838.6,  44862.4,  886.476564278,  765.738623169,  1316.88
1569.77050411,  48838.7,  44861.4,  886.476591541,  765.738591967,  1316.43
1569.79093843,  48834.8,  44857.5,  886.476172086,  765.738447263,  1316.4
1569.81137284,  48844.4,  44867.8,  886.476693472,  765.738650749,  1316.55
1569.83180706,  48841.2,  44863.3,  886.476522603,  765.738573788,  1315.54
1569.85224147,  48847.8,  44870.8,  886.476101645,  765.738613837,  1315.43
1569.87267569,  48861.4,  44882.7,  886.47628311,  765.738411933,  1314.98
1569.89311,  48850.7,  44872.0,  886.476080236,  765.738191033,  1315.02
1569.91354442,  48864.6,  44886.0,  886.476224036,  765.738758749,  1313.57
1569.93397863,  48855.4,  44876.8,  886.476271671,  765.738381185,  1315.17
1569.95441295,  48864.4,  44884.9,  886.476529311,  765.738330487,  1315.23
1569.97484736,  48860.8,  44882.7,  886.476464344,  765.738456173,  1313.56
1569.99528168,  48848.8,  44870.5,  886.476328371,  765.738142091,  1314.88
1570.015716,  48840.9,  44864.3,  886.476391142,  765.738099584,  1314.69
1570.03615031,  48859.4,  44881.7,  886.47628273,  765.738425524,  1314.18
1570.05658463,  48855.6,  44876.5,  886.476294984,  765.737866916,  1311.88
1570.07701894,  48857.5,  44879.6,  886.476677704,  765.738241285,  1312.35
1570.09745326,  48853.8,  44876.3,  886.476199584,  765.738216913,  1312.73
1570.11788758,  48867.5,  44887.1,  886.476322105,  765.738222356,  1311.68
1570.13832199,  48851.0,  44873.5,  886.476363044,  765.738641799,  1312.3
1570.15875621,  48868.6,  44888.6,  886.476671483,  765.738238983,  1312.36
1570.17919063,  48849.1,  44871.5,  886.476267009,  765.73811582,  1312.51
1570.19962494,  48872.1,  44893.3,  886.476644246,  765.738075619,  1311.65
1570.22005916,  48856.0,  44877.5,  886.476433628,  765.738441188,  1310.77
1570.24049358,  48855.7,  44877.1,  886.475774627,  765.738333231,  1311.03
1570.2609279,  48869.3,  44890.3,  886.475881179,  765.738249316,  1311.22
1570.28136211,  48856.4,  44876.9,  886.47652868,  765.738275697,  1311.23
1570.30179653,  48859.9,  44881.3,  886.476099382,  765.738038604,  1311.83
1570.32223085,  48859.4,  44880.7,  886.476346383,  765.737857472,  1311.18
1570.34266507,  48856.8,  44877.6,  886.476422574,  765.737837131,  1310.83
1570.36309948,  48869.8,  44890.2,  886.476489614,  765.737889928,  1310.86
1570.3835338,  48839.2,  44861.7,  886.476229864,  765.738001903,  1310.55
1570.40396812,  48871.4,  44891.4,  886.476302832,  765.737965359,  1310.56
1570.42440244,  48881.5,  44901.8,  886.475895178,  765.737918614,  1309.48
1570.44483675,  48869.2,  44888.0,  886.476160161,  765.737846667,  1309.98
1570.46527107,  48866.4,  44886.4,  886.476124737,  765.737787193,  1308.98
1570.48570539,  48881.8,  44900.9,  886.476167652,  765.738114036,  1308.42
1570.50613971,  48865.3,  44884.2,  886.476215826,  765.737732967,  1310.24
1570.52657403,  48874.7,  44893.9,  886.475681865,  765.737779612,  1310.0
1570.54700835,  48876.0,  44894.6,  886.475868934,  765.738059187,  1309.46
1570.56744277,  48875.9,  44893.7,  886.476011098,  765.737929209,  1308.14
1570.58787698,  48867.4,  44887.3,  886.475692381,  765.737771194,  1307.28
1570.6083113,  48874.4,  44892.4,  886.475909505,  765.738095276,  1308.5
1570.62874572,  48887.2,  44904.5,  886.475820119,  765.737845406,  1307.55
1570.64918004,  48893.9,  44911.0,  886.475745223,  765.738183434,  1306.85
1570.66961426,  48872.1,  44890.7,  886.476031048,  765.737554075,  1308.38
1570.69004868,  48878.5,  44896.4,  886.475768244,  765.737936202,  1307.93
1570.710483,  48860.3,  44880.4,  886.475689021,  765.737876562,  1308.46
1570.73091722,  48889.2,  44904.8,  886.475639672,  765.737625579,  1307.86
1570.75135164,  48886.9,  44904.1,  886.47545515,  765.737919557,  1307.59
1570.77178596,  48874.6,  44891.7,  886.475434579,  765.737843256,  1307.36
1570.79222038,  48879.0,  44896.2,  886.475769302,  765.737731872,  1307.55
1570.8126546,  48879.7,  44897.7,  886.475527651,  765.737759728,  1307.36
1570.83308892,  48883.4,  44900.2,  886.475790944,  765.737842604,  1306.77
1570.85352334,  48869.5,  44887.6,  886.475521895,  765.73752002,  1306.97
1570.87395756,  48893.9,  44910.1,  886.4754014,  765.737963482,  1306.2
1570.89439188,  48887.6,  44903.4,  886.47538605,  765.737747379,  1306.58
1570.9148263,  48894.3,  44910.0,  886.475434138,  765.737628926,  1304.97
1570.93526052,  48895.9,  44911.9,  886.475444068,  765.737852625,  1304.83
1570.95569494,  48897.6,  44911.6,  886.475593983,  765.737512028,  1305.78
1570.97612926,  48884.7,  44900.5,  886.4755346,  765.737626328,  1305.95
1570.99656348,  48887.2,  44903.5,  886.475451293,  765.737457246,  1303.64
1571.01699791,  48882.4,  44898.3,  886.475194996,  765.737701144,  1304.93
1571.03743223,  48889.6,  44905.0,  886.475508751,  765.737883946,  1305.28
1571.05786645,  48900.6,  44914.6,  886.475523107,  765.737668369,  1305.13
1571.07830087,  48897.8,  44912.0,  886.475558453,  765.737499645,  1305.58
1571.09873519,  48895.1,  44910.4,  886.475540099,  765.73734568,  1303.22
1571.11916941,  48907.5,  44920.6,  886.475449104,  765.737587432,  1303.41
1571.13960383,  48901.3,  44916.1,  886.475033589,  765.737662961,  1303.71
1571.16003816,  48895.6,  44910.9,  886.475651329,  765.73755135,  1305.52
1571.18047248,  48844.1,  44861.7,  886.475379109,  765.737219543,  1304.98
1571.2009068,  48520.7,  44567.6,  886.47576178,  765.737434151,  1304.79
1571.22134112,  48306.9,  44371.5,  886.474995562,  765.737549205,  1305.08
1571.24177544,  48473.1,  44523.2,  886.475641878,  765.737072044,  1305.1
1571.26220977,  48819.7,  44840.7,  886.475184473,  765.737796467,  1304.75
1571.28264409,  48904.4,  44917.0,  886.475461899,  765.737359538,  1305.99
1571.30307841,  48915.6,  44927.5,  886.474906223,  765.737337476,  1305.91
1571.32351273,  48913.1,  44926.0,  886.475140273,  765.73737426,  1305.2
1571.34394716,  48914.7,  44926.5,  886.475369961,  765.737227698,  1305.24
1571.36438148,  48909.5,  44922.5,  886.475297315,  765.737332662,  1307.22
1571.3848157,  48916.0,  44929.0,  886.475210636,  765.737542097,  1305.42
1571.40525013,  48915.6,  44927.8,  886.475405106,  765.737124058,  1306.22
1571.42568445,  48921.2,  44933.2,  886.474740691,  765.737383301,  1306.8
1571.44611867,  48929.5,  44939.9,  886.475109133,  765.737334353,  1307.14
1571.4665531,  48912.4,  44924.1,  886.474933775,  765.73699644,  1306.95
1571.48698742,  48909.4,  44922.4,  886.47484534,  765.737332339,  1307.42
1571.50742164,  48921.8,  44931.9,  886.475177701,  765.736844587,  1308.31
1571.52785607,  48918.3,  44929.2,  886.475032205,  765.737267728,  1308.24
1571.54829039,  48924.7,  44935.9,  886.475135708,  765.736888833,  1310.11
1571.56872481,  48920.3,  44930.6,  886.475095962,  765.736970281,  1307.19
1571.58915904,  48918.2,  44929.5,  886.474808129,  765.736839498,  1310.04
1571.60959336,  48928.1,  44938.7,  886.474964148,  765.737052769,  1310.11
1571.63002779,  48920.8,  44930.8,  886.474988207,  765.736773098,  1309.42
1571.65046201,  48931.3,  44942.0,  886.474917322,  765.737046121,  1308.59
1571.67089633,  48934.8,  44945.2,  886.474787245,  765.737013295,  1308.03
1571.69133076,  48939.9,  44948.2,  886.474791204,  765.737267952,  1310.43
1571.71176498,  48944.6,  44953.8,  886.475140201,  765.736959339,  1310.77
1571.73219941,  48934.7,  44943.7,  886.475177807,  765.737095648,  1310.65
1571.75263373,  48925.6,  44935.1,  886.474623311,  765.736748749,  1311.64
1571.77306796,  48923.9,  44935.1,  886.474867717,  765.737095792,  1311.69
1571.79350238,  48926.1,  44935.2,  886.474971204,  765.736977561,  1310.89
1571.81393671,  48937.0,  44945.8,  886.474869325,  765.73713071,  1311.01
1571.83437093,  48936.1,  44945.1,  886.474887809,  765.737063171,  1311.43
1571.85480536,  48923.5,  44933.3,  886.474677943,  765.736924109,  1310.37
1571.87523968,  48935.6,  44944.6,  886.475394908,  765.73668433,  1310.33
1571.89567391,  48930.9,  44940.5,  886.475072419,  765.73655081,  1309.2
1571.91610833,  48936.7,  44945.5,  886.4752017,  765.736487748,  1307.23
1571.93654266,  48930.6,  44940.6,  886.474682486,  765.736830497,  1307.5
1571.95697708,  48946.9,  44954.3,  886.475042007,  765.736895769,  1307.71
1571.97741131,  48954.8,  44961.5,  886.475262675,  765.737005582,  1305.87
1571.99784564,  48935.1,  44944.8,  886.474591693,  765.736764747,  1306.01
1572.01828006,  48941.7,  44948.8,  886.475279751,  765.73690606,  1306.62
1572.03871429,  48945.0,  44953.4,  886.474425964,  765.7367134,  1306.06
1572.05914861,  48943.8,  44952.4,  886.47489462,  765.73664216,  1306.65
1572.07958304,  48947.6,  44954.0,  886.474836756,  765.736878554,  1306.99
1572.10001727,  48943.2,  44952.4,  886.4748337,  765.737258882,  1306.46
1572.12045169,  48937.4,  44945.7,  886.474693053,  765.736889896,  1306.42
1572.14088602,  48949.4,  44956.3,  886.474701342,  765.736245012,  1307.27
1572.16132025,  48938.7,  44947.2,  886.474725209,  765.736870314,  1307.73
1572.18175467,  48943.9,  44950.8,  886.474491927,  765.736622455,  1307.51
1572.202189,  48962.4,  44967.8,  886.474701111,  765.736979434,  1305.24
1572.22262323,  48966.5,  44972.8,  886.4743364,  765.736984592,  1305.77
1572.24305766,  48955.6,  44961.3,  886.474588684,  765.736756609,  1306.37
1572.26349198,  48962.5,  44969.2,  886.474364105,  765.736794364,  1305.52
1572.28392631,  48955.8,  44962.1,  886.474772712,  765.736569945,  1306.44
1572.30436064,  48958.8,  44964.1,  886.474384203,  765.736760135,  1304.51
1572.32479496,  48956.8,  44963.4,  886.474390467,  765.736699207,  1303.58
1572.34522929,  48959.1,  44964.2,  886.474568295,  765.736746031,  1304.36
1572.36566362,  48982.4,  44986.0,  886.475220284,  765.737034224,  1304.31
1572.38609795,  48968.1,  44974.0,  886.474609325,  765.736747969,  1304.99
1572.40653228,  48960.9,  44966.2,  886.476447318,  765.736841937,  1303.89
1572.4269666,  48963.5,  44968.7,  886.474331666,  765.736559963,  1303.75
1572.44740093,  48956.7,  44963.0,  886.474438988,  765.736431892,  1302.78
1572.46783526,  48956.5,  44961.7,  886.474507177,  765.736572262,  1302.74
1572.48826959,  48980.1,  44984.3,  886.47437363,  765.736462794,  1304.83
1572.50870402,  48967.1,  44971.2,  886.474386103,  765.736345549,  1304.81
1572.52913834,  48968.5,  44972.5,  886.474917798,  765.736537447,  1304.18
1572.54957257,  48969.3,  44974.7,  886.474158411,  765.736448149,  1303.23
1572.570007,  48960.7,  44965.6,  886.474437506,  765.736298823,  1303.63
1572.59044133,  48959.3,  44964.5,  886.474345301,  765.736145227,  1303.85
1572.61087556,  48960.8,  44966.7,  886.474348332,  765.736416619,  1303.8
1572.63130999,  48977.9,  44980.6,  886.474131131,  765.736525363,  1302.61
1572.67217855,  48976.0,  44979.9,  886.474231195,  765.736197956,  1301.65
1572.69261298,  48982.9,  44985.4,  886.474463699,  765.736363548,  1301.44
1572.71304731,  48979.2,  44983.1,  886.474375457,  765.736244523,  1302.45
1572.73348173,  48969.6,  44974.2,  886.474478766,  765.736190956,  1303.07
1572.75391596,  48976.1,  44979.3,  886.474613319,  765.73610653,  1303.18
1572.77435029,  48962.2,  44967.8,  886.474580305,  765.736437926,  1304.91
1572.79478472,  48981.4,  44984.4,  886.474638179,  765.736211832,  1304.16
1572.81521895,  48977.8,  44981.9,  886.475005935,  765.73609516,  1305.98
1572.83565328,  48980.1,  44985.2,  886.474336945,  765.736336354,  1306.77
1572.85608771,  48978.3,  44981.2,  886.474804963,  765.736290624,  1307.88
1572.87652194,  48989.5,  44993.1,  886.474817225,  765.736408972,  1309.83
1572.89695637,  48984.3,  44987.5,  886.474969849,  765.735950952,  1311.26
1572.9173907,  48976.4,  44980.4,  886.47454524,  765.736081973,  1313.62
1572.93782493,  48988.6,  44992.9,  886.47454819,  765.736063037,  1310.19
1572.95825936,  48990.2,  44993.4,  886.474985742,  765.736285503,  1309.87
1572.97869369,  48973.3,  44977.9,  886.47465261,  765.73623757,  1311.91
1572.99912803,  48978.0,  44983.0,  886.474470313,  765.735963172,  1313.35
1573.01956236,  48981.1,  44984.5,  886.474978561,  765.73565607,  1308.07
1573.03999669,  48981.1,  44984.7,  886.474806685,  765.7358441,  1305.49
1573.06043092,  48981.9,  44986.7,  886.474847848,  765.735724756,  1303.55
1573.08086535,  48983.6,  44986.2,  886.474772188,  765.735907784,  1300.57
1573.10129968,  48969.6,  44974.9,  886.474459879,  765.735861026,  1303.19
1573.12173401,  48981.9,  44985.8,  886.474756488,  765.735481369,  1300.81
1573.14216834,  48987.8,  44991.0,  886.474694384,  765.735777521,  1301.89
1573.16260267,  48977.8,  44982.9,  886.474767146,  765.735789808,  1299.87
1573.18303711,  48987.2,  44989.7,  886.474691232,  765.735809285,  1299.72
1573.20347134,  48989.3,  44992.1,  886.474685217,  765.735860709,  1296.45
1573.22390567,  48998.0,  45000.4,  886.47498484,  765.736072543,  1296.43
1573.2443401,  48977.2,  44980.7,  886.474631214,  765.735732969,  1296.8
1573.26477433,  48986.6,  44989.4,  886.474850068,  765.735617551,  1295.1
1573.28520876,  48991.7,  44995.2,  886.474531899,  765.735868849,  1295.5
1573.3056431,  48984.4,  44986.5,  886.474489918,  765.735554314,  1294.35
1573.32607733,  48977.6,  44982.0,  886.474481349,  765.735660879,  1294.52
1573.34651176,  48983.9,  44986.5,  886.474909911,  765.735774609,  1293.98
1573.36694609,  48984.0,  44986.0,  886.475007481,  765.735199588,  1292.8
1573.38738033,  48994.7,  44997.0,  886.474356837,  765.736067602,  1292.57
1573.40781476,  48991.8,  44993.5,  886.474683445,  765.735653294,  1292.54
1573.42824909,  49002.8,  45003.8,  886.47460209,  765.735776103,  1290.36
1573.44868332,  48986.7,  44989.3,  886.474997418,  765.735993931,  1291.49
1573.46911776,  48992.8,  44994.1,  886.474511225,  765.735632949,  1290.21
1573.48955209,  48976.7,  44980.5,  886.474479714,  765.735449457,  1288.25
1573.50998652,  48992.7,  44994.5,  886.47447556,  765.735695223,  1288.12
1573.53042075,  48998.7,  44999.1,  886.474411264,  765.73552426,  1287.46
1573.55085509,  48985.0,  44987.5,  886.474269038,  765.735274754,  1286.69
1573.57128952,  48988.8,  44990.3,  886.474538472,  765.735527766,  1286.49
1573.59172375,  49002.9,  45002.5,  886.474212255,  765.735551528,  1286.4
1573.61215809,  49006.1,  45006.3,  886.474370533,  765.735680815,  1286.46
1573.63259252,  48995.7,  44996.4,  886.474638729,  765.735511242,  1286.02
1573.65302686,  48998.8,  44999.0,  886.474550606,  765.735615842,  1287.25
1573.67346119,  48983.8,  44985.6,  886.474673556,  765.735430442,  1286.53
1573.69389552,  48990.7,  44991.3,  886.474244913,  765.735338475,  1286.58
1573.71432976,  48996.2,  44996.9,  886.474369654,  765.735488708,  1286.08
1573.73476419,  48996.3,  44996.8,  886.474575943,  765.735082627,  1285.54
1573.75519852,  48992.6,  44992.6,  886.474368013,  765.735475315,  1285.57
1573.77563276,  48988.3,  44989.8,  886.474244257,  765.735613064,  1285.0
1573.79606719,  48998.8,  44998.0,  886.47444807,  765.735179625,  1284.39
1573.81650153,  48996.5,  44995.7,  886.474171143,  765.735704407,  1285.83
1573.83693576,  48990.3,  44991.0,  886.474231776,  765.735235804,  1285.04
1573.8573702,  48998.1,  44997.1,  886.474409141,  765.735293166,  1284.66
1573.87780453,  48995.6,  44995.7,  886.474080318,  765.735159111,  1284.85
1573.89823897,  48999.1,  44999.5,  886.474116616,  765.735326581,  1285.89
1573.9186732,  48994.6,  44995.1,  886.474208006,  765.735139867,  1283.62
1573.93910754,  48993.8,  44993.8,  886.474145034,  765.735696783,  1285.39
1573.95954197,  48986.7,  44987.3,  886.474556773,  765.734760078,  1285.08
1573.97997621,  48993.2,  44992.5,  886.473894093,  765.735184731,  1284.61
1574.00041054,  48982.0,  44983.2,  886.474002896,  765.735116357,  1285.83
1574.02084498,  48991.0,  44990.1,  886.47385298,  765.734958374,  1283.5
1574.04127921,  48989.1,  44988.3,  886.474071016,  765.734954419,  1283.42
1574.06171365,  48989.1,  44989.3,  886.473845953,  765.735187078,  1284.91
1574.08214798,  49000.3,  44997.9,  886.474063951,  765.735332664,  1286.57
1574.10258222,  48987.4,  44986.7,  886.474068632,  765.734982277,  1283.24
1574.12301665,  48988.1,  44988.0,  886.473979002,  765.735192948,  1282.78
1574.14345099,  48979.4,  44978.5,  886.474090812,  765.734979142,  1282.36
1574.16388532,  48982.1,  44982.2,  886.473650002,  765.735226655,  1282.47
1574.18431966,  48982.2,  44981.7,  886.473991297,  765.734879029,  1281.66
1574.204754,  48995.1,  44993.1,  886.474314695,  765.734800042,  1281.33
1574.22518833,  48986.4,  44985.7,  886.473670881,  765.734791813,  1283.18
1574.24562267,  48987.3,  44986.0,  886.473820616,  765.735148041,  1281.58
1574.26605701,  48984.0,  44983.1,  886.474279727,  765.734822081,  1281.15
1574.28649134,  48987.4,  44987.3,  886.474211984,  765.734851516,  1281.28
1574.30692578,  48990.5,  44988.0,  886.473973503,  765.734726288,  1281.67
1574.32736001,  48983.9,  44983.5,  886.473988938,  765.734918405,  1278.84
1574.34779435,  48979.0,  44978.7,  886.473745515,  765.734765461,  1279.42
1574.36822869,  48991.4,  44989.4,  886.473580551,  765.735078252,  1279.15
1574.38866303,  48983.2,  44982.3,  886.473973448,  765.734930842,  1280.61
1574.40909746,  48993.2,  44990.3,  886.474155452,  765.734661493,  1280.01
1574.4295317,  48984.4,  44983.2,  886.473554578,  765.734951575,  1279.34
1574.44996614,  48977.3,  44977.1,  886.474072379,  765.734962162,  1279.17
1574.47040047,  48985.8,  44983.5,  886.473496826,  765.734741723,  1279.69
1574.49083471,  48978.3,  44977.5,  886.473591968,  765.734573013,  1279.86
1574.51126915,  48970.3,  44970.9,  886.474130382,  765.734753078,  1279.44
1574.53170349,  48969.1,  44967.6,  886.473700963,  765.734657726,  1279.23
1574.55213772,  48980.1,  44978.8,  886.474146957,  765.734819255,  1278.89
1574.57257216,  48985.8,  44982.9,  886.473612453,  765.734825045,  1279.0
1574.5930065,  48987.5,  44984.8,  886.473807623,  765.734660389,  1278.08
1574.61344094,  48978.6,  44978.0,  886.473872792,  765.734626626,  1278.0
1574.63387517,  48693.6,  44716.7,  886.473726571,  765.734867203,  1278.98
1574.65430951,  48157.7,  44227.5,  886.474178414,  765.734624699,  1276.82
1574.67474395,  48087.2,  44162.7,  886.473599252,  765.734750307,  1278.19
1574.69517819,  48583.0,  44614.9,  886.47357582,  765.734663648,  1278.02
1574.71561253,  48963.9,  44963.9,  886.47384392,  765.734885155,  1277.11
1574.73604696,  48974.5,  44973.1,  886.473693119,  765.734647012,  1276.87
1574.7564812,  48968.3,  44967.1,  886.473703066,  765.735034351,  1278.05
1574.77691554,  48980.1,  44978.5,  886.473282646,  765.734667773,  1277.86
1574.79734998,  48988.6,  44985.2,  886.473768296,  765.73458777,  1276.92
1574.81778432,  48967.3,  44966.8,  886.473751978,  765.734824373,  1277.14
1574.83821866,  48982.5,  44981.6,  886.473678577,  765.734747979,  1276.57
1574.858653,  48965.3,  44964.5,  886.473662868,  765.734430302,  1275.47
1574.87908734,  48967.1,  44966.5,  886.473853164,  765.734520114,  1275.54
1574.89952167,  48972.2,  44971.4,  886.47353567,  765.73468281,  1276.53
1574.91995601,  48965.2,  44963.7,  886.47350428,  765.734543439,  1277.0
1574.94039035,  48963.9,  44963.2,  886.473738523,  765.734505027,  1277.77
1574.96082469,  48962.3,  44962.1,  886.473672741,  765.734415821,  1275.67
1574.98125903,  48967.1,  44965.3,  886.474020227,  765.73471657,  1274.48
1575.00169337,  48970.6,  44970.7,  886.473577277,  765.73483539,  1275.82
1575.02212771,  48972.6,  44970.4,  886.473609103,  765.734434293,  1274.94
1575.04256205,  48965.9,  44964.6,  886.473644614,  765.734649363,  1275.51
1575.06299649,  48970.8,  44969.9,  886.473671425,  765.734091875,  1275.83
1575.08343073,  48975.9,  44973.4,  886.473777416,  765.734519629,  1273.2
1575.10386507,  48957.5,  44957.1,  886.473982407,  765.734403571,  1273.83
1575.12429951,  48971.0,  44969.3,  886.47339621,  765.734580244,  1275.28
1575.14473375,  48960.0,  44958.3,  886.47383869,  765.734193057,  1275.95
1575.16516809,  48969.4,  44968.1,  886.473764192,  765.734331799,  1274.7
1575.18560253,  48957.5,  44957.1,  886.473486317,  765.734238767,  1273.86
1575.20603677,  48961.4,  44960.4,  886.473792958,  765.734393772,  1275.2
1575.22647121,  48974.5,  44973.2,  886.473275528,  765.73442626,  1272.92
1575.24690555,  48955.7,  44955.0,  886.473824546,  765.734312232,  1272.43
1575.26733979,  48961.8,  44960.8,  886.473784273,  765.73468741,  1273.0
1575.28777423,  48975.3,  44973.5,  886.473933175,  765.734661153,  1272.43
1575.30820857,  48967.8,  44965.8,  886.473710393,  765.734226826,  1273.33
1575.32864281,  48969.5,  44967.9,  886.473330083,  765.734350891,  1272.24
1575.34907725,  48958.8,  44958.7,  886.473762145,  765.734652023,  1272.6
1575.3695116,  48950.6,  44949.6,  886.47352637,  765.734105794,  1272.99
1575.38994604,  48965.6,  44964.3,  886.473840156,  765.734381202,  1272.39
1575.41038028,  48954.6,  44954.3,  886.473307254,  765.734285313,  1271.43
1575.43081462,  48960.7,  44959.5,  886.473576924,  765.734078698,  1272.45
1575.45124906,  48953.7,  44953.8,  886.473390447,  765.734370968,  1272.64
1575.4716834,  48956.1,  44955.0,  886.47369423,  765.734383241,  1270.58
1575.49211764,  48953.6,  44953.0,  886.473344962,  765.734123217,  1272.54
1575.51255208,  48961.0,  44959.9,  886.473695045,  765.734406561,  1272.18
1575.53298643,  48961.6,  44959.5,  886.473582848,  765.734133907,  1272.29
1575.55342067,  48954.3,  44954.2,  886.473479007,  765.734336199,  1270.26
1575.57385511,  48963.5,  44962.4,  886.473501676,  765.734425403,  1271.96
1575.59428945,  48952.2,  44950.7,  886.473669329,  765.734260647,  1271.46
1575.61472379,  48962.5,  44961.5,  886.473666978,  765.73412495,  1270.57
1575.65559238,  48963.7,  44961.7,  886.473359958,  765.734127485,  1272.79
1575.67602682,  48947.8,  44948.3,  886.473511924,  765.73405492,  1271.5
1575.69646116,  48949.1,  44948.1,  886.474030149,  765.733846173,  1270.62
1575.7168954,  48939.8,  44940.6,  886.473344394,  765.7340143,  1271.01
1575.73732985,  48939.8,  44940.4,  886.473617884,  765.734256342,  1269.9
1575.75776419,  48948.8,  44947.5,  886.473614046,  765.73368517,  1270.16
1575.77819863,  48949.2,  44950.3,  886.473466169,  765.733801835,  1270.34
1575.79863288,  48932.8,  44934.3,  886.473649539,  765.73416122,  1270.71
1575.81906722,  48940.2,  44941.0,  886.473923972,  765.733821801,  1270.43
1575.83950166,  48944.6,  44945.3,  886.473723565,  765.733569682,  1270.25
1575.8599359,  48953.8,  44953.6,  886.474415869,  765.733493497,  1271.26
1575.88037025,  48942.8,  44943.5,  886.474069142,  765.73391155,  1270.32
1575.90080469,  48927.5,  44930.4,  886.473454369,  765.733754833,  1270.95
1575.92123893,  48935.3,  44936.0,  886.473686801,  765.73347438,  1271.51
1575.94167328,  48930.5,  44932.5,  886.473883886,  765.73397324,  1268.97
1575.96210772,  48946.0,  44946.5,  886.473812922,  765.733819699,  1270.03
1575.98254196,  48931.7,  44933.3,  886.47407548,  765.733719179,  1269.98
1576.00297641,  48936.6,  44938.4,  886.474190341,  765.733932415,  1270.17
1576.02341075,  48937.4,  44938.6,  886.473762101,  765.733710688,  1270.14
1576.04384509,  48935.5,  44936.4,  886.474216797,  765.733387317,  1269.22
1576.06427944,  48927.3,  44930.4,  886.473942411,  765.733524505,  1270.06
1576.08471378,  48922.9,  44925.2,  886.473819743,  765.734084909,  1269.21
1576.10514813,  48926.1,  44928.8,  886.474074133,  765.733698841,  1267.8
1576.12558247,  48917.0,  44920.0,  886.473827339,  765.733634993,  1269.08
1576.14601681,  48936.2,  44936.7,  886.474008288,  765.733506329,  1268.68
1576.16645116,  48922.9,  44926.7,  886.474064252,  765.733573477,  1268.03
1576.1868856,  48912.6,  44916.4,  886.474009344,  765.733695602,  1268.83
1576.20731985,  48929.4,  44930.5,  886.473716057,  765.733637769,  1268.15
1576.22775429,  48933.6,  44935.5,  886.473983565,  765.733740371,  1268.39
1576.24818864,  48910.4,  44913.2,  886.473874387,  765.733944848,  1268.58
1576.26862288,  48912.1,  44915.6,  886.473739564,  765.733454869,  1267.88
1576.28905732,  48915.7,  44919.3,  886.47412051,  765.733637728,  1267.53
1576.30949157,  48913.5,  44915.5,  886.473965172,  765.733617293,  1267.52
1576.32992591,  48928.0,  44929.8,  886.474020282,  765.733384155,  1267.21
1576.35036036,  48913.2,  44916.2,  886.473795036,  765.733396435,  1268.29
1576.39122905,  48916.6,  44920.0,  886.473860799,  765.733348727,  1267.32
1576.41166339,  48900.9,  44904.6,  886.473774186,  765.733478375,  1267.12
1576.43209764,  48899.9,  44902.9,  886.473606049,  765.733514133,  1266.66
1576.45253209,  48897.6,  44901.9,  886.473650447,  765.733382262,  1267.23
1576.47296643,  48900.5,  44902.9,  886.474332216,  765.733528881,  1268.04
1576.49340068,  48898.9,  44902.6,  886.4737273,  765.733392337,  1267.69
1576.51383512,  48897.9,  44901.8,  886.473648937,  765.73352197,  1267.33
1576.53426947,  48904.3,  44906.7,  886.473897942,  765.733804532,  1267.02
1576.55470381,  48896.2,  44900.2,  886.473652137,  765.733342584,  1267.15
1576.57513816,  48890.7,  44894.7,  886.473627837,  765.733539435,  1267.44
1576.5955725,  48888.5,  44892.2,  886.473776547,  765.733516784,  1267.3
1576.61600695,  48885.5,  44890.0,  886.473529535,  765.733429963,  1264.84
1576.6364412,  48886.3,  44890.0,  886.473293685,  765.733563991,  1267.49
1576.65687554,  48883.8,  44887.4,  886.473393916,  765.733356705,  1266.7
1576.67730999,  48872.6,  44878.3,  886.473532893,  765.733132882,  1265.76
1576.69774433,  48886.9,  44890.2,  886.474136807,  765.733360838,  1266.81
1576.71817858,  48868.0,  44873.4,  886.473156156,  765.733092179,  1265.25
1576.73861303,  48881.5,  44885.4,  886.473565131,  765.733414726,  1265.17
1576.75904737,  48882.6,  44885.4,  886.473544576,  765.733053786,  1266.0
1576.77948172,  48888.1,  44891.5,  886.473849026,  765.733574529,  1266.94
1576.79991607,  48868.9,  44873.5,  886.473454001,  765.733270362,  1265.07
1576.82035041,  48868.2,  44873.1,  886.473547991,  765.73330616,  1265.42
1576.84078486,  48866.0,  44872.0,  886.473495201,  765.733476652,  1265.16
1576.86121911,  48867.2,  44871.2,  886.473548529,  765.733123173,  1265.81
1576.88165345,  48871.3,  44875.7,  886.473478758,  765.733136542,  1263.98
1576.9020879,  48854.9,  44860.8,  886.473658362,  765.732841869,  1264.97
1576.92252215,  48860.0,  44864.3,  886.473326329,  765.733283076,  1264.89
1576.9429565,  48862.7,  44867.5,  886.473233154,  765.733265237,  1264.82
1576.96339084,  48858.8,  44863.9,  886.473211813,  765.73308738,  1263.39
1576.98382519,  48857.8,  44862.2,  886.473413233,  765.732957439,  1265.08
1577.00425964,  48847.6,  44853.4,  886.473439265,  765.73310853,  1264.7
1577.02469389,  48862.7,  44866.4,  886.473426905,  765.732823994,  1265.24
1577.04512823,  48847.4,  44852.5,  886.473228311,  765.733332825,  1263.78
1577.06556268,  48865.3,  44870.2,  886.47357583,  765.733029413,  1264.01
1577.08599693,  48854.9,  44859.6,  886.472950343,  765.733160091,  1263.5
1577.10643128,  48844.4,  44850.0,  886.473175878,  765.733272922,  1263.5
1577.12686572,  48857.7,  44862.6,  886.473406522,  765.733121728,  1263.5
1577.14729997,  48831.6,  44837.3,  886.472993212,  765.733058243,  1264.27
1577.16773442,  48853.6,  44858.5,  886.47333787,  765.733185031,  1262.87
1577.18816877,  48846.3,  44850.9,  886.473542243,  765.732896977,  1262.29
1577.20860302,  48839.7,  44845.2,  886.473042916,  765.732686639,  1263.32
1577.22903746,  48834.7,  44840.8,  886.473052917,  765.732710803,  1263.18
1577.24947181,  48845.1,  44850.4,  886.47350218,  765.733033889,  1263.5
1577.26990616,  48842.3,  44847.0,  886.473354371,  765.732748022,  1262.95
1577.29034051,  48835.3,  44841.4,  886.473074854,  765.733177489,  1263.94
1577.31077486,  48824.1,  44830.1,  886.473369371,  765.732764117,  1263.0
1577.33120921,  48823.2,  44830.7,  886.473142962,  765.732863565,  1263.66
1577.35164366,  48843.0,  44848.4,  886.472940406,  765.732751729,  1262.59
1577.3720779,  48838.4,  44843.1,  886.47317238,  765.732655887,  1262.54
1577.39251235,  48828.6,  44835.5,  886.47307347,  765.732794109,  1262.71
1577.4129467,  48826.4,  44832.3,  886.473317081,  765.732730853,  1261.12
1577.43338095,  48823.2,  44828.9,  886.473363351,  765.732790036,  1261.78
1577.4538154,  48822.8,  44829.2,  886.472747576,  765.732713492,  1263.35
1577.47424975,  48831.7,  44837.1,  886.473132761,  765.732570791,  1261.01
1577.494684,  48824.3,  44830.7,  886.473178117,  765.732950967,  1261.9
1577.51511845,  48820.4,  44826.6,  886.473007958,  765.73314681,  1261.44
1577.5355528,  48817.0,  44822.9,  886.473080138,  765.732684516,  1262.34
1577.55598715,  48828.3,  44834.5,  886.472997142,  765.732806309,  1261.05
1577.5764215,  48802.4,  44809.9,  886.47301607,  765.732912194,  1261.97
1577.59685575,  48800.6,  44807.8,  886.473081442,  765.732885338,  1261.77
1577.6172902,  48819.7,  44825.6,  886.472997751,  765.732641893,  1262.76
1577.63772454,  48816.0,  44822.0,  886.472860688,  765.732763035,  1260.11
1577.65815879,  48814.7,  44820.8,  886.472876735,  765.732834684,  1261.63
1577.67859324,  48804.4,  44812.6,  886.472956062,  765.732557742,  1260.67
1577.69902759,  48810.7,  44816.3,  886.473131233,  765.732718739,  1261.64
1577.71946194,  48792.9,  44801.6,  886.472835156,  765.732537098,  1264.79
1577.73989629,  48787.9,  44796.1,  886.472772914,  765.732448053,  1260.95
1577.76033064,  48785.8,  44793.7,  886.472767925,  765.732486903,  1260.49
1577.7807651,  48802.4,  44809.7,  886.473526832,  765.732559846,  1260.39
1577.80119935,  48799.0,  44805.9,  886.472951822,  765.73271519,  1259.7
1577.8216337,  48790.5,  44797.9,  886.472882221,  765.732391823,  1259.94
1577.84206815,  48790.8,  44799.0,  886.472966704,  765.732645197,  1259.48
1577.8625025,  48799.3,  44806.0,  886.473188768,  765.732515712,  1260.6
1577.88293675,  48790.0,  44798.3,  886.472963096,  765.732641538,  1259.58
1577.9033712,  48798.9,  44806.1,  886.473037751,  765.732896084,  1259.46
1577.92380555,  48796.9,  44803.8,  886.47323784,  765.732666737,  1258.82
1577.9442399,  48798.9,  44806.5,  886.472569087,  765.732822751,  1259.69
1577.96467425,  48796.5,  44803.3,  886.472872642,  765.732623827,  1259.35
1577.9851086,  48792.0,  44799.5,  886.472844704,  765.732287852,  1258.79
1578.00554295,  48803.2,  44809.9,  886.472756064,  765.732387374,  1260.0
1578.0259773,  48800.3,  44806.1,  886.472701014,  765.732547564,  1259.79
1578.04641166,  48703.9,  44719.0,  886.47300329,  765.732434447,  1258.78
1578.06684611,  48346.8,  44393.0,  886.472775646,  765.732816349,  1268.2
1578.08728036,  48189.9,  44248.3,  886.473092921,  765.732363519,  1258.34
1578.10771471,  48418.7,  44459.5,  886.472766413,  765.732842023,  1257.85
1578.12814916,  48742.9,  44754.3,  886.472776115,  765.73262043,  1258.72
1578.14858341,  48784.4,  44792.0,  886.472695016,  765.73240441,  1257.81
1578.16901786,  48783.8,  44792.1,  886.472831387,  765.732670353,  1258.46
1578.18945222,  48786.0,  44793.0,  886.472686007,  765.732273898,  1257.65
1578.20988647,  48789.4,  44796.7,  886.472905094,  765.732690092,  1258.54
1578.23032092,  48792.5,  44800.7,  886.472324653,  765.732295275,  1257.32
1578.25075517,  48780.8,  44788.5,  886.472726693,  765.732433201,  1258.24
1578.27118952,  48789.2,  44796.6,  886.472639941,  765.732223665,  1258.51
1578.29162398,  48775.8,  44784.7,  886.472526924,  765.732291853,  1258.28
1578.31205823,  48767.5,  44776.0,  886.472678612,  765.732286131,  1259.22
1578.33249268,  48785.4,  44793.3,  886.472519799,  765.732609307,  1259.35
1578.35292703,  48784.0,  44791.7,  886.472711974,  765.732660447,  1257.83
1578.37336128,  48786.1,  44793.1,  886.472788361,  765.732713063,  1257.61
1578.39379574,  48779.1,  44788.1,  886.472877892,  765.732213201,  1257.24
1578.41423009,  48768.7,  44777.0,  886.472598601,  765.732344662,  1258.44
1578.43466444,  48786.9,  44794.2,  886.472673172,  765.732260235,  1257.68
1578.45509879,  48771.3,  44780.6,  886.472873602,  765.732672585,  1258.84
1578.47553315,  48789.6,  44796.1,  886.472469634,  765.732520551,  1257.27
1578.4959675,  48789.2,  44796.7,  886.472748866,  765.731969325,  1259.53
1578.51640185,  48777.8,  44785.9,  886.472737765,  765.732394596,  1257.65
1578.53683621,  48772.4,  44780.9,  886.472664543,  765.732464217,  1257.48
1578.55727066,  48778.9,  44787.3,  886.472347612,  765.732165186,  1259.05
1578.57770501,  48786.8,  44793.3,  886.472930763,  765.732259129,  1259.62
1578.59813926,  48774.1,  44782.6,  886.472427014,  765.732255069,  1255.8
1578.63900807,  48770.7,  44777.9,  886.472801297,  765.732033336,  1256.96
1578.65944232,  48771.5,  44780.6,  886.472728126,  765.732121109,  1255.77
1578.67987678,  48778.0,  44785.4,  886.472551195,  765.732053273,  1257.28
1578.70031113,  48770.6,  44778.4,  886.472573511,  765.731818969,  1256.22
1578.72074538,  48758.3,  44768.6,  886.472804473,  765.732232816,  1256.68
1578.74117984,  48772.9,  44781.7,  886.472628609,  765.73191161,  1256.29
1578.76161419,  48774.7,  44783.4,  886.473021087,  765.731940716,  1256.0
1578.78204865,  48801.0,  44807.9,  886.472595801,  765.731893151,  1255.29
1578.8024829,  48784.3,  44792.1,  886.47328308,  765.731948043,  1254.94
1578.82291725,  48773.4,  44782.1,  886.472843934,  765.731871846,  1255.1
1578.84335171,  48770.1,  44779.3,  886.472513651,  765.732000689,  1256.81
1578.86378596,  48774.6,  44783.1,  886.472902927,  765.731898205,  1256.35
1578.88422032,  48779.2,  44788.1,  886.472989347,  765.731818306,  1255.91
1578.90465467,  48759.2,  44769.0,  886.473093853,  765.73162116,  1255.93
1578.92508902,  48766.4,  44775.4,  886.472840288,  765.731745763,  1255.6
1578.94552348,  48775.1,  44784.6,  886.472680153,  765.731922715,  1256.08
1578.96595773,  48763.3,  44773.2,  886.473365097,  765.731848434,  1255.37
1578.98639209,  48762.3,  44772.3,  886.473363699,  765.731766975,  1255.79
1579.00682654,  48761.5,  44772.5,  886.473120658,  765.731934411,  1254.01
1579.0272608,  48777.2,  44785.2,  886.473258774,  765.731685103,  1254.44
1579.04769515,  48778.9,  44787.8,  886.472738746,  765.731747401,  1255.36
1579.06812961,  48768.6,  44777.8,  886.473108439,  765.731835967,  1255.51
1579.08856396,  48781.1,  44788.9,  886.473144867,  765.731909219,  1253.69
1579.10899821,  48767.5,  44777.3,  886.472911379,  765.731790827,  1254.58
1579.12943267,  48760.9,  44770.5,  886.472994013,  765.731489075,  1253.21
1579.14986702,  48786.3,  44793.6,  886.472968612,  765.731681925,  1253.2
1579.17030138,  48777.1,  44786.1,  886.473511877,  765.731962386,  1255.01
1579.19073573,  48769.3,  44777.4,  886.473387576,  765.731597091,  1253.96
1579.21117009,  48759.6,  44769.9,  886.472904944,  765.73139353,  1253.01
1579.23160455,  48762.5,  44772.0,  886.473420981,  765.732048985,  1252.26
1579.2520388,  48771.1,  44778.8,  886.472796627,  765.731796147,  1253.83
1579.27247316,  48775.7,  44784.7,  886.472993052,  765.731803726,  1254.68
1579.29290761,  48771.5,  44780.0,  886.472871111,  765.731774566,  1253.28
1579.31334187,  48771.6,  44779.7,  886.472899433,  765.731764099,  1252.69
1579.33377632,  48775.0,  44783.5,  886.472601726,  765.731587706,  1252.35
1579.35421068,  48777.1,  44784.9,  886.472997737,  765.73133552,  1253.55
1579.37464493,  48781.4,  44788.9,  886.47296651,  765.731674704,  1253.39
1579.39507939,  48777.3,  44785.6,  886.472796008,  765.731631379,  1252.95
1579.41551375,  48769.5,  44777.2,  886.473334177,  765.731470541,  1252.34
1579.435948,  48774.3,  44782.5,  886.472664026,  765.731563012,  1253.23
1579.45638246,  48793.4,  44799.2,  886.472723417,  765.731606922,  1253.36
1579.47681681,  48773.2,  44781.1,  886.472720745,  765.731587583,  1252.08
1579.49725107,  48768.5,  44777.7,  886.473071536,  765.731518458,  1252.95
1579.51768553,  48787.1,  44793.1,  886.473271975,  765.731423797,  1252.39
1579.53811978,  48813.6,  44817.2,  886.471929745,  765.731216657,  1252.57
1579.55855424,  48783.5,  44790.4,  886.472728603,  765.731453386,  1253.31
1579.57898859,  48768.2,  44776.2,  886.47270844,  765.731349665,  1253.37
1579.59942295,  48767.5,  44775.4,  886.472723401,  765.731699242,  1253.59
1579.61985731,  48771.7,  44779.9,  886.472935684,  765.731365757,  1252.5
1579.64029166,  48775.3,  44781.4,  886.472951435,  765.731038572,  1252.48
1579.66072602,  48781.7,  44789.0,  886.472931332,  765.731580021,  1252.4
1579.68116038,  48779.2,  44785.4,  886.472860783,  765.731508316,  1251.44
1579.70159473,  48772.3,  44779.1,  886.472838658,  765.731563534,  1252.67
1579.72202919,  48782.3,  44789.5,  886.472551448,  765.731475096,  1252.94
1579.74246355,  48780.0,  44785.9,  886.472702636,  765.730866169,  1250.87
1579.7628978,  48768.6,  44775.9,  886.472934167,  765.731681879,  1251.16
1579.78333226,  48781.9,  44788.0,  886.472645124,  765.731261563,  1252.31
1579.80376662,  48790.4,  44795.1,  886.472852883,  765.731426611,  1251.05
1579.82420088,  48789.1,  44793.7,  886.47222754,  765.731273677,  1251.2
1579.84463533,  48772.4,  44778.8,  886.472807686,  765.731004561,  1250.97
1579.86506969,  48776.8,  44781.7,  886.472506146,  765.731617811,  1250.62
1579.88550395,  48776.8,  44782.9,  886.472892019,  765.731049753,  1251.63
1579.90593841,  48768.3,  44774.7,  886.472251668,  765.730928982,  1252.58
1579.92637276,  48774.3,  44780.1,  886.472665777,  765.731188211,  1250.54
1579.94680722,  48785.7,  44791.1,  886.472821423,  765.731000595,  1249.34
1579.96724148,  48791.6,  44795.3,  886.472646398,  765.730933616,  1250.56
1579.98767584,  48783.8,  44788.1,  886.472495279,  765.731163465,  1251.55
1580.00811029,  48794.3,  44799.4,  886.47260597,  765.731174895,  1248.56
1580.02854455,  48780.0,  44784.2,  886.472465542,  765.731277557,  1248.4
1580.04897891,  48779.9,  44785.3,  886.472478437,  765.731200951,  1248.27
1580.06941337,  48790.1,  44794.2,  886.472566533,  765.731004616,  1248.06
1580.08984762,  48790.5,  44793.9,  886.472336753,  765.730963213,  1249.24
1580.11028198,  48780.9,  44786.5,  886.472693088,  765.731230636,  1248.89
1580.13071644,  48788.7,  44792.0,  886.472240339,  765.731288994,  1249.47
1580.1511507,  48778.3,  44782.9,  886.472054817,  765.730978904,  1248.19
1580.17158516,  48773.7,  44779.2,  886.471778793,  765.731211236,  1249.19
1580.19201942,  48780.8,  44785.0,  886.472419382,  765.730505809,  1247.44
1580.21245377,  48780.3,  44784.7,  886.472005208,  765.731082342,  1248.12
1580.23288823,  48781.3,  44785.7,  886.47256038,  765.731120411,  1247.72
1580.25332249,  48782.0,  44785.8,  886.472601723,  765.730928209,  1247.21
1580.27375685,  48782.1,  44786.5,  886.47223176,  765.7308768,  1248.27
1580.29419131,  48790.2,  44792.9,  886.472142194,  765.731202575,  1247.47
1580.31462567,  48801.9,  44804.0,  886.47206629,  765.73123552,  1246.27
1580.33506003,  48783.4,  44787.6,  886.472263239,  765.731214706,  1247.59
1580.35549438,  48781.5,  44784.9,  886.472517413,  765.73117836,  1246.01
1580.37592874,  48793.3,  44796.5,  886.472397553,  765.731031844,  1246.32
1580.3963631,  48794.1,  44796.9,  886.472376977,  765.730789785,  1246.87
1580.41679746,  48808.2,  44808.7,  886.47204074,  765.730913054,  1244.79
1580.43723182,  48798.1,  44800.3,  886.472301422,  765.73073568,  1244.7
1580.45766628,  48802.1,  44803.5,  886.472436354,  765.731087415,  1245.45
1580.47810054,  48796.9,  44798.3,  886.472069177,  765.730832411,  1245.41
1580.4985349,  48808.3,  44809.6,  886.472214245,  765.730883256,  1245.11
1580.51896936,  48795.0,  44796.2,  886.472366859,  765.730925211,  1245.52
1580.53940362,  48811.2,  44811.0,  886.472229377,  765.730998501,  1247.07
1580.55983808,  48785.7,  44789.0,  886.471677898,  765.730586276,  1246.13
1580.58027243,  48854.0,  44850.3,  886.47158651,  765.729731327,  1246.7
1580.60070669,  48810.5,  44811.6,  886.472141196,  765.730943972,  1245.79
1580.62114115,  48769.1,  44773.0,  886.472499539,  765.730628965,  1245.37
1580.64157551,  48794.7,  44796.3,  886.472262726,  765.73057909,  1244.61
1580.66200977,  48801.0,  44803.3,  886.472158057,  765.731074351,  1244.53
1580.68244423,  48772.6,  44775.6,  886.472442271,  765.730640113,  1245.47
1580.70287859,  48798.1,  44799.2,  886.472373003,  765.730940728,  1244.0
1580.72331305,  48792.3,  44794.5,  886.471642395,  765.730696457,  1245.31
1580.74374731,  48815.2,  44814.6,  886.472156686,  765.730863937,  1243.91
1580.76418167,  48811.9,  44811.6,  886.472085764,  765.730727214,  1243.27
1580.78461613,  48802.5,  44803.0,  886.471827797,  765.731135814,  1243.28
1580.80505039,  48799.6,  44799.5,  886.472144713,  765.73070996,  1244.62
1580.82548475,  48802.7,  44803.5,  886.472217161,  765.730644579,  1245.3
1580.84591911,  48801.8,  44801.9,  886.472230604,  765.730174317,  1243.02
1580.86635347,  48806.2,  44806.8,  886.472016818,  765.730931202,  1244.38
1580.88678783,  48813.4,  44813.4,  886.471850392,  765.730978336,  1245.21
1580.90722219,  48801.6,  44801.7,  886.47203166,  765.730397977,  1244.04
1580.92765655,  48809.3,  44809.0,  886.471943382,  765.730943881,  1242.19
1580.94809102,  48776.4,  44779.4,  886.472079086,  765.730203445,  1243.72
1580.96852538,  48802.6,  44802.4,  886.472177967,  765.730622713,  1242.3
1580.98895964,  48774.6,  44777.8,  886.47221567,  765.730459391,  1243.88
1581.0093941,  48806.2,  44806.5,  886.471792679,  765.730722001,  1242.69
1581.02982846,  48780.2,  44781.8,  886.472446648,  765.730184181,  1242.4
1581.05026272,  48810.3,  44810.0,  886.471818746,  765.730638233,  1243.2
1581.07069718,  48812.7,  44811.0,  886.472120061,  765.730765321,  1242.43
1581.09113154,  48800.9,  44800.3,  886.471604501,  765.730635955,  1242.06
1581.111566,  48767.5,  44771.1,  886.472159935,  765.730434322,  1244.38
1581.13200026,  48797.6,  44797.4,  886.471761819,  765.730548309,  1241.69
1581.15243462,  48801.8,  44802.2,  886.471707782,  765.730402089,  1241.03
1581.17286909,  48813.0,  44812.7,  886.471723162,  765.73049974,  1241.82
1581.19330335,  48809.4,  44808.2,  886.471870121,  765.730515204,  1241.46
1581.21373771,  48815.1,  44814.5,  886.472399588,  765.73092554,  1240.97
1581.23417217,  48810.6,  44809.5,  886.471952377,  765.730520596,  1240.73
1581.25460643,  48817.3,  44815.7,  886.471984795,  765.730496924,  1241.07
1581.27504079,  48810.3,  44810.3,  886.472303221,  765.730715451,  1242.09
1581.29547525,  48809.5,  44807.8,  886.472212616,  765.730321657,  1239.94
1581.31590952,  48827.1,  44824.9,  886.472029268,  765.730654153,  1240.78
1581.33634398,  48818.1,  44817.2,  886.4718384,  765.730488896,  1240.55
1581.35677834,  48810.0,  44808.4,  886.471637217,  765.730742307,  1240.13
1581.3772127,  48791.4,  44792.4,  886.472185871,  765.730551983,  1241.24
1581.39764706,  48816.8,  44815.2,  886.471557676,  765.730157409,  1241.01
1581.41808142,  48821.1,  44818.8,  886.471475698,  765.73032289,  1240.38
1581.43851579,  48814.5,  44813.5,  886.471677693,  765.730611797,  1239.31
1581.45895015,  48808.1,  44806.6,  886.471951274,  765.730171209,  1241.64
1581.47938451,  48801.7,  44800.7,  886.47187591,  765.730224876,  1241.04
1581.49981887,  48444.5,  44475.1,  886.471799348,  765.730282659,  1240.68
1581.52025323,  47958.2,  44029.2,  886.471779301,  765.730552249,  1240.01
1581.5406876,  47989.6,  44058.1,  886.471835638,  765.730391279,  1239.67
1581.56112196,  48509.7,  44533.9,  886.471500248,  765.73020755,  1240.31
1581.58155632,  48807.4,  44806.9,  886.471792488,  765.730199743,  1238.13
1586.83318217,  48564.8,  44516.5,  886.464020562,  765.726666858,  1213.06
1586.85361664,  48561.6,  44513.2,  886.463692027,  765.726537358,  1213.25
1586.87405091,  48556.0,  44507.5,  886.463410682,  765.726229486,  1214.06
1586.89448539,  48559.4,  44511.3,  886.463058221,  765.726720153,  1214.65
1586.91491976,  48564.4,  44516.6,  886.463163424,  765.72658396,  1213.33
1586.93535404,  48544.0,  44497.5,  886.463158372,  765.726512776,  1212.78
1586.95578851,  48553.1,  44505.9,  886.462937149,  765.726840539,  1214.79
1586.97622288,  48555.9,  44509.4,  886.463163099,  765.726793338,  1213.69
1586.99665726,  48566.9,  44518.5,  886.462850192,  765.726608873,  1212.69
1587.01709163,  48557.9,  44512.1,  886.462667763,  765.726478372,  1214.34
1587.03752601,  48556.7,  44510.7,  886.463024335,  765.726288431,  1212.63
1587.05796048,  48558.8,  44512.1,  886.462225035,  765.726090985,  1213.59
1587.07839486,  48559.6,  44514.4,  886.462445045,  765.726289022,  1213.73
1587.09882913,  48556.3,  44510.3,  886.462272631,  765.726562158,  1213.1
1587.1192636,  48563.8,  44517.8,  886.462356822,  765.725982878,  1213.97
1587.13969798,  48569.8,  44523.9,  886.462805956,  765.726059678,  1213.81
1587.16013225,  48551.9,  44506.9,  886.462253567,  765.726279016,  1212.37
1587.18056673,  48557.8,  44514.4,  886.462724277,  765.726159727,  1213.08
1587.2010011,  48555.1,  44512.1,  886.462725306,  765.725837136,  1212.58
1587.22143548,  48560.0,  44515.9,  886.463083951,  765.725638995,  1212.72
1587.24186985,  48572.8,  44528.9,  886.462746172,  765.72549989,  1212.62
1587.26230413,  48570.6,  44527.0,  886.462714049,  765.725627175,  1212.84
1587.2827386,  48565.1,  44522.9,  886.463200835,  765.725748075,  1212.24
1587.30317298,  48557.1,  44516.9,  886.46290325,  765.72589484,  1211.91
1587.32360725,  48546.3,  44506.4,  886.46299512,  765.725931906,  1211.84
1587.34404172,  48553.0,  44513.1,  886.462964441,  765.725183379,  1216.29
1587.3644761,  48559.8,  44520.8,  886.463321907,  765.725369652,  1212.23
1587.38491057,  48555.8,  44516.3,  886.463454749,  765.725210788,  1212.68
1587.40534485,  48578.9,  44539.3,  886.463466394,  765.725894051,  1211.0
1587.42577922,  48572.7,  44533.2,  886.463117687,  765.725322303,  1211.86
1587.4462137,  48565.3,  44526.3,  886.463250552,  765.725639742,  1212.82
1587.46664797,  48572.3,  44534.8,  886.463499794,  765.725283566,  1212.84
1587.50751682,  48559.5,  44522.9,  886.463558252,  765.725384435,  1211.41
1587.5279511,  48572.4,  44536.4,  886.463352895,  765.72527258,  1213.25
1587.54838557,  48565.4,  44529.1,  886.463934142,  765.725389422,  1210.5
1587.56881995,  48552.6,  44518.3,  886.464000056,  765.725352005,  1211.89
1587.58925432,  48574.0,  44538.9,  886.464430905,  765.724625421,  1212.4
1587.6096887,  48565.3,  44529.9,  886.464187123,  765.725067141,  1212.4
1587.63012307,  48575.2,  44540.4,  886.464675617,  765.724906837,  1211.03
1587.65055745,  48571.1,  44536.9,  886.46403415,  765.725383961,  1212.24
1587.67099183,  48585.2,  44549.4,  886.46405547,  765.72566084,  1211.9
1587.6914262,  48585.8,  44551.9,  886.464459669,  765.725111148,  1210.77
1587.71186068,  48589.7,  44554.4,  886.464749622,  765.725518208,  1210.98
1587.73229495,  48583.1,  44548.9,  886.464674637,  765.725675067,  1212.65
1587.75272933,  48574.2,  44542.5,  886.464223785,  765.725986829,  1211.98
1587.7731638,  48587.3,  44553.6,  886.464780746,  765.725192211,  1211.35
1587.79359818,  48571.1,  44540.2,  886.464414409,  765.725506902,  1211.32
1587.81403245,  48585.1,  44553.5,  886.464574248,  765.725510412,  1210.64
1587.83446693,  48575.3,  44543.8,  886.464639494,  765.725499372,  1210.45
1587.8549012,  48587.8,  44556.9,  886.46480088,  765.725820997,  1211.19
1587.87533568,  48575.9,  44545.8,  886.464962968,  765.725557513,  1212.16
1587.89577005,  48590.3,  44559.5,  886.464917797,  765.725314275,  1211.03
1587.91620433,  48581.6,  44552.6,  886.464836212,  765.725795582,  1211.87
1587.93663881,  48588.4,  44557.6,  886.464756274,  765.725703392,  1211.02
1587.95707318,  48604.3,  44573.8,  886.464935468,  765.725605926,  1209.33
1587.97750746,  48591.8,  44562.6,  886.465101608,  765.725440937,  1211.87
1587.99794193,  48589.6,  44559.8,  886.464758779,  765.725717616,  1211.84
1588.01837631,  48584.7,  44557.3,  886.464959752,  765.725324018,  1211.29
1588.03881058,  48594.5,  44566.0,  886.464908691,  765.726152636,  1212.09
1588.05924506,  48599.0,  44570.7,  886.465402991,  765.725926789,  1210.84
1588.07967944,  48599.4,  44572.4,  886.465315709,  765.725953367,  1210.81
1588.10011391,  48589.3,  44562.3,  886.465242806,  765.725665166,  1210.97
1588.12054819,  48594.6,  44568.0,  886.465283016,  765.725779778,  1210.57
1588.14098256,  48594.0,  44568.4,  886.465445371,  765.725810894,  1210.09
1588.16141704,  48600.4,  44573.6,  886.465588876,  765.726099705,  1209.44
1588.18185132,  48608.1,  44581.8,  886.465225937,  765.72633707,  1210.39
1588.20228569,  48602.2,  44576.9,  886.465689789,  765.725880492,  1210.7
1588.22272017,  48604.4,  44578.7,  886.466000168,  765.725553703,  1209.73
1588.24315444,  48624.1,  44597.5,  886.465679557,  765.725988687,  1209.71
1588.26358892,  48606.5,  44581.3,  886.465728086,  765.725915927,  1209.76
1588.2840233,  48605.4,  44580.6,  886.465434179,  765.726011629,  1210.0
1588.30445767,  48601.8,  44579.0,  886.465664095,  765.726321841,  1210.35
1588.32489205,  48608.4,  44584.2,  886.465872264,  765.726294698,  1207.73
1588.34532642,  48581.2,  44559.9,  886.465959188,  765.726174709,  1209.45
1588.3657608,  48159.2,  44174.5,  886.465737167,  765.726179104,  1209.37
1588.38619518,  47729.7,  43781.2,  886.465834542,  765.726147211,  1209.05
1588.40662955,  47858.1,  43900.0,  886.465440658,  765.725973901,  1208.4
1588.42706393,  48393.7,  44388.8,  886.465817348,  765.726327095,  1207.38
1588.44749841,  48619.7,  44595.6,  886.465963706,  765.726128811,  1208.5
1588.46793268,  48623.8,  44601.4,  886.46592855,  765.726357365,  1208.65
1588.48836716,  48626.8,  44603.2,  886.466022445,  765.725988691,  1206.25
1588.50880143,  48623.4,  44600.6,  886.46586774,  765.726207436,  1207.7
1588.52923581,  48630.5,  44608.4,  886.466210043,  765.72614762,  1206.41
1588.54967029,  48614.3,  44592.0,  886.46614911,  765.726174741,  1206.06
1588.57010456,  48627.8,  44605.9,  886.466256987,  765.725823414,  1207.04
1588.59053894,  48637.5,  44614.8,  886.466708627,  765.726421126,  1207.07
1588.61097342,  48645.9,  44621.5,  886.466282185,  765.72593319,  1207.45
1588.63140769,  48645.4,  44622.3,  886.466016868,  765.726082561,  1206.46
1588.65184217,  48637.0,  44614.6,  886.466301523,  765.725789114,  1206.5
1588.67227655,  48653.3,  44629.5,  886.466401304,  765.726132494,  1206.76
1588.69271082,  48649.9,  44627.5,  886.466419612,  765.726271297,  1207.71
1588.7131453,  48639.1,  44617.3,  886.466636928,  765.726053433,  1206.41
1588.73357968,  48647.0,  44625.6,  886.466240699,  765.726407892,  1207.72
1588.75401395,  48655.8,  44633.1,  886.466386743,  765.726058985,  1208.62
1588.77444843,  48664.4,  44640.5,  886.466748621,  765.725835425,  1206.4
1588.79488281,  48658.0,  44636.3,  886.466494222,  765.725793331,  1206.59
1588.81531718,  48653.9,  44631.3,  886.466695295,  765.725933696,  1205.79
1588.83575156,  48651.4,  44629.5,  886.466930486,  765.726491537,  1205.59
1588.85618594,  48655.2,  44634.9,  886.466683443,  765.72608919,  1204.83
1588.87662041,  48665.1,  44642.5,  886.466888965,  765.72599787,  1204.1
1588.89705469,  48663.1,  44640.9,  886.466754553,  765.726184925,  1206.26
1588.91748907,  48659.9,  44639.3,  886.467079912,  765.725904138,  1204.36
1588.93792354,  48659.9,  44638.0,  886.466893691,  765.726435078,  1204.99
1588.95835792,  48667.1,  44645.7,  886.466960585,  765.726402195,  1205.42
1588.9787922,  48681.2,  44658.5,  886.467022132,  765.726057245,  1205.38
1588.99922668,  48676.7,  44653.9,  886.467139134,  765.726302222,  1204.2
1589.01966105,  48669.1,  44648.8,  886.46714902,  765.72596599,  1204.79
1589.04009533,  48675.8,  44653.5,  886.467343498,  765.726086889,  1205.19
1589.06052981,  48677.9,  44656.4,  886.467727089,  765.726022166,  1203.55
1589.08096418,  48685.7,  44664.4,  886.466959396,  765.726015504,  1204.3
1589.10139866,  48675.4,  44654.1,  886.467531667,  765.726325131,  1205.0
1589.12183294,  48689.2,  44667.2,  886.467340475,  765.725893264,  1204.25
1589.14226732,  48674.1,  44654.1,  886.467147061,  765.726170528,  1203.67
1589.16270169,  48681.8,  44660.3,  886.467530331,  765.726113313,  1203.23
1589.18313607,  48684.1,  44663.7,  886.467002746,  765.726025876,  1204.9
1589.20357035,  48695.8,  44674.0,  886.467358751,  765.726179476,  1204.58
1589.22400482,  48703.1,  44680.4,  886.467618275,  765.725790893,  1204.18
1589.2444392,  48695.4,  44674.4,  886.467348237,  765.726293273,  1203.88
1589.26487368,  48693.7,  44672.1,  886.467432184,  765.72592838,  1203.35
1589.28530796,  48699.3,  44677.6,  886.467444111,  765.725770475,  1203.67
1589.30574233,  48702.3,  44680.7,  886.467341658,  765.725949797,  1204.38
1589.32617681,  48693.9,  44672.7,  886.467785789,  765.725707938,  1204.94
1589.34661109,  48684.7,  44665.3,  886.467349644,  765.72595526,  1204.35
1589.36704547,  48695.7,  44674.9,  886.46777792,  765.725817582,  1204.35
1589.38747994,  48702.1,  44679.9,  886.467751944,  765.725882482,  1202.56
1589.40791422,  48719.4,  44697.9,  886.46764034,  765.726155221,  1202.74
1589.4283486,  48701.0,  44679.4,  886.467909789,  765.726206988,  1203.06
1589.44878308,  48713.2,  44691.1,  886.46796827,  765.725970611,  1202.7
1589.46921745,  48718.6,  44697.1,  886.467794412,  765.725841456,  1203.5
1589.48965183,  48708.6,  44687.1,  886.467744413,  765.72556976,  1202.95
1589.51008621,  48717.4,  44695.4,  886.46793979,  765.726374498,  1202.33
1589.53052059,  48712.4,  44691.6,  886.467905613,  765.7259479,  1203.1
1589.55095496,  48715.3,  44692.1,  886.468092385,  765.725719469,  1202.87
1589.57138934,  48720.3,  44697.8,  886.467792301,  765.725536244,  1202.09
1589.59182372,  48726.0,  44703.4,  886.467512564,  765.725911433,  1201.5
1589.6122582,  48728.5,  44706.3,  886.468551623,  765.726061711,  1201.77
1589.63269247,  48730.3,  44708.5,  886.467743088,  765.725920198,  1202.83
1589.65312685,  48721.3,  44699.5,  886.467902251,  765.725770589,  1202.25
1589.67356133,  48725.7,  44703.8,  886.467771323,  765.72596227,  1203.22
1589.69399561,  48715.6,  44695.9,  886.46811231,  765.725702427,  1201.46
1589.71443008,  48729.7,  44707.5,  886.468314957,  765.725606929,  1203.47
1589.73486446,  48740.4,  44717.4,  886.467839677,  765.725836792,  1202.34
1589.75529874,  48733.9,  44712.1,  886.467885357,  765.725994586,  1201.73
1589.77573322,  48749.6,  44724.9,  886.468305685,  765.725551064,  1203.24
1589.7961676,  48728.8,  44707.9,  886.467899614,  765.725526123,  1202.33
1589.81660187,  48741.4,  44718.7,  886.468074537,  765.725708855,  1201.26
1589.85747063,  48742.0,  44719.3,  886.467888833,  765.726046631,  1202.54
1589.87790511,  48734.2,  44711.4,  886.467927268,  765.725497436,  1201.27
1589.89833949,  48752.0,  44728.1,  886.468218426,  765.725893759,  1201.78
1589.91877376,  48750.7,  44726.4,  886.468101093,  765.725758825,  1201.3
1589.93920824,  48754.1,  44729.4,  886.467867914,  765.725757097,  1200.61
1589.95964262,  48759.8,  44735.7,  886.468405294,  765.725662412,  1199.44
1589.9800769,  48746.6,  44722.3,  886.46813452,  765.725700108,  1202.24
1590.00051138,  48751.6,  44726.4,  886.467957767,  765.72543136,  1200.45
1590.02094575,  48749.8,  44726.4,  886.468130139,  765.725384703,  1201.86
1590.04138013,  48767.5,  44741.6,  886.468185653,  765.725710987,  1201.53
1590.06181451,  48757.0,  44732.2,  886.46819479,  765.725563177,  1201.27
1590.08224889,  48758.6,  44734.7,  886.468223315,  765.725555718,  1202.41
1590.10268337,  48757.3,  44731.9,  886.468134451,  765.725497554,  1201.54
1590.12311764,  48765.0,  44740.1,  886.468104213,  765.725733872,  1200.61
1590.14355202,  48752.9,  44729.2,  886.468221879,  765.725487101,  1199.43
1590.1639865,  48753.8,  44729.6,  886.467899396,  765.725719999,  1201.45
1590.18442088,  48756.1,  44732.3,  886.468075583,  765.725191427,  1201.3
1590.20485516,  48755.8,  44731.3,  886.468249259,  765.725710485,  1200.52
1590.22528964,  48766.3,  44741.1,  886.468193758,  765.72551769,  1200.83
1590.24572401,  48761.7,  44738.4,  886.468085698,  765.725681135,  1200.96
1590.26615829,  48775.1,  44748.6,  886.468113349,  765.725388263,  1200.26
1590.28659277,  48777.5,  44751.3,  886.468027177,  765.725831257,  1200.66
1590.30702715,  48773.4,  44748.3,  886.467698135,  765.725850579,  1200.38
1590.32746163,  48776.2,  44750.1,  886.468223647,  765.725452165,  1200.16
1590.34789591,  48773.8,  44749.2,  886.468152592,  765.725502319,  1201.74
1590.36833028,  48786.3,  44759.4,  886.468196464,  765.725597032,  1200.56
1590.38876476,  48782.2,  44755.3,  886.468444864,  765.725426694,  1200.25
1590.40919904,  48773.7,  44749.7,  886.467924653,  765.72558486,  1200.02
1590.42963342,  48790.9,  44763.4,  886.467975678,  765.725730711,  1201.19
1590.4500678,  48778.2,  44752.2,  886.468400762,  765.725278148,  1199.87
1590.47050218,  48791.0,  44765.1,  886.468318003,  765.725407686,  1199.13
1590.49093665,  48789.0,  44761.7,  886.468684638,  765.725516825,  1200.39
1590.51137093,  48782.4,  44756.9,  886.468425754,  765.725754347,  1199.8
1590.53180531,  48791.7,  44765.5,  886.468223562,  765.725514321,  1199.82
1590.55223979,  48788.7,  44762.2,  886.468315494,  765.725424791,  1199.49
1590.57267407,  48781.3,  44756.2,  886.46815148,  765.725232412,  1200.23
1590.59310845,  48774.3,  44748.6,  886.468303229,  765.725397531,  1199.87
1590.61354293,  48804.3,  44777.2,  886.469104671,  765.725302603,  1198.9
1590.63397721,  48795.5,  44769.8,  886.468265629,  765.725224292,  1200.76
1590.65441158,  48784.3,  44758.1,  886.468339856,  765.725491656,  1200.44
1590.67484606,  48794.8,  44767.9,  886.468374762,  765.725748325,  1200.52
1590.69528044,  48797.8,  44771.6,  886.468641108,  765.725187703,  1199.33
1590.71571482,  48809.6,  44781.0,  886.468327972,  765.725106924,  1200.53
1590.7361492,  48806.7,  44779.9,  886.46850552,  765.725448669,  1198.38
1590.75658358,  48804.2,  44777.7,  886.468591703,  765.725296909,  1198.66
1590.77701796,  48808.6,  44781.2,  886.468243643,  765.725795781,  1199.75
1590.79745233,  48805.8,  44779.3,  886.468272893,  765.725815161,  1199.42
1590.81788671,  48811.6,  44783.3,  886.468474887,  765.725344979,  1199.18
1590.83832119,  48807.9,  44780.8,  886.468350466,  765.725385796,  1199.47
1590.85875547,  48812.5,  44785.3,  886.468285579,  765.725356238,  1198.42
1590.87918985,  48812.4,  44784.2,  886.468571147,  765.725132343,  1198.79
1590.89962433,  48811.4,  44784.3,  886.468531863,  765.725554073,  1199.34
1590.92005861,  48811.5,  44784.2,  886.468271375,  765.725761918,  1199.1
1590.94049309,  48803.1,  44775.4,  886.468501406,  765.725405414,  1198.22
1590.96092747,  48813.4,  44787.3,  886.468368709,  765.725585285,  1199.36
1590.98136174,  48818.9,  44786.4,  886.468830069,  765.724530091,  1198.86
1591.00179622,  48813.0,  44782.0,  886.468498796,  765.725119085,  1198.63
