Kepler I.D.-----Channel

[8234477]--------[44]

-TTYPE1--------TTYPE8------------TTYPE4-----------TTYPE15------------TTYPE17-----------TTYPE6

['TIME']---['PDCSAP_FLUX']---['SAP_FLUX']---['MOM_CENTR1']---['MOM_CENTR2']---['SAP_BKG']

['BJD - 2454833']--['e-/s']--------['e-/s']---------['pixel']---------['pixel']----------['e-/s']

CROWDSAP --- 0.9933

8234477

1559.24636298,  44240.9,  39462.2,  424.320707685,  276.754999822,  1961.35
1559.2667972,  44248.2,  39468.8,  424.320760735,  276.755370295,  1961.1
1559.28723151,  44232.2,  39452.5,  424.320663132,  276.755421589,  1960.57
1559.30766562,  44225.2,  39445.0,  424.320666384,  276.755171498,  1959.7
1559.32809983,  44234.9,  39453.6,  424.320722151,  276.755606017,  1962.19
1559.34853414,  44225.7,  39442.7,  424.321109591,  276.755356779,  1959.88
1559.36896825,  44210.3,  39427.9,  424.321009643,  276.755114542,  1960.7
1559.38940256,  44193.0,  39412.3,  424.32054019,  276.755282081,  1959.99
1559.40983678,  44196.4,  39411.4,  424.320753959,  276.755523221,  1961.47
1559.43027099,  44195.0,  39410.5,  424.321162215,  276.755444223,  1959.97
1559.4507052,  44182.7,  39398.0,  424.321296581,  276.755512392,  1958.33
1559.47113941,  44173.1,  39385.3,  424.3209924,  276.75519896,  1959.68
1559.49157363,  44169.2,  39382.8,  424.320885449,  276.755262329,  1959.28
1559.51200784,  44147.2,  39361.5,  424.320844337,  276.755279267,  1959.27
1559.53244205,  44143.0,  39355.2,  424.320398895,  276.755250841,  1958.28
1559.55287627,  44113.9,  39330.0,  424.320609621,  276.755378451,  1959.36
1559.57331048,  44115.0,  39327.7,  424.321147242,  276.75502398,  1958.08
1559.5937447,  44111.5,  39323.8,  424.320948616,  276.755269775,  1957.51
1559.61417891,  44086.7,  39301.9,  424.320773433,  276.75542558,  1958.4
1559.63461313,  44076.3,  39289.1,  424.32060516,  276.755040317,  1959.09
1559.65504734,  44055.3,  39271.9,  424.321318426,  276.755135883,  1957.63
1559.67548165,  44052.3,  39267.2,  424.321253974,  276.755264414,  1957.64
1559.69591577,  44034.8,  39250.7,  424.320829348,  276.755260129,  1955.4
1559.71634999,  44016.3,  39233.9,  424.320815477,  276.755070817,  1956.82
1559.7367843,  43999.7,  39216.5,  424.321674432,  276.755504221,  1955.2
1559.75721842,  43984.1,  39202.1,  424.321019204,  276.755060122,  1955.41
1559.77765273,  43972.5,  39191.6,  424.321345322,  276.755183623,  1956.7
1559.79808695,  43976.4,  39192.8,  424.321249869,  276.7553075,  1955.09
1559.81852107,  43948.2,  39166.7,  424.321021599,  276.755349144,  1955.57
1559.83895538,  43942.2,  39161.3,  424.321101648,  276.755080329,  1956.03
1559.8593896,  43936.7,  39154.1,  424.321934356,  276.755281512,  1956.74
1559.87982372,  43927.9,  39146.6,  424.320938512,  276.755267846,  1953.69
1559.90025803,  43920.4,  39139.5,  424.32087385,  276.754988684,  1953.5
1559.92069225,  43907.9,  39126.2,  424.321283194,  276.755321162,  1954.15
1559.94112657,  43841.8,  39069.1,  424.321326734,  276.755657462,  1955.25
1559.96156069,  43279.9,  38571.6,  424.321344168,  276.754681592,  1953.96
1559.9819949,  42116.1,  37541.5,  424.322291247,  276.754600511,  1953.2
1560.00242922,  40773.6,  36355.9,  424.323171209,  276.753979569,  1953.99
1560.02286334,  39709.4,  35413.6,  424.32361182,  276.753779697,  1952.96
1560.04329756,  39334.8,  35082.2,  424.323780269,  276.753809035,  1952.33
1560.06373188,  39156.3,  34925.8,  424.324138206,  276.753524221,  1952.78
1560.084166,  39082.2,  34858.5,  424.324529294,  276.753750404,  1950.69
1560.10460032,  39047.6,  34828.6,  424.323963345,  276.753191864,  1952.14
1560.12503454,  39073.9,  34850.9,  424.324299986,  276.753522804,  1951.55
1560.14546866,  39156.4,  34923.3,  424.323458116,  276.753202877,  1952.8
1560.16590298,  39341.2,  35087.2,  424.324674527,  276.753838019,  1951.21
1560.1863372,  39733.3,  35432.6,  424.324150935,  276.753473783,  1951.46
1560.20677132,  40855.1,  36422.2,  424.322950618,  276.754585908,  1951.84
1560.22720564,  42201.6,  37612.1,  424.32256085,  276.754478273,  1950.71
1560.24763986,  43321.2,  38599.5,  424.322355375,  276.755043506,  1949.03
1560.26807398,  43875.1,  39090.2,  424.321877069,  276.755337624,  1948.86
1560.2885083,  43900.0,  39112.0,  424.321682281,  276.755551739,  1951.07
1560.30894252,  43912.3,  39120.7,  424.321500823,  276.755086652,  1950.4
1560.32937674,  43927.6,  39135.8,  424.321532752,  276.7552676,  1949.79
1560.34981096,  43939.3,  39145.0,  424.321656899,  276.755274214,  1951.02
1560.37024519,  43963.2,  39165.5,  424.321715959,  276.755570268,  1947.74
1560.39067951,  43965.1,  39168.2,  424.321235598,  276.755149578,  1950.48
1560.41111363,  43979.3,  39180.2,  424.321264619,  276.755323133,  1948.7
1560.43154785,  44018.7,  39215.0,  424.320567111,  276.755947923,  1949.46
1560.45198218,  44019.6,  39216.1,  424.321673921,  276.754896624,  1950.51
1560.4724163,  44019.6,  39214.4,  424.321132677,  276.755360986,  1950.3
1560.49285062,  44033.1,  39227.4,  424.32132163,  276.755214966,  1948.31
1560.51328484,  44050.1,  39243.4,  424.321928183,  276.755428372,  1946.98
1560.53371897,  44054.4,  39244.8,  424.321983855,  276.755832055,  1949.94
1560.55415329,  44069.4,  39259.7,  424.321016277,  276.755525563,  1947.69
1560.57458752,  44096.8,  39283.7,  424.321459612,  276.7551582,  1946.98
1560.59502164,  44112.3,  39297.4,  424.321484892,  276.75534979,  1947.07
1560.61545596,  44108.1,  39294.0,  424.322010571,  276.755551973,  1948.09
1560.63589019,  44122.8,  39306.2,  424.322218608,  276.755789876,  1948.45
1560.65632441,  44140.5,  39321.6,  424.321891891,  276.755833353,  1947.19
1560.67675864,  44141.9,  39324.6,  424.321967615,  276.755613198,  1947.39
1560.69719286,  44158.6,  39337.8,  424.321744585,  276.755709993,  1947.21
1560.73806132,  44188.9,  39365.3,  424.32169674,  276.755854693,  1947.42
1560.75849554,  44206.2,  39379.5,  424.321816343,  276.755556109,  1946.65
1560.77892987,  44211.3,  39384.9,  424.321166409,  276.755933705,  1946.36
1560.79936399,  44226.7,  39399.2,  424.321226778,  276.755427481,  1947.32
1560.81979822,  44247.2,  39418.7,  424.321472363,  276.755568413,  1945.22
1560.84023255,  44264.4,  39435.8,  424.321388513,  276.755287405,  1959.1
1560.96283791,  44312.5,  39485.1,  424.320753676,  276.755745408,  1970.59
1560.98327204,  44256.5,  39434.1,  424.320283209,  276.756060447,  1974.02
1561.00370637,  44291.1,  39466.1,  424.320302977,  276.755834819,  1967.7
1561.02414059,  44333.4,  39502.7,  424.320710977,  276.757474994,  1966.16
1561.04457492,  44303.2,  39472.8,  424.321225748,  276.755799655,  1966.51
1561.06500905,  44307.1,  39478.4,  424.321923157,  276.756927163,  1963.34
1561.08544328,  44308.1,  39479.1,  424.321143963,  276.755665983,  1962.65
1561.10587761,  44332.5,  39501.5,  424.322664818,  276.755421178,  1960.75
1561.12631174,  44368.6,  39535.8,  424.323173458,  276.754891891,  1958.46
1561.14674597,  44298.9,  39471.9,  424.320548258,  276.756301101,  1956.78
1561.1671803,  44288.3,  39460.8,  424.321350052,  276.755899866,  1958.04
1561.18761443,  44323.7,  39493.9,  424.321064903,  276.756184543,  1954.81
1561.20804866,  44280.8,  39454.1,  424.321003026,  276.756146518,  1955.75
1561.22848299,  44272.1,  39448.5,  424.321873323,  276.756176508,  1954.24
1561.24891712,  44277.6,  39451.3,  424.321078186,  276.755876032,  1953.98
1561.26935145,  44273.5,  39447.4,  424.32020842,  276.756101967,  1951.3
1561.28978568,  44272.2,  39446.7,  424.320922,  276.75608627,  1951.95
1561.31021991,  44260.7,  39434.1,  424.320861829,  276.756550366,  1949.21
1561.33065415,  44267.8,  39440.2,  424.320909742,  276.756697974,  1950.04
1561.35108838,  44240.4,  39416.4,  424.321238273,  276.755937475,  1947.49
1561.37152261,  44213.3,  39391.6,  424.321018358,  276.755759268,  1948.39
1561.39195684,  44198.8,  39377.0,  424.321858885,  276.756388024,  1945.89
1561.41239107,  44208.6,  39387.7,  424.320870191,  276.755954435,  1945.44
1561.43282541,  44194.1,  39372.5,  424.321615715,  276.755229378,  1946.28
1561.45325954,  44172.2,  39354.4,  424.321372012,  276.755837094,  1946.09
1561.47369377,  44173.8,  39355.6,  424.320665841,  276.756200503,  1942.76
1561.494128,  44151.2,  39335.9,  424.321586583,  276.755619473,  1942.59
1561.51456224,  44130.4,  39316.2,  424.321261368,  276.75602099,  1943.66
1561.53499647,  44123.1,  39308.8,  424.322138626,  276.756117538,  1943.32
1561.5554308,  44121.3,  39308.6,  424.321903983,  276.755771719,  1942.45
1561.57586494,  44111.1,  39299.6,  424.322206394,  276.755773701,  1940.69
1561.59629917,  44086.0,  39274.0,  424.321304428,  276.756320173,  1941.88
1561.61673351,  44057.8,  39250.4,  424.321473301,  276.756238946,  1941.57
1561.63716764,  44066.9,  39258.8,  424.321700412,  276.756246604,  1940.08
1561.65760198,  44060.6,  39251.2,  424.321984974,  276.756304198,  1939.38
1561.67803621,  44060.4,  39252.6,  424.320483209,  276.756533405,  1940.05
1561.69847035,  44030.1,  39224.6,  424.321706693,  276.756503898,  1938.71
1561.71890468,  44005.4,  39201.7,  424.321490085,  276.756108076,  1939.83
1561.73933892,  43995.8,  39193.4,  424.321391913,  276.755954418,  1941.95
1561.75977305,  43975.3,  39174.1,  424.32188779,  276.756364302,  1938.99
1561.78020739,  43990.3,  39187.3,  424.321618263,  276.75642373,  1936.27
1561.80064162,  43967.3,  39168.8,  424.322076831,  276.756098664,  1937.9
1561.82107596,  43944.2,  39144.2,  424.322195126,  276.75571198,  1938.25
1561.8415101,  43946.4,  39147.1,  424.32172979,  276.756519048,  1939.72
1561.86194433,  43931.0,  39133.4,  424.321360164,  276.756270828,  1937.3
1561.88237867,  43921.2,  39124.2,  424.321959613,  276.756122394,  1936.52
1561.90281281,  43920.6,  39122.8,  424.321768672,  276.757361295,  1936.83
1561.92324704,  43923.4,  39125.5,  424.321717596,  276.756148993,  1937.64
1561.94368138,  43907.2,  39110.3,  424.321754928,  276.755352476,  1935.63
1561.96411552,  43743.4,  38966.0,  424.322281345,  276.756272681,  1937.21
1561.98454976,  43248.8,  38528.2,  424.321985875,  276.756539901,  1939.29
1562.00498409,  42571.7,  37931.1,  424.322749925,  276.755715949,  1934.67
1562.02541833,  42025.7,  37448.9,  424.323214795,  276.756899197,  1934.91
1562.04585257,  41765.7,  37216.6,  424.323376184,  276.756270273,  1935.29
1562.06628681,  41759.4,  37211.6,  424.323411945,  276.755350591,  1934.21
1562.08672095,  41756.0,  37207.7,  424.32280702,  276.755599622,  1936.5
1562.10715529,  41755.5,  37206.6,  424.323759165,  276.75570772,  1934.84
1562.12758953,  41750.5,  37203.5,  424.323092278,  276.755935104,  1934.29
1562.14802367,  41758.7,  37210.6,  424.323074603,  276.755695878,  1934.68
1562.16845801,  41764.5,  37215.2,  424.323335257,  276.755831323,  1933.82
1562.18889225,  41769.0,  37220.1,  424.323430525,  276.756389225,  1934.33
1562.20932659,  41907.7,  37339.8,  424.323638759,  276.755807605,  1934.22
1562.22976073,  42482.3,  37847.4,  424.322778179,  276.755239999,  1933.66
1562.25019497,  43194.9,  38477.6,  424.322594812,  276.756060238,  1932.5
1562.27062931,  43767.3,  38982.8,  424.321743451,  276.755743075,  1930.74
1562.29106345,  43923.1,  39120.5,  424.32170369,  276.756714936,  1932.6
1562.31149769,  43922.6,  39120.2,  424.321909642,  276.75667999,  1931.34
1562.33193203,  43943.6,  39137.5,  424.321996587,  276.756257405,  1930.45
1562.35236617,  43934.8,  39130.5,  424.322199708,  276.756250223,  1930.43
1562.37280051,  43963.2,  39155.2,  424.321823617,  276.75614543,  1931.15
1562.39323475,  43946.3,  39140.1,  424.322062029,  276.756016722,  1931.9
1562.4136689,  43960.3,  39153.7,  424.321895124,  276.756350055,  1929.7
1562.43410324,  43966.2,  39156.8,  424.321721754,  276.756382103,  1929.65
1562.45453748,  43986.5,  39175.6,  424.322119098,  276.755686472,  1929.42
1562.47497162,  43992.3,  39181.5,  424.321687913,  276.756301622,  1930.19
1562.49540597,  43999.3,  39186.6,  424.321766556,  276.756620984,  1929.1
1562.51584021,  44015.2,  39200.5,  424.321932345,  276.756449463,  1928.46
1562.53627445,  44038.9,  39222.7,  424.321814476,  276.756328473,  1928.27
1562.5567087,  44075.7,  39252.4,  424.322436167,  276.756680435,  1928.87
1562.57714294,  44039.8,  39222.6,  424.321958821,  276.756520428,  1928.58
1562.59757728,  44058.7,  39239.0,  424.322139896,  276.756491782,  1929.35
1562.61801143,  44078.3,  39255.9,  424.322814816,  276.756644612,  1927.59
1562.63844567,  44082.5,  39261.1,  424.32206371,  276.75629667,  1927.71
1562.65888001,  44091.8,  39267.3,  424.322370519,  276.75615712,  1928.65
1562.67931426,  44102.8,  39277.2,  424.322029333,  276.756470146,  1926.76
1562.6997484,  44108.9,  39284.4,  424.321691461,  276.756235262,  1926.21
1562.72018275,  44128.3,  39298.3,  424.321634665,  276.7563399,  1927.91
1562.74061689,  44105.6,  39280.4,  424.322113091,  276.756342183,  1927.23
1562.76105124,  44140.0,  39310.0,  424.322298162,  276.75600974,  1927.9
1562.78148548,  44133.4,  39302.8,  424.322049099,  276.756399393,  1927.52
1562.80191963,  44152.1,  39321.2,  424.32193407,  276.755979654,  1926.81
1562.82235398,  44158.5,  39325.8,  424.322293655,  276.756542766,  1926.98
1562.84278822,  44169.4,  39334.7,  424.322201178,  276.756510749,  1926.56
1562.86322237,  44175.6,  39341.5,  424.32194719,  276.756565682,  1924.35
1562.88365671,  44221.1,  39379.5,  424.322379386,  276.756928981,  1926.11
1562.90409096,  44187.6,  39351.6,  424.322213276,  276.756296286,  1926.92
1562.92452511,  44188.2,  39352.6,  424.321955359,  276.756425036,  1928.77
1562.94495946,  44193.1,  39354.5,  424.322500585,  276.75626365,  1928.47
1562.9653937,  44198.6,  39360.8,  424.322066787,  276.756598963,  1926.3
1562.98582805,  44203.7,  39365.0,  424.322291015,  276.756415108,  1925.97
1563.0062622,  44222.5,  39381.0,  424.32155083,  276.756474217,  1926.95
1563.02669645,  44217.5,  39376.8,  424.321769131,  276.756998625,  1927.95
1563.04713079,  44234.3,  39391.2,  424.322092626,  276.756923338,  1925.01
1563.06756494,  44219.7,  39377.3,  424.32236891,  276.756687577,  1926.38
1563.08799919,  44229.7,  39388.5,  424.321844682,  276.756619588,  1925.2
1563.10843354,  44229.8,  39386.1,  424.321997981,  276.756829579,  1926.86
1563.12886769,  44220.6,  39378.1,  424.321810249,  276.756421858,  1926.74
1563.14930204,  44222.5,  39380.8,  424.321967191,  276.756963477,  1925.18
1563.16973629,  44213.0,  39370.9,  424.322452293,  276.757006798,  1925.73
1563.19017053,  44213.4,  39372.9,  424.322341856,  276.756293633,  1925.55
1563.21060478,  44247.4,  39402.2,  424.321754517,  276.756474018,  1926.23
1563.23103903,  44212.9,  39371.0,  424.322656256,  276.75671061,  1926.02
1563.25147328,  44227.6,  39385.1,  424.32197574,  276.756375712,  1933.47
1563.27190753,  44214.3,  39372.4,  424.322112888,  276.756762411,  1935.45
1563.29234178,  44202.6,  39361.9,  424.32245936,  276.756749195,  1936.14
1563.31277603,  44195.5,  39357.1,  424.322782029,  276.756666143,  1935.97
1563.33321039,  44187.4,  39347.7,  424.32201125,  276.756657767,  1936.17
1563.35364454,  44186.5,  39348.8,  424.322368534,  276.756707504,  1933.85
1563.37407879,  44180.8,  39343.3,  424.322473989,  276.756237618,  1935.53
1563.39451304,  44167.2,  39330.0,  424.322269167,  276.756603173,  1933.36
1563.41494729,  44147.3,  39312.9,  424.32272641,  276.756582474,  1933.89
1563.43538164,  44153.1,  39318.6,  424.322220157,  276.756731195,  1933.26
1563.45581579,  44148.9,  39314.3,  424.322596102,  276.756533158,  1933.88
1563.47625005,  44126.1,  39294.8,  424.322375983,  276.756352914,  1932.3
1563.4966844,  44127.8,  39295.2,  424.322305434,  276.756458763,  1932.74
1563.51711855,  44110.2,  39279.5,  424.322509223,  276.756691683,  1933.02
1563.5375529,  44105.9,  39277.9,  424.322634532,  276.756329985,  1931.53
1563.55798716,  44101.7,  39271.6,  424.32264409,  276.756689102,  1931.5
1563.57842131,  44083.7,  39257.2,  424.32284846,  276.75667529,  1928.43
1563.59885566,  44063.7,  39239.4,  424.322493161,  276.75681774,  1930.7
1563.61928992,  44063.0,  39238.0,  424.322511849,  276.756515947,  1928.74
1563.63972407,  44055.8,  39232.9,  424.322939983,  276.757011811,  1927.0
1563.66015842,  44032.2,  39211.6,  424.322546835,  276.756821044,  1926.61
1563.68059268,  44024.7,  39204.0,  424.322650444,  276.75671928,  1927.21
1563.72146118,  43999.3,  39180.9,  424.322029475,  276.756585046,  1926.77
1563.74189544,  43981.9,  39166.7,  424.322728799,  276.756611648,  1925.69
1563.76232979,  43988.6,  39174.6,  424.322720356,  276.75665248,  1924.57
1563.78276395,  43960.2,  39147.9,  424.322204646,  276.756636716,  1926.79
1563.8031982,  43956.5,  39145.9,  424.322341544,  276.756708664,  1927.26
1563.82363256,  43937.8,  39129.8,  424.322716985,  276.756728365,  1927.1
1563.84406681,  43948.3,  39137.6,  424.322379716,  276.756853242,  1928.04
1563.86450097,  43924.7,  39119.4,  424.322510759,  276.756731349,  1925.98
1563.88493533,  43919.3,  39113.4,  424.322381392,  276.75683931,  1928.13
1563.90536958,  43908.5,  39103.6,  424.322121199,  276.756937505,  1927.66
1563.92580384,  43925.1,  39119.9,  424.322797267,  276.756713967,  1928.3
1563.94623809,  43896.2,  39092.9,  424.322114701,  276.757120842,  1928.78
1563.96667235,  43872.1,  39072.1,  424.32261434,  276.756833458,  1925.2
1563.98710661,  43407.2,  38664.0,  424.322538652,  276.756576849,  1927.31
1564.00754087,  42340.8,  37720.7,  424.323112411,  276.756525919,  1927.34
1564.02797512,  40976.8,  36515.6,  424.324203678,  276.756478559,  1927.28
1564.04840938,  39811.2,  35486.7,  424.324549629,  276.755719966,  1927.33
1564.06884364,  39370.8,  35097.3,  424.324974441,  276.755432908,  1926.03
1564.08927799,  39186.1,  34935.6,  424.325166327,  276.755451697,  1930.18
1564.10971215,  39091.5,  34850.9,  424.325363634,  276.755582744,  1929.45
1564.13014641,  39042.1,  34806.5,  424.32504875,  276.755730053,  1928.99
1564.15058077,  39062.4,  34826.5,  424.325064508,  276.754912738,  1928.28
1564.17101493,  39156.8,  34909.1,  424.324965892,  276.755579258,  1928.05
1564.19144919,  39317.9,  35050.7,  424.32552616,  276.755744326,  1927.24
1564.21188355,  39629.6,  35327.9,  424.324944869,  276.756183718,  1927.09
1564.2323177,  40649.4,  36227.0,  424.324279476,  276.756065262,  1924.63
1564.25275196,  41995.7,  37416.8,  424.323841372,  276.755953658,  1924.13
1564.27318632,  43179.0,  38461.0,  424.323135153,  276.756802783,  1923.85
1564.29362048,  43837.0,  39042.8,  424.322810472,  276.757189025,  1924.1
1564.31405484,  43916.4,  39113.8,  424.322498408,  276.757117024,  1922.66
1564.3344891,  43925.4,  39121.1,  424.322988067,  276.757397707,  1925.75
1564.35492326,  43941.2,  39135.0,  424.32252302,  276.757125729,  1921.21
1564.37535762,  43946.3,  39140.8,  424.322258556,  276.757162072,  1921.65
1564.39579188,  43970.8,  39160.5,  424.322375333,  276.756913,  1920.86
1564.41622614,  43964.3,  39154.6,  424.322037373,  276.75674919,  1922.55
1564.43666041,  43995.9,  39183.4,  424.322569428,  276.756876282,  1919.83
1564.45709467,  44027.6,  39210.0,  424.322674605,  276.756898306,  1920.72
1564.47752903,  44032.2,  39214.0,  424.32260809,  276.757359098,  1920.7
1564.49796329,  44028.6,  39210.6,  424.322494156,  276.756769398,  1919.59
1564.51839745,  44057.6,  39235.9,  424.322303643,  276.756881101,  1920.72
1564.53883181,  44069.1,  39246.9,  424.322424744,  276.757158812,  1919.24
1564.55926607,  44079.2,  39255.1,  424.322763997,  276.757092173,  1916.9
1564.57970024,  44088.5,  39262.3,  424.322783368,  276.757399373,  1917.61
1564.6001346,  44110.2,  39281.9,  424.322438754,  276.757175497,  1915.95
1564.62056886,  44121.0,  39290.8,  424.32242418,  276.757058359,  1913.97
1564.64100302,  44135.0,  39302.6,  424.322242934,  276.75703394,  1912.77
1564.66143739,  44156.5,  39322.7,  424.322305673,  276.757321346,  1913.69
1564.68187155,  44181.6,  39342.8,  424.322651247,  276.75730705,  1911.61
1564.70230591,  44188.6,  39350.5,  424.322166902,  276.75666227,  1911.16
1564.72274018,  44208.2,  39365.9,  424.322415661,  276.757213584,  1909.63
1564.74317434,  44215.9,  39372.1,  424.322836565,  276.757442977,  1909.48
1564.76360871,  44239.5,  39393.9,  424.322417348,  276.757305284,  1909.62
1564.78404297,  44248.5,  39401.0,  424.322355465,  276.75711652,  1911.15
1564.80447713,  44256.2,  39406.8,  424.322110706,  276.757462174,  1906.84
1564.8249115,  44263.1,  39414.1,  424.322538763,  276.757326739,  1906.5
1564.84534576,  44274.7,  39422.5,  424.322350372,  276.757107719,  1905.66
1564.86578013,  44292.1,  39438.1,  424.322640845,  276.757317486,  1905.38
1564.88621429,  44300.2,  39445.1,  424.322449969,  276.757269719,  1907.39
1564.90664856,  44309.1,  39451.7,  424.322633318,  276.757340525,  1906.96
1564.92708292,  44330.3,  39471.5,  424.322935283,  276.757321503,  1906.76
1564.94751709,  44358.0,  39495.3,  424.322658089,  276.757264071,  1907.35
1564.96795135,  44343.4,  39480.7,  424.322777307,  276.75781541,  1906.57
1564.98838572,  44333.7,  39473.3,  424.322552088,  276.75740666,  1904.66
1565.00881989,  44350.1,  39487.3,  424.32238675,  276.756961749,  1906.12
1565.02925415,  44359.2,  39493.4,  424.322706705,  276.757652326,  1905.7
1565.04968852,  44353.9,  39490.7,  424.323360589,  276.757318637,  1904.44
1565.07012279,  44370.4,  39503.7,  424.322730998,  276.756711456,  1905.34
1565.09055705,  44358.4,  39492.8,  424.322452104,  276.757637644,  1906.45
1565.11099132,  44351.3,  39488.0,  424.322513313,  276.757420492,  1905.4
1565.13142559,  44342.6,  39478.8,  424.322250366,  276.757600353,  1904.3
1565.15185986,  44341.8,  39478.0,  424.322496579,  276.757557775,  1904.39
1565.17229412,  44330.8,  39467.3,  424.322695516,  276.757352367,  1903.37
1565.19272839,  44345.7,  39480.1,  424.322287709,  276.757463233,  1905.28
1565.21316276,  44347.0,  39482.6,  424.322141268,  276.757346402,  1904.5
1565.23359693,  44321.5,  39459.3,  424.322297225,  276.757396715,  1904.64
1565.2540313,  44330.3,  39465.7,  424.322636766,  276.757853924,  1903.84
1565.27446556,  44322.1,  39460.4,  424.322637991,  276.757744901,  1903.71
1565.29489973,  44309.4,  39446.4,  424.322657148,  276.757827895,  1903.48
1565.3153341,  44302.7,  39441.4,  424.322416781,  276.757689213,  1904.32
1565.33576827,  44293.0,  39433.0,  424.32287315,  276.757520404,  1903.84
1565.35620254,  44275.9,  39416.4,  424.32268964,  276.757683889,  1901.72
1565.37663691,  44263.6,  39406.1,  424.323064431,  276.757695311,  1903.68
1565.39707108,  44254.4,  39398.6,  424.322874379,  276.757179865,  1900.68
1565.41750535,  44247.4,  39390.3,  424.322560513,  276.757295877,  1904.53
1565.43793972,  44236.0,  39381.8,  424.32283267,  276.757318659,  1904.25
1565.45837389,  44217.6,  39364.4,  424.322546295,  276.757777033,  1903.16
1565.47880826,  44212.5,  39359.6,  424.322399225,  276.757207039,  1904.96
1565.49924253,  44200.4,  39350.4,  424.322810554,  276.757569927,  1904.8
1565.5196767,  44173.6,  39324.7,  424.322863112,  276.757616154,  1905.75
1565.54011107,  44165.9,  39318.4,  424.322772652,  276.75767225,  1903.66
1565.56054534,  44145.9,  39301.7,  424.322915237,  276.757549028,  1902.49
1565.58097961,  44157.8,  39309.8,  424.323016598,  276.757557106,  1904.96
1565.60141389,  44129.8,  39286.3,  424.32275163,  276.757278448,  1903.71
1565.62184816,  44121.8,  39278.2,  424.322952175,  276.757677962,  1904.81
1565.64228253,  44133.0,  39287.1,  424.322745462,  276.757480813,  1903.63
1565.6627167,  44112.4,  39269.9,  424.322836171,  276.757488274,  1903.18
1565.68315097,  44081.2,  39241.3,  424.323397635,  276.757418122,  1903.04
1565.70358535,  44055.5,  39218.8,  424.322858872,  276.757690429,  1902.85
1565.72401962,  44044.9,  39209.5,  424.32275356,  276.756991357,  1902.78
1565.74445379,  44042.3,  39206.9,  424.323389115,  276.757840731,  1902.64
1565.76488816,  44033.2,  39199.3,  424.32284603,  276.757440752,  1901.95
1565.78532244,  44038.9,  39203.5,  424.323151062,  276.757575717,  1902.35
1565.80575671,  44009.5,  39176.4,  424.323083903,  276.757433763,  1900.86
1565.82619098,  43997.9,  39168.2,  424.322857629,  276.757294191,  1898.54
1565.84662526,  43984.3,  39155.1,  424.323263615,  276.757580006,  1899.59
1565.86705963,  43978.6,  39149.1,  424.322607264,  276.757316903,  1900.38
1565.88749381,  43967.0,  39140.1,  424.323166754,  276.757785808,  1901.21
1565.90792808,  43960.4,  39133.3,  424.3233439,  276.757647056,  1900.11
1565.92836245,  43950.7,  39124.3,  424.322789557,  276.757951994,  1899.77
1565.94879663,  43929.5,  39107.4,  424.32292387,  276.757360112,  1901.31
1565.9692309,  43936.0,  39110.6,  424.32300564,  276.757905909,  1900.1
1565.98966518,  43811.2,  39002.1,  424.323007198,  276.757746955,  1898.84
1566.01009945,  43358.3,  38602.3,  424.322855114,  276.757123394,  1899.68
1566.03053383,  42690.7,  38011.5,  424.323826821,  276.757550658,  1896.71
1566.050968,  42054.6,  37450.1,  424.324130404,  276.75728445,  1899.03
1566.07140228,  41816.7,  37239.2,  424.324947341,  276.756829795,  1898.24
1566.09183666,  41765.3,  37193.0,  424.32473286,  276.757385459,  1898.04
1566.11227083,  41757.4,  37187.4,  424.324860043,  276.757046462,  1896.32
1566.13270511,  41761.3,  37189.2,  424.324950057,  276.757676774,  1896.78
1566.15313948,  41752.2,  37180.3,  424.325017084,  276.757245238,  1897.7
1566.17357366,  41757.1,  37186.9,  424.324611256,  276.757554105,  1897.5
1566.19400804,  41750.4,  37178.2,  424.324902042,  276.757354096,  1896.57
1566.21444231,  41744.3,  37174.4,  424.324556985,  276.757189281,  1897.51
1566.23487649,  41840.2,  37259.7,  424.323907324,  276.756802441,  1895.52
1566.25531087,  42404.8,  37757.1,  424.324462169,  276.757247435,  1895.12
1566.27574515,  43065.7,  38342.2,  424.324037677,  276.757491551,  1893.63
1566.29617942,  43678.8,  38883.5,  424.323350288,  276.757805087,  1893.79
1566.3166137,  43893.2,  39072.3,  424.323592496,  276.757653472,  1894.51
1566.33704798,  43898.5,  39078.5,  424.323742449,  276.757195836,  1893.49
1566.35748226,  43923.2,  39098.8,  424.322855214,  276.757579613,  1892.98
1566.37791664,  43911.4,  39088.2,  424.323193648,  276.757732418,  1893.56
1566.39835081,  43929.5,  39105.6,  424.322835033,  276.757161052,  1893.2
1566.41878519,  43934.1,  39108.2,  424.323329437,  276.757803454,  1890.9
1566.43921947,  43958.7,  39129.9,  424.323068785,  276.75723466,  1892.81
1566.45965365,  43958.2,  39130.3,  424.323459817,  276.757663202,  1890.7
1566.48008803,  43967.1,  39137.0,  424.323329669,  276.75738017,  1891.63
1566.50052231,  43973.5,  39144.3,  424.323705951,  276.757714069,  1891.25
1566.52095649,  43976.8,  39145.1,  424.323002273,  276.757862575,  1894.02
1566.54139087,  43988.0,  39155.1,  424.323678246,  276.757947874,  1891.33
1566.56182515,  44044.6,  39206.7,  424.324232382,  276.757134408,  1891.42
1566.58225943,  44013.1,  39177.8,  424.323005445,  276.757950315,  1891.81
1566.60269371,  44029.3,  39191.9,  424.323253505,  276.757704614,  1892.31
1566.62312789,  44038.4,  39201.6,  424.323233418,  276.758016159,  1891.96
1566.64356227,  44060.4,  39219.3,  424.3230073,  276.757789221,  1890.36
1566.66399655,  44068.2,  39227.0,  424.323402824,  276.75773609,  1893.04
1566.70486511,  44079.0,  39235.9,  424.323275085,  276.757249897,  1891.91
1566.7252994,  44105.2,  39260.0,  424.32293594,  276.757986784,  1891.04
1566.74573368,  44120.5,  39272.7,  424.322996129,  276.757982502,  1891.56
1566.76616796,  44122.0,  39273.9,  424.322935637,  276.757941878,  1892.27
1566.78660224,  44142.8,  39294.6,  424.322668679,  276.75856381,  1889.8
1566.80703662,  44153.2,  39301.7,  424.323203594,  276.758193048,  1891.96
1566.82747081,  44158.8,  39307.8,  424.322634093,  276.757963816,  1890.67
1566.84790509,  44173.3,  39320.7,  424.32291584,  276.758227669,  1889.59
1566.86833947,  44196.8,  39340.3,  424.322844285,  276.75828108,  1891.01
1566.88877375,  44201.8,  39346.8,  424.323131112,  276.757980987,  1888.98
1566.90920794,  44213.0,  39356.9,  424.322395089,  276.758191125,  1889.73
1566.92964232,  44219.5,  39361.4,  424.322529641,  276.757921166,  1888.59
1566.9500766,  44228.4,  39370.5,  424.323612518,  276.758010947,  1889.01
1566.97051089,  44241.1,  39381.5,  424.322702012,  276.7584792,  1889.2
1566.99094517,  44232.6,  39374.1,  424.32271526,  276.758419096,  1888.87
1567.01137945,  44238.5,  39380.6,  424.32283062,  276.75849932,  1889.13
1567.03181374,  44258.1,  39396.9,  424.322865269,  276.758168462,  1888.02
1567.05224802,  44263.4,  39401.9,  424.322084841,  276.758546219,  1887.72
1567.07268231,  44239.0,  39381.5,  424.322877578,  276.757962249,  1887.98
1567.09311669,  44260.3,  39399.7,  424.322816491,  276.758495506,  1884.69
1567.11355088,  44236.6,  39380.3,  424.323013675,  276.757974416,  1886.79
1567.13398526,  44257.8,  39397.7,  424.322570067,  276.758331443,  1888.15
1567.15441955,  44243.3,  39384.9,  424.322447456,  276.758186211,  1887.66
1567.17485373,  44240.0,  39382.7,  424.323205515,  276.758774111,  1887.17
1567.19528812,  44237.3,  39379.0,  424.323215281,  276.758250565,  1886.01
1567.2157224,  44239.4,  39381.2,  424.323023596,  276.75785987,  1886.97
1567.23615659,  44236.2,  39379.0,  424.322825269,  276.758206185,  1886.21
1567.25659097,  44229.3,  39371.8,  424.323446232,  276.758399915,  1886.25
1567.27702516,  44225.2,  39368.9,  424.32288995,  276.7583597,  1886.61
1567.29745945,  44208.0,  39353.8,  424.323185222,  276.758187602,  1886.22
1567.31789383,  44208.7,  39352.8,  424.323170526,  276.75843107,  1885.69
1567.33832802,  44203.6,  39349.6,  424.323219971,  276.758249225,  1887.02
1567.35876241,  44205.3,  39351.8,  424.322869077,  276.758723281,  1885.07
1567.37919669,  44179.0,  39326.6,  424.322554465,  276.758696167,  1885.52
1567.39963088,  44164.9,  39315.7,  424.322744769,  276.758354205,  1884.71
1567.42006527,  44171.1,  39319.7,  424.322920952,  276.75872446,  1884.31
1567.44049956,  44148.3,  39299.0,  424.322843538,  276.758250746,  1885.28
1567.46093384,  44133.7,  39288.7,  424.323074531,  276.758469322,  1882.55
1567.48136813,  44108.8,  39263.6,  424.322953079,  276.758554206,  1884.89
1567.50180242,  44109.7,  39264.3,  424.322939274,  276.758724677,  1885.29
1567.52223681,  44094.5,  39251.8,  424.322920875,  276.758764728,  1896.07
1567.542671,  44065.5,  39224.8,  424.322833009,  276.758375976,  1883.92
1567.56310529,  44064.3,  39224.5,  424.32296031,  276.758538844,  1882.63
1567.58353967,  44059.4,  39219.9,  424.323129994,  276.758221676,  1883.9
1567.60397396,  44040.7,  39201.8,  424.323478918,  276.758056893,  1884.45
1567.62440815,  44018.1,  39183.4,  424.323288737,  276.758312932,  1883.54
1567.64484254,  44020.1,  39183.2,  424.323031619,  276.758279108,  1883.92
1567.66527683,  43996.2,  39161.6,  424.322995448,  276.758800043,  1884.23
1567.68571102,  43980.7,  39148.7,  424.323420612,  276.758372989,  1882.75
1567.70614541,  43974.1,  39141.3,  424.323269534,  276.75827609,  1883.18
1567.7265797,  43966.6,  39136.1,  424.322666238,  276.758300827,  1882.04
1567.74701409,  43969.3,  39138.5,  424.323011081,  276.758301464,  1882.08
1567.76744828,  43945.1,  39114.5,  424.323101533,  276.7585853,  1882.05
1567.78788257,  43918.3,  39091.9,  424.323069878,  276.758299369,  1881.2
1567.80831696,  43898.9,  39074.7,  424.323484217,  276.758572392,  1881.46
1567.82875115,  43886.9,  39062.7,  424.323517704,  276.758361707,  1882.51
1567.84918544,  43879.0,  39057.2,  424.322983656,  276.758554742,  1882.88
1567.86961984,  43861.5,  39039.3,  424.323276834,  276.758358748,  1881.94
1567.89005403,  43861.6,  39039.8,  424.323412576,  276.758594885,  1880.74
1567.91048842,  43858.3,  39037.9,  424.323892185,  276.758493377,  1881.1
1567.93092261,  43844.6,  39024.4,  424.322769558,  276.75850626,  1880.96
1567.9513569,  43848.0,  39027.3,  424.323117675,  276.7581177,  1882.31
1567.97179129,  43818.5,  39002.3,  424.323664904,  276.758596142,  1880.99
1567.99222549,  43807.6,  38990.5,  424.323510354,  276.758400294,  1880.85
1568.01265978,  43449.4,  38675.7,  424.323858406,  276.758184537,  1880.59
1568.03309417,  42456.7,  37797.6,  424.323503082,  276.758346609,  1881.38
1568.05352836,  41130.0,  36624.4,  424.324514205,  276.757864881,  1881.21
1568.07396266,  39884.1,  35524.9,  424.325587469,  276.756899125,  1882.37
1568.09439705,  39345.4,  35048.1,  424.326215846,  276.757323479,  1880.47
1568.11483134,  39160.9,  34884.6,  424.326036312,  276.757273157,  1881.63
1568.13526564,  39035.5,  34774.3,  424.326179027,  276.756668078,  1880.12
1568.15569993,  38989.2,  34732.3,  424.32614834,  276.756664848,  1880.91
1568.17613422,  39004.7,  34745.3,  424.326482274,  276.757280995,  1881.12
1568.19656852,  39086.7,  34818.7,  424.326100438,  276.757323869,  1880.57
1568.21700281,  39237.2,  34950.2,  424.326571783,  276.757032769,  1879.49
1568.23743711,  39519.7,  35201.5,  424.325905053,  276.757565231,  1879.44
1568.2578715,  40389.9,  35968.2,  424.325841699,  276.757279051,  1880.59
1568.2783057,  41737.6,  37159.2,  424.32475283,  276.758001792,  1880.9
1568.29874009,  42971.4,  38249.4,  424.323915469,  276.75837481,  1879.27
1568.31917439,  43745.8,  38933.1,  424.323240984,  276.758288367,  1880.82
1568.33960858,  43852.9,  39027.1,  424.324005684,  276.758667405,  1880.75
1568.36004298,  43869.0,  39042.3,  424.32353977,  276.758469783,  1880.22
1568.38047727,  43884.9,  39054.2,  424.323177748,  276.758478772,  1882.22
1568.40091147,  43897.1,  39065.8,  424.323571691,  276.758776366,  1880.11
1568.42134586,  43908.1,  39075.9,  424.32341882,  276.759012013,  1881.16
1568.44178016,  43910.5,  39077.8,  424.323751655,  276.758418079,  1879.59
1568.46221436,  43935.4,  39100.2,  424.323175763,  276.758523353,  1879.24
1568.48264875,  43945.5,  39107.6,  424.322971083,  276.75904016,  1881.01
1568.50308305,  43961.1,  39121.8,  424.323396279,  276.758481149,  1879.17
1568.52351745,  43974.6,  39134.8,  424.323786103,  276.758596659,  1879.76
1568.54395164,  44008.1,  39160.9,  424.323050471,  276.758380846,  1880.28
1568.56438584,  44012.1,  39166.1,  424.323810189,  276.758795516,  1880.96
1568.58482024,  44024.5,  39177.7,  424.323373781,  276.758771588,  1881.82
1568.60525453,  44062.0,  39209.4,  424.323381827,  276.758844212,  1880.81
1568.62568883,  44079.0,  39224.8,  424.323778239,  276.758401659,  1879.99
1568.64612313,  44090.1,  39234.5,  424.323415111,  276.75852519,  1881.21
1568.66655743,  44098.6,  39240.7,  424.323645376,  276.758885038,  1880.71
1568.68699183,  44113.8,  39255.5,  424.323235942,  276.758341262,  1879.5
1568.70742602,  44145.9,  39283.3,  424.323533188,  276.758814164,  1880.52
1568.72786032,  44150.2,  39287.0,  424.323435073,  276.758377136,  1878.24
1568.74829472,  44164.5,  39301.2,  424.323688855,  276.759032553,  1882.17
1568.76872902,  44186.7,  39318.7,  424.323681757,  276.758268465,  1879.55
1568.78916322,  44197.8,  39328.7,  424.3233471,  276.758709251,  1878.61
1568.80959762,  44210.3,  39340.6,  424.323492946,  276.758779754,  1881.84
1568.83003192,  44226.1,  39352.3,  424.323673704,  276.758420966,  1882.77
1568.85046622,  44253.6,  39378.7,  424.323734259,  276.759170502,  1883.27
1568.87090052,  44270.5,  39393.4,  424.323608981,  276.758894172,  1884.55
1568.89133482,  44272.4,  39394.5,  424.323827049,  276.758831248,  1886.97
1568.91176922,  44288.6,  39408.7,  424.322952047,  276.759074463,  1887.11
1568.93220342,  44313.2,  39429.9,  424.323951303,  276.758572454,  1888.82
1568.95263772,  44311.2,  39428.4,  424.323121101,  276.75880043,  1900.51
1568.97307212,  44339.4,  39454.2,  424.323463749,  276.759235279,  1887.31
1568.99350632,  44346.8,  39458.6,  424.323628198,  276.758930299,  1884.78
1569.01394062,  44355.3,  39468.3,  424.32382884,  276.758857363,  1885.31
1569.03437502,  44360.2,  39471.8,  424.323291518,  276.759151783,  1884.75
1569.05480922,  44355.9,  39466.7,  424.323400979,  276.759342568,  1884.19
1569.07524362,  44368.8,  39479.2,  424.323532638,  276.758713694,  1885.56
1569.09567792,  44374.4,  39484.2,  424.324128563,  276.758753665,  1884.93
1569.11611212,  44370.1,  39479.7,  424.323258111,  276.759199241,  1880.74
1569.13654653,  44378.5,  39488.1,  424.323266429,  276.758934763,  1881.58
1569.15698083,  44398.3,  39504.7,  424.323621536,  276.758824756,  1882.01
1569.17741503,  44375.9,  39484.7,  424.323846665,  276.75883617,  1880.73
1569.19784943,  44390.9,  39499.7,  424.323003848,  276.758502038,  1881.52
1569.21828363,  44390.1,  39496.8,  424.324317328,  276.759011059,  1881.0
1569.23871804,  44391.9,  39499.8,  424.323973576,  276.75904673,  1881.98
1569.25915234,  44371.4,  39482.2,  424.323429695,  276.758943741,  1880.82
1569.27958654,  44369.6,  39478.6,  424.3237911,  276.758860148,  1882.49
1569.30002095,  44375.0,  39485.5,  424.323966227,  276.759206913,  1879.92
1569.32045525,  44361.7,  39472.5,  424.323734524,  276.758690016,  1879.15
1569.34088955,  44363.9,  39473.4,  424.323480463,  276.759279603,  1879.36
1569.36132386,  44359.7,  39471.8,  424.32365712,  276.758931946,  1878.9
1569.38175816,  44359.0,  39469.5,  424.323633317,  276.759059859,  1879.41
1569.40219246,  44337.2,  39450.8,  424.323536975,  276.758951504,  1881.36
1569.42262677,  44315.0,  39432.4,  424.324006952,  276.759548342,  1879.27
1569.44306107,  44314.1,  39430.1,  424.3239187,  276.758950392,  1879.54
1569.46349548,  44296.5,  39416.0,  424.323781118,  276.75883205,  1879.71
1569.48392978,  44301.7,  39420.9,  424.323768683,  276.758776722,  1878.28
1569.50436399,  44269.2,  39390.1,  424.323499434,  276.75907314,  1878.06
1569.52479839,  44258.2,  39380.7,  424.323807843,  276.758765389,  1877.18
1569.5452327,  44258.6,  39381.5,  424.323678414,  276.759298732,  1876.49
1569.5656669,  44245.0,  39368.5,  424.323982414,  276.758666204,  1875.66
1569.58610131,  44221.9,  39350.4,  424.324005965,  276.759015167,  1875.31
1569.60653561,  44223.3,  39350.3,  424.323622098,  276.758721566,  1875.52
1569.62697002,  44197.0,  39326.0,  424.323553875,  276.758801466,  1873.38
1569.64740422,  44190.0,  39321.4,  424.324438676,  276.759082379,  1872.15
1569.68827294,  44181.9,  39314.7,  424.323502869,  276.758707969,  1874.44
1569.70870714,  44146.0,  39282.9,  424.323882953,  276.759093685,  1872.32
1569.72914145,  44129.4,  39267.3,  424.32367976,  276.758960454,  1873.32
1569.74957586,  44113.0,  39253.8,  424.32398291,  276.75899193,  1874.57
1569.77001006,  44107.3,  39248.5,  424.322993832,  276.759562437,  1872.77
1569.79044437,  44089.2,  39232.3,  424.323914318,  276.759032329,  1871.56
1569.81087878,  44072.8,  39220.3,  424.323682649,  276.759032394,  1874.04
1569.83131298,  44063.3,  39210.0,  424.323767027,  276.759382773,  1873.89
1569.85174739,  44060.8,  39209.0,  424.323397671,  276.758936589,  1872.1
1569.8721816,  44049.1,  39200.1,  424.323754621,  276.758799421,  1872.06
1569.89261591,  44038.2,  39189.3,  424.323302312,  276.759098198,  1872.66
1569.91305032,  44027.1,  39182.1,  424.324034556,  276.759079903,  1871.61
1569.93348452,  44018.8,  39174.2,  424.323905621,  276.759142002,  1873.42
1569.95391883,  44004.5,  39160.8,  424.323223929,  276.759164503,  1871.03
1569.97435324,  43995.7,  39154.6,  424.323682771,  276.759328726,  1873.41
1569.99478755,  43973.6,  39135.0,  424.323836335,  276.759263642,  1873.38
1570.01522186,  43886.0,  39058.5,  424.323382912,  276.760001071,  1870.82
1570.03565617,  43525.8,  38741.6,  424.323601194,  276.759554514,  1870.3
1570.05609048,  42857.8,  38149.2,  424.32471671,  276.759149496,  1871.33
1570.07652479,  42172.5,  37544.9,  424.32471288,  276.759135752,  1869.21
1570.0969591,  41808.7,  37224.2,  424.324561997,  276.759054798,  1871.6
1570.11739341,  41787.5,  37203.5,  424.325477025,  276.759438224,  1870.14
1570.13782782,  41788.5,  37206.3,  424.324977687,  276.759110044,  1869.94
1570.15826203,  41786.6,  37204.8,  424.325194188,  276.75918254,  1872.08
1570.17869644,  41776.7,  37195.2,  424.324921078,  276.758978774,  1870.15
1570.19913075,  41783.7,  37203.5,  424.325507157,  276.759331125,  1869.98
1570.21956496,  41774.7,  37194.1,  424.3247405,  276.758719074,  1870.2
1570.23999937,  41791.0,  37207.4,  424.325039999,  276.759106564,  1870.63
1570.26043368,  41838.8,  37252.3,  424.3251723,  276.759049208,  1868.75
1570.28086789,  42306.4,  37663.0,  424.324897995,  276.759288791,  1870.33
1570.3013023,  43003.4,  38280.0,  424.324613312,  276.759231632,  1869.07
1570.32173661,  43625.4,  38829.7,  424.323320711,  276.75957525,  1868.38
1570.34217082,  43950.4,  39114.9,  424.323731413,  276.760021226,  1868.87
1570.36260524,  43940.7,  39106.9,  424.324047039,  276.759795681,  1869.15
1570.38303955,  43940.9,  39107.3,  424.323797694,  276.759617824,  1869.46
1570.40347386,  43963.2,  39124.9,  424.323687333,  276.759258503,  1867.11
1570.42390817,  43960.7,  39124.4,  424.323906414,  276.759377802,  1866.93
1570.44434248,  43960.7,  39122.7,  424.323784107,  276.759665376,  1866.64
1570.4647768,  43972.4,  39132.8,  424.324366579,  276.759755987,  1867.7
1570.48521111,  43968.6,  39130.5,  424.323654207,  276.75942633,  1866.34
1570.50564542,  43984.1,  39141.9,  424.324125979,  276.759504733,  1865.63
1570.52607973,  43978.8,  39137.7,  424.323720985,  276.7597661,  1865.68
1570.54651405,  43989.6,  39148.3,  424.323407105,  276.759550261,  1864.19
1570.56694846,  43973.4,  39132.4,  424.324167804,  276.759446541,  1865.33
1570.58738267,  43998.8,  39156.1,  424.323780549,  276.759209333,  1864.68
1570.60781699,  44015.4,  39170.2,  424.32422842,  276.759917061,  1862.73
1570.6282514,  44030.7,  39181.8,  424.324038292,  276.759419877,  1865.21
1570.64868572,  44037.9,  39190.3,  424.324604733,  276.75944384,  1862.99
1570.66911993,  44036.4,  39187.3,  424.323705001,  276.759551997,  1865.01
1570.68955434,  44049.3,  39197.1,  424.323792758,  276.759495625,  1864.35
1570.70998866,  44063.7,  39211.3,  424.323602833,  276.759637961,  1865.44
1570.73042287,  44073.8,  39217.4,  424.323552572,  276.759305009,  1865.65
1570.75085729,  44085.1,  39228.7,  424.323988284,  276.76081676,  1863.4
1570.7712916,  44101.2,  39243.3,  424.323895912,  276.759890586,  1863.41
1570.79172602,  44108.5,  39247.7,  424.323784233,  276.759869101,  1863.52
1570.81216023,  44116.5,  39256.3,  424.324140723,  276.759599989,  1863.46
1570.83259455,  44119.9,  39257.9,  424.323819969,  276.759481058,  1862.76
1570.85302896,  44134.2,  39269.5,  424.323419037,  276.759691766,  1863.0
1570.87346318,  44151.7,  39287.6,  424.324281075,  276.759385847,  1863.67
1570.8938975,  44155.6,  39288.8,  424.324439533,  276.759516642,  1863.1
1570.91433191,  44175.0,  39305.6,  424.324140344,  276.759796937,  1862.89
1570.93476613,  44165.7,  39298.2,  424.324128281,  276.759535762,  1860.69
1570.95520054,  44182.5,  39311.4,  424.323720018,  276.759728329,  1861.7
1570.97563486,  44188.4,  39317.0,  424.324102193,  276.759946657,  1862.46
1570.99606908,  44203.8,  39330.7,  424.323590356,  276.759482532,  1861.79
1571.01650349,  44225.1,  39348.6,  424.323866153,  276.759527854,  1861.32
1571.03693781,  44196.1,  39323.9,  424.323975827,  276.75981155,  1861.97
1571.05737203,  44211.2,  39335.8,  424.324135295,  276.759917322,  1863.45
1571.07780645,  44211.5,  39334.8,  424.323960345,  276.759279185,  1861.84
1571.09824076,  44222.8,  39347.3,  424.324316417,  276.759690903,  1861.52
1571.11867498,  44224.4,  39346.9,  424.323901471,  276.759695066,  1862.42
1571.1391094,  44225.0,  39347.7,  424.324073672,  276.759497258,  1864.99
1571.15954372,  44230.3,  39353.0,  424.324207408,  276.759854493,  1863.58
1571.17997803,  44234.8,  39354.8,  424.324057392,  276.759840697,  1864.23
1571.20041235,  44229.5,  39350.4,  424.324078016,  276.759564991,  1864.92
1571.22084667,  44237.5,  39358.2,  424.323860455,  276.759494534,  1863.52
1571.24128099,  44248.9,  39366.1,  424.323822338,  276.759665375,  1864.51
1571.26171531,  44223.4,  39345.0,  424.323897092,  276.759268621,  1864.34
1571.28214963,  44225.9,  39347.3,  424.324143138,  276.75959533,  1861.74
1571.30258395,  44225.1,  39345.5,  424.323804809,  276.759760196,  1866.43
1571.32301826,  44216.6,  39339.6,  424.324503912,  276.759964421,  1865.83
1571.34345268,  44211.7,  39332.7,  424.324119861,  276.759746592,  1866.16
1571.363887,  44193.1,  39317.2,  424.324428797,  276.759605756,  1866.55
1571.38432122,  44210.5,  39333.8,  424.324292676,  276.759577165,  1866.41
1571.40475564,  44205.6,  39326.4,  424.323915271,  276.759826278,  1867.55
1571.42518996,  44182.4,  39307.0,  424.324075155,  276.759622151,  1866.84
1571.44562418,  44184.2,  39308.6,  424.324459672,  276.759734243,  1868.35
1571.4660586,  44176.8,  39301.4,  424.324021125,  276.759602295,  1868.98
1571.48649292,  44164.7,  39292.4,  424.324570855,  276.759803574,  1868.57
1571.50692714,  44144.6,  39273.5,  424.324403021,  276.759519073,  1869.09
1571.52736157,  44138.4,  39267.4,  424.324444877,  276.759771064,  1869.41
1571.54779589,  44119.2,  39250.6,  424.324194993,  276.75960948,  1869.59
1571.56823031,  44101.4,  39234.7,  424.324692424,  276.759824527,  1869.39
1571.58866453,  44089.1,  39224.0,  424.324208585,  276.759183233,  1871.42
1571.60909885,  44086.2,  39221.4,  424.324124713,  276.759552727,  1871.61
1571.62953327,  44051.9,  39190.6,  424.324580245,  276.759319413,  1872.77
1571.64996749,  44047.6,  39187.9,  424.324743265,  276.759365354,  1871.55
1571.67040182,  44045.4,  39186.2,  424.324323138,  276.759675732,  1871.95
1571.69083624,  44022.3,  39163.2,  424.324151543,  276.759923683,  1871.17
1571.71127046,  44009.0,  39153.4,  424.32425304,  276.759461037,  1870.36
1571.73170488,  44006.6,  39149.5,  424.32440722,  276.759821379,  1870.64
1571.7521392,  43966.4,  39114.1,  424.324750289,  276.759428163,  1869.01
1571.77257343,  43971.6,  39120.1,  424.324114906,  276.759536865,  1871.04
1571.79300785,  43935.7,  39086.5,  424.324517367,  276.759393824,  1869.99
1571.81344217,  43935.3,  39086.6,  424.324239851,  276.759624978,  1871.14
1571.8338764,  43935.9,  39088.1,  424.324756178,  276.759640064,  1870.25
1571.85431082,  43922.8,  39075.3,  424.324387121,  276.759923316,  1870.22
1571.87474514,  43900.3,  39057.2,  424.324507891,  276.759782998,  1871.0
1571.89517937,  43892.7,  39049.1,  424.324445825,  276.759739451,  1869.42
1571.91561379,  43884.0,  39040.3,  424.323966566,  276.759532592,  1866.84
1571.93604811,  43864.6,  39024.6,  424.324852126,  276.759791889,  1868.82
1571.95648254,  43860.2,  39019.7,  424.324706571,  276.759927746,  1868.68
1571.97691676,  43863.4,  39022.3,  424.324621643,  276.759837432,  1871.1
1571.99735109,  43845.4,  39008.1,  424.324468393,  276.759914818,  1867.63
1572.01778551,  43805.4,  38971.1,  424.324080098,  276.760496751,  1869.05
1572.03821974,  43578.5,  38770.4,  424.324723894,  276.759643325,  1868.05
1572.05865406,  42644.0,  37946.0,  424.325092117,  276.75961112,  1868.84
1572.07908849,  41353.7,  36804.6,  424.326063244,  276.758760651,  1865.88
1572.09952271,  40042.6,  35648.7,  424.327092251,  276.758821499,  1865.67
1572.11995714,  39404.2,  35083.5,  424.327874073,  276.758350911,  1864.17
1572.14039146,  39165.8,  34872.4,  424.326519531,  276.758140054,  1866.7
1572.16082569,  39053.7,  34774.2,  424.327455097,  276.758247497,  1864.16
1572.18126011,  38997.9,  34723.7,  424.32737941,  276.758535697,  1864.6
1572.20169444,  39001.2,  34727.5,  424.327492322,  276.757932249,  1861.2
1572.22212866,  39065.2,  34784.2,  424.327616427,  276.758254992,  1861.29
1572.24256309,  39215.2,  34915.4,  424.327327609,  276.758299751,  1860.98
1572.26299742,  39464.3,  35136.4,  424.32749723,  276.758015418,  1859.79
1572.28343174,  40217.4,  35803.1,  424.326373723,  276.758511809,  1860.19
1572.30386607,  41549.9,  36978.2,  424.326137731,  276.758997527,  1861.52
1572.3243004,  42799.5,  38082.7,  424.325909195,  276.759540335,  1860.61
1572.34473472,  43653.1,  38836.1,  424.324407334,  276.759786552,  1861.33
1572.36516905,  43854.8,  39014.7,  424.324234478,  276.759844753,  1862.04
1572.38560338,  43857.9,  39018.8,  424.324715912,  276.759647722,  1862.14
1572.40603771,  43892.6,  39047.5,  424.324498255,  276.760039407,  1860.98
1572.42647203,  43894.8,  39050.5,  424.324815311,  276.759954607,  1859.79
1572.44690636,  43900.2,  39055.8,  424.324832932,  276.760135589,  1860.92
1572.46734069,  43916.1,  39068.3,  424.32476652,  276.75993534,  1861.35
1572.48777502,  43931.7,  39083.7,  424.324787118,  276.760063835,  1860.57
1572.50820944,  43957.0,  39105.6,  424.324535975,  276.759966779,  1861.05
1572.52864377,  43951.5,  39099.6,  424.324627606,  276.759974088,  1861.41
1572.549078,  43961.2,  39109.9,  424.324794173,  276.75958608,  1860.29
1572.56951243,  43977.0,  39123.5,  424.324978288,  276.760092278,  1861.34
1572.58994676,  44005.0,  39147.9,  424.324809256,  276.760127927,  1862.29
1572.61038099,  44009.9,  39153.3,  424.324530471,  276.759418737,  1861.75
1572.63081542,  44025.0,  39166.2,  424.324322654,  276.76014501,  1861.33
1572.67168398,  44063.3,  39201.1,  424.324748825,  276.759670005,  1863.17
1572.69211841,  44085.1,  39219.6,  424.32443002,  276.760341995,  1862.84
1572.71255274,  44084.8,  39220.1,  424.324432765,  276.759915002,  1863.05
1572.73298717,  44115.4,  39247.3,  424.324459174,  276.760264996,  1862.88
1572.7534214,  44121.6,  39251.9,  424.324645469,  276.760066835,  1865.34
1572.77385573,  44139.6,  39270.5,  424.324511643,  276.760451534,  1864.39
1572.79429016,  44160.0,  39287.6,  424.324618775,  276.760438924,  1865.3
1572.81472439,  44164.5,  39292.6,  424.324293481,  276.759823211,  1865.07
1572.83515872,  44185.2,  39312.6,  424.324556764,  276.760547463,  1867.67
1572.85559315,  44186.3,  39312.2,  424.324370938,  276.760207231,  1872.84
1572.87602738,  44202.0,  39327.3,  424.324129134,  276.760040707,  1875.5
1572.89646181,  44232.2,  39354.7,  424.324524077,  276.760394822,  1877.52
1572.91689614,  44239.2,  39360.3,  424.324630542,  276.759868387,  1877.24
1572.93733037,  44239.3,  39362.5,  424.32463858,  276.760629166,  1877.34
1572.9577648,  44254.7,  39375.5,  424.324742665,  276.76053012,  1875.38
1572.97819914,  44279.1,  39397.2,  424.324084141,  276.76059547,  1865.34
1572.99863347,  44287.4,  39405.6,  424.324654717,  276.760456258,  1859.27
1573.0190678,  44267.3,  39387.7,  424.324809839,  276.760853228,  1856.54
1573.03950213,  44287.7,  39405.7,  424.324059038,  276.76050422,  1858.03
1573.05993636,  44295.8,  39413.7,  424.323518683,  276.760309832,  1857.26
1573.0803708,  44290.7,  39407.3,  424.323842747,  276.760698028,  1857.31
1573.10080513,  44308.0,  39425.3,  424.324266363,  276.760188422,  1856.74
1573.12123946,  44289.3,  39408.7,  424.324153878,  276.760431345,  1855.46
1573.14167379,  44317.5,  39432.3,  424.324098696,  276.760949234,  1855.55
1573.16210813,  44312.6,  39430.2,  424.324222876,  276.7605437,  1855.18
1573.18254256,  44314.3,  39431.0,  424.324404274,  276.760733543,  1853.33
1573.20297679,  44326.0,  39441.0,  424.324123946,  276.760764979,  1851.96
1573.22341113,  44336.6,  39450.6,  424.324423424,  276.760905038,  1852.43
1573.24384556,  44333.6,  39447.8,  424.324332388,  276.760796167,  1852.22
1573.26427979,  44321.5,  39436.8,  424.323834487,  276.760913983,  1852.58
1573.28471423,  44332.2,  39447.5,  424.32471399,  276.76074578,  1851.88
1573.30514856,  44344.0,  39456.8,  424.32449327,  276.760584353,  1849.81
1573.3255828,  44305.2,  39423.1,  424.324361281,  276.760962541,  1850.38
1573.34601723,  44313.8,  39429.9,  424.324522028,  276.761110437,  1849.94
1573.36645157,  44313.8,  39428.6,  424.323938442,  276.760659409,  1848.58
1573.3868858,  44313.4,  39430.0,  424.323906498,  276.760778367,  1846.75
1573.40732024,  44296.8,  39414.1,  424.324171774,  276.760611399,  1846.56
1573.42775457,  44284.1,  39403.3,  424.324583286,  276.760928765,  1845.12
1573.44818881,  44286.6,  39406.3,  424.32404951,  276.760540653,  1843.31
1573.46862324,  44293.9,  39411.0,  424.324118372,  276.760881798,  1843.12
1573.48905758,  44256.0,  39378.0,  424.324137055,  276.760886582,  1844.37
1573.50949201,  44246.7,  39368.5,  424.324749734,  276.761081225,  1844.46
1573.52992625,  44252.4,  39373.5,  424.324398609,  276.760961432,  1841.44
1573.55036058,  44255.2,  39375.9,  424.324008609,  276.761131442,  1843.53
1573.57079502,  44237.6,  39360.5,  424.324425605,  276.760745243,  1842.96
1573.59122926,  44214.1,  39338.4,  424.324846137,  276.760725793,  1843.01
1573.61166359,  44206.6,  39333.6,  424.324578724,  276.760371341,  1843.0
1573.63209803,  44198.5,  39325.4,  424.324543376,  276.760847901,  1841.35
1573.65253236,  44181.8,  39309.6,  424.324675323,  276.760900218,  1842.82
1573.6729667,  44173.0,  39302.3,  424.324192369,  276.760811826,  1841.47
1573.69340104,  44173.5,  39300.9,  424.324553907,  276.7606575,  1840.69
1573.71383528,  44148.1,  39279.7,  424.324735696,  276.760606676,  1840.81
1573.73426971,  44147.0,  39278.6,  424.324631644,  276.760849443,  1840.77
1573.75470405,  44136.8,  39267.7,  424.324527901,  276.761266022,  1839.72
1573.77513829,  44122.2,  39256.3,  424.324755247,  276.760711732,  1841.26
1573.79557272,  44114.9,  39249.1,  424.324415834,  276.760763692,  1839.78
1573.81600706,  44096.1,  39230.1,  424.324705812,  276.761210209,  1838.99
1573.8364413,  44089.6,  39226.7,  424.324535393,  276.760825222,  1839.49
1573.85687574,  44088.7,  39223.7,  424.324520218,  276.760482351,  1841.18
1573.87731008,  44082.8,  39218.0,  424.324843692,  276.760683526,  1840.07
1573.89774452,  44069.8,  39207.6,  424.324461846,  276.760881729,  1837.85
1573.91817875,  44056.2,  39194.3,  424.324502686,  276.760273919,  1837.03
1573.93861309,  44043.8,  39183.5,  424.324380046,  276.760426639,  1837.59
1573.95904753,  44065.1,  39202.5,  424.32446191,  276.760400815,  1837.72
1573.97948177,  44046.9,  39185.4,  424.324716501,  276.760589326,  1837.63
1573.99991611,  44037.9,  39178.9,  424.324571018,  276.760386312,  1836.01
1574.02035055,  44029.2,  39168.5,  424.324223615,  276.760869704,  1838.95
1574.04078479,  43891.1,  39047.7,  424.324628403,  276.761684598,  1837.12
1574.06121923,  43616.2,  38805.9,  424.324907538,  276.760755878,  1836.21
1574.08165357,  42981.3,  38242.6,  424.325410137,  276.760544235,  1840.82
1574.10208781,  42266.3,  37612.2,  424.32604075,  276.760670105,  1835.48
1574.12252225,  41821.6,  37219.5,  424.326077824,  276.76014249,  1836.93
1574.14295659,  41793.8,  37193.8,  424.326609085,  276.760724557,  1836.48
1574.16339093,  41789.1,  37190.6,  424.326148637,  276.760226472,  1835.7
1574.18382527,  41790.7,  37191.1,  424.32596393,  276.76055082,  1834.15
1574.20425961,  41778.7,  37179.6,  424.326102016,  276.760559443,  1835.87
1574.22469395,  41787.5,  37189.6,  424.326065122,  276.760224196,  1835.3
1574.24512829,  41781.3,  37182.1,  424.326423378,  276.760531329,  1834.49
1574.26556263,  41796.1,  37194.4,  424.326534436,  276.760521732,  1834.97
1574.28599697,  41816.8,  37214.5,  424.326083397,  276.760473924,  1834.22
1574.30643141,  42211.9,  37561.2,  424.32559977,  276.760509484,  1834.93
1574.32686565,  42917.4,  38185.4,  424.325614037,  276.760669522,  1834.14
1574.3473,  43591.6,  38781.5,  424.32510087,  276.760615147,  1834.7
1574.36773434,  43957.2,  39102.9,  424.324788885,  276.760468253,  1835.07
1574.38816868,  43993.9,  39137.2,  424.324882891,  276.761061543,  1832.92
1574.40860312,  43986.7,  39130.6,  424.324624345,  276.760774276,  1834.24
1574.42903736,  43983.4,  39125.2,  424.324887182,  276.760940423,  1835.24
1574.44947181,  43991.2,  39135.4,  424.325484199,  276.760968093,  1831.8
1574.46990615,  44007.0,  39146.4,  424.325067056,  276.760446886,  1832.32
1574.49034039,  43995.2,  39136.3,  424.325164374,  276.760808538,  1831.86
1574.51077483,  43991.9,  39135.1,  424.324833786,  276.760855555,  1832.24
1574.53120918,  44011.6,  39151.1,  424.324610196,  276.760961594,  1831.06
1574.55164342,  44014.9,  39154.1,  424.324105523,  276.76191463,  1832.6
1574.57207786,  44023.4,  39161.3,  424.324904196,  276.760693236,  1830.94
1574.59251221,  44028.9,  39165.9,  424.324809588,  276.761289293,  1830.39
1574.61294665,  44055.9,  39191.0,  424.324434584,  276.761030683,  1829.6
1574.63338089,  44043.4,  39179.0,  424.325179248,  276.760519456,  1829.98
1574.65381524,  44050.3,  39185.2,  424.324708249,  276.761081164,  1830.28
1574.67424968,  44052.6,  39188.7,  424.324813508,  276.760654855,  1830.93
1574.69468392,  44063.3,  39196.0,  424.32488696,  276.760892887,  1829.43
1574.71511827,  44083.7,  39214.6,  424.325051519,  276.760792945,  1829.09
1574.73555271,  44078.2,  39210.2,  424.324521604,  276.760815815,  1831.13
1574.75598696,  44076.9,  39207.9,  424.32468619,  276.761225749,  1828.83
1574.7764213,  44100.2,  39230.0,  424.324859637,  276.760405769,  1829.46
1574.79685575,  44098.3,  39229.3,  424.32529856,  276.761044643,  1828.19
1574.81729009,  44110.3,  39238.4,  424.324680151,  276.760977824,  1829.04
1574.83772444,  44128.5,  39256.6,  424.32431545,  276.76080652,  1828.08
1574.85815878,  44149.5,  39273.4,  424.324495662,  276.760770239,  1827.16
1574.87859313,  44151.4,  39275.8,  424.325033475,  276.760671524,  1827.49
1574.89902747,  44151.5,  39277.1,  424.324930458,  276.761114626,  1826.62
1574.91946182,  44148.1,  39271.7,  424.324335906,  276.760868151,  1827.56
1574.93989616,  44158.4,  39282.2,  424.324863979,  276.760946215,  1827.28
1574.96033051,  44171.0,  39293.4,  424.324799674,  276.761024064,  1826.87
1574.98076486,  44176.9,  39298.2,  424.324770584,  276.761098665,  1827.63
1575.0011992,  44178.5,  39301.5,  424.324791114,  276.761001962,  1826.91
1575.02163355,  44179.2,  39301.3,  424.324334833,  276.76114825,  1826.74
1575.04206789,  44194.9,  39313.7,  424.324891575,  276.760817735,  1825.36
1575.06250234,  44212.0,  39331.1,  424.324487453,  276.761279286,  1826.58
1575.08293659,  44212.4,  39329.7,  424.324364649,  276.761144629,  1825.64
1575.10337093,  44225.7,  39342.3,  424.325171986,  276.761530366,  1826.0
1575.12380538,  44220.1,  39338.4,  424.325417721,  276.761021708,  1826.63
1575.14423963,  44225.3,  39341.1,  424.324738174,  276.761479188,  1827.94
1575.16467398,  44230.4,  39347.0,  424.324660267,  276.761294604,  1824.34
1575.18510842,  44227.0,  39343.9,  424.324439291,  276.761383206,  1823.14
1575.20554267,  44222.5,  39339.7,  424.324594905,  276.760939864,  1826.36
1575.22597712,  44221.2,  39339.9,  424.32503535,  276.761241735,  1824.57
1575.24641147,  44243.5,  39359.0,  424.324670486,  276.761325158,  1825.66
1575.26684571,  44227.8,  39344.3,  424.324475926,  276.76167631,  1824.28
1575.28728016,  44216.8,  39336.6,  424.325023959,  276.761236135,  1824.02
1575.30771451,  44243.3,  39358.4,  424.324818266,  276.761107624,  1823.57
1575.32814876,  44235.4,  39352.1,  424.324874972,  276.76097149,  1823.49
1575.34858321,  44212.1,  39332.9,  424.324623752,  276.761147749,  1823.76
1575.36901756,  44217.3,  39336.5,  424.324322075,  276.760756161,  1822.11
1575.38945201,  44213.7,  39333.9,  424.324743973,  276.761189172,  1821.93
1575.40988625,  44219.2,  39338.8,  424.32464918,  276.760670914,  1823.49
1575.4303206,  44195.2,  39317.6,  424.32499956,  276.761442819,  1821.89
1575.45075505,  44183.6,  39309.4,  424.32485121,  276.761200024,  1822.29
1575.4711894,  44188.8,  39312.2,  424.325011528,  276.761357758,  1822.03
1575.49162365,  44171.3,  39298.1,  424.32439905,  276.761424362,  1822.0
1575.5120581,  44144.1,  39274.0,  424.324809031,  276.761692991,  1822.93
1575.53249245,  44156.8,  39285.0,  424.324958385,  276.761332116,  1820.42
1575.5529267,  44134.1,  39265.9,  424.324946386,  276.761461474,  1822.97
1575.57336115,  44126.2,  39260.3,  424.324579118,  276.760871892,  1822.07
1575.5937955,  44108.7,  39243.1,  424.325135014,  276.761564509,  1821.24
1575.61422985,  44106.3,  39242.7,  424.324948276,  276.761065914,  1821.68
1575.65509845,  44074.6,  39214.2,  424.324734026,  276.761253494,  1822.81
1575.6755329,  44082.3,  39222.3,  424.324809742,  276.761311183,  1821.46
1575.69596725,  44054.3,  39196.0,  424.324430114,  276.761315126,  1822.44
1575.71640151,  44049.7,  39193.5,  424.324217322,  276.761584258,  1819.56
1575.73683596,  44034.2,  39180.8,  424.324293771,  276.761235539,  1819.48
1575.75727031,  44017.7,  39165.6,  424.32453654,  276.761465304,  1820.26
1575.77770476,  43994.1,  39146.8,  424.324846538,  276.761583529,  1820.54
1575.79813901,  43981.4,  39135.0,  424.324618915,  276.7615334,  1819.47
1575.81857336,  43958.6,  39114.5,  424.325256191,  276.761704858,  1820.96
1575.83900781,  43958.1,  39115.5,  424.324153371,  276.76173154,  1819.03
1575.85944207,  43963.3,  39120.2,  424.324420006,  276.761251139,  1819.31
1575.87987642,  43940.5,  39101.0,  424.324712841,  276.761384568,  1821.9
1575.90031087,  43927.5,  39092.4,  424.324854477,  276.76154217,  1818.21
1575.92074512,  43924.5,  39087.4,  424.324774559,  276.761846148,  1819.33
1575.94117948,  43905.8,  39072.9,  424.324724293,  276.761570783,  1817.3
1575.96161393,  43900.0,  39068.5,  424.324698587,  276.761609003,  1818.47
1575.98204818,  43892.5,  39061.2,  424.325059646,  276.761892393,  1817.64
1576.00248263,  43885.1,  39056.5,  424.323994021,  276.761852725,  1818.28
1576.02291699,  43865.3,  39038.7,  424.324542967,  276.761812622,  1816.53
1576.04335134,  43866.7,  39040.1,  424.32445588,  276.761613768,  1814.87
1576.06378569,  43686.6,  38883.2,  424.324368132,  276.761498848,  1816.82
1576.08422005,  42827.9,  38122.7,  424.325631659,  276.761461369,  1816.98
1576.1046544,  41567.8,  37010.6,  424.325411431,  276.761018205,  1814.86
1576.12508875,  40249.8,  35846.1,  424.326438755,  276.760554115,  1816.0
1576.14552311,  39474.7,  35161.7,  424.327349978,  276.760666918,  1815.18
1576.16595746,  39227.1,  34943.7,  424.327162255,  276.760012367,  1815.96
1576.18639192,  39094.0,  34826.2,  424.327464444,  276.759756726,  1817.08
1576.20682617,  39025.3,  34763.9,  424.327291437,  276.759806644,  1815.53
1576.22726063,  39004.6,  34747.6,  424.327604853,  276.760003966,  1814.03
1576.24769498,  39060.9,  34796.4,  424.327326679,  276.760366369,  1816.23
1576.26812923,  39204.6,  34922.9,  424.326851892,  276.760436887,  1814.95
1576.28856369,  39416.7,  35112.2,  424.327543465,  276.760321856,  1814.9
1576.30899794,  40064.8,  35682.8,  424.327066841,  276.760855237,  1816.01
1576.3294323,  41358.9,  36826.6,  424.32598197,  276.761709085,  1815.33
1576.34986676,  42658.0,  37975.4,  424.325604711,  276.761402598,  1813.29
1576.39073547,  43897.1,  39068.8,  424.324888411,  276.762109563,  1813.85
1576.41116982,  43892.8,  39065.1,  424.324558818,  276.762058335,  1814.85
1576.43160408,  43895.3,  39066.8,  424.324758342,  276.761783184,  1816.0
1576.45203853,  43922.0,  39091.0,  424.324675588,  276.762024553,  1814.12
1576.47247289,  43927.5,  39094.2,  424.324597153,  276.762068031,  1812.12
1576.49290715,  43938.9,  39105.2,  424.324571075,  276.761634509,  1810.94
1576.5133416,  43952.6,  39118.2,  424.324952094,  276.761936762,  1812.79
1576.53377596,  43968.2,  39129.6,  424.324439791,  276.761717673,  1813.5
1576.55421032,  43976.6,  39138.5,  424.324532731,  276.762462151,  1813.24
1576.57464467,  43977.4,  39137.9,  424.324554392,  276.762217091,  1812.4
1576.59507903,  44001.2,  39157.6,  424.324887136,  276.761963285,  1813.03
1576.61551349,  44006.3,  39164.4,  424.324652789,  276.762058279,  1812.16
1576.63594774,  44019.6,  39175.4,  424.324738656,  276.762158244,  1811.29
1576.6563821,  44055.4,  39205.8,  424.324685118,  276.761690408,  1812.14
1576.67681656,  44058.3,  39210.0,  424.324564363,  276.761981286,  1810.53
1576.69725092,  44074.4,  39222.4,  424.325055335,  276.762021903,  1811.02
1576.71768517,  44079.1,  39226.1,  424.324862594,  276.761968004,  1812.68
1576.73811963,  44080.9,  39229.4,  424.325002594,  276.761881982,  1811.32
1576.75855399,  44115.4,  39257.8,  424.324799061,  276.76226301,  1811.09
1576.77898835,  44127.7,  39269.5,  424.324656612,  276.762075993,  1810.64
1576.79942271,  44135.9,  39275.6,  424.324272547,  276.762114403,  1811.01
1576.81985706,  44149.3,  39287.4,  424.324937887,  276.76208609,  1809.61
1576.84029152,  44157.1,  39294.9,  424.324723707,  276.762269905,  1808.93
1576.86072578,  44175.1,  39309.3,  424.32538571,  276.762102749,  1809.58
1576.88116014,  44203.6,  39334.2,  424.325037267,  276.762036388,  1810.75
1576.9015946,  44202.3,  39335.1,  424.325059533,  276.761766643,  1809.85
1576.92202886,  44206.4,  39335.2,  424.324758397,  276.761922328,  1812.05
1576.94246322,  44217.3,  39346.9,  424.32447952,  276.762013508,  1810.43
1576.96289758,  44234.2,  39361.2,  424.324897163,  276.762064714,  1808.62
1576.98333194,  44240.6,  39365.3,  424.325258071,  276.76180288,  1811.33
1577.00376639,  44239.7,  39366.3,  424.324686128,  276.761870493,  1808.59
1577.02420065,  44260.2,  39383.1,  424.325027895,  276.762481824,  1808.67
1577.04463501,  44267.3,  39388.4,  424.32466023,  276.762106264,  1808.69
1577.06506947,  44279.7,  39400.6,  424.324618301,  276.761682619,  1808.15
1577.08550373,  44273.3,  39393.7,  424.324775411,  276.762211868,  1809.32
1577.10593809,  44268.2,  39389.6,  424.325196502,  276.762061103,  1807.94
1577.12637256,  44282.8,  39402.7,  424.324836083,  276.762244316,  1807.63
1577.14680682,  44295.3,  39412.3,  424.324672847,  276.761957168,  1808.82
1577.16724128,  44280.1,  39399.5,  424.324659607,  276.761776543,  1808.38
1577.18767564,  44281.1,  39400.9,  424.324974215,  276.762210307,  1806.66
1577.2081099,  44294.8,  39411.2,  424.325326145,  276.762143192,  1806.88
1577.22854436,  44293.7,  39411.8,  424.324416677,  276.762167943,  1806.21
1577.24897872,  44277.6,  39396.5,  424.324913766,  276.762380184,  1805.33
1577.26941308,  44281.5,  39398.7,  424.324804466,  276.762169062,  1805.02
1577.28984744,  44274.0,  39394.0,  424.324820455,  276.762222276,  1805.48
1577.3102818,  44270.7,  39389.0,  424.325153822,  276.762618562,  1804.93
1577.33071617,  44258.6,  39379.2,  424.324761938,  276.762236715,  1806.81
1577.35115063,  44257.7,  39378.6,  424.324306171,  276.762059428,  1806.06
1577.37158489,  44250.5,  39370.2,  424.324977418,  276.762161748,  1804.68
1577.39201935,  44236.9,  39361.0,  424.324920256,  276.762584781,  1804.88
1577.41245371,  44235.2,  39357.9,  424.324571466,  276.762508473,  1805.39
1577.43288798,  44239.1,  39361.2,  424.325052509,  276.762495613,  1805.19
1577.45332244,  44208.0,  39335.6,  424.325243329,  276.761992318,  1804.25
1577.4737568,  44215.4,  39340.8,  424.324928153,  276.761876385,  1805.24
1577.49419106,  44194.8,  39322.7,  424.324753758,  276.762190676,  1803.83
1577.51462553,  44184.2,  39314.1,  424.325468524,  276.762029824,  1803.93
1577.53505989,  44163.2,  39294.1,  424.324930468,  276.762041128,  1804.79
1577.55549425,  44169.4,  39300.5,  424.324764761,  276.762390331,  1803.69
1577.57592862,  44151.3,  39284.0,  424.325181883,  276.762149092,  1804.85
1577.59636288,  44143.8,  39275.8,  424.325270224,  276.762067422,  1803.33
1577.61679734,  44138.4,  39273.1,  424.325074388,  276.762310533,  1802.51
1577.63723171,  44121.3,  39256.5,  424.324763297,  276.762502242,  1804.34
1577.65766597,  44106.2,  39243.4,  424.3252386,  276.762016503,  1803.13
1577.67810043,  44101.1,  39240.2,  424.324736304,  276.762455449,  1802.58
1577.6985348,  44098.7,  39236.6,  424.325286213,  276.762326769,  1803.42
1577.71896916,  44097.9,  39236.5,  424.325064543,  276.762121125,  1805.62
1577.73940353,  44074.9,  39216.8,  424.325207337,  276.76156296,  1800.25
1577.75983789,  44054.8,  39197.6,  424.325164558,  276.761822324,  1802.4
1577.78027236,  44048.8,  39193.7,  424.325380893,  276.762161915,  1801.33
1577.80070662,  44042.1,  39186.0,  424.325511943,  276.762182388,  1800.44
1577.82114098,  44036.1,  39180.6,  424.325389461,  276.762133317,  1801.92
1577.84157545,  44013.9,  39163.3,  424.325173318,  276.762428257,  1800.33
1577.86200981,  43899.8,  39060.1,  424.325142304,  276.76165123,  1801.79
1577.88244408,  43994.7,  39145.1,  424.325626288,  276.762123654,  1801.54
1577.90287855,  43999.3,  39150.5,  424.32529162,  276.762015075,  1800.67
1577.92331291,  43999.9,  39148.9,  424.325555481,  276.762118657,  1799.53
1577.94374728,  43984.8,  39138.4,  424.324951329,  276.762280813,  1799.28
1577.96418164,  43975.8,  39129.3,  424.325354539,  276.761784263,  1799.74
1577.98461601,  43964.4,  39117.4,  424.325227273,  276.762316256,  1800.7
1578.00505037,  43962.3,  39118.0,  424.324901138,  276.762117411,  1798.16
1578.02548474,  43949.5,  39105.7,  424.325664673,  276.762298199,  1799.07
1578.04591911,  43943.9,  39099.9,  424.325270277,  276.762031205,  1800.42
1578.06635357,  43888.4,  39053.4,  424.324566034,  276.762568882,  1807.35
1578.08678784,  43641.7,  38833.6,  424.325140219,  276.762091288,  1803.38
1578.10722221,  43009.2,  38275.8,  424.325984178,  276.7621249,  1799.51
1578.12765667,  42315.3,  37663.3,  424.326211067,  276.761353198,  1799.95
1578.14809094,  41833.8,  37236.2,  424.326825613,  276.761958821,  1799.77
1578.16852541,  41768.6,  37180.6,  424.326972068,  276.761323292,  1798.42
1578.18895977,  41758.8,  37171.6,  424.326353792,  276.761792849,  1798.47
1578.20939404,  41768.1,  37178.9,  424.32662267,  276.761898163,  1798.06
1578.22982851,  41765.4,  37178.1,  424.326267384,  276.761959819,  1798.99
1578.25026277,  41767.2,  37177.9,  424.327335446,  276.761922953,  1798.63
1578.27069714,  41752.5,  37166.5,  424.326436779,  276.761804156,  1798.25
1578.29113161,  41763.5,  37176.8,  424.326552411,  276.761866927,  1799.24
1578.31156588,  41768.8,  37180.3,  424.326050525,  276.761298871,  1799.35
1578.33200035,  42112.8,  37485.5,  424.326431035,  276.761561112,  1798.29
1578.35243471,  42798.3,  38090.3,  424.326319302,  276.761550776,  1800.26
1578.37286898,  43451.4,  38665.9,  424.325648125,  276.762100282,  1797.98
1578.39330345,  43884.4,  39051.0,  424.325137865,  276.762434006,  1797.61
1578.41373782,  43954.8,  39111.0,  424.325321655,  276.761612454,  1797.72
1578.43417219,  43954.7,  39112.9,  424.325317645,  276.762131325,  1798.97
1578.45460656,  43957.7,  39115.7,  424.325080254,  276.761939007,  1798.27
1578.47504093,  43978.4,  39132.4,  424.325737564,  276.762595702,  1798.2
1578.49547529,  43990.3,  39145.2,  424.325663626,  276.762309553,  1798.46
1578.51590966,  43994.7,  39148.9,  424.325198498,  276.762172587,  1796.48
1578.53634403,  44004.6,  39157.0,  424.325236624,  276.76218004,  1795.6
1578.5567785,  44012.0,  39165.2,  424.325557448,  276.762345635,  1796.37
1578.57721287,  44023.5,  39173.4,  424.325111142,  276.7623302,  1797.16
1578.59764714,  44029.5,  39178.8,  424.325789883,  276.762005789,  1796.43
1578.63851598,  44074.8,  39218.6,  424.325941636,  276.762699784,  1795.69
1578.65895025,  44062.4,  39209.0,  424.325171374,  276.761936378,  1794.13
1578.67938472,  44071.1,  39217.5,  424.324973119,  276.762770555,  1796.09
1578.69981909,  44092.4,  39235.7,  424.324868296,  276.762539833,  1794.01
1578.72025336,  44090.9,  39236.1,  424.325654376,  276.762387574,  1795.57
1578.74068783,  44100.3,  39244.7,  424.325127259,  276.762684643,  1794.9
1578.7611222,  44119.7,  39261.4,  424.324722969,  276.762660776,  1794.37
1578.78155667,  44113.5,  39258.6,  424.325064367,  276.762474762,  1795.0
1578.80199094,  44134.8,  39275.7,  424.325858279,  276.762659867,  1795.91
1578.82242531,  44133.4,  39275.9,  424.325046072,  276.762257889,  1794.6
1578.84285979,  44149.7,  39291.7,  424.324863649,  276.762749175,  1794.34
1578.86329406,  44154.7,  39294.1,  424.324791916,  276.762812753,  1795.28
1578.88372843,  44163.1,  39304.0,  424.325118999,  276.762771834,  1795.0
1578.9041628,  44188.9,  39326.8,  424.325411454,  276.762709879,  1794.09
1578.92459717,  44180.5,  39319.6,  424.324880396,  276.76255438,  1792.28
1578.94503164,  44200.2,  39338.7,  424.324800356,  276.762912848,  1792.37
1578.96546591,  44188.6,  39327.3,  424.324972899,  276.76254317,  1793.13
1578.98590029,  44201.3,  39339.6,  424.324539477,  276.762768316,  1793.61
1579.00633476,  44210.2,  39349.3,  424.324927026,  276.763065957,  1793.32
1579.02676903,  44211.2,  39348.8,  424.324645831,  276.762805309,  1792.88
1579.0472034,  44224.5,  39361.7,  424.324732826,  276.762890134,  1792.45
1579.06763788,  44226.8,  39363.4,  424.325268085,  276.763276477,  1791.97
1579.08807225,  44230.9,  39367.0,  424.324491076,  276.762604029,  1790.9
1579.10850652,  44236.6,  39373.4,  424.324783276,  276.762819278,  1792.61
1579.12894099,  44228.6,  39365.3,  424.324478894,  276.762898782,  1791.61
1579.14937537,  44233.6,  39369.8,  424.324705011,  276.763052229,  1792.21
1579.16980974,  44247.2,  39382.9,  424.324910994,  276.762666385,  1790.79
1579.19024411,  44239.4,  39374.5,  424.324919544,  276.762765597,  1791.36
1579.21067849,  44255.0,  39389.5,  424.324059854,  276.76310419,  1791.2
1579.23111296,  44247.0,  39383.8,  424.324878098,  276.763163078,  1790.96
1579.25154723,  44248.8,  39382.3,  424.32485403,  276.762847518,  1790.18
1579.27198161,  44241.7,  39378.0,  424.324525482,  276.762888522,  1790.46
1579.29241608,  44242.4,  39378.5,  424.324608742,  276.763029953,  1789.78
1579.31285035,  44239.1,  39373.7,  424.32485002,  276.762892512,  1791.79
1579.33328483,  44235.3,  39372.6,  424.324388759,  276.762906341,  1790.84
1579.3537192,  44230.1,  39366.6,  424.324861124,  276.763079577,  1791.04
1579.37415348,  44225.0,  39361.4,  424.324978407,  276.76276001,  1792.01
1579.39458795,  44206.6,  39346.2,  424.325095764,  276.762780201,  1791.25
1579.41502233,  44206.7,  39344.6,  424.325162876,  276.763194961,  1790.54
1579.4354566,  44210.0,  39349.0,  424.324843963,  276.76309288,  1790.69
1579.45589108,  44188.1,  39328.8,  424.324914022,  276.763201288,  1791.04
1579.47632545,  44179.9,  39320.1,  424.324653423,  276.762228762,  1790.21
1579.49675973,  44167.8,  39311.0,  424.324912062,  276.762770888,  1789.24
1579.5171942,  44149.7,  39293.7,  424.324830987,  276.762645248,  1792.48
1579.53762848,  44164.3,  39305.8,  424.324858884,  276.76250367,  1790.67
1579.55806295,  44136.1,  39282.3,  424.324885674,  276.762769081,  1789.06
1579.57849733,  44132.7,  39276.5,  424.325032594,  276.763135679,  1790.28
1579.5989317,  44120.6,  39267.0,  424.325286198,  276.762782694,  1791.19
1579.61936608,  44101.5,  39250.2,  424.324585497,  276.763231455,  1790.28
1579.63980045,  44093.9,  39242.3,  424.324655315,  276.762716289,  1788.57
1579.66023483,  44090.2,  39239.9,  424.324880526,  276.762723938,  1787.66
1579.68066921,  44067.1,  39218.5,  424.325280843,  276.762715792,  1787.26
1579.70110358,  44057.9,  39210.5,  424.325181682,  276.76317652,  1788.93
1579.72153806,  44022.4,  39180.5,  424.32520571,  276.76278099,  1787.22
1579.74197244,  44024.0,  39179.9,  424.325097566,  276.762897715,  1786.91
1579.76240671,  44004.5,  39161.6,  424.325445719,  276.763055742,  1787.52
1579.78284119,  43995.4,  39155.0,  424.324831345,  276.762808743,  1788.69
1579.80327557,  43991.2,  39148.9,  424.325306656,  276.762933048,  1786.55
1579.82370984,  43976.2,  39137.1,  424.325325795,  276.763173158,  1786.51
1579.84414432,  43962.2,  39123.9,  424.324468658,  276.762923521,  1787.0
1579.8645787,  43930.5,  39095.0,  424.325144742,  276.762956065,  1787.7
1579.88501297,  43926.3,  39093.1,  424.324662007,  276.762757676,  1785.8
1579.90544745,  43907.9,  39074.5,  424.325049426,  276.763257582,  1785.35
1579.92588183,  43904.1,  39070.0,  424.325126474,  276.762969869,  1785.8
1579.94631631,  43889.4,  39058.5,  424.325288465,  276.763005851,  1787.78
1579.96675058,  43877.6,  39046.4,  424.325008596,  276.762955451,  1785.21
1579.98718496,  43871.7,  39041.7,  424.325483219,  276.763032578,  1784.94
1580.00761944,  43854.2,  39026.9,  424.32530686,  276.762811353,  1783.89
1580.02805372,  43847.6,  39018.8,  424.325147238,  276.76288739,  1784.73
1580.0484881,  43843.0,  39015.3,  424.325478865,  276.762814659,  1783.61
1580.06892257,  43842.8,  39014.3,  424.325091983,  276.762810538,  1785.96
1580.08935685,  43726.8,  38910.9,  424.325280997,  276.76254606,  1783.62
1580.10979123,  42962.4,  38237.9,  424.325668957,  276.762640107,  1783.53
1580.13022571,  41736.3,  37153.5,  424.32608033,  276.762117256,  1782.03
1580.15065999,  40404.8,  35976.1,  424.327481156,  276.761836553,  1782.59
1580.17109447,  39507.8,  35185.1,  424.328110508,  276.761302067,  1783.68
1580.19152875,  39228.9,  34936.1,  424.32825458,  276.761418271,  1783.06
1580.21196313,  39063.0,  34791.4,  424.327384285,  276.761067358,  1783.47
1580.23239761,  38999.1,  34734.5,  424.327780578,  276.761273173,  1781.37
1580.25283189,  38997.2,  34731.3,  424.327535976,  276.761095424,  1782.33
1580.27326627,  39043.4,  34774.4,  424.328023137,  276.761272633,  1779.92
1580.29370074,  39160.9,  34876.4,  424.327860374,  276.761117498,  1780.7
1580.31413512,  39362.0,  35054.1,  424.327931456,  276.761331758,  1781.85
1580.3345695,  39887.7,  35519.7,  424.327594258,  276.76145896,  1779.88
1580.35500388,  41125.4,  36611.4,  424.327028783,  276.762249657,  1781.17
1580.37543826,  42409.5,  37745.5,  424.326739717,  276.763136969,  1779.78
1580.39587264,  43470.7,  38684.0,  424.325669456,  276.762912104,  1780.96
1580.41630703,  43855.9,  39021.8,  424.324916918,  276.763068734,  1780.43
1580.43674141,  43877.1,  39041.3,  424.325364354,  276.762925867,  1780.46
1580.45717589,  43901.2,  39062.9,  424.325825844,  276.763504109,  1778.51
1580.47761017,  43899.3,  39060.0,  424.325386839,  276.762796095,  1777.27
1580.49804455,  43933.2,  39091.1,  424.325537533,  276.763249039,  1778.05
1580.51847903,  43918.7,  39076.7,  424.325499255,  276.763195717,  1779.45
1580.53891331,  43950.8,  39105.5,  424.325505622,  276.762749535,  1778.46
1580.55934779,  43949.7,  39105.6,  424.325266004,  276.763138951,  1779.69
1580.57978217,  43968.7,  39120.3,  424.325524636,  276.763022017,  1777.98
1580.60021645,  43993.4,  39143.4,  424.325234238,  276.763195832,  1777.18
1580.62065094,  43993.7,  39144.1,  424.325545621,  276.762879884,  1775.88
1580.64108532,  43934.1,  39090.0,  424.32585042,  276.762625478,  1776.31
1580.6615196,  44042.3,  39186.6,  424.325164435,  276.76287516,  1777.29
1580.68195408,  44055.7,  39198.2,  424.325391129,  276.763476541,  1777.15
1580.70238846,  44061.8,  39202.5,  424.325874319,  276.763236647,  1777.97
1580.72282294,  44097.4,  39235.0,  424.325324188,  276.762754813,  1778.74
1580.74325723,  44106.9,  39242.3,  424.325188676,  276.763239251,  1777.62
1580.76369161,  44142.1,  39274.0,  424.325999015,  276.763496808,  1775.88
1580.78412609,  44143.3,  39275.5,  424.325683263,  276.762841095,  1775.63
1580.80456037,  44162.3,  39290.2,  424.325124612,  276.76296865,  1777.48
1580.82499476,  44171.7,  39300.0,  424.325697942,  276.763545034,  1776.1
1580.84542914,  44192.2,  39318.0,  424.324883796,  276.762849591,  1777.07
1580.86586352,  44212.9,  39335.4,  424.325237354,  276.763111637,  1776.34
1580.88629791,  44229.9,  39351.9,  424.32551111,  276.76359591,  1776.19
1580.90673229,  44239.0,  39357.9,  424.324980673,  276.763370803,  1775.74
1580.92716667,  44236.1,  39355.8,  424.325614891,  276.763330556,  1773.89
1580.94760116,  44264.1,  39382.8,  424.325224415,  276.763287702,  1775.57
1580.96803554,  44272.5,  39387.6,  424.325479861,  276.763367225,  1775.61
1580.98846982,  44278.5,  39393.3,  424.325763936,  276.763380191,  1775.45
1581.00890431,  44301.6,  39414.1,  424.325496734,  276.763422617,  1774.19
1581.02933869,  44306.7,  39417.0,  424.32514927,  276.763399374,  1774.32
1581.04977297,  44320.2,  39430.8,  424.325035022,  276.763450962,  1773.95
1581.07020746,  44340.1,  39446.4,  424.325011532,  276.763384249,  1772.69
1581.09064184,  44331.2,  39438.7,  424.325808699,  276.763011853,  1773.82
1581.11107633,  44330.6,  39440.7,  424.325552016,  276.76295052,  1773.69
1581.13151061,  44353.8,  39458.1,  424.32529317,  276.763112343,  1774.3
1581.151945,  44341.0,  39448.1,  424.325843848,  276.763654173,  1774.74
1581.17237948,  44344.7,  39451.5,  424.325642177,  276.763139958,  1772.01
1581.19281376,  44344.5,  39450.3,  424.326147484,  276.763154582,  1774.07
1581.21324815,  44354.5,  39461.1,  424.3253016,  276.763364907,  1772.41
1581.23368263,  44353.2,  39458.5,  424.324839045,  276.763576748,  1772.79
1581.25411692,  44348.8,  39453.3,  424.325140066,  276.76330049,  1772.32
1581.2745513,  44341.7,  39448.9,  424.325461745,  276.76325148,  1773.39
1581.29498579,  44356.8,  39460.1,  424.325162736,  276.763522351,  1774.09
1581.31542008,  44348.7,  39454.2,  424.326102347,  276.763635843,  1771.93
1581.33585456,  44333.8,  39441.5,  424.325065934,  276.76329828,  1772.93
1581.35628895,  44328.0,  39435.4,  424.325543083,  276.763545761,  1770.43
1581.37672333,  44326.9,  39435.3,  424.32559623,  276.763376152,  1772.84
1581.39715772,  44315.3,  39425.2,  424.325491798,  276.763367263,  1770.44
1581.4175921,  44317.0,  39425.1,  424.325955386,  276.763516106,  1771.86
1581.43802649,  44321.3,  39430.2,  424.325764196,  276.763678123,  1771.74
1581.45846088,  44287.6,  39399.9,  424.325406337,  276.764010694,  1771.2
1581.47889526,  44286.5,  39397.9,  424.324897071,  276.763286471,  1770.84
1581.49932965,  44283.2,  39396.5,  424.325100059,  276.763691433,  1770.9
1581.51976404,  44263.5,  39378.0,  424.325340922,  276.763557393,  1771.03
1581.54019842,  44251.6,  39367.3,  424.325714541,  276.763334378,  1769.95
1581.56063281,  44233.7,  39351.3,  424.324876367,  276.763585274,  1769.14
1581.5810672,  44217.1,  39338.0,  424.325061284,  276.763599216,  1769.98
1586.83270114,  44134.4,  38897.9,  424.32858102,  276.75891026,  1736.01
1586.85313565,  44184.6,  38940.9,  424.327778125,  276.757854233,  1735.82
1586.87356997,  44156.5,  38917.2,  424.328101488,  276.759176218,  1737.11
1586.89400448,  44175.4,  38933.2,  424.32887477,  276.759085488,  1735.68
1586.91443889,  44184.3,  38942.9,  424.328642326,  276.758756326,  1734.75
1586.9348732,  44202.1,  38957.3,  424.328638106,  276.758490354,  1735.16
1586.95530772,  44210.9,  38965.2,  424.329246793,  276.75852287,  1735.73
1586.97574213,  44208.8,  38965.8,  424.328812199,  276.758796926,  1737.03
1586.99617654,  44239.3,  38991.6,  424.329152304,  276.758896336,  1738.25
1587.01661096,  44264.7,  39017.4,  424.328520573,  276.758752804,  1735.68
1587.03704537,  44256.8,  39010.7,  424.329036599,  276.758990869,  1736.61
1587.05747988,  44254.7,  39008.9,  424.328873036,  276.758597078,  1735.97
1587.0779143,  44247.1,  39004.7,  424.32897998,  276.758896735,  1736.33
1587.09834861,  44272.8,  39027.2,  424.328768126,  276.758413848,  1735.14
1587.11878312,  44289.2,  39043.0,  424.328604531,  276.758850224,  1735.85
1587.13921754,  44304.2,  39060.7,  424.328146625,  276.75893212,  1736.06
1587.15965185,  44298.3,  39054.8,  424.328016094,  276.758944581,  1737.82
1587.18008636,  44298.3,  39057.4,  424.328420498,  276.758857723,  1736.15
1587.20052078,  44314.9,  39075.4,  424.328435188,  276.759159338,  1735.49
1587.22095519,  44316.7,  39077.7,  424.328665586,  276.759526713,  1734.28
1587.24138961,  44313.1,  39077.3,  424.328411318,  276.759669219,  1735.85
1587.26182392,  44321.7,  39087.4,  424.327810556,  276.759753754,  1735.07
1587.28225844,  44305.8,  39075.2,  424.328093007,  276.760216676,  1735.29
1587.30269285,  44307.1,  39078.6,  424.328179716,  276.759416131,  1735.2
1587.32312716,  44329.6,  39100.1,  424.328601649,  276.759987146,  1734.91
1587.34356168,  44318.9,  39093.9,  424.32771169,  276.759865564,  1738.44
1587.36399609,  44313.3,  39093.4,  424.327727572,  276.760398345,  1736.11
1587.38443061,  44319.2,  39100.0,  424.327881951,  276.76038893,  1735.49
1587.40486492,  44314.6,  39099.0,  424.327802419,  276.760143853,  1735.87
1587.42529934,  44295.5,  39083.8,  424.327385473,  276.760206419,  1735.32
1587.44573385,  44292.2,  39082.8,  424.328229382,  276.759944373,  1736.5
1587.46616817,  44278.4,  39075.2,  424.327337935,  276.760197385,  1734.64
1587.5070371,  44278.9,  39079.7,  424.327710538,  276.760264443,  1734.65
1587.52747141,  44274.0,  39079.6,  424.327740876,  276.760374071,  1735.52
1587.54790593,  44259.7,  39067.8,  424.327679354,  276.760738987,  1736.98
1587.56834034,  44253.1,  39064.9,  424.327467604,  276.760669601,  1735.38
1587.58877476,  44249.6,  39065.4,  424.327769953,  276.761088036,  1736.21
1587.60920917,  44213.7,  39034.3,  424.328159653,  276.760636909,  1734.77
1587.62964359,  44206.7,  39031.2,  424.327195094,  276.761000139,  1736.57
1587.65007801,  44208.2,  39035.3,  424.327908204,  276.76127972,  1735.35
1587.67051242,  44186.5,  39018.4,  424.327476763,  276.76118463,  1734.45
1587.69094684,  44168.1,  39005.9,  424.328311905,  276.761361382,  1733.24
1587.71138135,  44161.1,  39000.5,  424.327995933,  276.76123922,  1736.15
1587.73181567,  44135.4,  38980.8,  424.327459344,  276.761241255,  1735.11
1587.75225009,  44132.0,  38982.6,  424.328313653,  276.761021593,  1734.37
1587.7726846,  44106.0,  38959.5,  424.327566601,  276.761271669,  1734.13
1587.79311902,  44098.0,  38956.4,  424.327657903,  276.761512096,  1732.99
1587.81355333,  44098.6,  38960.0,  424.328291205,  276.761524992,  1733.51
1587.83398785,  44075.6,  38940.3,  424.328028963,  276.761450113,  1734.64
1587.85442217,  44063.0,  38932.9,  424.328445235,  276.761105468,  1733.97
1587.87485668,  44041.6,  38917.1,  424.32794581,  276.761785973,  1732.75
1587.8952911,  44031.5,  38908.7,  424.328301203,  276.761600598,  1736.09
1587.91572542,  44015.1,  38900.6,  424.328296284,  276.761521334,  1733.7
1587.93615993,  43998.3,  38885.7,  424.32820519,  276.761564084,  1733.81
1587.95659435,  43991.5,  38882.4,  424.328527614,  276.762001597,  1731.66
1587.97702867,  43974.5,  38871.6,  424.3285491,  276.761812054,  1733.03
1587.99746319,  43970.3,  38867.6,  424.328504879,  276.76174894,  1731.25
1588.0178976,  43960.1,  38862.6,  424.328104055,  276.761768605,  1734.34
1588.03833192,  43950.2,  38855.6,  424.328748568,  276.761631302,  1732.89
1588.05876644,  43931.4,  38841.3,  424.32837906,  276.761641344,  1732.01
1588.07920086,  43925.9,  38839.7,  424.328397035,  276.762022948,  1733.29
1588.09963537,  43911.2,  38828.2,  424.328525597,  276.76198268,  1730.11
1588.12006969,  43908.0,  38827.6,  424.328421059,  276.761828985,  1731.94
1588.14050411,  43885.5,  38812.6,  424.328136035,  276.761662523,  1731.81
1588.16093863,  43363.4,  38351.8,  424.329198738,  276.761993474,  1730.24
1588.18137294,  42246.3,  37367.4,  424.329673475,  276.761072326,  1730.82
1588.20180736,  40901.7,  36183.0,  424.330413505,  276.761039967,  1731.31
1588.22224188,  39794.9,  35205.4,  424.330768047,  276.760940486,  1729.66
1588.2426762,  39382.0,  34845.8,  424.330953618,  276.760290407,  1729.71
1588.26311072,  39197.3,  34683.3,  424.330682456,  276.760228223,  1730.84
1588.28354513,  39112.2,  34608.8,  424.330829221,  276.760383181,  1731.46
1588.30397955,  39083.3,  34587.0,  424.331347255,  276.760391596,  1730.39
1588.32441397,  39112.8,  34614.0,  424.330820197,  276.760161463,  1728.46
1588.34484839,  39202.7,  34696.0,  424.330866324,  276.760210788,  1728.17
1588.36528281,  39380.9,  34856.6,  424.330842166,  276.760803221,  1727.65
1588.38571723,  39740.3,  35174.1,  424.330528345,  276.760602607,  1728.75
1588.40615165,  40796.4,  36109.8,  424.330300159,  276.761637676,  1728.25
1588.42658606,  42151.7,  37309.6,  424.32953474,  276.76135878,  1728.19
1588.44702058,  43291.6,  38317.0,  424.329086793,  276.761985901,  1728.26
1588.4674549,  43891.2,  38850.0,  424.327967126,  276.762081066,  1726.25
1588.48788942,  43944.3,  38897.7,  424.32828201,  276.762318587,  1728.08
1588.50832374,  43948.9,  38903.6,  424.328639465,  276.762440263,  1725.91
1588.52875816,  43958.8,  38914.8,  424.327839284,  276.762752756,  1728.62
1588.54919268,  43969.3,  38924.2,  424.328485827,  276.762400011,  1727.53
1588.569627,  43987.8,  38943.2,  424.328793927,  276.762414596,  1726.99
1588.59006142,  43995.4,  38951.8,  424.328519822,  276.762928319,  1726.94
1588.61049594,  44003.0,  38959.8,  424.328565757,  276.762432264,  1726.23
1588.63093026,  44014.3,  38972.5,  424.32813311,  276.762710989,  1725.72
1588.65136478,  44029.3,  38987.1,  424.328054433,  276.762713444,  1725.18
1588.6717992,  44043.8,  39000.8,  424.327712948,  276.762899769,  1725.63
1588.69223352,  44047.5,  39006.5,  424.327983432,  276.76246587,  1726.62
1588.71266804,  44084.7,  39039.4,  424.328190851,  276.762677643,  1725.31
1588.73310246,  44079.6,  39038.6,  424.328188754,  276.762435794,  1724.96
1588.75353678,  44087.4,  39046.9,  424.32853427,  276.763153871,  1724.94
1588.7739713,  44106.9,  39064.0,  424.327886304,  276.762937696,  1724.56
1588.79440572,  44120.5,  39078.5,  424.328209476,  276.762757362,  1725.43
1588.81484014,  44122.9,  39082.0,  424.327921326,  276.76321355,  1725.0
1588.83527456,  44142.0,  39099.8,  424.32833221,  276.76303889,  1723.33
1588.85570898,  44153.4,  39112.7,  424.327948181,  276.763068442,  1722.41
1588.8761435,  44176.6,  39132.8,  424.327951974,  276.763050777,  1723.03
1588.89657782,  44185.2,  39142.0,  424.327916828,  276.76308996,  1723.95
1588.91701224,  44202.0,  39159.7,  424.327954884,  276.763462727,  1725.19
1588.93744676,  44203.8,  39160.7,  424.32838395,  276.763428258,  1722.87
1588.95788118,  44216.8,  39174.6,  424.328015877,  276.762821936,  1722.61
1588.9783155,  44240.8,  39196.9,  424.328083437,  276.76337888,  1723.78
1588.99875002,  44245.4,  39202.0,  424.328347395,  276.763524668,  1722.21
1589.01918444,  44259.8,  39216.8,  424.327967049,  276.763216173,  1722.87
1589.03961877,  44259.8,  39217.8,  424.32763234,  276.763823761,  1721.74
1589.06005329,  44280.3,  39237.0,  424.327699885,  276.763453166,  1721.28
1589.08048771,  44287.5,  39245.8,  424.328066178,  276.763779494,  1722.38
1589.10092223,  44289.1,  39247.2,  424.328060337,  276.763397933,  1722.83
1589.12135655,  44301.7,  39259.8,  424.328038192,  276.763402883,  1721.54
1589.14179097,  44305.9,  39265.2,  424.327964142,  276.763286027,  1722.36
1589.16222539,  44304.1,  39262.7,  424.327586825,  276.763564357,  1722.16
1589.18265982,  44327.1,  39286.7,  424.32775521,  276.763236797,  1720.93
1589.20309414,  44338.5,  39296.5,  424.327917659,  276.764139142,  1721.75
1589.22352866,  44344.4,  39303.3,  424.327095852,  276.763650595,  1721.31
1589.24396308,  44352.2,  39312.5,  424.327560682,  276.763600041,  1721.16
1589.2643976,  44337.6,  39299.1,  424.327522724,  276.763985972,  1720.4
1589.28483193,  44340.4,  39302.8,  424.327472851,  276.76385541,  1721.99
1589.30526635,  44355.0,  39318.3,  424.327508804,  276.763594822,  1718.86
1589.32570087,  44336.6,  39301.5,  424.327668243,  276.763421643,  1720.21
1589.34613519,  44337.8,  39304.2,  424.327222972,  276.763694237,  1720.77
1589.36656962,  44347.5,  39314.4,  424.327278471,  276.763808036,  1721.29
1589.38700414,  44345.7,  39312.1,  424.327276147,  276.763997719,  1721.31
1589.40743846,  44334.9,  39304.0,  424.327577023,  276.763737181,  1720.65
1589.42787288,  44339.5,  39308.5,  424.32774224,  276.763426025,  1719.41
1589.44830741,  44328.0,  39298.8,  424.327643612,  276.764094811,  1720.39
1589.46874183,  44338.0,  39309.9,  424.327097671,  276.763864465,  1722.18
1589.48917625,  44334.6,  39305.7,  424.327198317,  276.764105912,  1720.28
1589.50961067,  44306.7,  39281.8,  424.327694164,  276.76407819,  1718.95
1589.5300451,  44325.7,  39301.1,  424.327363576,  276.763800695,  1718.05
1589.55047952,  44311.7,  39285.9,  424.32761557,  276.764275965,  1717.97
1589.57091394,  44293.7,  39271.9,  424.32772639,  276.763760245,  1718.26
1589.59134837,  44284.2,  39265.4,  424.327233816,  276.764197077,  1718.58
1589.61178289,  44283.8,  39264.9,  424.327558526,  276.763928145,  1717.76
1589.63221721,  44266.1,  39252.5,  424.327620832,  276.763982142,  1719.44
1589.65265164,  44268.1,  39253.8,  424.327634387,  276.763909539,  1718.87
1589.67308616,  44250.5,  39238.5,  424.327691249,  276.763874581,  1719.11
1589.69352048,  44233.4,  39226.4,  424.327416636,  276.763870291,  1718.06
1589.71395501,  44225.7,  39217.5,  424.327175111,  276.764275974,  1717.19
1589.73438943,  44229.1,  39221.9,  424.327173663,  276.764157993,  1718.74
1589.75482375,  44214.1,  39209.8,  424.327790313,  276.764071883,  1715.41
1589.77525828,  44201.7,  39198.4,  424.326849641,  276.76447738,  1718.17
1589.7956927,  44178.8,  39179.6,  424.327383227,  276.764447902,  1716.92
1589.81612703,  44191.7,  39192.4,  424.32735056,  276.764280418,  1716.94
1589.85699587,  44164.5,  39169.1,  424.325794839,  276.765468291,  1718.46
1589.8774304,  44151.8,  39155.2,  424.327439358,  276.764368956,  1717.65
1589.89786482,  44143.8,  39150.5,  424.327586793,  276.764065354,  1718.03
1589.91829915,  44130.9,  39139.7,  424.327355834,  276.764097314,  1716.72
1589.93873367,  44124.2,  39132.0,  424.326946075,  276.764625576,  1716.4
1589.9591681,  44110.6,  39121.9,  424.327449469,  276.764065837,  1717.54
1589.97960242,  44103.8,  39116.6,  424.327451783,  276.76428091,  1716.7
1590.00003695,  44093.0,  39105.9,  424.327363597,  276.764001038,  1717.61
1590.02047137,  44084.5,  39100.0,  424.327175495,  276.764402779,  1717.17
1590.0409058,  44083.8,  39098.2,  424.327400918,  276.7643908,  1716.84
1590.06134022,  44063.8,  39080.1,  424.326952914,  276.76368346,  1717.57
1590.08177464,  44047.9,  39068.5,  424.327732929,  276.763847121,  1715.99
1590.10220917,  44034.9,  39055.1,  424.327335395,  276.764309627,  1713.94
1590.1226435,  44032.5,  39054.7,  424.327317601,  276.764189435,  1715.89
1590.14307792,  44040.6,  39062.9,  424.327295712,  276.764073307,  1715.5
1590.16351245,  43921.6,  38956.7,  424.327310917,  276.764530537,  1715.32
1590.18394687,  43412.1,  38508.2,  424.326856333,  276.764271542,  1717.42
1590.2043812,  42725.8,  37902.1,  424.328226703,  276.763655163,  1716.04
1590.22481572,  42062.6,  37316.3,  424.328356188,  276.763928768,  1715.37
1590.24525015,  41805.0,  37091.1,  424.32884349,  276.764170723,  1715.25
1590.26568447,  41808.5,  37091.9,  424.328630523,  276.763844403,  1716.49
1590.286119,  41804.3,  37090.2,  424.328797168,  276.763810648,  1715.57
1590.30655342,  41805.2,  37092.2,  424.328642612,  276.763990683,  1716.61
1590.32698795,  41800.9,  37086.7,  424.328521239,  276.764226588,  1715.34
1590.34742228,  41820.5,  37105.9,  424.328224363,  276.76388228,  1715.61
1590.3678567,  41812.4,  37099.3,  424.328782395,  276.764008179,  1714.54
1590.38829123,  41811.8,  37097.9,  424.32857952,  276.763852142,  1715.25
1590.40872555,  41952.9,  37224.7,  424.328166307,  276.764239683,  1713.12
1590.42915998,  42479.3,  37689.1,  424.327856246,  276.764106913,  1714.23
1590.44959441,  43220.3,  38344.5,  424.327974827,  276.763862,  1713.55
1590.47002883,  43828.1,  38882.2,  424.327197605,  276.764270694,  1715.37
1590.49046336,  44016.5,  39048.3,  424.326905353,  276.764634055,  1713.21
1590.51089769,  44020.3,  39052.6,  424.327510786,  276.764668131,  1713.89
1590.53133211,  44030.2,  39062.2,  424.327157369,  276.7644381,  1712.37
1590.55176664,  44031.0,  39062.5,  424.327318082,  276.764554887,  1713.6
1590.57220096,  44033.2,  39066.0,  424.327128329,  276.764983961,  1713.46
1590.59263539,  44052.8,  39083.1,  424.327304101,  276.764277639,  1711.77
1590.61306992,  44057.0,  39086.2,  424.327139046,  276.764576161,  1713.07
1590.63350425,  44080.7,  39110.2,  424.327050741,  276.764410377,  1713.27
1590.65393867,  44075.8,  39104.1,  424.327409675,  276.76464823,  1714.1
1590.6743732,  44080.2,  39108.3,  424.327176806,  276.764375246,  1713.19
1590.69480763,  44083.7,  39113.8,  424.327118386,  276.764896913,  1712.65
1590.71524205,  44057.1,  39088.5,  424.32735771,  276.765489632,  1712.9
1590.73567648,  44099.8,  39127.2,  424.326896967,  276.764530033,  1713.04
1590.75611091,  44113.4,  39140.2,  424.327181981,  276.76468226,  1714.38
1590.77654534,  44130.8,  39155.2,  424.326558739,  276.765395752,  1710.72
1590.79697976,  44126.0,  39151.7,  424.327208953,  276.764556376,  1713.1
1590.81741419,  44128.5,  39152.9,  424.327276942,  276.764481723,  1712.12
1590.83784872,  44138.6,  39162.5,  424.327283099,  276.764582963,  1712.72
1590.85828305,  44141.2,  39166.5,  424.32693007,  276.764444735,  1712.18
1590.87871747,  44163.7,  39185.6,  424.327333025,  276.764648613,  1713.15
1590.899152,  44171.8,  39194.0,  424.327019388,  276.764385192,  1713.32
1590.91958633,  44189.9,  39210.4,  424.327108948,  276.764925336,  1711.53
1590.94002086,  44194.5,  39213.2,  424.327577093,  276.764810186,  1711.69
1590.96045528,  44190.0,  39211.6,  424.327045338,  276.764681929,  1710.21
1590.98088961,  44212.7,  39222.3,  424.325636582,  276.765898731,  1712.22
1591.00132414,  44207.4,  39220.8,  424.327507425,  276.76499967,  1708.33
