Kepler I.D.-----Channel

[7941050]--------[30]

-TTYPE1--------TTYPE8------------TTYPE4-----------TTYPE15------------TTYPE17-----------TTYPE6

['TIME']---['PDCSAP_FLUX']---['SAP_FLUX']---['MOM_CENTR1']---['MOM_CENTR2']---['SAP_BKG']

['BJD - 2454833']--['e-/s']--------['e-/s']---------['pixel']---------['pixel']----------['e-/s']

CROWDSAP --- 0.9836

7941050

1559.24696391,  13686.9,  11174.7,  793.610385095,  183.081130014,  1150.42
1559.26739822,  13622.0,  11123.3,  793.608980792,  183.081389574,  1150.17
1559.28783264,  14521.1,  11847.2,  793.608446977,  183.081662774,  1151.03
1559.30826685,  15517.6,  12649.8,  793.60837183,  183.08024756,  1150.56
1559.32870116,  16039.1,  13071.0,  793.608024559,  183.080479919,  1148.72
1559.34913557,  15673.7,  12777.3,  793.608077041,  183.079792909,  1149.82
1559.36956979,  14624.1,  11933.1,  793.609078089,  183.08133476,  1150.81
1559.3900042,  13372.2,  10926.9,  793.609632837,  183.081232458,  1149.97
1559.41043851,  12722.0,  10404.0,  793.609999248,  183.081662662,  1148.45
1559.43087283,  13513.0,  11041.5,  793.609159229,  183.080655339,  1149.23
1559.45130714,  14655.4,  11961.5,  793.608892165,  183.079817747,  1149.2
1559.47174146,  15566.8,  12695.6,  793.608606735,  183.080383955,  1149.7
1559.49217577,  15752.6,  12846.5,  793.607909075,  183.079209321,  1149.13
1559.51261008,  15131.1,  12347.0,  793.609356941,  183.080066935,  1147.21
1559.5330444,  14197.0,  11595.9,  793.608332314,  183.080319444,  1148.77
1559.55347871,  13514.4,  11047.2,  793.608308439,  183.079736353,  1149.19
1559.57391303,  13935.7,  11387.2,  793.608513481,  183.079454644,  1148.66
1559.59434734,  14971.0,  12221.4,  793.607837491,  183.07963475,  1149.63
1559.61478166,  15831.1,  12913.7,  793.607518804,  183.079447094,  1149.47
1559.63521597,  16006.5,  13055.3,  793.607549946,  183.078455508,  1147.99
1559.65565029,  15301.1,  12488.7,  793.607361806,  183.080153312,  1147.01
1559.6760847,  14124.9,  11542.2,  793.607741416,  183.079440096,  1148.21
1559.69651892,  12918.4,  10572.6,  793.607629618,  183.079644008,  1147.99
1559.71695323,  12893.4,  10552.1,  793.607043971,  183.080430294,  1149.16
1559.73738765,  13990.5,  11435.8,  793.607676737,  183.08012622,  1148.17
1559.75782186,  15077.1,  12310.8,  793.607884118,  183.079276946,  1148.64
1559.77825628,  15748.8,  12852.3,  793.608004654,  183.079071337,  1148.64
1559.7986906,  15586.8,  12721.6,  793.606163161,  183.079947248,  1148.41
1559.81912481,  14758.2,  12055.4,  793.607368552,  183.079004966,  1147.55
1559.83955923,  13830.2,  11308.7,  793.608871388,  183.079345115,  1147.05
1559.85999354,  13549.7,  11084.1,  793.608424802,  183.079760549,  1146.78
1559.88042776,  14358.1,  11735.0,  793.606800394,  183.078714715,  1146.3
1559.90086218,  15380.6,  12558.0,  793.606695686,  183.078061291,  1146.53
1559.9212965,  16023.8,  13076.4,  793.606630101,  183.077816108,  1146.72
1559.94173091,  15819.8,  12913.0,  793.606951034,  183.078748254,  1146.74
1559.96216513,  14854.4,  12136.1,  793.607661149,  183.078496742,  1145.98
1559.98259945,  13580.1,  11110.7,  793.607344724,  183.079226361,  1150.38
1560.00303386,  12731.6,  10428.3,  793.61559611,  183.093255797,  1146.77
1560.02346808,  13302.5,  10887.7,  793.607538088,  183.078980046,  1146.44
1560.0439024,  14449.1,  11811.2,  793.607955459,  183.078920268,  1147.67
1560.06433682,  15446.1,  12613.3,  793.606359461,  183.078105158,  1147.01
1560.08477104,  15776.4,  12879.9,  793.606565851,  183.077698908,  1146.09
1560.10520545,  15277.8,  12479.0,  793.606123478,  183.07776048,  1145.98
1560.12563977,  14351.6,  11733.7,  793.607462675,  183.078392497,  1145.55
1560.14607399,  13561.7,  11098.1,  793.607059562,  183.07894306,  1146.03
1560.16650841,  13793.0,  11284.9,  793.608234149,  183.07857598,  1145.23
1560.18694273,  14791.8,  12088.9,  793.607261675,  183.07822403,  1146.6
1560.20737695,  15728.6,  12842.6,  793.606352431,  183.077735178,  1145.73
1560.22781136,  16044.0,  13097.2,  793.605975709,  183.077332433,  1145.24
1560.24824568,  15467.6,  12632.8,  793.606912923,  183.07755323,  1145.68
1560.2686799,  14340.9,  11726.4,  793.606948558,  183.078972934,  1145.23
1560.28911432,  13073.4,  10706.4,  793.607604501,  183.078825617,  1144.97
1560.30954864,  12784.8,  10474.7,  793.606757245,  183.078743702,  1145.36
1560.32998296,  13779.0,  11275.0,  793.607155599,  183.079414932,  1144.48
1560.35041728,  14890.5,  12169.1,  793.606421089,  183.078569032,  1144.81
1560.3708516,  15666.8,  12794.3,  793.60670802,  183.078298,  1144.18
1560.39128602,  15643.8,  12775.7,  793.606344929,  183.077323286,  1145.07
1560.41172024,  14892.7,  12171.0,  793.607252134,  183.077576984,  1145.53
1560.43215456,  13957.1,  11418.5,  793.607615217,  183.078714653,  1145.41
1560.45258898,  13500.6,  11051.2,  793.606652153,  183.078793859,  1145.21
1560.4730232,  14187.5,  11603.3,  793.607809226,  183.077780378,  1145.23
1560.49345762,  15223.3,  12437.2,  793.606608986,  183.077625492,  1145.06
1560.51389194,  15975.1,  13042.3,  793.606136028,  183.078326603,  1145.59
1560.53432616,  15928.2,  13004.7,  793.605138133,  183.076570223,  1144.08
1560.55476058,  15034.6,  12286.2,  793.606719858,  183.078114683,  1144.88
1560.57519491,  13806.3,  11296.9,  793.607383862,  183.078712678,  1144.63
1560.59562913,  12761.8,  10456.8,  793.605892074,  183.077624184,  1145.12
1560.61606355,  13125.8,  10750.9,  793.607284307,  183.077245043,  1143.52
1560.63649787,  14253.6,  11657.3,  793.607649262,  183.079127592,  1144.29
1560.65693219,  15296.2,  12496.7,  793.606552142,  183.077094801,  1144.82
1560.67736651,  15761.9,  12871.1,  793.606340897,  183.078063326,  1143.82
1560.69780084,  15388.0,  12570.3,  793.605687226,  183.07708214,  1144.67
1560.73866948,  13638.0,  11161.8,  793.606190185,  183.077445856,  1143.62
1560.7591038,  13681.5,  11195.5,  793.606823326,  183.077786461,  1144.09
1560.77953822,  14642.9,  11969.1,  793.605843717,  183.077289105,  1142.68
1560.79997245,  15619.2,  12753.4,  793.605211659,  183.077230804,  1143.44
1560.82040677,  16063.4,  13110.4,  793.606085832,  183.076238952,  1147.64
1560.84084119,  15636.7,  12768.1,  793.605099881,  183.078492236,  1161.12
1560.96344713,  15556.5,  12703.8,  793.605911796,  183.076832484,  1179.76
1560.98388136,  15693.3,  12814.7,  793.607710176,  183.07681922,  1174.88
1561.00431578,  15024.6,  12276.2,  793.606110671,  183.078974658,  1172.48
1561.0247501,  14082.4,  11516.9,  793.607554376,  183.079563896,  1168.46
1561.04518453,  13504.1,  11052.7,  793.606404645,  183.076951243,  1166.26
1561.06561875,  14066.9,  11504.6,  793.604132165,  183.07486606,  1166.71
1561.08605308,  15079.3,  12319.2,  793.604948254,  183.076286496,  1166.56
1561.1064875,  15911.4,  12988.4,  793.605959002,  183.076229838,  1163.96
1561.12692173,  16010.2,  13067.5,  793.605574664,  183.075550965,  1164.32
1561.14735605,  15222.3,  12433.0,  793.606413827,  183.077038725,  1162.55
1561.16779048,  14024.1,  11468.7,  793.607746921,  183.076481588,  1160.57
1561.1882247,  12878.6,  10546.6,  793.607736419,  183.079535622,  1158.72
1561.20865903,  12967.7,  10616.9,  793.60810934,  183.075867745,  1158.63
1561.22909345,  14055.0,  11493.0,  793.607622178,  183.076927362,  1156.2
1561.24952768,  15111.8,  12342.4,  793.60869449,  183.075918209,  1155.95
1561.2699621,  15720.9,  12832.4,  793.606214183,  183.0764023,  1155.76
1561.29039643,  15468.7,  12630.0,  793.606143374,  183.076532577,  1155.81
1561.31083075,  14646.1,  11967.4,  793.607307146,  183.075520968,  1154.16
1561.33126508,  13752.6,  11249.4,  793.606152432,  183.077875965,  1151.46
1561.35169941,  13565.5,  11098.3,  793.608667616,  183.077102218,  1152.26
1561.37213373,  14462.1,  11819.7,  793.606949817,  183.076958895,  1151.8
1561.39256806,  15480.7,  12639.7,  793.60567729,  183.07587371,  1151.05
1561.41300238,  16065.5,  13110.6,  793.605125537,  183.075817193,  1149.1
1561.43343681,  15775.0,  12876.4,  793.606144361,  183.075291174,  1149.69
1561.45387104,  14751.7,  12052.7,  793.606333111,  183.077089738,  1148.35
1561.47430536,  13486.5,  11035.4,  793.604869935,  183.076914696,  1146.16
1561.49473969,  12678.8,  10385.2,  793.606429159,  183.075672189,  1147.54
1561.51517402,  13390.5,  10957.2,  793.6064638,  183.07633437,  1149.01
1561.53560835,  14517.2,  11864.3,  793.606498911,  183.077526287,  1147.01
1561.55604277,  15450.0,  12615.1,  793.606251032,  183.075823565,  1147.93
1561.576477,  15711.7,  12826.1,  793.605142983,  183.076527614,  1145.79
1561.59691133,  15175.7,  12394.6,  793.606774737,  183.076143631,  1144.55
1561.61734576,  14229.8,  11633.7,  793.606524358,  183.076198296,  1146.45
1561.63777998,  13503.7,  11049.7,  793.607006906,  183.076323472,  1145.08
1561.65821441,  13876.6,  11350.2,  793.605588095,  183.076194314,  1145.38
1561.67864874,  14913.9,  12184.9,  793.606242137,  183.076911573,  1143.88
1561.69908297,  15816.8,  12911.5,  793.606253606,  183.076365379,  1143.41
1561.7195174,  16061.3,  13108.4,  793.604987302,  183.075061212,  1143.64
1561.73995173,  15406.8,  12582.7,  793.605397794,  183.077654723,  1145.21
1561.76038595,  14236.1,  11640.0,  793.605688347,  183.074435854,  1143.51
1561.78082038,  13002.4,  10647.8,  793.606538037,  183.077151746,  1142.55
1561.80125471,  12837.4,  10514.5,  793.605728975,  183.075313613,  1143.04
1561.82168914,  13876.8,  11351.6,  793.605532131,  183.077420019,  1141.7
1561.84212337,  14958.3,  12222.4,  793.605865939,  183.075636718,  1142.86
1561.8625577,  15672.0,  12796.1,  793.604064948,  183.075759014,  1142.37
1561.88299213,  15582.1,  12724.4,  793.606547007,  183.074704547,  1141.43
1561.90342636,  14779.5,  12078.4,  793.604774167,  183.075910961,  1141.71
1561.92386069,  13847.3,  11328.6,  793.606292485,  183.075333704,  1139.06
1561.94429512,  13540.2,  11081.3,  793.606400752,  183.075143086,  1141.38
1561.96472935,  14296.3,  11690.3,  793.605767146,  183.075825189,  1140.98
1561.98516368,  15333.7,  12525.3,  793.606576756,  183.073948691,  1141.14
1562.00559811,  16018.9,  13076.7,  793.604246549,  183.074466914,  1140.72
1562.02603244,  15875.0,  12960.6,  793.605389188,  183.074404451,  1140.52
1562.04646677,  14939.3,  12207.6,  793.604845944,  183.073467032,  1140.04
1562.0669011,  13708.0,  11217.5,  793.605197195,  183.075325886,  1139.7
1562.08733533,  12742.1,  10440.3,  793.606759108,  183.076579329,  1140.36
1562.10776976,  13213.3,  10818.6,  793.606082094,  183.077036242,  1140.38
1562.12820409,  14355.0,  11738.4,  793.606705708,  183.075177309,  1138.48
1562.14863832,  15359.7,  12547.3,  793.605874429,  183.074200358,  1139.07
1562.16907275,  15743.0,  12855.5,  793.604254273,  183.075689248,  1138.85
1562.18950708,  15294.9,  12494.6,  793.605107992,  183.075184146,  1139.44
1562.20994152,  14371.0,  11751.7,  793.605751963,  183.075647736,  1139.65
1562.23037575,  13575.6,  11110.9,  793.605405718,  183.074854985,  1139.58
1562.25081008,  13845.9,  11328.7,  793.600287378,  183.072816535,  1138.42
1562.27124451,  14735.5,  12044.9,  793.605693388,  183.075201809,  1139.44
1562.29167874,  15690.8,  12814.5,  793.605297397,  183.073402088,  1139.89
1562.31211307,  16068.7,  13118.3,  793.604188453,  183.074708812,  1137.13
1562.33254751,  15562.8,  12711.1,  793.603805145,  183.074163142,  1136.85
1562.35298174,  14441.8,  11809.6,  793.605429493,  183.074553409,  1138.01
1562.37341617,  13180.7,  10794.9,  793.605198987,  183.075128958,  1137.25
1562.3938505,  12755.4,  10452.2,  793.605937218,  183.076071488,  1137.91
1562.41428474,  13700.1,  11212.5,  793.606086001,  183.074576428,  1137.34
1562.43471917,  14790.2,  12089.4,  793.605552644,  183.074731592,  1138.02
1562.4551535,  15611.0,  12750.6,  793.604227776,  183.074579103,  1136.9
1562.47558773,  15646.1,  12779.6,  793.604931881,  183.073305673,  1136.33
1562.49602217,  14928.1,  12200.8,  793.605505248,  183.074975963,  1136.38
1562.5164565,  13987.2,  11444.3,  793.606063411,  183.074875187,  1136.48
1562.53689083,  13490.1,  11044.1,  793.605125363,  183.075475936,  1136.2
1562.55732517,  14122.5,  11552.9,  793.605132367,  183.074521157,  1136.95
1562.5777595,  15162.4,  12389.7,  793.604052207,  183.074480539,  1136.59
1562.59819393,  15955.7,  13027.8,  793.604430773,  183.074242891,  1135.52
1562.61862817,  15975.7,  13044.1,  793.604847671,  183.073525725,  1136.85
1562.6390625,  15142.8,  12374.0,  793.605986868,  183.073093095,  1137.0
1562.65949694,  13929.0,  11396.7,  793.605522508,  183.074788542,  1137.51
1562.67993127,  12827.4,  10510.9,  793.604881921,  183.075756992,  1137.26
1562.70036551,  13091.1,  10723.3,  793.60411308,  183.074633706,  1134.94
1562.72079994,  14181.0,  11600.5,  793.60563065,  183.074952573,  1135.48
1562.74123417,  15220.1,  12437.0,  793.603485967,  183.073999226,  1135.41
1562.76166861,  15733.4,  12849.3,  793.604629794,  183.074671691,  1135.59
1562.78210294,  15416.5,  12594.8,  793.603641987,  183.073258615,  1135.43
1562.80253718,  14543.1,  11891.7,  793.604393563,  183.07513224,  1134.57
1562.82297161,  13670.5,  11189.2,  793.605154548,  183.074081525,  1135.19
1562.84340595,  13635.2,  11161.5,  793.60390233,  183.074937932,  1134.99
1562.86384018,  14560.1,  11906.6,  793.604688929,  183.073920839,  1134.97
1562.88427462,  15552.3,  12704.4,  793.602537444,  183.073597568,  1134.1
1562.90470896,  16077.3,  13127.3,  793.603598633,  183.073322035,  1134.87
1562.92514319,  15733.4,  12849.9,  793.604697896,  183.074082317,  1134.64
1562.94557763,  14685.8,  12007.3,  793.604312639,  183.074068495,  1135.33
1562.96601196,  13418.6,  10987.0,  793.605311671,  183.074592971,  1133.65
1562.9864464,  12738.6,  10439.6,  793.605628577,  183.074647067,  1134.72
1563.00688064,  13525.2,  11073.4,  793.604384203,  183.075435792,  1133.75
1563.02731497,  14641.3,  11971.7,  793.604549252,  183.074120204,  1136.86
1563.04774941,  15522.0,  12680.0,  793.60354328,  183.074085965,  1132.43
1563.06818364,  15712.9,  12833.7,  793.604581641,  183.07471168,  1132.15
1563.08861798,  15099.6,  12340.8,  793.603036105,  183.073980203,  1134.0
1563.10905242,  14160.8,  11584.7,  793.604697636,  183.074923247,  1133.68
1563.12948665,  13515.4,  11065.8,  793.604582338,  183.073485546,  1133.79
1563.14992109,  13954.3,  11418.8,  793.604178665,  183.074538042,  1133.23
1563.17035543,  15008.6,  12267.8,  793.603312601,  183.07365867,  1134.11
1563.19078977,  15887.0,  12975.1,  793.603933278,  183.072667129,  1134.5
1563.2112241,  16038.8,  13096.4,  793.604255696,  183.073910255,  1134.34
1563.23165844,  15357.8,  12549.1,  793.604146053,  183.073057953,  1133.56
1563.25209278,  14193.5,  11612.1,  793.604630822,  183.074215989,  1133.56
1563.27252712,  12976.4,  10632.3,  793.604271253,  183.074448091,  1133.68
1563.29296145,  12960.9,  10619.7,  793.604452203,  183.074310604,  1133.28
1563.31339579,  14010.9,  11465.2,  793.604300907,  183.073993612,  1132.75
1563.33383023,  15081.3,  12326.0,  793.606127656,  183.074789703,  1132.59
1563.35426447,  15716.6,  12837.9,  793.603806722,  183.073117935,  1134.12
1563.37469881,  15535.8,  12692.6,  793.603874244,  183.072919325,  1135.65
1563.39513314,  14715.5,  12032.6,  793.604515198,  183.073916355,  1137.59
1563.41556748,  13795.3,  11292.5,  793.60373011,  183.073298969,  1137.75
1563.43600192,  13552.2,  11096.4,  793.605194623,  183.073705095,  1138.51
1563.45643616,  14390.7,  11771.5,  793.603880953,  183.073709492,  1139.77
1563.4768705,  15414.5,  12595.3,  793.60350818,  183.073514755,  1140.46
1563.49730494,  16057.5,  13112.6,  793.603654951,  183.072799019,  1139.36
1563.51773918,  15873.3,  12964.3,  793.603028539,  183.072279084,  1139.38
1563.53817362,  14910.4,  12189.7,  793.603494461,  183.072888401,  1138.94
1563.55860796,  13655.3,  11179.2,  793.603790773,  183.073793934,  1139.03
1563.5790422,  12764.0,  10462.1,  793.603822697,  183.073097412,  1139.97
1563.59947664,  13377.7,  10955.9,  793.604621696,  183.073945099,  1140.08
1563.61991098,  14487.6,  11849.6,  793.604535008,  183.073116811,  1139.54
1563.64034522,  15451.4,  12625.0,  793.603138828,  183.073282888,  1139.74
1563.66077966,  15755.9,  12869.6,  793.602750982,  183.073308515,  1138.95
1563.681214,  15249.0,  12462.0,  793.604163739,  183.073961527,  1137.16
1563.72208268,  13548.5,  11093.0,  793.604465236,  183.07285156,  1138.16
1563.74251702,  13802.1,  11296.2,  793.60490347,  183.073511555,  1137.78
1563.76295146,  14834.1,  12126.0,  793.603948128,  183.072520897,  1136.59
1563.7833857,  15774.5,  12881.6,  793.603572752,  183.07153696,  1136.69
1563.80382004,  16113.4,  13154.0,  793.603793602,  183.072889772,  1137.46
1563.82425448,  15534.6,  12687.7,  793.604144881,  183.072257151,  1137.2
1563.84468882,  14446.5,  11811.3,  793.60595006,  183.073221002,  1135.43
1563.86512306,  13159.3,  10775.8,  793.603792626,  183.073606165,  1136.61
1563.8855575,  12853.7,  10528.9,  793.603935246,  183.07311696,  1137.32
1563.90599184,  13852.8,  11332.7,  793.604343139,  183.073016018,  1136.29
1563.92642619,  14948.1,  12214.3,  793.603910639,  183.073612906,  1136.13
1563.94686053,  15693.5,  12813.4,  793.603641103,  183.073366061,  1137.14
1563.96729487,  15634.5,  12766.5,  793.603434623,  183.071892191,  1136.97
1563.98772921,  14907.1,  12180.2,  793.603810309,  183.07286658,  1136.44
1564.00816355,  13944.8,  11405.3,  793.604747328,  183.073245626,  1137.69
1564.02859789,  13514.8,  11059.3,  793.603916602,  183.073574909,  1136.66
1564.04903224,  14222.6,  11628.8,  793.605066375,  183.073014468,  1134.64
1564.06946658,  15272.4,  12473.2,  793.603428568,  183.072151284,  1135.81
1564.08990102,  16025.0,  13079.7,  793.60263685,  183.07279803,  1135.64
1564.11033526,  15976.7,  13039.6,  793.604211734,  183.072425671,  1136.94
1564.13076961,  15110.5,  12342.9,  793.603922498,  183.071334711,  1136.56
1564.15120405,  13888.7,  11359.9,  793.603379385,  183.073491412,  1136.18
1564.17163829,  12847.3,  10521.3,  793.604822679,  183.071580601,  1136.17
1564.19207264,  13191.0,  10797.9,  793.60449907,  183.074481775,  1137.13
1564.21250708,  14289.8,  11682.2,  793.604477011,  183.073264786,  1136.03
1564.23294132,  15309.5,  12502.5,  793.603723541,  183.072960901,  1135.17
1564.25337567,  15757.4,  12863.5,  793.603970079,  183.073483655,  1134.93
1564.27381011,  15369.8,  12551.4,  793.604643439,  183.071671915,  1135.82
1564.29424435,  14486.8,  11840.3,  793.603841743,  183.071611572,  1136.79
1564.3146788,  13636.7,  11156.5,  793.604667979,  183.07310606,  1135.12
1564.33511314,  13706.1,  11211.6,  793.605702225,  183.072019778,  1137.0
1564.35554738,  14682.7,  11998.8,  793.603459882,  183.072292081,  1131.33
1564.37598183,  15660.5,  12785.5,  793.603426118,  183.071383457,  1132.24
1564.39641617,  16139.4,  13170.6,  793.602592096,  183.071778691,  1133.07
1564.41685052,  15724.8,  12837.2,  793.603695409,  183.070752493,  1134.46
1564.43728486,  14652.9,  11974.5,  793.602991889,  183.072529155,  1132.31
1564.45771921,  13370.9,  10943.3,  793.604631848,  183.072218961,  1132.94
1564.47815365,  12813.2,  10494.7,  793.603496491,  183.073752074,  1131.91
1564.49858799,  13663.8,  11179.2,  793.603824799,  183.071491101,  1132.39
1564.51902224,  14759.2,  12060.8,  793.603776784,  183.072000631,  1131.6
1564.53945668,  15603.8,  12740.9,  793.60273522,  183.07166121,  1130.8
1564.55989103,  15695.7,  12814.0,  793.602816527,  183.072412067,  1130.48
1564.58032527,  15037.6,  12285.1,  793.603571125,  183.072446232,  1130.06
1564.60075972,  14108.0,  11537.1,  793.603478936,  183.072690104,  1129.27
1564.62119407,  13529.7,  11071.6,  793.60263842,  183.072203266,  1128.63
1564.64162831,  14081.9,  11516.9,  793.602880118,  183.071619372,  1128.87
1564.66206276,  15144.7,  12372.2,  793.603338138,  183.072785115,  1127.12
1564.682497,  15978.0,  13042.2,  793.602780991,  183.07111692,  1127.78
1564.70293145,  16097.4,  13139.0,  793.602396586,  183.071862837,  1127.91
1564.72336579,  15341.7,  12530.6,  793.602476406,  183.07084588,  1126.95
1564.74380004,  14140.5,  11564.6,  793.603464972,  183.071495094,  1125.65
1564.76423449,  12961.7,  10616.7,  793.6036237,  183.072516332,  1126.63
1564.78466883,  13067.8,  10701.3,  793.602935215,  183.072942671,  1124.9
1564.80510308,  14133.8,  11560.0,  793.603729836,  183.072274123,  1124.65
1564.82553753,  15176.8,  12399.2,  793.602805873,  183.074212009,  1124.57
1564.84597187,  15800.0,  12900.4,  793.604273768,  183.071835922,  1124.07
1564.86640632,  15511.3,  12668.5,  793.602902702,  183.072160139,  1123.0
1564.88684057,  14655.6,  11979.6,  793.602416622,  183.071600131,  1123.69
1564.90727491,  13772.8,  11270.3,  793.604018683,  183.072516315,  1123.88
1564.92770936,  13628.7,  11154.4,  793.603710307,  183.071124059,  1122.84
1564.94814361,  14524.2,  11874.3,  793.603106069,  183.070663712,  1123.41
1564.96857795,  15557.8,  12707.3,  793.602024417,  183.071016264,  1123.74
1564.9890124,  16151.8,  13185.2,  793.602203656,  183.071280966,  1121.22
1565.00944665,  15890.2,  12974.4,  793.602730638,  183.070669005,  1122.5
1565.029881,  14873.1,  12156.5,  793.602872516,  183.07178285,  1122.96
1565.05031544,  13597.8,  11130.5,  793.60282114,  183.071742481,  1122.39
1565.07074979,  12819.0,  10503.2,  793.602587758,  183.070989353,  1122.63
1565.09118414,  13504.6,  11055.9,  793.603319112,  183.071326583,  1121.09
1565.11161849,  14606.5,  11942.0,  793.602986585,  183.071239515,  1122.03
1565.13205284,  15529.4,  12684.6,  793.603696136,  183.071227375,  1121.75
1565.15248719,  15761.6,  12872.4,  793.601715208,  183.070311021,  1123.39
1565.17292153,  15189.7,  12412.1,  793.602309999,  183.070209937,  1120.52
1565.19335588,  14263.1,  11666.3,  793.603657554,  183.072131677,  1120.47
1565.21379033,  13566.4,  11106.6,  793.603132664,  183.069908753,  1120.49
1565.23422458,  13949.5,  11414.0,  793.603264441,  183.071275786,  1121.65
1565.25465903,  14991.1,  12253.0,  793.603376148,  183.069865776,  1122.73
1565.27509338,  15911.8,  12993.7,  793.601956239,  183.070210618,  1121.99
1565.29552763,  16180.6,  13210.3,  793.601059966,  183.069976752,  1120.66
1565.31596208,  15555.1,  12707.4,  793.602097988,  183.069756935,  1121.4
1565.33639633,  14388.4,  11768.1,  793.602225214,  183.070624685,  1121.36
1565.35683067,  13137.6,  10761.4,  793.603330136,  183.072162353,  1122.22
1565.37726512,  12970.3,  10627.2,  793.601987437,  183.070897135,  1120.33
1565.39769937,  13982.4,  11442.0,  793.603353873,  183.071862865,  1120.65
1565.41813372,  15056.7,  12306.5,  793.602791375,  183.071065345,  1120.18
1565.43856817,  15744.2,  12859.9,  793.602364177,  183.069406438,  1121.3
1565.45900242,  15623.6,  12762.4,  793.602963733,  183.070447342,  1122.12
1565.47943687,  14820.8,  12117.2,  793.603193951,  183.070193561,  1121.8
1565.49987122,  13897.0,  11373.5,  793.602846944,  183.071238341,  1122.69
1565.52030547,  13593.5,  11129.9,  793.603118318,  183.069482902,  1121.19
1565.54073992,  14360.5,  11747.5,  793.603374494,  183.068660753,  1121.18
1565.56117427,  15413.9,  12594.8,  793.602227325,  183.069092312,  1122.03
1565.58160863,  16131.4,  13171.9,  793.601633069,  183.069518761,  1120.28
1565.60204298,  16020.7,  13083.6,  793.60245427,  183.06913573,  1122.13
1565.62247733,  15083.3,  12328.7,  793.60211403,  183.069644722,  1121.44
1565.64291178,  13853.8,  11340.1,  793.60348487,  183.069612311,  1123.35
1565.66334603,  12858.5,  10538.9,  793.602822002,  183.071015917,  1123.47
1565.68378038,  13339.2,  10925.4,  793.603177581,  183.070469375,  1122.69
1565.70421483,  14445.5,  11816.3,  793.602519155,  183.0700567,  1121.59
1565.72464918,  15430.0,  12608.3,  793.602478378,  183.071198278,  1122.4
1565.74508343,  15801.2,  12907.6,  793.602552254,  183.069743272,  1121.27
1565.76551789,  15350.0,  12544.3,  793.602455241,  183.069811749,  1121.16
1565.78595224,  14434.7,  11807.4,  793.602528515,  183.070091583,  1119.48
1565.80638659,  13645.0,  11172.2,  793.602468,  183.069463254,  1120.84
1565.82682094,  13821.6,  11314.3,  793.602896695,  183.069913745,  1119.65
1565.84725529,  14819.7,  12117.8,  793.602847205,  183.070258906,  1118.36
1565.86768975,  15790.8,  12899.1,  793.603815201,  183.071146008,  1120.5
1565.888124,  16199.9,  13228.8,  793.601404476,  183.06938228,  1117.67
1565.90855835,  15698.7,  12825.5,  793.601642858,  183.068739434,  1117.55
1565.9289928,  14593.2,  11936.2,  793.602019448,  183.069695933,  1116.72
1565.94942706,  13317.9,  10909.5,  793.602801606,  183.069790665,  1118.79
1565.96986141,  12875.4,  10552.9,  793.602541904,  183.070749354,  1119.29
1565.99029576,  13807.1,  11303.4,  793.602897875,  183.070204222,  1118.92
1566.01073011,  14887.8,  12173.7,  793.601871345,  183.069924591,  1118.0
1566.03116457,  15665.9,  12799.3,  793.601910357,  183.068437346,  1119.12
1566.05159882,  15696.7,  12824.4,  793.601788732,  183.069437375,  1118.17
1566.07203317,  14993.3,  12258.0,  793.603458719,  183.069495811,  1117.49
1566.09246763,  14053.6,  11501.8,  793.60279299,  183.069586139,  1116.93
1566.11290188,  13576.0,  11117.6,  793.600788094,  183.069430872,  1117.33
1566.13333623,  14200.1,  11620.3,  793.603040091,  183.069875056,  1118.49
1566.15377069,  15261.8,  12474.8,  793.600791048,  183.069108507,  1117.16
1566.17420494,  16064.6,  13120.9,  793.600875888,  183.069654581,  1116.16
1566.19463939,  16086.5,  13138.2,  793.600738719,  183.069006208,  1116.08
1566.21507375,  15261.4,  12475.2,  793.601287392,  183.069774659,  1115.64
1566.235508,  14059.1,  11507.2,  793.601581976,  183.069128981,  1117.65
1566.25594246,  12930.4,  10598.6,  793.601883179,  183.070331237,  1115.55
1566.27637681,  13168.2,  10790.2,  793.601561509,  183.069370265,  1116.58
1566.29681117,  14260.8,  11668.8,  793.602157845,  183.06908138,  1115.68
1566.31724552,  15295.4,  12502.7,  793.601696288,  183.070157549,  1114.94
1566.33767987,  15797.0,  12905.7,  793.601353793,  183.068338913,  1115.76
1566.35811423,  15491.5,  12659.6,  793.601298105,  183.068981689,  1115.3
1566.37854868,  14616.6,  11955.4,  793.601988661,  183.068161929,  1113.34
1566.39898294,  13737.0,  11247.8,  793.601590825,  183.071426458,  1115.65
1566.41941739,  13718.2,  11232.9,  793.602315663,  183.070047954,  1114.1
1566.43985175,  14642.7,  11977.1,  793.60230141,  183.069141329,  1114.44
1566.460286,  15652.1,  12789.1,  793.601533606,  183.068010098,  1113.94
1566.48072046,  16179.5,  13213.4,  793.601124654,  183.068835259,  1113.1
1566.50115482,  15813.1,  12919.2,  793.600614935,  183.067258544,  1112.85
1566.52158907,  14767.5,  12077.3,  793.602192128,  183.069514285,  1113.32
1566.54202353,  13492.0,  11050.9,  793.602786984,  183.068556798,  1114.15
1566.56245788,  12815.0,  10506.0,  793.601380849,  183.068940652,  1114.02
1566.58289224,  13610.4,  11145.6,  793.601202732,  183.068106678,  1112.69
1566.60332659,  14719.2,  12038.5,  793.600641838,  183.069033707,  1112.63
1566.62376085,  15605.9,  12752.0,  793.60123206,  183.069481254,  1112.55
1566.64419531,  15776.8,  12888.9,  793.601595612,  183.068671488,  1112.29
1566.66462966,  15169.7,  12401.5,  793.600921686,  183.069320301,  1111.68
1566.70549838,  13586.1,  11126.0,  793.601214197,  183.069246344,  1112.29
1566.72593273,  14057.5,  11504.9,  793.601293061,  183.068704855,  1111.63
1566.74636709,  15085.6,  12331.1,  793.601421602,  183.068533551,  1112.09
1566.76680145,  15969.0,  13041.6,  793.601597075,  183.067848462,  1110.8
1566.7872358,  16130.1,  13170.7,  793.601232074,  183.068200335,  1112.22
1566.80767026,  15416.4,  12595.7,  793.601679353,  183.069098931,  1111.34
1566.82810452,  14256.5,  11662.2,  793.6008377,  183.068889503,  1111.99
1566.84853887,  13052.1,  10692.3,  793.601745552,  183.068232903,  1112.63
1566.86897333,  13035.3,  10678.9,  793.601929755,  183.069038441,  1111.51
1566.88940769,  14087.5,  11525.9,  793.602702688,  183.068608764,  1111.25
1566.90984195,  15151.0,  12380.7,  793.601844129,  183.068144275,  1111.13
1566.9302764,  15789.4,  12894.2,  793.601607955,  183.069514861,  1112.37
1566.95071076,  15602.7,  12744.5,  793.601046794,  183.068057775,  1111.75
1566.97114512,  14783.5,  12084.3,  793.601073647,  183.066906321,  1111.02
1566.99157948,  13862.4,  11343.3,  793.602370246,  183.067942445,  1109.63
1567.01201384,  13638.7,  11162.9,  793.601601315,  183.068741522,  1110.96
1567.03244819,  14495.4,  11852.4,  793.601875054,  183.068414721,  1108.98
1567.05288255,  15505.7,  12665.5,  793.601155549,  183.067016096,  1110.4
1567.07331691,  16147.5,  13182.0,  793.600442762,  183.067531351,  1110.21
1567.09375137,  15935.1,  13010.5,  793.601461119,  183.067981734,  1110.26
1567.11418563,  14955.9,  12222.2,  793.601005281,  183.068113078,  1110.18
1567.13462009,  13723.6,  11230.4,  793.601713455,  183.068175661,  1110.91
1567.15505444,  12851.2,  10528.5,  793.602007848,  183.067527073,  1110.72
1567.1754887,  13468.2,  11025.6,  793.601523997,  183.067413198,  1111.37
1567.19592316,  14574.1,  11915.4,  793.602108489,  183.06822115,  1110.82
1567.21635752,  15532.7,  12687.1,  793.600743956,  183.068170879,  1108.08
1567.23679178,  15831.8,  12926.8,  793.600989674,  183.069335267,  1108.67
1567.25722624,  15311.4,  12508.2,  793.600926782,  183.068297933,  1110.93
1567.2776605,  14378.3,  11758.0,  793.601430411,  183.067635861,  1109.77
1567.29809486,  13616.1,  11144.1,  793.601451681,  183.068510056,  1109.27
1567.31852932,  13911.8,  11382.1,  793.601579297,  183.067093438,  1109.58
1567.33896358,  14924.4,  12197.4,  793.601356938,  183.0690878,  1108.42
1567.35939804,  15845.2,  12938.4,  793.600976679,  183.067518512,  1108.11
1567.3798324,  16174.8,  13204.2,  793.600773797,  183.067083372,  1109.93
1567.40026666,  15597.9,  12739.7,  793.601204632,  183.067933024,  1108.44
1567.42070112,  14480.1,  11839.2,  793.601235068,  183.067725389,  1109.56
1567.44113548,  13239.6,  10842.1,  793.601521592,  183.067572762,  1107.41
1567.46156984,  12957.7,  10615.3,  793.600223968,  183.067121539,  1110.0
1567.4820042,  13958.0,  11420.3,  793.602150068,  183.068497943,  1108.31
1567.50243856,  15042.3,  12293.0,  793.601680903,  183.067653885,  1108.92
1567.52287302,  15772.8,  12880.9,  793.601644097,  183.067702929,  1116.49
1567.54330728,  15700.8,  12823.3,  793.600756134,  183.066619848,  1107.61
1567.56374164,  14961.1,  12228.4,  793.600897354,  183.066910766,  1106.32
1567.5841761,  14003.2,  11457.2,  793.601986694,  183.068238382,  1107.94
1567.60461046,  13593.2,  11127.4,  793.602007495,  183.067687198,  1108.94
1567.62504472,  14304.3,  11699.8,  793.6012575,  183.06750895,  1106.99
1567.64547919,  15348.4,  12539.9,  793.600915401,  183.067797688,  1107.51
1567.66591355,  16094.3,  13140.9,  793.600777216,  183.067078577,  1107.92
1567.68634781,  16056.3,  13110.4,  793.599800798,  183.067704762,  1107.39
1567.70678227,  15179.3,  12403.9,  793.600981063,  183.067667275,  1107.91
1567.72721663,  13963.1,  11425.9,  793.601950058,  183.067240629,  1108.54
1567.74765109,  12928.9,  10593.6,  793.600872579,  183.067271038,  1108.55
1567.76808535,  13324.5,  10912.1,  793.600390354,  183.066819149,  1107.46
1567.78851972,  14424.2,  11797.7,  793.600960167,  183.066964177,  1106.63
1567.80895418,  15422.0,  12600.0,  793.600426161,  183.066436428,  1108.46
1567.82938844,  15854.4,  12948.7,  793.600334065,  183.066630198,  1108.12
1567.8498228,  15434.8,  12611.9,  793.600074414,  183.066595705,  1107.16
1567.87025726,  14537.2,  11888.3,  793.601330687,  183.067724239,  1108.04
1567.89069153,  13704.5,  11218.8,  793.600579054,  183.068072035,  1107.19
1567.91112599,  13777.8,  11277.6,  793.601612575,  183.067044754,  1106.89
1567.93156025,  14758.4,  12066.9,  793.601463192,  183.066790486,  1106.58
1567.95199461,  15731.5,  12850.5,  793.60093537,  183.066989743,  1105.33
1567.97242908,  16203.0,  13229.4,  793.599641762,  183.065709869,  1106.36
1567.99286334,  15778.3,  12888.5,  793.600928272,  183.066491628,  1105.83
1568.0132977,  14684.7,  12008.2,  793.60018252,  183.067600673,  1106.81
1568.03373217,  13436.7,  11003.9,  793.600761715,  183.066226367,  1107.21
1568.05416643,  12904.4,  10576.5,  793.600614977,  183.067990556,  1105.53
1568.07460079,  13783.5,  11283.4,  793.601665003,  183.065664353,  1105.96
1568.09503526,  14867.7,  12155.8,  793.600613283,  183.066747748,  1106.31
1568.11546962,  15701.2,  12827.2,  793.600624663,  183.066904771,  1106.62
1568.13590398,  15759.8,  12874.6,  793.601014077,  183.06604332,  1105.62
1568.15633835,  15073.7,  12322.5,  793.600777883,  183.06683735,  1106.09
1568.17677271,  14138.0,  11569.5,  793.600306883,  183.066754489,  1106.58
1568.19720707,  13585.8,  11124.5,  793.600345279,  183.067599317,  1104.99
1568.21764144,  14141.6,  11572.3,  793.600873962,  183.065768257,  1105.69
1568.2380758,  15197.2,  12422.5,  793.600481823,  183.066082865,  1106.15
1568.25851027,  16049.5,  13107.8,  793.600578822,  183.065634704,  1105.03
1568.27894453,  16140.0,  13181.3,  793.600366602,  183.06600061,  1103.76
1568.29937899,  15377.6,  12567.9,  793.600312133,  183.066674959,  1105.23
1568.31981336,  14190.0,  11611.7,  793.601838079,  183.067021998,  1105.14
1568.34024762,  13036.7,  10684.5,  793.600276066,  183.067233279,  1104.71
1568.36068209,  13159.3,  10782.5,  793.599871232,  183.067059078,  1105.45
1568.38111645,  14251.5,  11661.1,  793.599581482,  183.067603338,  1104.57
1568.40155072,  15272.7,  12483.6,  793.599652883,  183.065972329,  1104.6
1568.42198518,  15805.3,  12911.6,  793.599632082,  183.066103218,  1105.09
1568.44241955,  15534.9,  12694.8,  793.600243412,  183.066347937,  1104.64
1568.46285381,  14671.9,  12000.5,  793.600009574,  183.066589446,  1104.31
1568.48328828,  13793.1,  11293.0,  793.599845222,  183.066755667,  1103.67
1568.50372264,  13692.1,  11211.9,  793.599924727,  183.065912463,  1105.62
1568.52415711,  14607.3,  11948.8,  793.600559649,  183.064888269,  1104.53
1568.54459137,  15625.5,  12767.8,  793.599448965,  183.065763387,  1103.75
1568.56502564,  16214.0,  13241.6,  793.600304362,  183.065892529,  1105.07
1568.58546011,  15925.3,  13009.7,  793.599777361,  183.066221823,  1104.74
1568.60589447,  14913.9,  12194.9,  793.600346244,  183.066728702,  1105.06
1568.62632884,  13655.9,  11183.6,  793.599877217,  183.066504439,  1104.48
1568.6467632,  12879.4,  10558.3,  793.599753335,  183.066673471,  1104.01
1568.66719757,  13597.3,  11136.0,  793.599864335,  183.064880644,  1103.97
1568.68763204,  14690.0,  12015.8,  793.60019629,  183.065209337,  1104.66
1568.7080663,  15596.6,  12745.0,  793.600533065,  183.064663303,  1105.63
1568.72850067,  15806.0,  12913.7,  793.599776218,  183.064569003,  1103.91
1568.74893513,  15219.4,  12441.9,  793.599845761,  183.065972855,  1104.81
1568.7693695,  14297.5,  11699.8,  793.599997956,  183.067669919,  1104.92
1568.78980377,  13598.3,  11137.2,  793.600229929,  183.066550379,  1104.09
1568.81023823,  13986.2,  11449.5,  793.600917067,  183.065864948,  1104.35
1568.8306726,  15038.7,  12296.4,  793.600522612,  183.066031944,  1103.69
1568.85110697,  15965.9,  13043.5,  793.599115767,  183.06477059,  1102.88
1568.87154133,  16204.4,  13235.0,  793.598630538,  183.065139633,  1105.19
1568.8919757,  15555.3,  12713.0,  793.599100992,  183.065172679,  1103.41
1568.91241017,  14403.2,  11785.0,  793.600155444,  183.06635872,  1104.84
1568.93284444,  13160.0,  10785.0,  793.600069783,  183.066042422,  1102.14
1568.9532788,  13039.7,  10688.8,  793.600118697,  183.065206965,  1114.2
1568.97371327,  14058.6,  11508.3,  793.601199451,  183.066184035,  1102.7
1568.99414754,  15131.4,  12371.8,  793.598594504,  183.06463583,  1103.07
1569.01458191,  15792.9,  12904.2,  793.59876562,  183.066464106,  1102.99
1569.03501637,  15635.4,  12776.9,  793.600064624,  183.066231995,  1104.02
1569.05545064,  14845.0,  12141.0,  793.599171651,  183.065139054,  1103.5
1569.07588511,  13924.2,  11400.8,  793.599805762,  183.065615473,  1105.56
1569.09631948,  13624.5,  11158.6,  793.600227262,  183.066134129,  1104.27
1569.11675375,  14419.7,  11798.7,  793.599726806,  183.064382776,  1103.81
1569.13718821,  15476.9,  12650.0,  793.59963436,  183.065772678,  1105.04
1569.15762258,  16177.5,  13213.0,  793.59861827,  183.065792963,  1106.98
1569.17805685,  16033.1,  13097.6,  793.60028871,  183.06499835,  1105.68
1569.19849132,  15098.0,  12345.2,  793.599078524,  183.065226115,  1105.41
1569.21892559,  13845.7,  11337.4,  793.600002171,  183.065701866,  1106.95
1569.23936006,  12877.3,  10558.6,  793.599061466,  183.066121958,  1106.76
1569.25979443,  13388.5,  10969.2,  793.600345699,  183.066347717,  1107.17
1569.28022869,  14488.7,  11854.5,  793.599521928,  183.065698318,  1108.69
1569.30066316,  15454.7,  12632.4,  793.599181602,  183.065661416,  1107.46
1569.32109753,  15817.0,  12923.9,  793.599304978,  183.06465722,  1107.39
1569.3415319,  15343.2,  12542.8,  793.599407318,  183.065244742,  1106.99
1569.36196627,  14456.2,  11829.3,  793.600774232,  183.066955117,  1106.77
1569.38240064,  13657.6,  11185.6,  793.59984187,  183.065689026,  1106.29
1569.40283501,  13852.7,  11343.3,  793.600452317,  183.065623192,  1106.34
1569.42326938,  14879.9,  12169.7,  793.598651288,  183.065106382,  1105.54
1569.44370375,  15850.5,  12950.3,  793.599390823,  183.065260146,  1106.73
1569.46413822,  16233.2,  13258.7,  793.599063607,  183.064978244,  1105.68
1569.48457259,  15706.2,  12833.9,  793.598553592,  183.064205943,  1104.83
1569.50500686,  14595.8,  11940.8,  793.59992979,  183.065048045,  1106.34
1569.52544133,  13325.3,  10918.9,  793.59881994,  183.065501354,  1104.95
1569.5458757,  12897.9,  10573.9,  793.599384232,  183.065959464,  1107.14
1569.56630997,  13849.6,  11340.8,  793.599090431,  183.064601587,  1106.67
1569.58674444,  14930.8,  12210.6,  793.600001995,  183.065541553,  1106.2
1569.60717881,  15708.0,  12835.4,  793.598503696,  183.066047311,  1107.75
1569.62761328,  15706.3,  12834.8,  793.600401806,  183.064395758,  1107.22
1569.64804755,  14986.1,  12255.0,  793.599123021,  183.064701196,  1106.6
1569.68891639,  13586.7,  11127.9,  793.599615366,  183.065877066,  1105.36
1569.70935066,  14269.9,  11676.4,  793.599508644,  183.064964048,  1104.25
1569.72978503,  15325.5,  12525.4,  793.599595769,  183.065076322,  1104.29
1569.7502195,  16118.5,  13162.7,  793.599520443,  183.063209402,  1103.99
1569.77065377,  16127.2,  13169.1,  793.599118202,  183.064637396,  1102.42
1569.79108814,  15269.2,  12478.1,  793.598741793,  183.063741384,  1103.35
1569.81152262,  14049.8,  11496.2,  793.599705831,  183.063617925,  1102.4
1569.83195689,  12950.5,  10611.1,  793.600129639,  183.065229001,  1102.03
1569.85239136,  13223.8,  10830.6,  793.600360284,  183.064725017,  1103.06
1569.87282563,  14325.6,  11717.2,  793.599608884,  183.064645363,  1101.15
1569.89326,  15341.6,  12534.7,  793.599493117,  183.06301778,  1101.79
1569.91369447,  15826.6,  12924.3,  793.598559833,  183.064732276,  1099.85
1569.93412874,  15480.9,  12646.3,  793.599296826,  183.064556384,  1101.71
1569.95456312,  14609.6,  11944.5,  793.599850629,  183.064550362,  1101.58
1569.97499759,  13751.6,  11254.0,  793.600144955,  183.064286767,  1100.15
1569.99543196,  13754.4,  11255.0,  793.60073231,  183.064711259,  1101.46
1570.01586633,  14721.8,  12034.1,  793.600178874,  183.064572621,  1100.64
1570.03630071,  15726.2,  12842.7,  793.599763718,  183.063792909,  1099.57
1570.05673508,  16257.0,  13269.0,  793.598811818,  183.064211455,  1099.06
1570.07716945,  15845.8,  12938.8,  793.599510721,  183.063709049,  1099.68
1570.09760382,  14781.7,  12081.4,  793.599944289,  183.065023884,  1100.16
1570.11803819,  13510.5,  11058.4,  793.599978702,  183.063640563,  1099.51
1570.13847267,  12859.3,  10534.3,  793.600124981,  183.064356569,  1098.42
1570.15890694,  13674.9,  11190.4,  793.600489841,  183.064889419,  1098.81
1570.17934141,  14774.0,  12075.6,  793.599895536,  183.064967742,  1098.67
1570.19977579,  15643.9,  12775.4,  793.599123077,  183.065163012,  1097.94
1570.22021006,  15782.9,  12887.1,  793.600075916,  183.063836921,  1098.23
1570.24064453,  15154.1,  12380.8,  793.598933885,  183.064041264,  1098.45
1570.2610789,  14216.0,  11625.6,  793.600485201,  183.065399916,  1098.08
1570.28151318,  13598.0,  11128.5,  793.599399052,  183.064568402,  1098.68
1570.30194765,  14110.3,  11541.4,  793.599192148,  183.064555884,  1097.89
1570.32238202,  15171.5,  12394.7,  793.598496983,  183.063591077,  1097.28
1570.3428163,  16033.7,  13089.1,  793.598445592,  183.063749326,  1097.56
1570.36325077,  16189.7,  13215.0,  793.598799042,  183.062837014,  1096.74
1570.38368515,  15452.4,  12621.3,  793.598566511,  183.064280167,  1097.87
1570.40411952,  14259.8,  11661.4,  793.599657161,  183.063480702,  1096.83
1570.42455389,  13048.1,  10686.9,  793.600464213,  183.065027916,  1097.42
1570.44498827,  13068.6,  10703.3,  793.599624891,  183.064796933,  1098.12
1570.46542264,  14142.7,  11568.3,  793.599632875,  183.065204021,  1098.04
1570.48585702,  15205.3,  12423.3,  793.598877305,  183.064608397,  1096.56
1570.50629139,  15802.1,  12903.8,  793.598892495,  183.064189644,  1096.45
1570.52672576,  15587.0,  12730.9,  793.598890957,  183.06365906,  1096.36
1570.54716014,  14750.5,  12058.0,  793.599723642,  183.064301077,  1096.48
1570.56759461,  13866.1,  11346.0,  793.599112262,  183.064316277,  1095.2
1570.58802889,  13671.3,  11189.5,  793.598393971,  183.063503174,  1095.13
1570.60846326,  14529.8,  11880.2,  793.599576073,  183.064353827,  1095.88
1570.62889774,  15575.2,  12721.3,  793.599361759,  183.062596003,  1095.92
1570.64933211,  16206.7,  13230.6,  793.598698626,  183.063809346,  1095.3
1570.66976639,  15957.3,  13029.3,  793.598945723,  183.064266691,  1096.38
1570.69020086,  14973.3,  12238.4,  793.599092576,  183.063914629,  1094.54
1570.71063524,  13703.6,  11216.1,  793.600253129,  183.064907291,  1097.41
1570.73106951,  12850.7,  10529.7,  793.597899043,  183.06388446,  1092.91
1570.75150399,  13473.1,  11031.1,  793.600230797,  183.064203814,  1094.36
1570.77193836,  14597.2,  11936.0,  793.600088511,  183.063292497,  1093.81
1570.79237284,  15529.6,  12686.4,  793.599034309,  183.063493095,  1094.7
1570.81280711,  15806.3,  12909.3,  793.598749382,  183.064613346,  1095.65
1570.83324149,  15281.9,  12486.8,  793.598823453,  183.063596761,  1095.87
1570.85367596,  14353.2,  11739.8,  793.599402836,  183.063315891,  1094.47
1570.87411024,  13627.1,  11155.7,  793.599542343,  183.063645868,  1095.42
1570.89454462,  13953.0,  11417.9,  793.599160763,  183.063794277,  1095.58
1570.91497909,  14984.7,  12248.5,  793.599052876,  183.063517829,  1095.77
1570.93541337,  15916.2,  12998.5,  793.597798063,  183.063914255,  1095.66
1570.95584784,  16216.6,  13239.7,  793.598525922,  183.063514486,  1094.38
1570.97628222,  15610.6,  12752.9,  793.59764205,  183.063674447,  1094.43
1570.9967165,  14463.4,  11829.3,  793.59913499,  183.063655146,  1093.53
1571.01715097,  13210.7,  10821.2,  793.599774425,  183.066400931,  1093.15
1571.03758535,  12943.9,  10607.6,  793.599003591,  183.063349373,  1092.71
1571.05801963,  13947.7,  11415.1,  793.59752591,  183.064739674,  1093.32
1571.0784541,  15026.4,  12283.4,  793.598813309,  183.063277941,  1093.52
1571.09888848,  15756.1,  12870.7,  793.597378036,  183.062739224,  1093.19
1571.11932276,  15672.7,  12803.9,  793.597832633,  183.062729897,  1093.34
1571.13975723,  14919.9,  12198.2,  793.598816201,  183.063906429,  1093.48
1571.16019161,  13991.3,  11450.3,  793.599939366,  183.062856926,  1093.89
1571.18062599,  13612.1,  11146.6,  793.596875916,  183.063553967,  1093.32
1571.20106036,  14359.8,  11747.7,  793.599393165,  183.062987108,  1092.97
1571.22149474,  15415.3,  12597.2,  793.598250335,  183.062225634,  1093.64
1571.24192912,  16146.3,  13185.7,  793.598211309,  183.062441993,  1091.59
1571.2623635,  16063.2,  13118.3,  793.597941966,  183.06251103,  1094.56
1571.28279787,  15146.3,  12380.7,  793.597910531,  183.064429521,  1093.29
1571.30323225,  13908.7,  11385.1,  793.597906724,  183.062927232,  1093.76
1571.32366663,  12872.5,  10550.8,  793.598563312,  183.063884589,  1094.13
1571.34410111,  13295.1,  10890.8,  793.59969056,  183.060902871,  1093.36
1571.36453548,  14402.8,  11782.7,  793.599120672,  183.063675141,  1093.11
1571.38496976,  15409.5,  12593.2,  793.598340489,  183.063225822,  1092.76
1571.40540424,  15821.3,  12923.9,  793.598705404,  183.062639932,  1093.15
1571.42583862,  15422.6,  12603.9,  793.598199752,  183.063355324,  1094.57
1571.44627289,  14543.2,  11895.6,  793.597410269,  183.063325177,  1093.79
1571.46670737,  13719.0,  11232.9,  793.598321517,  183.063457208,  1094.76
1571.48714175,  13824.8,  11318.5,  793.598722588,  183.06306006,  1095.11
1571.50757603,  14805.6,  12106.7,  793.598054964,  183.062430507,  1095.25
1571.52801051,  15792.0,  12901.3,  793.59745636,  183.062250139,  1095.29
1571.54844489,  16224.3,  13249.2,  793.597589413,  183.06208935,  1094.35
1571.56887937,  15756.0,  12872.1,  793.597642241,  183.062184666,  1094.85
1571.58931364,  14653.1,  11984.2,  793.598599841,  183.062852599,  1095.78
1571.60974802,  13372.5,  10954.3,  793.598695588,  183.064190765,  1096.49
1571.6301825,  12852.3,  10535.1,  793.59770657,  183.061973021,  1095.91
1571.65061678,  13753.0,  11260.9,  793.599501612,  183.062212604,  1097.51
1571.67105116,  14851.6,  12144.7,  793.59778214,  183.062929901,  1097.52
1571.69148564,  15682.4,  12813.5,  793.598176514,  183.062184149,  1094.94
1571.71191992,  15767.7,  12882.6,  793.598509661,  183.062305362,  1095.21
1571.7323544,  15090.4,  12336.7,  793.598600507,  183.062915627,  1097.09
1571.75278878,  14140.1,  11572.1,  793.59877787,  183.063663102,  1099.22
1571.77322306,  13587.6,  11127.9,  793.598103934,  183.062560702,  1095.6
1571.79365753,  14170.2,  11596.1,  793.598430374,  183.061972682,  1098.05
1571.81409191,  15262.1,  12475.6,  793.597377616,  183.062333093,  1098.27
1571.83452619,  16060.3,  13118.0,  793.597224622,  183.063246929,  1098.69
1571.85496067,  16138.3,  13181.0,  793.597517134,  183.062269957,  1097.94
1571.87539505,  15341.2,  12539.6,  793.598886141,  183.064922773,  1097.88
1571.89582933,  14126.6,  11561.5,  793.598178878,  183.062078718,  1097.94
1571.91626381,  12982.2,  10640.5,  793.598320111,  183.061235553,  1098.59
1571.93669819,  13137.4,  10766.1,  793.598598335,  183.061002271,  1096.44
1571.95713267,  14228.4,  11643.5,  793.598862662,  183.063332079,  1094.5
1571.97756695,  15273.4,  12484.7,  793.598732304,  183.062795464,  1095.57
1571.99800133,  15815.7,  12921.1,  793.59756082,  183.062623386,  1095.31
1572.01843581,  15533.5,  12693.6,  793.597882449,  183.062085278,  1095.64
1572.03887009,  14694.2,  12018.8,  793.597178984,  183.06232412,  1093.96
1572.05930448,  13800.3,  11299.1,  793.599009084,  183.061469989,  1094.67
1572.07973896,  13711.0,  11227.5,  793.598214735,  183.061601804,  1093.47
1572.10017324,  14614.3,  11954.9,  793.597928826,  183.061674111,  1094.16
1572.12060772,  15640.4,  12780.0,  793.598937919,  183.062046263,  1094.9
1572.1410421,  16209.8,  13238.4,  793.59870815,  183.061884807,  1094.12
1572.16147638,  15895.3,  12985.3,  793.597348327,  183.062898428,  1093.01
1572.18191086,  14862.6,  12153.7,  793.598088027,  183.061994212,  1094.81
1572.20234524,  13577.7,  11120.6,  793.598399845,  183.061845347,  1094.25
1572.22277952,  12838.4,  10525.3,  793.597629665,  183.062705773,  1094.13
1572.243214,  13575.7,  11118.9,  793.598304666,  183.061632747,  1095.93
1572.26364838,  14690.2,  12015.6,  793.599142176,  183.062887748,  1094.33
1572.28408277,  15605.4,  12751.5,  793.597856473,  183.061934627,  1095.33
1572.30451715,  15795.2,  12904.9,  793.59790521,  183.062304794,  1094.42
1572.32495153,  15213.0,  12436.2,  793.597413101,  183.062172496,  1093.36
1572.34538591,  14275.5,  11681.0,  793.598286332,  183.061763777,  1093.04
1572.36582029,  13601.6,  11139.4,  793.597711418,  183.059910646,  1093.31
1572.38625467,  14014.3,  11471.8,  793.598144095,  183.061682069,  1092.15
1572.40668906,  15059.0,  12312.0,  793.598301615,  183.061422156,  1093.26
1572.42712344,  15976.9,  13051.0,  793.596532685,  183.061134998,  1093.31
1572.44755782,  16191.9,  13223.7,  793.597472573,  183.061624466,  1092.19
1572.4679922,  15516.9,  12680.1,  793.597379833,  183.061039539,  1093.33
1572.48842658,  14339.1,  11733.0,  793.597725343,  183.061922999,  1092.55
1572.50886107,  13109.8,  10743.5,  793.597458182,  183.063411133,  1092.33
1572.52929545,  12995.7,  10651.8,  793.598213431,  183.06252523,  1093.11
1572.54972973,  14045.6,  11496.6,  793.598889323,  183.062146705,  1093.97
1572.57016421,  15128.0,  12367.3,  793.597871029,  183.062663639,  1091.83
1572.5905986,  15784.4,  12896.1,  793.597259165,  183.061700418,  1091.89
1572.61103288,  15638.9,  12778.9,  793.59717149,  183.062566647,  1093.87
1572.63146736,  14834.0,  12130.7,  793.59849542,  183.062203603,  1093.13
1572.67233603,  13630.6,  11162.2,  793.597257351,  183.061799164,  1092.94
1572.69277051,  14448.9,  11819.1,  793.598037009,  183.06158793,  1093.14
1572.71320489,  15485.5,  12652.6,  793.596743397,  183.061357502,  1093.67
1572.73363938,  16165.8,  13198.8,  793.598127724,  183.061251647,  1093.65
1572.75407366,  16009.2,  13071.8,  793.597101885,  183.060985759,  1093.65
1572.77450804,  15051.5,  12301.7,  793.597727057,  183.061605931,  1093.87
1572.79494253,  13803.9,  11295.9,  793.598956197,  183.06221954,  1093.65
1572.81537681,  12849.3,  10528.0,  793.598495705,  183.062870173,  1093.32
1572.83581119,  13395.8,  10966.9,  793.597200116,  183.062761998,  1094.49
1572.85624568,  14519.2,  11870.9,  793.598791632,  183.060915964,  1094.81
1572.87667996,  15487.5,  12650.2,  793.598023552,  183.061335268,  1095.75
1572.89711444,  15826.7,  12922.0,  793.598116698,  183.061986505,  1098.63
1572.91754883,  15335.8,  12526.4,  793.597511119,  183.062106489,  1099.82
1572.93798311,  14447.5,  11812.1,  793.598464851,  183.061119549,  1100.33
1572.95841759,  13657.7,  11175.7,  793.598077239,  183.062547475,  1099.52
1572.97885198,  13875.5,  11350.5,  793.598788778,  183.061417285,  1099.42
1572.99928636,  14891.9,  12168.0,  793.599205424,  183.062217889,  1102.42
1573.01972075,  15850.7,  12939.6,  793.597042251,  183.060565695,  1099.29
1573.04015513,  16221.1,  13237.9,  793.597455464,  183.060729449,  1099.21
1573.06058941,  15672.5,  12795.3,  793.59841944,  183.06045893,  1096.13
1573.0810239,  14536.9,  11881.3,  793.597485946,  183.061901934,  1092.77
1573.10145828,  13290.1,  10878.2,  793.598422157,  183.06042676,  1092.01
1573.12189267,  12892.5,  10557.5,  793.598249649,  183.061214947,  1090.11
1573.14232705,  13868.8,  11343.3,  793.599020016,  183.060805645,  1091.44
1573.16276144,  14949.5,  12213.4,  793.597349421,  183.060404427,  1090.93
1573.18319592,  15726.6,  12838.3,  793.598681612,  183.061052943,  1090.32
1573.20363021,  15708.4,  12824.1,  793.598011485,  183.060580344,  1090.2
1573.22406459,  14985.1,  12241.6,  793.599136376,  183.060728647,  1089.26
1573.24449908,  14047.7,  11487.3,  793.598627633,  183.060619885,  1087.07
1573.26493336,  13590.2,  11119.3,  793.597498309,  183.061203347,  1088.19
1573.28536785,  14265.8,  11663.1,  793.598345459,  183.060727264,  1087.52
1573.30580223,  15333.5,  12522.2,  793.597839352,  183.060683606,  1087.63
1573.32623652,  16116.7,  13152.8,  793.597941363,  183.059891244,  1087.56
1573.346671,  16098.8,  13137.9,  793.597232972,  183.060207745,  1086.48
1573.36710539,  15235.3,  12443.3,  793.597260821,  183.060781343,  1085.07
1573.38753967,  14002.1,  11451.5,  793.598007848,  183.061075487,  1084.81
1573.40797416,  12912.4,  10574.0,  793.599050676,  183.061446808,  1084.11
1573.42840854,  13207.8,  10812.2,  793.598722922,  183.061531631,  1085.12
1573.44884283,  14325.3,  11711.4,  793.597451036,  183.061928725,  1085.18
1573.46927732,  15337.8,  12526.0,  793.597571586,  183.061766806,  1081.9
1573.4897117,  15811.8,  12907.7,  793.598291383,  183.060743771,  1081.89
1573.51014619,  15479.7,  12640.9,  793.597564169,  183.060868568,  1081.43
1573.53058047,  14596.2,  11930.2,  793.599129446,  183.061709891,  1080.83
1573.55101486,  13734.2,  11236.5,  793.59734891,  183.06232978,  1081.19
1573.57144935,  13769.6,  11264.4,  793.598838935,  183.060168524,  1080.25
1573.59188363,  14721.9,  12030.9,  793.597830345,  183.061117692,  1081.48
1573.61231802,  15725.7,  12839.1,  793.596863139,  183.059881246,  1080.27
1573.6327525,  16221.4,  13238.6,  793.596947777,  183.060886014,  1079.11
1573.65318689,  15827.0,  12921.1,  793.597393191,  183.060400273,  1079.35
1573.67362128,  14745.0,  12050.2,  793.597909537,  183.061015143,  1079.54
1573.69405566,  13470.3,  11024.6,  793.598889936,  183.061930401,  1079.68
1573.71448995,  12830.8,  10510.4,  793.59809158,  183.060309827,  1080.07
1573.73492444,  13657.1,  11175.0,  793.597624971,  183.061048921,  1079.26
1573.75535882,  14773.6,  12074.2,  793.598206472,  183.060396086,  1077.38
1573.77579311,  15647.3,  12777.3,  793.598023451,  183.060650254,  1080.7
1573.7962276,  15788.0,  12890.2,  793.597645144,  183.062288205,  1077.75
1573.81666198,  15144.8,  12373.4,  793.598963708,  183.061733179,  1077.61
1573.83709627,  14206.8,  11618.1,  793.59811876,  183.060226754,  1079.58
1573.85753076,  13605.3,  11134.2,  793.596719449,  183.05945315,  1078.11
1573.87796515,  14121.2,  11550.1,  793.598322257,  183.059755886,  1078.18
1573.89839963,  15159.2,  12385.8,  793.59706131,  183.060583274,  1076.61
1573.91883392,  16040.1,  13094.2,  793.598260488,  183.060195153,  1078.67
1573.93926831,  16169.7,  13198.8,  793.59681694,  183.05989847,  1077.62
1573.9597028,  15436.6,  12608.3,  793.597341439,  183.059145811,  1078.7
1573.98013708,  14231.6,  11639.1,  793.597557543,  183.060938034,  1076.29
1574.00057147,  13023.9,  10667.8,  793.596826019,  183.05987181,  1078.03
1574.02100596,  13065.6,  10700.7,  793.59748985,  183.059323557,  1078.28
1574.04144025,  14148.8,  11572.8,  793.598473202,  183.060180415,  1077.69
1574.06187473,  15204.2,  12422.4,  793.597745041,  183.060247164,  1078.08
1574.08230912,  15813.8,  12912.3,  793.596747515,  183.059949753,  1077.62
1574.10274341,  15590.7,  12733.4,  793.597858228,  183.060554053,  1077.13
1574.1231779,  14755.9,  12061.4,  793.597890098,  183.06005458,  1077.13
1574.14361229,  13841.1,  11325.4,  793.596924539,  183.060203934,  1077.18
1574.16404667,  13665.8,  11184.7,  793.597719144,  183.060756634,  1075.3
1574.18448106,  14533.0,  11882.6,  793.597322391,  183.060005426,  1076.43
1574.20491545,  15587.7,  12731.5,  793.597409012,  183.059819255,  1076.4
1574.22534984,  16208.4,  13230.9,  793.596572335,  183.059735169,  1077.29
1574.24578423,  15960.7,  13031.8,  793.597484662,  183.059754113,  1076.68
1574.26621862,  14956.4,  12223.6,  793.59747924,  183.060090107,  1075.9
1574.286653,  13679.8,  11195.9,  793.598313753,  183.059537983,  1075.49
1574.30708749,  12839.3,  10519.8,  793.597120488,  183.060240706,  1076.02
1574.32752178,  13486.3,  11040.9,  793.597842014,  183.060451082,  1075.28
1574.34795617,  14624.5,  11956.4,  793.597634047,  183.060263331,  1074.84
1574.36839056,  15554.6,  12704.7,  793.595796438,  183.05992068,  1074.83
1574.38882495,  15829.4,  12926.4,  793.596562509,  183.059800597,  1074.11
1574.40925944,  15286.1,  12488.7,  793.596785114,  183.05940807,  1076.44
1574.42969373,  14342.5,  11729.5,  793.597309601,  183.058548358,  1073.72
1574.45012822,  13614.0,  11143.9,  793.597516414,  183.0592925,  1074.47
1574.47056261,  13952.4,  11415.8,  793.598175601,  183.059300228,  1073.78
1574.49099689,  14982.2,  12244.9,  793.596481769,  183.059956493,  1074.66
1574.51143138,  15918.5,  12998.3,  793.597197483,  183.058927127,  1073.12
1574.53186577,  16220.1,  13240.4,  793.596525335,  183.059005111,  1073.43
1574.55230006,  15582.9,  12727.7,  793.597187991,  183.059391051,  1073.53
1574.57273455,  14443.5,  11810.7,  793.597214977,  183.060158142,  1072.56
1574.59316894,  13189.2,  10801.4,  793.597428523,  183.05873739,  1074.46
1574.61360343,  12964.5,  10620.5,  793.597496673,  183.060499304,  1073.44
1574.63403772,  13968.6,  11428.6,  793.597718405,  183.059562286,  1073.88
1574.65447211,  15061.2,  12308.5,  793.597663216,  183.059652861,  1074.38
1574.6749066,  15778.4,  12885.6,  793.596566551,  183.058928858,  1072.77
1574.69534089,  15693.6,  12816.9,  793.596790391,  183.059225557,  1072.45
1574.71577528,  14912.7,  12189.0,  793.597248125,  183.059329809,  1072.65
1574.73620977,  13958.6,  11420.2,  793.597397218,  183.059274397,  1072.06
1574.75664406,  13603.6,  11134.7,  793.597155391,  183.059371006,  1073.15
1574.77707845,  14356.1,  11740.9,  793.597957237,  183.058857919,  1072.69
1574.79751294,  15416.7,  12593.9,  793.596960994,  183.058646562,  1070.96
1574.81794733,  16155.8,  13188.9,  793.59692527,  183.059174893,  1072.21
1574.83838172,  16053.1,  13106.7,  793.596674436,  183.059025121,  1071.29
1574.85881611,  15142.5,  12373.4,  793.596522213,  183.05995788,  1070.92
1574.8792505,  13899.7,  11373.4,  793.597638887,  183.059766315,  1071.13
1574.89968489,  12888.8,  10559.7,  793.595679249,  183.059591175,  1072.49
1574.92011928,  13314.8,  10902.4,  793.598186184,  183.06020033,  1071.3
1574.94055368,  14441.0,  11808.8,  793.59775617,  183.058973942,  1071.66
1574.96098807,  15441.9,  12613.7,  793.596753268,  183.059100102,  1072.31
1574.98142246,  15840.9,  12934.8,  793.597612862,  183.05919802,  1072.12
1575.00185685,  15422.3,  12598.3,  793.597087279,  183.059956221,  1070.61
1575.02229124,  14501.1,  11856.5,  793.597659856,  183.060144803,  1070.87
1575.04272563,  13675.2,  11191.9,  793.59712401,  183.05831006,  1070.86
1575.06316012,  13808.9,  11300.3,  793.597179858,  183.05879553,  1070.73
1575.08359441,  14816.6,  12110.8,  793.597901535,  183.060240853,  1070.63
1575.1040288,  15799.2,  12901.5,  793.596116934,  183.059422034,  1070.91
1575.12446329,  16234.4,  13251.9,  793.597203318,  183.059120834,  1070.67
1575.14489759,  15754.8,  12865.3,  793.5955435,  183.059602501,  1071.95
1575.16533198,  14651.0,  11977.5,  793.597612702,  183.058460376,  1070.37
1575.18576647,  13375.0,  10950.0,  793.596533842,  183.058227624,  1069.22
1575.20620076,  12879.9,  10551.8,  793.596697267,  183.058942393,  1070.0
1575.22663525,  13791.4,  11285.2,  793.597686089,  183.058659005,  1070.14
1575.24706964,  14893.7,  12172.2,  793.59740727,  183.059932027,  1068.96
1575.26750394,  15716.4,  12834.5,  793.596808772,  183.059293021,  1069.32
1575.28793843,  15758.3,  12867.9,  793.596535504,  183.05965816,  1069.44
1575.30837282,  15054.7,  12301.2,  793.597109306,  183.059207938,  1068.04
1575.32880711,  14096.7,  11531.0,  793.597660109,  183.059206085,  1068.1
1575.3492416,  13573.3,  11109.0,  793.596658035,  183.059120498,  1069.47
1575.369676,  14200.8,  11614.4,  793.597280844,  183.057919185,  1067.48
1575.39011049,  15264.0,  12470.0,  793.5966633,  183.060089571,  1066.77
1575.41054478,  16093.6,  13136.9,  793.596491339,  183.057471362,  1068.95
1575.43097917,  16146.2,  13179.4,  793.59717329,  183.059271826,  1069.5
1575.45141367,  15356.7,  12543.8,  793.596193902,  183.059431564,  1068.91
1575.47184806,  14127.7,  11554.5,  793.596994928,  183.058755785,  1069.26
1575.49228235,  12969.7,  10622.6,  793.596657164,  183.058754393,  1068.57
1575.51271684,  13162.9,  10778.1,  793.596084033,  183.059388342,  1067.93
1575.53315124,  14253.6,  11655.9,  793.597343212,  183.057935538,  1067.78
1575.55358553,  15294.3,  12493.6,  793.595869523,  183.058297923,  1066.57
1575.57402002,  15828.1,  12922.9,  793.597048095,  183.058734415,  1067.91
1575.59445441,  15508.4,  12665.1,  793.596278131,  183.060100424,  1067.06
1575.61488881,  14639.4,  11966.2,  793.598037675,  183.059216734,  1068.13
1575.65575749,  13691.6,  11202.2,  793.596651517,  183.058013648,  1070.05
1575.67619199,  14631.3,  11957.0,  793.59772134,  183.058564076,  1068.54
1575.69662638,  15666.8,  12789.3,  793.596386284,  183.058178431,  1066.45
1575.71706067,  16246.9,  13255.9,  793.596772725,  183.05926761,  1068.08
1575.73749516,  15906.1,  12980.9,  793.596172503,  183.058465571,  1066.62
1575.75792956,  14866.1,  12142.8,  793.597893672,  183.059190085,  1066.54
1575.77836405,  13592.4,  11117.6,  793.5977615,  183.058583475,  1067.3
1575.79879834,  12835.9,  10508.1,  793.597609942,  183.058726353,  1066.41
1575.81923274,  13593.5,  11117.4,  793.597965314,  183.058732003,  1066.99
1575.83966723,  14708.3,  12014.5,  793.597569279,  183.059269298,  1066.42
1575.86010153,  15606.5,  12736.7,  793.597626108,  183.058083616,  1068.32
1575.88053592,  15804.0,  12895.5,  793.597291795,  183.058333518,  1067.11
1575.90097041,  15194.0,  12403.4,  793.597444096,  183.058041631,  1067.94
1575.92140471,  14254.6,  11646.8,  793.597496966,  183.05776556,  1073.87
1575.9418391,  13587.4,  11110.5,  793.597230468,  183.057396974,  1065.83
1575.96227359,  14041.9,  11475.0,  793.596397195,  183.058193398,  1066.88
1575.98270789,  15083.7,  12313.1,  793.597865415,  183.05777335,  1067.29
1576.00314238,  16016.8,  13064.0,  793.597270883,  183.058419639,  1065.51
1576.02357678,  16211.8,  13220.8,  793.59766797,  183.058395444,  1066.11
1576.04401117,  15529.5,  12671.6,  793.597082661,  183.058056213,  1065.6
1576.06444557,  14338.2,  11712.5,  793.596836505,  183.059513289,  1065.24
1576.08487996,  13114.9,  10727.1,  793.59767314,  183.059607246,  1066.8
1576.10531435,  13028.5,  10658.5,  793.59686511,  183.058272875,  1066.61
1576.12574875,  14086.2,  11509.0,  793.598393418,  183.05917207,  1064.37
1576.14618314,  15153.0,  12367.1,  793.599008164,  183.058994085,  1064.6
1576.16661754,  15804.1,  12891.3,  793.596857179,  183.058680247,  1065.44
1576.18705203,  15627.8,  12749.5,  793.597553542,  183.06013025,  1064.07
1576.20748633,  14814.7,  12095.1,  793.59730985,  183.059295506,  1064.99
1576.22792082,  13877.5,  11341.1,  793.597538989,  183.058671134,  1065.08
1576.24835522,  13624.3,  11136.8,  793.597912896,  183.059855419,  1065.22
1576.26878951,  14475.2,  11822.2,  793.59806246,  183.058618328,  1063.66
1576.28922401,  15543.1,  12681.1,  793.596791978,  183.058367468,  1064.24
1576.3096583,  16209.9,  13217.7,  793.596865267,  183.05825423,  1066.01
1576.3300927,  16044.8,  13084.7,  793.596476093,  183.057912528,  1064.71
1576.35052719,  15078.0,  12306.9,  793.597796942,  183.059565013,  1063.2
1576.39139598,  12864.1,  10525.8,  793.596934554,  183.058792393,  1065.22
1576.41183038,  13422.3,  10974.1,  793.597496972,  183.057612684,  1063.87
1576.43226467,  14551.1,  11883.3,  793.597876173,  183.058655735,  1064.05
1576.45269917,  15539.3,  12679.1,  793.596748589,  183.057097445,  1064.66
1576.47313356,  15835.0,  12916.6,  793.597981661,  183.058580432,  1064.19
1576.49356786,  15343.9,  12522.0,  793.597389409,  183.058399233,  1064.26
1576.51400235,  14415.3,  11774.3,  793.596443109,  183.057929763,  1062.94
1576.53443675,  13643.1,  11153.5,  793.597640753,  183.057610275,  1063.45
1576.55487114,  13887.6,  11350.3,  793.598120837,  183.057428637,  1064.42
1576.57530554,  14934.7,  12192.0,  793.597580295,  183.058568583,  1064.17
1576.59573994,  15911.8,  12978.9,  793.597832028,  183.058141462,  1063.59
1576.61617443,  16264.5,  13263.4,  793.59673058,  183.05806905,  1064.36
1576.63660873,  15706.0,  12813.5,  793.596810191,  183.057051353,  1064.43
1576.65704312,  14553.5,  11887.0,  793.597472362,  183.057174923,  1062.89
1576.67747762,  13292.7,  10872.1,  793.597819691,  183.058268315,  1063.53
1576.69791202,  12927.0,  10577.6,  793.596249586,  183.05856695,  1064.05
1576.71834631,  13914.2,  11372.3,  793.597697131,  183.057377988,  1063.31
1576.73878081,  14984.4,  12233.3,  793.597690101,  183.058950785,  1063.23
1576.7592152,  15741.0,  12841.9,  793.596587038,  183.057433253,  1062.8
1576.7796496,  15713.7,  12820.8,  793.59653871,  183.055874251,  1064.77
1576.800084,  14959.6,  12213.7,  793.597470133,  183.057481605,  1062.47
1576.82051839,  14024.9,  11461.3,  793.596932482,  183.057522288,  1064.12
1576.84095289,  13578.3,  11102.1,  793.596497546,  183.058365564,  1062.78
1576.86138719,  14298.8,  11682.1,  793.596947808,  183.058509907,  1062.46
1576.88182158,  15372.1,  12546.4,  793.596908141,  183.058664791,  1062.5
1576.90225608,  16145.6,  13168.6,  793.596914114,  183.057449546,  1062.78
1576.92269038,  16115.4,  13144.5,  793.596531723,  183.056805835,  1064.26
1576.94312477,  15249.2,  12448.2,  793.597533169,  183.057334711,  1062.28
1576.96355917,  14009.3,  11449.1,  793.597570953,  183.058302011,  1061.74
1576.98399357,  12930.7,  10581.2,  793.597731008,  183.056597653,  1062.92
1577.00442806,  13257.0,  10844.3,  793.596332081,  183.058691789,  1061.08
1577.02486236,  14377.1,  11745.9,  793.596550706,  183.057930013,  1061.89
1577.04529676,  15366.6,  12542.4,  793.597425541,  183.057845304,  1061.4
1577.06573126,  15827.9,  12913.8,  793.597591136,  183.057950988,  1061.15
1577.08616555,  15446.3,  12606.3,  793.59674663,  183.058007213,  1062.45
1577.10659995,  14544.0,  11881.1,  793.597234846,  183.058613135,  1060.97
1577.12703445,  13706.4,  11206.8,  793.596543661,  183.057946047,  1062.41
1577.14746874,  13771.4,  11258.5,  793.597538695,  183.057647101,  1062.03
1577.16790324,  14760.1,  12054.9,  793.597189319,  183.057551157,  1060.5
1577.18833764,  15780.4,  12875.6,  793.595659127,  183.057729927,  1061.16
1577.20877194,  16258.4,  13260.5,  793.59636874,  183.057151765,  1060.64
1577.22920643,  15842.3,  12926.1,  793.596155757,  183.056184921,  1058.52
1577.24964083,  14752.3,  12048.4,  793.596274601,  183.059082798,  1062.38
1577.27007523,  13467.1,  11014.9,  793.596976373,  183.057414345,  1062.82
1577.29050963,  12878.6,  10541.1,  793.597048228,  183.057773534,  1059.45
1577.31094402,  13744.1,  11237.1,  793.597536679,  183.057749476,  1060.68
1577.33137842,  14817.6,  12101.6,  793.597389384,  183.057921681,  1060.99
1577.35181292,  15657.2,  12776.9,  793.596796513,  183.05774278,  1062.3
1577.37224722,  15743.0,  12846.1,  793.597513406,  183.057867757,  1061.92
1577.39268172,  15082.7,  12315.2,  793.597268448,  183.057603674,  1060.52
1577.41311611,  14144.1,  11559.3,  793.597583985,  183.057308026,  1060.11
1577.43355041,  13567.0,  11095.4,  793.596671823,  183.057689334,  1059.82
1577.45398491,  14118.8,  11539.8,  793.597249676,  183.056551462,  1061.35
1577.47441931,  15208.4,  12415.9,  793.596029928,  183.05720362,  1060.49
1577.49485361,  16077.4,  13115.9,  793.596419432,  183.057280925,  1059.52
1577.51528811,  16196.3,  13210.5,  793.595845441,  183.05622173,  1061.02
1577.5357225,  15428.2,  12592.8,  793.596532304,  183.056110074,  1060.97
1577.5561569,  14220.6,  11621.9,  793.596981212,  183.057801475,  1060.52
1577.5765913,  13034.8,  10666.9,  793.596307776,  183.057211221,  1059.96
1577.5970256,  13099.5,  10719.0,  793.595445824,  183.05434903,  1058.36
1577.6174601,  14180.2,  11588.7,  793.596356006,  183.058131754,  1060.09
1577.6378945,  15211.9,  12419.1,  793.596578562,  183.056126852,  1059.87
1577.65832879,  15778.2,  12875.1,  793.596337715,  183.057695719,  1060.8
1577.67876329,  15527.1,  12672.9,  793.595981482,  183.056690592,  1060.66
1577.69919769,  14686.2,  11996.0,  793.596752984,  183.058523536,  1059.33
1577.71963209,  13791.6,  11276.3,  793.595843475,  183.056872982,  1061.85
1577.74006649,  13650.9,  11162.7,  793.59607253,  183.057567856,  1058.69
1577.76050089,  14567.6,  11901.3,  793.596286373,  183.058240838,  1059.83
1577.78093539,  15645.1,  12767.8,  793.596992531,  183.055867381,  1058.55
1577.80136969,  16247.7,  13253.1,  793.596868811,  183.056119152,  1058.15
1577.82180409,  15963.7,  13024.9,  793.596220621,  183.05713385,  1059.35
1577.84223859,  14952.4,  12211.0,  793.595732491,  183.057160537,  1058.42
1577.86267298,  13681.0,  11187.1,  793.59751189,  183.05782163,  1058.43
1577.88310728,  12852.4,  10520.6,  793.596119817,  183.056297403,  1057.25
1577.90354178,  13506.5,  11047.0,  793.596904936,  183.056218193,  1059.48
1577.92397618,  14620.1,  11942.6,  793.597242173,  183.057418352,  1058.68
1577.94441058,  15531.8,  12676.9,  793.595369656,  183.057543917,  1057.93
1577.96484498,  15762.7,  12861.6,  793.596474462,  183.05683246,  1058.51
1577.98527938,  15194.2,  12404.7,  793.597826146,  183.056628283,  1057.64
1578.00571378,  14270.1,  11662.1,  793.597259221,  183.057443751,  1058.93
1578.02614818,  13575.6,  11102.1,  793.597023778,  183.056577784,  1059.18
1578.04658258,  13975.3,  11424.8,  793.597426729,  183.058586777,  1057.01
1578.06701708,  15041.9,  12282.9,  793.595811658,  183.056216499,  1072.97
1578.08745138,  15990.7,  13046.0,  793.596981179,  183.056585806,  1060.87
1578.10788578,  16256.0,  13259.6,  793.596270888,  183.057808533,  1059.13
1578.12832028,  15590.8,  12723.6,  793.597314906,  183.056604722,  1058.76
1578.14875458,  14444.0,  11800.4,  793.596732351,  183.058074084,  1056.32
1578.16918908,  13169.6,  10775.9,  793.596618483,  183.058319392,  1056.78
1578.18962348,  12953.6,  10601.6,  793.595890813,  183.056799992,  1057.4
1578.21005778,  14000.4,  11443.9,  793.596922701,  183.056907613,  1058.11
1578.23049228,  15055.9,  12293.3,  793.597015347,  183.057066613,  1055.93
1578.25092658,  15731.1,  12836.8,  793.596077401,  183.056537731,  1058.1
1578.27136098,  15612.7,  12741.2,  793.597186876,  183.056233015,  1056.89
1578.29179548,  14825.2,  12107.4,  793.597656275,  183.057301017,  1057.72
1578.31222978,  13893.8,  11357.6,  793.596493373,  183.057079633,  1057.47
1578.33266428,  13587.0,  11111.2,  793.596561717,  183.056713108,  1058.68
1578.35309868,  14394.8,  11761.3,  793.597227744,  183.056168924,  1056.04
1578.37353298,  15480.3,  12634.6,  793.596279178,  183.057038205,  1056.48
1578.39396748,  16206.5,  13219.1,  793.594952249,  183.056442527,  1057.01
1578.41440188,  16077.3,  13114.2,  793.595943146,  183.056393403,  1058.17
1578.43483628,  15138.8,  12359.8,  793.596737629,  183.057485581,  1057.3
1578.45527068,  13874.5,  11341.8,  793.595810664,  183.056634026,  1057.4
1578.47570508,  12854.2,  10520.8,  793.596299691,  183.055848045,  1057.38
1578.49613949,  13324.9,  10899.5,  793.59738305,  183.057795707,  1057.12
1578.51657389,  14448.6,  11803.2,  793.596250713,  183.057335039,  1057.14
1578.53700829,  15396.0,  12566.4,  793.596462265,  183.056388105,  1056.78
1578.55744279,  15774.6,  12871.8,  793.596445101,  183.056920494,  1058.5
1578.57787719,  15329.9,  12512.7,  793.595937206,  183.05644682,  1056.65
1578.59831149,  14436.3,  11794.3,  793.596761793,  183.056905666,  1055.88
1578.63918039,  13839.4,  11312.4,  793.596724598,  183.055966353,  1057.23
1578.65961469,  14870.5,  12141.8,  793.596935497,  183.056318012,  1056.94
1578.68004919,  15873.0,  12947.0,  793.596081893,  183.055188966,  1056.72
1578.7004836,  16285.0,  13278.3,  793.595130212,  183.05507704,  1055.18
1578.7209179,  15756.6,  12852.7,  793.595951511,  183.056614834,  1055.28
1578.7413524,  14627.3,  11942.1,  793.597004701,  183.057340319,  1056.23
1578.7617868,  13342.6,  10908.5,  793.596125776,  183.056520977,  1056.26
1578.7822213,  12867.4,  10525.7,  793.596853525,  183.056364427,  1054.98
1578.8026556,  13786.0,  11264.4,  793.598405137,  183.056757112,  1054.37
1578.82309,  14885.8,  12149.3,  793.59744636,  183.056500178,  1055.54
1578.84352451,  15671.2,  12781.0,  793.597841226,  183.05578143,  1055.19
1578.86395881,  15681.5,  12788.6,  793.596225742,  183.056153923,  1054.6
1578.88439321,  14977.8,  12222.1,  793.596154955,  183.057325414,  1055.54
1578.90482761,  14038.3,  11465.5,  793.597217611,  183.055735742,  1054.94
1578.92526201,  13570.3,  11088.8,  793.597336114,  183.056429453,  1055.5
1578.94569652,  14246.5,  11632.6,  793.59665202,  183.056207127,  1054.67
1578.96613082,  15327.3,  12501.8,  793.597620759,  183.055800313,  1055.04
1578.98656522,  16150.6,  13163.8,  793.596959339,  183.05640888,  1055.03
1579.00699972,  16168.5,  13178.0,  793.595924265,  183.055607309,  1055.2
1579.02743402,  15327.0,  12500.8,  793.596689947,  183.056169892,  1055.69
1579.04786843,  14092.1,  11507.2,  793.595868604,  183.058435964,  1054.6
1579.06830293,  12948.2,  10586.2,  793.596721004,  183.057682794,  1053.41
1579.08873733,  13157.5,  10754.5,  793.59697537,  183.055760646,  1053.24
1579.10917163,  14256.4,  11639.5,  793.595626729,  183.055966807,  1053.42
1579.12960613,  15258.5,  12444.9,  793.597997379,  183.055572623,  1053.48
1579.15004054,  15763.3,  12851.2,  793.596840397,  183.056204357,  1054.33
1579.17047494,  15440.1,  12591.3,  793.596425916,  183.057471823,  1054.74
1579.19090934,  14586.9,  11904.4,  793.597746932,  183.055850902,  1054.69
1579.21134374,  13733.7,  11218.2,  793.596548021,  183.055719106,  1054.17
1579.23177825,  13729.6,  11214.4,  793.597303737,  183.055086148,  1055.65
1579.25221255,  14712.3,  12005.5,  793.597682804,  183.055569881,  1052.64
1579.27264695,  15748.0,  12839.1,  793.596509425,  183.05622759,  1053.09
1579.29308145,  16291.1,  13276.2,  793.59634996,  183.055011197,  1053.0
1579.31351576,  15909.5,  12969.3,  793.596024002,  183.055210779,  1054.07
1579.33395026,  14843.3,  12111.0,  793.596727051,  183.055269939,  1053.42
1579.35438466,  13554.4,  11073.5,  793.596452551,  183.056047387,  1054.28
1579.37481897,  12826.1,  10488.4,  793.595843682,  183.05659804,  1052.69
1579.39525347,  13610.5,  11118.8,  793.5965465,  183.055771409,  1054.1
1579.41568787,  14714.0,  12006.8,  793.597019654,  183.055639585,  1052.8
1579.43612217,  15576.4,  12702.0,  793.59662239,  183.055511274,  1052.95
1579.45655668,  15737.7,  12831.8,  793.596867917,  183.055251463,  1052.45
1579.47699108,  15128.5,  12341.3,  793.596563035,  183.055694925,  1052.39
1579.49742538,  14200.6,  11595.1,  793.596655782,  183.055857307,  1053.17
1579.51785989,  13580.7,  11095.7,  793.596640213,  183.057670299,  1051.65
1579.53829419,  14072.2,  11491.5,  793.597096358,  183.056436502,  1053.58
1579.55872869,  15158.4,  12365.9,  793.596809747,  183.05573804,  1053.9
1579.5791631,  16056.3,  13088.2,  793.595350335,  183.055424612,  1053.14
1579.5995975,  16225.3,  13224.7,  793.596086098,  183.05474309,  1054.34
1579.6200319,  15494.3,  12637.1,  793.59602622,  183.055529688,  1052.59
1579.64046631,  14302.7,  11677.1,  793.597247478,  183.055147107,  1052.73
1579.66090071,  13083.7,  10697.0,  793.596555813,  183.05488782,  1052.18
1579.68133511,  13028.8,  10652.6,  793.596007399,  183.055823159,  1051.49
1579.70176952,  14083.2,  11501.2,  793.599125338,  183.057235101,  1052.25
1579.72220402,  15138.7,  12350.4,  793.596107184,  183.055546954,  1052.87
1579.74263842,  15748.1,  12841.7,  793.596247507,  183.055870024,  1050.89
1579.76307273,  15573.9,  12701.2,  793.59602859,  183.056296395,  1053.23
1579.78350723,  14739.8,  12029.8,  793.59599839,  183.055926159,  1053.18
1579.80394163,  13845.2,  11310.0,  793.597186621,  183.055206255,  1051.52
1579.82437594,  13649.4,  11153.4,  793.595952221,  183.055384859,  1052.38
1579.84481044,  14509.0,  11844.9,  793.596687008,  183.054989561,  1052.44
1579.86524485,  15580.2,  12706.9,  793.596425397,  183.054994619,  1052.74
1579.88567915,  16240.1,  13238.5,  793.596230021,  183.054453981,  1051.42
1579.90611365,  16007.6,  13050.9,  793.595907276,  183.055541742,  1050.59
1579.92654806,  15035.1,  12269.3,  793.596548345,  183.05576841,  1050.14
1579.94698256,  13752.2,  11236.9,  793.596380372,  183.055914942,  1050.97
1579.96741687,  12834.9,  10498.9,  793.596273598,  183.05587985,  1052.4
1579.98785127,  13423.9,  10972.9,  793.596715516,  183.054851794,  1051.45
1580.00828577,  14540.8,  11871.1,  793.597146608,  183.055629473,  1051.29
1580.02872008,  15473.4,  12621.7,  793.596486423,  183.055792222,  1051.03
1580.04915448,  15772.5,  12863.9,  793.595353989,  183.055662352,  1051.22
1580.06958899,  15270.6,  12459.3,  793.597496174,  183.055981767,  1050.46
1580.09002329,  14351.6,  11720.1,  793.596654072,  183.054825097,  1049.33
1580.1104577,  13609.8,  11122.9,  793.597174318,  183.05581323,  1049.85
1580.1308922,  13922.0,  11374.2,  793.597276656,  183.056417431,  1049.99
1580.15132651,  14979.6,  12225.4,  793.597138271,  183.05568924,  1049.97
1580.17176101,  15942.8,  13001.1,  793.594527398,  183.054694271,  1049.22
1580.19219531,  16253.3,  13250.5,  793.595369268,  183.054623185,  1050.11
1580.21262972,  15653.3,  12768.3,  793.595572482,  183.055270821,  1049.89
1580.23306422,  14501.8,  11841.5,  793.596724579,  183.055495921,  1050.02
1580.25349853,  13237.3,  10823.8,  793.596262634,  183.054517921,  1050.14
1580.27393293,  12920.5,  10569.0,  793.595789207,  183.055252851,  1049.97
1580.29436744,  13907.2,  11363.2,  793.596398609,  183.056042431,  1048.66
1580.31480184,  14975.1,  12222.4,  793.596441781,  183.054977778,  1049.26
1580.33523625,  15700.7,  12806.7,  793.595541794,  183.055091245,  1049.84
1580.35567065,  15639.3,  12757.0,  793.596935441,  183.056104107,  1048.86
1580.37610506,  14893.9,  12157.4,  793.596381177,  183.055243663,  1047.84
1580.39653946,  13959.3,  11405.9,  793.596441704,  183.054835355,  1049.09
1580.41697387,  13576.3,  11097.4,  793.597208768,  183.053906591,  1048.27
1580.43740827,  14323.0,  11698.6,  793.595005351,  183.05511453,  1048.3
1580.45784278,  15403.1,  12567.1,  793.596932924,  183.05467592,  1047.88
1580.47827708,  16168.7,  13184.2,  793.594444641,  183.055164872,  1047.08
1580.49871149,  16106.8,  13133.9,  793.59576012,  183.054756189,  1047.13
1580.51914599,  15206.2,  12408.4,  793.594932751,  183.055186229,  1047.39
1580.5395803,  13973.2,  11417.1,  793.596597317,  183.055848492,  1047.8
1580.5600148,  12907.4,  10559.5,  793.596036354,  183.05619941,  1047.39
1580.58044921,  13271.1,  10852.1,  793.595851538,  183.055322268,  1046.35
1580.60088351,  14377.9,  11743.5,  793.596691627,  183.055240185,  1046.46
1580.62131802,  15357.0,  12530.3,  793.596502203,  183.055045185,  1047.89
1580.64175243,  15784.2,  12874.7,  793.595279738,  183.0555078,  1047.21
1580.66218673,  15386.0,  12554.7,  793.596803439,  183.055950418,  1047.25
1580.68262124,  14493.8,  11836.2,  793.596321123,  183.055840309,  1045.97
1580.70305564,  13678.9,  11181.3,  793.596066886,  183.054705998,  1045.21
1580.72349015,  13771.7,  11255.2,  793.595957054,  183.054366517,  1047.09
1580.74392445,  14768.5,  12057.1,  793.596533088,  183.055180794,  1045.89
1580.76435886,  15790.1,  12879.9,  793.594995321,  183.054983299,  1046.65
1580.78479336,  16256.6,  13255.2,  793.594714478,  183.054346201,  1045.93
1580.80522767,  15800.6,  12888.1,  793.595298675,  183.054437584,  1046.68
1580.82566208,  14711.1,  12012.0,  793.596478524,  183.05520079,  1046.06
1580.84609648,  13433.1,  10983.0,  793.596630194,  183.055684717,  1045.65
1580.86653089,  12857.0,  10519.6,  793.595326289,  183.053785838,  1045.72
1580.88696529,  13731.8,  11223.8,  793.595672922,  183.054953386,  1045.82
1580.9073997,  14810.3,  12091.3,  793.595753201,  183.054057856,  1045.25
1580.92783411,  15617.0,  12740.4,  793.596657521,  183.055271823,  1046.78
1580.94826861,  15701.2,  12808.8,  793.595806682,  183.05474211,  1046.48
1580.96870302,  15040.8,  12277.1,  793.596542918,  183.05424836,  1045.07
1580.98913732,  14111.3,  11529.5,  793.595529879,  183.054193964,  1044.12
1581.00957183,  13573.5,  11096.2,  793.596201604,  183.055417768,  1046.52
1581.03000624,  14154.9,  11564.2,  793.595194924,  183.054459855,  1046.05
1581.05044054,  15227.3,  12427.7,  793.595916011,  183.055406194,  1046.01
1581.07087505,  16081.8,  13114.7,  793.595341847,  183.05426945,  1045.77
1581.09130946,  16165.5,  13182.5,  793.59491024,  183.055006096,  1045.67
1581.11174396,  15377.6,  12548.1,  793.596722885,  183.054248,  1047.17
1581.13217827,  14179.0,  11583.5,  793.596618997,  183.055088784,  1046.11
1581.15261267,  13001.6,  10636.5,  793.595455844,  183.054176114,  1044.44
1581.17304718,  13106.2,  10720.7,  793.596080468,  183.054382889,  1043.55
1581.19348149,  14193.9,  11595.5,  793.595652773,  183.054339845,  1044.54
1581.21391589,  15209.8,  12413.4,  793.595652984,  183.055070251,  1044.16
1581.2343504,  15764.9,  12859.6,  793.595939403,  183.054882187,  1044.73
1581.25478471,  15500.8,  12647.8,  793.596136675,  183.055478671,  1042.0
1581.27521911,  14503.0,  11845.1,  793.597831125,  183.056027828,  1043.01
1581.29565362,  13791.7,  11272.5,  793.595962884,  183.054702162,  1043.98
1581.31608793,  13678.1,  11180.7,  793.596206921,  183.054209609,  1044.25
1581.33652243,  14608.0,  11929.6,  793.595033165,  183.054534031,  1043.41
1581.35695684,  15649.5,  12767.5,  793.595319269,  183.054076851,  1043.51
1581.37739125,  16227.6,  13233.2,  793.594449371,  183.05428917,  1043.71
1581.39782565,  15921.1,  12986.3,  793.595101986,  183.053338089,  1043.13
1581.41826006,  14899.9,  12164.7,  793.595706654,  183.055129125,  1043.31
1581.43869447,  13629.9,  11142.9,  793.59597785,  183.054002798,  1043.39
1581.45912888,  12828.0,  10497.4,  793.59597902,  183.053874705,  1042.95
1581.47956328,  13524.8,  11057.9,  793.596900328,  183.055507235,  1042.99
1581.49999769,  14623.5,  11942.3,  793.596301682,  183.055609176,  1044.45
1581.5204321,  15520.3,  12664.2,  793.594682008,  183.053623164,  1043.03
1581.5408665,  15728.2,  12831.9,  793.594483184,  183.05481618,  1043.1
1581.56130091,  15169.6,  12381.7,  793.596529755,  183.055130051,  1043.28
1581.58173532,  14255.8,  11646.4,  793.596132587,  183.054358318,  1041.91
1586.83337196,  13038.1,  10817.0,  793.587992829,  183.048659697,  1023.89
1586.85380648,  14108.8,  11677.9,  793.588362126,  183.048625622,  1024.83
1586.87424079,  15127.8,  12498.4,  793.587056091,  183.049949324,  1023.96
1586.8946753,  15738.7,  12989.1,  793.588123194,  183.049308524,  1022.86
1586.91510972,  15568.2,  12853.1,  793.58764329,  183.049170938,  1024.77
1586.93554403,  14789.7,  12224.9,  793.587158705,  183.048493752,  1025.43
1586.95597854,  13902.6,  11511.6,  793.587564767,  183.048768258,  1024.4
1586.97641296,  13720.0,  11363.6,  793.585772345,  183.047860832,  1024.79
1586.99684737,  14593.6,  12066.5,  793.587813495,  183.048694102,  1025.68
1587.01728178,  15663.3,  12926.8,  793.585722231,  183.048859611,  1023.37
1587.0377162,  16302.6,  13440.5,  793.58646881,  183.047557409,  1024.73
1587.05815071,  16034.8,  13224.9,  793.586232871,  183.048151534,  1024.55
1587.07858512,  15027.7,  12413.4,  793.586461488,  183.048350949,  1023.23
1587.09901944,  13757.7,  11390.8,  793.586680879,  183.0479772,  1023.06
1587.11945395,  12844.9,  10655.5,  793.586854944,  183.048271538,  1023.8
1587.13988836,  13457.6,  11147.4,  793.586332064,  183.047701901,  1024.12
1587.16032268,  14546.6,  12023.4,  793.58741804,  183.048802516,  1024.28
1587.18075719,  15480.0,  12773.8,  793.586028963,  183.048906677,  1022.59
1587.2011916,  15780.9,  13014.5,  793.587196483,  183.048463729,  1023.28
1587.22162602,  15299.6,  12626.2,  793.58780317,  183.048645859,  1023.04
1587.24206043,  14399.2,  11902.7,  793.587017804,  183.048264568,  1023.84
1587.26249474,  13702.8,  11338.9,  793.585869567,  183.04752708,  1023.61
1587.28292926,  14009.6,  11585.4,  793.587977588,  183.047002536,  1022.72
1587.30336367,  15059.3,  12429.8,  793.587814607,  183.048091732,  1022.93
1587.32379798,  16015.4,  13197.5,  793.587389061,  183.04844925,  1022.89
1587.3442325,  16306.7,  13430.9,  793.586800749,  183.046311987,  1024.95
1587.36466691,  15681.2,  12926.3,  793.587322356,  183.047633619,  1023.42
1587.38510142,  14531.2,  11999.2,  793.587765966,  183.048122718,  1023.65
1587.40553574,  13253.4,  10970.5,  793.587206281,  183.047441383,  1022.31
1587.42597015,  12940.0,  10717.8,  793.587723644,  183.047416974,  1023.02
1587.44640466,  13910.4,  11496.6,  793.587845396,  183.047496559,  1023.23
1587.46683898,  14972.6,  12350.3,  793.587500049,  183.047775632,  1022.68
1587.5077079,  15692.2,  12927.7,  793.588432876,  183.048563223,  1021.6
1587.52814222,  14966.6,  12342.5,  793.586954453,  183.047531111,  1023.88
1587.54857673,  14063.8,  11614.3,  793.5881359,  183.046626348,  1023.59
1587.56901114,  13694.2,  11316.1,  793.588441284,  183.047532147,  1022.03
1587.58944556,  14436.8,  11912.5,  793.588116215,  183.047651391,  1021.08
1587.60987997,  15507.8,  12773.1,  793.587976015,  183.047028261,  1021.18
1587.63031438,  16250.7,  13370.6,  793.58810403,  183.04753154,  1022.12
1587.6507488,  16139.2,  13278.8,  793.588025576,  183.047408882,  1021.18
1587.67118321,  15233.3,  12549.0,  793.587844351,  183.046517646,  1022.91
1587.69161763,  13979.0,  11537.6,  793.589819476,  183.047415543,  1022.5
1587.71205214,  12914.6,  10680.4,  793.589260242,  183.047721108,  1021.39
1587.73248645,  13284.6,  10976.7,  793.588615268,  183.047417855,  1021.96
1587.75292087,  14394.9,  11869.6,  793.589165532,  183.047853974,  1022.54
1587.77335538,  15369.3,  12652.3,  793.589246466,  183.047874629,  1023.19
1587.79378979,  15822.4,  13016.0,  793.589085881,  183.047610843,  1022.67
1587.81422411,  15450.0,  12715.4,  793.589168236,  183.047581999,  1020.99
1587.83465862,  14581.5,  12015.0,  793.589145941,  183.047664945,  1022.85
1587.85509293,  13779.2,  11368.4,  793.588828502,  183.048776865,  1022.36
1587.87552745,  13907.5,  11470.0,  793.588706127,  183.046724591,  1022.45
1587.89596186,  14886.0,  12256.6,  793.589686342,  183.047642539,  1021.4
1587.91639617,  15893.5,  13066.7,  793.588557059,  183.048228241,  1022.43
1587.93683069,  16312.6,  13402.1,  793.588761838,  183.048259743,  1020.77
1587.9572651,  15830.8,  13013.9,  793.588879725,  183.04875519,  1020.47
1587.97769942,  14731.5,  12128.5,  793.589407205,  183.04677732,  1021.33
1587.99813393,  13435.5,  11083.9,  793.588627754,  183.046229217,  1023.11
1588.01856834,  12867.8,  10626.3,  793.590808083,  183.047660717,  1021.44
1588.03900266,  13745.3,  11330.4,  793.58898354,  183.048855122,  1022.79
1588.05943717,  14829.3,  12202.6,  793.58976101,  183.0482153,  1020.5
1588.07987158,  15657.2,  12868.2,  793.589860461,  183.048112074,  1021.75
1588.1003061,  15768.4,  12955.2,  793.589352659,  183.048945643,  1021.55
1588.12074041,  15125.0,  12437.5,  793.590058876,  183.048333893,  1022.33
1588.14117482,  14208.5,  11698.6,  793.5895348,  183.048344967,  1020.27
1588.16160934,  13674.8,  11267.4,  793.590113554,  183.048320924,  1021.48
1588.18204365,  14261.1,  11738.5,  793.590192019,  183.048343588,  1020.38
1588.20247807,  15337.5,  12603.5,  793.59078,  183.049153411,  1020.75
1588.22291258,  16166.7,  13269.6,  793.589648054,  183.048130537,  1021.07
1588.24334689,  16222.8,  13314.1,  793.589599134,  183.048195338,  1020.66
1588.26378141,  15405.6,  12655.4,  793.590064413,  183.049575543,  1020.81
1588.28421582,  14186.4,  11673.6,  793.590570715,  183.049436778,  1019.45
1588.30465023,  13005.8,  10722.1,  793.590695898,  183.047811627,  1022.08
1588.32508465,  13128.1,  10819.9,  793.590229456,  183.048591844,  1019.89
1588.34551906,  14214.3,  11693.6,  793.590850576,  183.049592925,  1020.26
1588.36595347,  15233.1,  12511.7,  793.591007857,  183.049291923,  1020.18
1588.38638789,  15800.1,  12966.9,  793.589657768,  183.048704503,  1020.44
1588.4068223,  15570.2,  12782.0,  793.589667373,  183.048927934,  1019.15
1588.42725672,  14750.7,  12120.9,  793.590058178,  183.048392521,  1020.13
1588.44769123,  13888.8,  11426.6,  793.589561131,  183.047382933,  1020.42
1588.46812554,  13799.4,  11354.3,  793.590739696,  183.048222143,  1019.11
1588.48856006,  14720.8,  12094.8,  793.59035352,  183.048867816,  1018.96
1588.50899437,  15736.7,  12911.3,  793.591111258,  183.04804397,  1021.14
1588.52942878,  16295.2,  13360.4,  793.590646522,  183.049066677,  1019.16
1588.5498633,  15956.3,  13086.4,  793.59033567,  183.048660065,  1019.27
1588.57029761,  14902.2,  12237.6,  793.590973456,  183.049574089,  1020.91
1588.59073203,  13628.4,  11210.8,  793.590870687,  183.047575892,  1019.18
1588.61116654,  12840.5,  10576.9,  793.591652451,  183.047563519,  1018.62
1588.63160085,  13556.0,  11152.0,  793.590423852,  183.047852049,  1019.37
1588.65203537,  14663.9,  12042.2,  793.592592719,  183.049557752,  1019.31
1588.67246978,  15558.6,  12761.3,  793.591518517,  183.048905328,  1019.34
1588.69290409,  15817.7,  12969.7,  793.591197577,  183.049711065,  1018.21
1588.71333861,  15278.9,  12535.2,  793.590848388,  183.048602047,  1019.2
1588.73377302,  14359.3,  11795.0,  793.591194154,  183.048556447,  1018.96
1588.75420734,  13708.7,  11270.2,  793.591162802,  183.048415031,  1018.94
1588.77464185,  14110.7,  11592.9,  793.589641144,  183.047287647,  1018.31
1588.79507626,  15168.5,  12443.9,  793.591032445,  183.049076626,  1018.7
1588.81551068,  16067.8,  13167.2,  793.590617502,  183.048570874,  1019.25
1588.83594509,  16268.4,  13327.8,  793.590444971,  183.04922244,  1018.08
1588.8563795,  15572.8,  12766.5,  793.591277936,  183.048768244,  1017.01
1588.87681402,  14387.3,  11812.3,  793.591918868,  183.04891645,  1017.76
1588.89724833,  13135.0,  10804.0,  793.591732226,  183.048724628,  1018.19
1588.91768275,  12997.9,  10692.6,  793.591307181,  183.0491075,  1016.66
1588.93811726,  14041.5,  11532.3,  793.591239701,  183.048860021,  1017.5
1588.95855167,  15110.7,  12391.7,  793.592126989,  183.04933471,  1016.0
1588.97898599,  15783.1,  12933.0,  793.591046088,  183.048577748,  1015.12
1588.9994205,  15683.4,  12850.6,  793.591706412,  183.047904864,  1016.6
1589.01985491,  14918.9,  12236.0,  793.592167755,  183.048887262,  1017.32
1589.04028923,  14025.0,  11515.3,  793.591721693,  183.04790183,  1017.99
1589.06072374,  13737.5,  11283.5,  793.591642198,  183.047979929,  1017.33
1589.08115816,  14549.2,  11936.3,  793.591075604,  183.048231608,  1017.29
1589.10159267,  15592.0,  12774.2,  793.591977697,  183.047657334,  1016.41
1589.12202698,  16249.0,  13303.6,  793.590999133,  183.048620224,  1016.48
1589.1424614,  16070.0,  13157.8,  793.591454609,  183.048597289,  1016.82
1589.16289581,  15099.7,  12377.4,  793.591800042,  183.048603371,  1016.4
1589.18333023,  13829.9,  11354.4,  793.592599059,  183.048806306,  1016.98
1589.20376454,  12861.3,  10574.5,  793.591016783,  183.050837843,  1016.24
1589.22419905,  13381.1,  10991.8,  793.591434396,  183.049605906,  1016.02
1589.24463347,  14493.7,  11886.5,  793.5925435,  183.048089673,  1015.67
1589.26506798,  15467.8,  12671.0,  793.591371049,  183.048736842,  1016.48
1589.28550229,  15851.6,  12978.6,  793.590948757,  183.049065002,  1015.62
1589.30593671,  15430.7,  12640.0,  793.592198268,  183.04858108,  1015.98
1589.32637122,  14547.1,  11927.4,  793.591034209,  183.0498284,  1016.64
1589.34680554,  13766.7,  11299.6,  793.593000617,  183.048034837,  1013.75
1589.36723995,  13994.5,  11483.2,  793.592132052,  183.048425145,  1016.03
1589.38767446,  14992.4,  12284.7,  793.592196964,  183.049309774,  1015.64
1589.40810878,  15955.1,  13058.6,  793.591640535,  183.04845802,  1015.98
1589.42854319,  16283.9,  13323.4,  793.591067943,  183.048888818,  1016.71
1589.4489777,  15717.9,  12867.4,  793.591994542,  183.049711679,  1017.28
1589.46941212,  14565.4,  11939.7,  793.59269154,  183.04890851,  1014.27
1589.48984653,  13288.5,  10912.2,  793.593179907,  183.048392895,  1014.7
1589.51028095,  12880.5,  10583.4,  793.591576665,  183.048394431,  1015.17
1589.53071536,  13818.7,  11337.3,  793.593075631,  183.048715221,  1014.52
1589.55114977,  14906.3,  12211.2,  793.592222725,  183.048904138,  1014.0
1589.57158419,  15698.7,  12849.8,  793.591902378,  183.048424858,  1014.97
1589.5920186,  15753.2,  12893.4,  793.592516525,  183.048637893,  1015.34
1589.61245311,  15067.6,  12340.2,  793.592151016,  183.049296,  1016.44
1589.63288743,  14162.3,  11612.5,  793.592876623,  183.048942119,  1014.35
1589.65332184,  13708.5,  11246.3,  793.591372534,  183.049214139,  1014.39
1589.67375636,  14357.5,  11768.6,  793.593334556,  183.049197122,  1015.28
1589.69419067,  15429.7,  12630.7,  793.592348644,  183.047929678,  1013.98
1589.71462518,  16198.5,  13249.7,  793.59130133,  183.049318081,  1014.22
1589.7350596,  16149.7,  13210.5,  793.592856346,  183.048695251,  1014.87
1589.75549391,  15262.1,  12494.8,  793.592830697,  183.049175446,  1016.35
1589.77592843,  14030.1,  11502.8,  793.593870837,  183.047450382,  1014.27
1589.79636284,  12908.2,  10600.7,  793.593217211,  183.0487131,  1014.91
1589.81679715,  13166.4,  10807.9,  793.59323942,  183.048867265,  1015.12
1589.85766598,  15284.8,  12513.1,  793.592842757,  183.048563152,  1015.2
1589.87810049,  15805.6,  12930.9,  793.592779881,  183.048830724,  1014.97
1589.89853491,  15499.7,  12685.5,  793.592973697,  183.0494267,  1014.43
1589.91896922,  14669.7,  12017.1,  793.592344932,  183.048604619,  1015.56
1589.93940374,  13835.6,  11346.0,  793.59309025,  183.049112854,  1015.25
1589.95983815,  13865.5,  11369.4,  793.591802345,  183.04785087,  1014.24
1589.98027246,  14807.3,  12126.5,  793.593558134,  183.048425481,  1013.72
1590.00070698,  15822.3,  12943.8,  793.592083061,  183.04923557,  1012.72
1590.02114139,  16292.6,  13322.7,  793.59260081,  183.049358486,  1014.29
1590.0415758,  15847.5,  12963.5,  793.592655965,  183.049076042,  1014.89
1590.06201022,  14770.5,  12096.6,  793.592512505,  183.047791307,  1013.16
1590.08244463,  13469.3,  11049.6,  793.592320065,  183.048228922,  1013.75
1590.10287914,  12812.0,  10519.9,  793.592255242,  183.048442954,  1015.57
1590.12331346,  13615.5,  11166.9,  793.592703364,  183.047581018,  1014.25
1590.14374787,  14717.0,  12052.5,  793.594125043,  183.048777642,  1014.9
1590.16418239,  15588.5,  12753.8,  793.593536054,  183.048659615,  1015.28
1590.1846168,  15785.7,  12913.2,  793.593717625,  183.048534101,  1013.99
1590.20505111,  15191.5,  12434.8,  793.592793264,  183.048944653,  1014.17
1590.22548563,  14277.8,  11698.4,  793.592255784,  183.048649515,  1015.06
1590.24592004,  13705.0,  11237.4,  793.592291494,  183.0485779,  1013.68
1590.26635435,  14189.9,  11627.5,  793.593500834,  183.048681127,  1013.35
1590.28678887,  15239.7,  12472.2,  793.592529692,  183.048583369,  1013.59
1590.30722328,  16119.4,  13179.9,  793.592589992,  183.048224628,  1014.06
1590.3276578,  16229.6,  13267.7,  793.592396321,  183.048987427,  1012.51
1590.34809211,  15451.5,  12641.3,  793.592762713,  183.048303236,  1014.09
1590.36852652,  14239.2,  11666.0,  793.592906018,  183.04886043,  1013.29
1590.38896104,  13032.3,  10694.8,  793.593023091,  183.04891444,  1013.73
1590.40939535,  13040.1,  10700.6,  793.593100793,  183.048988807,  1014.48
1590.42982976,  14105.0,  11556.3,  793.593685491,  183.049336643,  1012.32
1590.45026418,  15144.7,  12394.1,  793.592807712,  183.048966552,  1013.84
1590.47069859,  15789.5,  12912.2,  793.593241315,  183.04833308,  1014.21
1590.4911331,  15610.9,  12767.9,  793.59307542,  183.048697617,  1013.14
1590.51156742,  14818.4,  12131.0,  793.593946706,  183.048990129,  1014.13
1590.53200183,  13938.4,  11421.8,  793.593100794,  183.049652551,  1013.77
1590.55243635,  13759.4,  11276.8,  793.593580945,  183.049445399,  1013.32
1590.57287066,  14621.2,  11971.0,  793.592652115,  183.049168553,  1014.69
1590.59330507,  15683.9,  12825.8,  793.592356373,  183.04821646,  1014.23
1590.61373959,  16277.4,  13302.9,  793.5922741,  183.048145049,  1014.7
1590.6341739,  15982.9,  13065.6,  793.592764464,  183.049335836,  1014.61
1590.65460831,  14971.6,  12251.8,  793.592546284,  183.04902046,  1014.0
1590.67504283,  13699.2,  11227.6,  793.591376858,  183.049011172,  1014.85
1590.69547724,  12833.3,  10530.4,  793.593424186,  183.04830311,  1013.55
1590.71591165,  13455.4,  11031.4,  793.593999154,  183.048440375,  1013.75
1590.73634607,  14559.1,  11919.2,  793.59389494,  183.048624759,  1012.39
1590.75678048,  15493.3,  12670.4,  793.592611147,  183.049931098,  1012.62
1590.77721489,  15819.7,  12932.4,  793.593338979,  183.049469967,  1013.19
1590.79764931,  15330.5,  12539.6,  793.593114145,  183.048579567,  1013.4
1590.81808372,  14437.9,  11820.6,  793.594751539,  183.049324385,  1012.93
1590.83851824,  13712.0,  11236.3,  793.592282207,  183.047825008,  1014.94
1590.85895255,  14038.5,  11499.5,  793.593014215,  183.048130076,  1012.31
1590.87938696,  15075.7,  12334.2,  793.593281485,  183.048097269,  1013.83
1590.89982148,  16006.3,  13083.1,  793.593259828,  183.048583876,  1013.27
1590.92025579,  16275.5,  13298.6,  793.592734026,  183.047654009,  1012.42
1590.9406903,  15625.5,  12775.6,  793.593244949,  183.048576467,  1012.85
1590.96112472,  14467.7,  11843.7,  793.592303779,  183.048120473,  1012.39
1590.98155903,  13170.4,  10795.6,  793.592563354,  183.049838443,  1013.11
1591.00199354,  12903.5,  10583.4,  793.59113511,  183.052289896,  1011.25
