Kepler I.D.-----Channel

[7373255]--------[57]

-TTYPE1--------TTYPE8------------TTYPE4-----------TTYPE15------------TTYPE17-----------TTYPE6

['TIME']---['PDCSAP_FLUX']---['SAP_FLUX']---['MOM_CENTR1']---['MOM_CENTR2']---['SAP_BKG']

['BJD - 2454833']--['e-/s']--------['e-/s']---------['pixel']---------['pixel']----------['e-/s']

CROWDSAP --- 0.9765

7373255

1559.24613396,  364190.0,  362982.0,  1056.96353711,  90.146500065,  3257.69
1559.26656817,  364195.0,  362990.0,  1056.96348891,  90.1464337617,  3253.22
1559.28700249,  364165.0,  362960.0,  1056.96363678,  90.1462520091,  3251.68
1559.3074366,  364177.0,  362970.0,  1056.96361915,  90.1464019035,  3257.25
1559.32787082,  364203.0,  362997.0,  1056.9637939,  90.1464715919,  3254.89
1559.34830513,  364196.0,  362989.0,  1056.96382127,  90.146397501,  3253.36
1559.36873925,  364221.0,  363017.0,  1056.96387826,  90.1463290018,  3256.87
1559.38917356,  364194.0,  362992.0,  1056.9639194,  90.146334124,  3257.56
1559.40960778,  364192.0,  362985.0,  1056.96412441,  90.14634956,  3256.18
1559.43004199,  364210.0,  363007.0,  1056.9642136,  90.1464517652,  3251.64
1559.45047621,  364203.0,  363000.0,  1056.9640866,  90.1462775256,  3254.22
1559.47091043,  364239.0,  363034.0,  1056.96426448,  90.1461833014,  3257.3
1559.49134464,  364205.0,  363005.0,  1056.96435891,  90.1462871191,  3253.5
1559.51177886,  364178.0,  362975.0,  1056.96449811,  90.1462947585,  3250.13
1559.53221308,  364195.0,  362993.0,  1056.96454176,  90.1462944825,  3250.94
1559.55264729,  364150.0,  362954.0,  1056.96462032,  90.1463150904,  3251.04
1559.57308151,  364160.0,  362961.0,  1056.96461593,  90.1462179847,  3250.63
1559.59351573,  364162.0,  362967.0,  1056.964712,  90.146152627,  3250.98
1559.61394995,  364169.0,  362971.0,  1056.96477576,  90.1462631447,  3252.09
1559.63438417,  364120.0,  362920.0,  1056.96481992,  90.1461536231,  3251.61
1559.65481838,  364160.0,  362962.0,  1056.96475385,  90.1460610031,  3253.04
1559.6752527,  364134.0,  362938.0,  1056.96487649,  90.1460029788,  3249.51
1559.69568682,  364161.0,  362963.0,  1056.96509905,  90.146157281,  3251.07
1559.71612104,  364129.0,  362935.0,  1056.96500687,  90.146140276,  3251.49
1559.73655536,  364181.0,  362983.0,  1056.96524795,  90.1461297271,  3247.43
1559.75698948,  364173.0,  362978.0,  1056.96518018,  90.1460619148,  3248.12
1559.7774238,  364145.0,  362954.0,  1056.96514086,  90.1459571307,  3247.53
1559.79785802,  364115.0,  362919.0,  1056.96528478,  90.1461098858,  3247.35
1559.81829214,  364163.0,  362969.0,  1056.96538432,  90.1461362591,  3246.75
1559.83872646,  364154.0,  362960.0,  1056.96542598,  90.146032162,  3248.59
1559.85916068,  364130.0,  362935.0,  1056.96551519,  90.1460256309,  3245.2
1559.8795948,  364161.0,  362970.0,  1056.96553461,  90.1460732819,  3245.36
1559.90002912,  364142.0,  362947.0,  1056.96562345,  90.1461246898,  3245.94
1559.92046334,  364140.0,  362947.0,  1056.96568329,  90.1461648501,  3243.49
1559.94089767,  364143.0,  362953.0,  1056.96570131,  90.1459430791,  3243.33
1559.96133179,  364179.0,  362982.0,  1056.96582893,  90.1460762475,  3241.39
1559.98176601,  364157.0,  362963.0,  1056.96585641,  90.1459791292,  3243.1
1560.00220033,  364149.0,  362959.0,  1056.9658152,  90.1460030383,  3239.82
1560.02263446,  364156.0,  362960.0,  1056.96587655,  90.1458952372,  3240.92
1560.04306868,  364158.0,  362966.0,  1056.96593867,  90.1459106976,  3240.97
1560.063503,  364126.0,  362934.0,  1056.96592619,  90.1458714069,  3238.58
1560.08393712,  364144.0,  362949.0,  1056.96623369,  90.1459820245,  3241.6
1560.10437145,  364114.0,  362924.0,  1056.96592009,  90.1456404816,  3239.64
1560.12480567,  364128.0,  362936.0,  1056.96617279,  90.1456205612,  3240.33
1560.1452398,  364152.0,  362958.0,  1056.96605253,  90.1461140021,  3238.48
1560.16567412,  364133.0,  362944.0,  1056.96615449,  90.145651082,  3241.68
1560.18610835,  364122.0,  362929.0,  1056.96622648,  90.1457177577,  3242.22
1560.20654247,  364126.0,  362934.0,  1056.96640996,  90.1458453551,  3238.94
1560.22697679,  364110.0,  362924.0,  1056.96622866,  90.14572591,  3238.46
1560.24741102,  364119.0,  362929.0,  1056.96628349,  90.145628785,  3237.37
1560.26784515,  364118.0,  362928.0,  1056.96633828,  90.1456238586,  3242.49
1560.28827947,  364085.0,  362899.0,  1056.96656603,  90.1456618473,  3238.86
1560.3087137,  364136.0,  362944.0,  1056.96630786,  90.1457218188,  3239.29
1560.32914792,  364090.0,  362901.0,  1056.96650186,  90.145723611,  3237.01
1560.34958215,  364136.0,  362947.0,  1056.96657176,  90.1456466881,  3236.42
1560.37001638,  364096.0,  362905.0,  1056.96667838,  90.1458691129,  3238.97
1560.3904507,  364103.0,  362916.0,  1056.96658784,  90.1456163511,  3236.99
1560.41088483,  364115.0,  362922.0,  1056.9666091,  90.145765273,  3236.12
1560.43131906,  364112.0,  362921.0,  1056.96680047,  90.1456497327,  3236.07
1560.45175338,  364108.0,  362921.0,  1056.9665305,  90.1454745034,  3235.42
1560.47218751,  364092.0,  362903.0,  1056.96679319,  90.1456202474,  3236.48
1560.49262184,  364089.0,  362901.0,  1056.96682745,  90.1456955454,  3234.73
1560.51305607,  364045.0,  362858.0,  1056.96685895,  90.1454246239,  3236.51
1560.5334902,  364084.0,  362894.0,  1056.9669022,  90.1454418629,  3236.1
1560.55392453,  364097.0,  362910.0,  1056.96686295,  90.1456094007,  3237.5
1560.57435875,  364067.0,  362881.0,  1056.96702984,  90.1454747097,  3232.49
1560.59479288,  364081.0,  362893.0,  1056.96702816,  90.1457179419,  3235.95
1560.61522721,  364076.0,  362893.0,  1056.96693295,  90.1455156265,  3235.21
1560.63566144,  364098.0,  362908.0,  1056.9672248,  90.1457465028,  3236.4
1560.65609567,  364101.0,  362912.0,  1056.96710395,  90.1455935045,  3234.46
1560.6765299,  364078.0,  362893.0,  1056.96702663,  90.1453567722,  3232.48
1560.69696413,  364096.0,  362906.0,  1056.96733189,  90.1456017485,  3235.18
1560.73783259,  364109.0,  362921.0,  1056.96714775,  90.1455462735,  3231.8
1560.75826682,  364078.0,  362887.0,  1056.96724985,  90.1455057495,  3234.65
1560.77870116,  364055.0,  362866.0,  1056.96735339,  90.1457761547,  3228.8
1560.79913529,  364093.0,  362903.0,  1056.96726702,  90.1458060188,  3232.19
1560.81956952,  364075.0,  362884.0,  1056.96728495,  90.1456531178,  3235.44
1560.84000385,  364082.0,  362898.0,  1056.96729537,  90.1457751028,  3278.71
1560.96260925,  364206.0,  363022.0,  1056.96740177,  90.1459131263,  3343.06
1560.98304338,  364051.0,  362870.0,  1056.96730007,  90.1461762759,  3340.45
1561.00347771,  364030.0,  362856.0,  1056.96730249,  90.1456050524,  3323.49
1561.02391195,  364120.0,  362939.0,  1056.96745308,  90.1456246428,  3313.55
1561.04434628,  364064.0,  362884.0,  1056.96767528,  90.1458018855,  3309.58
1561.06478042,  364059.0,  362884.0,  1056.9678029,  90.1457430557,  3305.77
1561.08521465,  364064.0,  362885.0,  1056.96764233,  90.1458881834,  3300.43
1561.10564898,  364021.0,  362841.0,  1056.96766535,  90.1458955385,  3296.17
1561.12608312,  364099.0,  362919.0,  1056.96782987,  90.1457869484,  3287.44
1561.14651735,  364068.0,  362883.0,  1056.96789989,  90.1457734065,  3286.85
1561.16695169,  364053.0,  362869.0,  1056.9681578,  90.1459939436,  3280.76
1561.18738583,  364029.0,  362846.0,  1056.96797904,  90.1456380877,  3274.66
1561.20782006,  364096.0,  362910.0,  1056.96805965,  90.1458524413,  3270.65
1561.2282544,  364065.0,  362881.0,  1056.9678933,  90.1456649247,  3270.73
1561.24868853,  364049.0,  362862.0,  1056.96799318,  90.145759021,  3269.54
1561.26912287,  364065.0,  362877.0,  1056.96807405,  90.145591764,  3265.3
1561.28955711,  364019.0,  362838.0,  1056.96807557,  90.1456945172,  3259.1
1561.30999134,  364118.0,  362928.0,  1056.96813584,  90.1457731854,  3259.46
1561.33042558,  364053.0,  362867.0,  1056.96821725,  90.1456476424,  3256.46
1561.35085982,  364062.0,  362879.0,  1056.96815353,  90.1455728851,  3252.81
1561.37129406,  364044.0,  362854.0,  1056.96830888,  90.1454501244,  3245.94
1561.3917283,  364048.0,  362862.0,  1056.96804965,  90.1455014309,  3247.37
1561.41216253,  364035.0,  362851.0,  1056.96826152,  90.1455638593,  3248.65
1561.43259687,  364014.0,  362827.0,  1056.96825383,  90.1455420811,  3246.82
1561.45303101,  364065.0,  362881.0,  1056.96850517,  90.1456134129,  3242.55
1561.47346525,  364041.0,  362853.0,  1056.96850353,  90.1456137949,  3242.92
1561.49389949,  364083.0,  362896.0,  1056.96835086,  90.1455330644,  3241.14
1561.51433373,  364043.0,  362860.0,  1056.96836981,  90.145582425,  3238.45
1561.53476797,  364067.0,  362878.0,  1056.96865212,  90.1455287704,  3234.34
1561.55520231,  364050.0,  362863.0,  1056.96856064,  90.1456426056,  3233.93
1561.57563645,  364014.0,  362830.0,  1056.96829187,  90.1453684695,  3234.19
1561.59607069,  364071.0,  362883.0,  1056.96874578,  90.1453873087,  3230.4
1561.61650503,  364018.0,  362834.0,  1056.96865966,  90.1454630676,  3233.58
1561.63693917,  363997.0,  362813.0,  1056.9686158,  90.1453435771,  3230.92
1561.65737351,  364088.0,  362898.0,  1056.96896226,  90.1454505279,  3229.25
1561.67780775,  364023.0,  362836.0,  1056.96880225,  90.1454846887,  3226.76
1561.69824189,  364030.0,  362842.0,  1056.96888476,  90.1454641267,  3227.2
1561.71867623,  364025.0,  362838.0,  1056.96882095,  90.145347171,  3229.2
1561.73911048,  364040.0,  362856.0,  1056.96890915,  90.1454734542,  3227.91
1561.75954462,  364015.0,  362826.0,  1056.96911035,  90.1454220997,  3228.44
1561.77997896,  364032.0,  362846.0,  1056.96885295,  90.1453078925,  3221.53
1561.8004132,  364075.0,  362889.0,  1056.96893847,  90.1453933559,  3223.89
1561.82084754,  364031.0,  362842.0,  1056.96914943,  90.1452354727,  3224.29
1561.84128169,  363993.0,  362810.0,  1056.96917065,  90.1454789644,  3222.12
1561.86171593,  364039.0,  362854.0,  1056.96914378,  90.1455169858,  3225.77
1561.88215027,  364001.0,  362812.0,  1056.96923591,  90.1452189242,  3219.52
1561.90258442,  363997.0,  362811.0,  1056.96939458,  90.1455257509,  3225.52
1561.92301866,  364013.0,  362827.0,  1056.96917728,  90.1451931323,  3220.75
1561.94345301,  363985.0,  362799.0,  1056.96919375,  90.1451506218,  3222.17
1561.96388715,  363978.0,  362797.0,  1056.96931442,  90.1452371404,  3219.4
1561.98432139,  364010.0,  362823.0,  1056.96938178,  90.1453212318,  3219.15
1562.00475574,  363950.0,  362767.0,  1056.96943325,  90.1452131011,  3216.69
1562.02518998,  364002.0,  362818.0,  1056.9693953,  90.1451265357,  3217.9
1562.04562423,  364007.0,  362817.0,  1056.96952952,  90.1453164914,  3216.71
1562.06605847,  364010.0,  362824.0,  1056.96963909,  90.1452190665,  3214.12
1562.08649262,  364024.0,  362837.0,  1056.96943597,  90.1452028699,  3219.96
1562.10692697,  364037.0,  362848.0,  1056.96947251,  90.1450409287,  3214.35
1562.12736121,  364025.0,  362841.0,  1056.96973075,  90.1452661108,  3211.79
1562.14779536,  364043.0,  362855.0,  1056.96963299,  90.1451465462,  3211.66
1562.1682297,  364031.0,  362844.0,  1056.96966641,  90.1450746895,  3211.15
1562.18866395,  364017.0,  362834.0,  1056.96981085,  90.1451498534,  3213.84
1562.2090983,  364045.0,  362857.0,  1056.96973986,  90.1450052142,  3207.99
1562.22953244,  363998.0,  362812.0,  1056.96984399,  90.1453281777,  3209.94
1562.24996669,  364010.0,  362826.0,  1056.96980156,  90.1448337891,  3212.78
1562.27040104,  364026.0,  362837.0,  1056.96988169,  90.1449804396,  3212.04
1562.29083519,  364013.0,  362828.0,  1056.96990859,  90.1451231045,  3207.52
1562.31126944,  364029.0,  362845.0,  1056.96999016,  90.1452501275,  3208.2
1562.33170378,  364011.0,  362826.0,  1056.97000276,  90.1449970465,  3208.91
1562.35213793,  364007.0,  362827.0,  1056.96992633,  90.144802225,  3205.72
1562.37257228,  364034.0,  362847.0,  1056.97001517,  90.1451140026,  3207.52
1562.39300653,  363996.0,  362809.0,  1056.9699564,  90.1450765704,  3207.3
1562.41344068,  363998.0,  362815.0,  1056.96991878,  90.1448782932,  3206.65
1562.43387503,  364018.0,  362830.0,  1056.97018512,  90.1448428952,  3206.16
1562.45430928,  364040.0,  362853.0,  1056.9699981,  90.1452158874,  3207.0
1562.47474343,  364002.0,  362820.0,  1056.97006842,  90.1448775987,  3207.23
1562.49517778,  364041.0,  362852.0,  1056.97021902,  90.144981817,  3207.37
1562.51561203,  364039.0,  362856.0,  1056.97036734,  90.1448940963,  3203.2
1562.53604628,  364074.0,  362885.0,  1056.96997971,  90.1448293221,  3205.12
1562.55648053,  364064.0,  362875.0,  1056.97009458,  90.1446365682,  3205.2
1562.57691478,  364048.0,  362864.0,  1056.97028455,  90.1449171798,  3203.97
1562.59734913,  364050.0,  362862.0,  1056.97036923,  90.1446523722,  3198.35
1562.61778328,  364036.0,  362848.0,  1056.97013731,  90.1449775102,  3204.85
1562.63821753,  364046.0,  362861.0,  1056.97040278,  90.1448116211,  3201.94
1562.65865189,  364080.0,  362890.0,  1056.97026753,  90.144738543,  3199.14
1562.67908614,  364051.0,  362865.0,  1056.9704936,  90.144690222,  3200.67
1562.69952029,  364069.0,  362883.0,  1056.97014318,  90.1448841027,  3201.89
1562.71995464,  364042.0,  362854.0,  1056.97056627,  90.1448735496,  3199.47
1562.7403888,  364053.0,  362866.0,  1056.97050332,  90.144587922,  3200.27
1562.76082315,  364048.0,  362861.0,  1056.97048304,  90.1445927901,  3199.23
1562.7812574,  364074.0,  362885.0,  1056.97062258,  90.1449036176,  3202.34
1562.80169155,  364037.0,  362852.0,  1056.97045315,  90.1446518789,  3202.03
1562.82212591,  364034.0,  362847.0,  1056.97053379,  90.14466091,  3196.58
1562.84256016,  364017.0,  362830.0,  1056.97061638,  90.1445353933,  3201.24
1562.86299432,  364064.0,  362880.0,  1056.97077267,  90.1447085773,  3198.11
1562.88342867,  364060.0,  362872.0,  1056.97083707,  90.1444440309,  3199.25
1562.90386292,  364090.0,  362902.0,  1056.97042021,  90.1445992002,  3200.63
1562.92429708,  364053.0,  362864.0,  1056.97073455,  90.1446596385,  3202.59
1562.94473143,  364053.0,  362865.0,  1056.97069742,  90.1445841685,  3199.19
1562.96516569,  364067.0,  362882.0,  1056.97081858,  90.1446781494,  3195.35
1562.98560004,  364016.0,  362831.0,  1056.97098868,  90.1444190103,  3198.11
1563.0060342,  364007.0,  362820.0,  1056.97081806,  90.1446602956,  3195.67
1563.02646846,  364040.0,  362858.0,  1056.97092353,  90.1446526787,  3202.4
1563.04690281,  364060.0,  362871.0,  1056.97092592,  90.1444872265,  3200.66
1563.06733697,  364010.0,  362823.0,  1056.970888,  90.1445433534,  3198.43
1563.08777122,  364054.0,  362869.0,  1056.97102699,  90.14461912,  3195.87
1563.10820558,  364030.0,  362843.0,  1056.97116096,  90.1445448263,  3197.21
1563.12863974,  363987.0,  362803.0,  1056.97086766,  90.1443677201,  3200.68
1563.14907409,  364020.0,  362836.0,  1056.97104133,  90.1445239009,  3201.39
1563.16950835,  364037.0,  362849.0,  1056.97117814,  90.1444039476,  3198.84
1563.18994261,  364007.0,  362824.0,  1056.97103271,  90.1443403694,  3204.7
1563.21037687,  364039.0,  362852.0,  1056.97114477,  90.1443951471,  3209.15
1563.23081113,  364026.0,  362839.0,  1056.97125103,  90.1441892202,  3212.74
1563.25124538,  364045.0,  362862.0,  1056.97107584,  90.1444974073,  3214.78
1563.27167964,  364001.0,  362814.0,  1056.97125588,  90.1445323394,  3212.81
1563.2921139,  364066.0,  362879.0,  1056.97139205,  90.1443053319,  3211.63
1563.31254816,  364060.0,  362875.0,  1056.97145066,  90.144349682,  3211.96
1563.33298252,  364017.0,  362828.0,  1056.97146424,  90.1443742628,  3210.64
1563.35341668,  364075.0,  362889.0,  1056.97140204,  90.1443155512,  3208.6
1563.37385094,  364023.0,  362839.0,  1056.97131071,  90.1442229628,  3209.9
1563.3942852,  364052.0,  362865.0,  1056.97127711,  90.1443202246,  3206.9
1563.41471946,  364000.0,  362818.0,  1056.9713534,  90.1440095621,  3209.81
1563.43515382,  364073.0,  362889.0,  1056.9714735,  90.1442374875,  3213.06
1563.45558798,  364045.0,  362859.0,  1056.97144426,  90.1441562377,  3208.7
1563.47602224,  364046.0,  362862.0,  1056.97133411,  90.1441699964,  3209.18
1563.4964566,  364046.0,  362860.0,  1056.97160468,  90.1441116203,  3205.35
1563.51689076,  364028.0,  362842.0,  1056.9715936,  90.1439985777,  3203.64
1563.53732512,  364056.0,  362874.0,  1056.97132189,  90.1442998741,  3201.35
1563.55775938,  364041.0,  362855.0,  1056.97164405,  90.1441517336,  3200.87
1563.57819354,  364059.0,  362875.0,  1056.97145459,  90.1437919918,  3200.05
1563.5986279,  364036.0,  362853.0,  1056.97187018,  90.1438996642,  3199.49
1563.61906217,  364050.0,  362861.0,  1056.97150983,  90.1443174017,  3199.24
1563.63949633,  364070.0,  362886.0,  1056.97177089,  90.1441053411,  3200.6
1563.65993069,  364057.0,  362871.0,  1056.97171974,  90.1441011216,  3198.3
1563.68036495,  364072.0,  362887.0,  1056.97209713,  90.1441996972,  3195.67
1563.72123348,  364065.0,  362874.0,  1056.97176177,  90.1443419573,  3199.09
1563.74166774,  364080.0,  362893.0,  1056.97174039,  90.1439719338,  3193.88
1563.76210211,  364080.0,  362893.0,  1056.97184693,  90.1442525363,  3195.28
1563.78253627,  364043.0,  362850.0,  1056.97201488,  90.144360133,  3197.95
1563.80297054,  364095.0,  362907.0,  1056.97193971,  90.1443543478,  3196.24
1563.8234049,  364070.0,  362882.0,  1056.9718633,  90.1442073048,  3197.41
1563.84383916,  363980.0,  362791.0,  1056.97210186,  90.144416376,  3198.75
1563.86427333,  363996.0,  362810.0,  1056.9718879,  90.144268816,  3199.46
1563.88470769,  363990.0,  362800.0,  1056.97188372,  90.1439706588,  3199.66
1563.90514196,  364031.0,  362842.0,  1056.97215164,  90.1442960821,  3195.57
1563.92557622,  364018.0,  362832.0,  1056.97199155,  90.1440371464,  3196.68
1563.94601049,  363989.0,  362799.0,  1056.97225847,  90.1444112294,  3200.66
1563.96644476,  363974.0,  362789.0,  1056.97228178,  90.1443389714,  3197.7
1563.98687902,  363993.0,  362807.0,  1056.97205115,  90.1441636309,  3199.04
1564.00731329,  363994.0,  362803.0,  1056.97225001,  90.1443994407,  3195.84
1564.02774755,  364002.0,  362816.0,  1056.97222263,  90.1442288827,  3199.44
1564.04818182,  364004.0,  362815.0,  1056.97211845,  90.1441804849,  3198.87
1564.06861609,  364012.0,  362821.0,  1056.97227282,  90.1443187927,  3200.67
1564.08905045,  364007.0,  362821.0,  1056.97241514,  90.1443140256,  3199.65
1564.10948462,  364016.0,  362824.0,  1056.97239527,  90.144302033,  3201.53
1564.12991889,  363989.0,  362799.0,  1056.97250465,  90.1442214154,  3199.66
1564.15035326,  363999.0,  362815.0,  1056.97238853,  90.1442098717,  3198.51
1564.17078742,  363998.0,  362807.0,  1056.97244131,  90.1441887178,  3195.93
1564.19122169,  363996.0,  362805.0,  1056.97242554,  90.1440370768,  3197.68
1564.21165606,  364007.0,  362821.0,  1056.97258404,  90.1443821843,  3192.33
1564.23209023,  363979.0,  362788.0,  1056.97247937,  90.1441945119,  3191.07
1564.2525245,  364009.0,  362819.0,  1056.97237101,  90.1440405756,  3191.41
1564.27295887,  363998.0,  362809.0,  1056.9724337,  90.1440591396,  3188.82
1564.29339304,  364025.0,  362833.0,  1056.97267417,  90.1442705718,  3187.2
1564.31382741,  363948.0,  362762.0,  1056.97241483,  90.1440120849,  3187.57
1564.33426167,  364019.0,  362828.0,  1056.97272774,  90.1441002588,  3190.69
1564.35469584,  363993.0,  362802.0,  1056.97265646,  90.1441401029,  3185.63
1564.37513021,  364012.0,  362823.0,  1056.97257711,  90.1440534886,  3187.1
1564.39556448,  363978.0,  362788.0,  1056.97269287,  90.1440639604,  3187.46
1564.41599876,  363974.0,  362786.0,  1056.97280187,  90.1441973312,  3186.09
1564.43643303,  363947.0,  362760.0,  1056.9725089,  90.1439308387,  3182.84
1564.4568673,  363969.0,  362780.0,  1056.97290166,  90.1441384116,  3183.93
1564.47730167,  363972.0,  362786.0,  1056.97276669,  90.1440006852,  3181.89
1564.49773594,  363927.0,  362742.0,  1056.97276905,  90.1440329192,  3181.89
1564.51817011,  363936.0,  362748.0,  1056.97285982,  90.1438912657,  3185.19
1564.53860448,  363938.0,  362752.0,  1056.97300474,  90.144051319,  3184.42
1564.55903875,  363950.0,  362762.0,  1056.97291474,  90.1437867187,  3178.0
1564.57947293,  363945.0,  362756.0,  1056.97308545,  90.1439688792,  3179.27
1564.5999073,  363917.0,  362733.0,  1056.97296667,  90.1438911722,  3175.87
1564.62034157,  363937.0,  362747.0,  1056.97302405,  90.1439164615,  3173.43
1564.64077574,  363987.0,  362798.0,  1056.97306305,  90.1439412939,  3168.45
1564.66121012,  363925.0,  362739.0,  1056.97310715,  90.1439381769,  3171.01
1564.68164429,  363953.0,  362762.0,  1056.97316707,  90.1440114458,  3170.68
1564.70207866,  363962.0,  362775.0,  1056.97315037,  90.1438750321,  3168.25
1564.72251294,  363970.0,  362781.0,  1056.97321802,  90.1440793285,  3170.01
1564.74294711,  363941.0,  362752.0,  1056.97329787,  90.1439543259,  3168.56
1564.76338148,  363945.0,  362758.0,  1056.9732366,  90.1438366955,  3169.31
1564.78381576,  363929.0,  362740.0,  1056.97335669,  90.1439982068,  3166.79
1564.80424993,  363947.0,  362759.0,  1056.97333209,  90.1438801207,  3166.47
1564.82468431,  363963.0,  362775.0,  1056.97348096,  90.1439102194,  3162.95
1564.84511858,  363940.0,  362750.0,  1056.97350335,  90.1437493244,  3164.38
1564.86555296,  363930.0,  362743.0,  1056.97336765,  90.1438056799,  3166.35
1564.88598713,  363940.0,  362754.0,  1056.97352117,  90.1437683786,  3160.7
1564.90642141,  363950.0,  362758.0,  1056.97372388,  90.1436679252,  3158.09
1564.92685578,  363895.0,  362710.0,  1056.97353325,  90.1439563733,  3162.27
1564.94728996,  363923.0,  362735.0,  1056.97359342,  90.1436859797,  3161.64
1564.96772424,  363950.0,  362760.0,  1056.97376041,  90.1437689229,  3161.58
1564.98815861,  363921.0,  362735.0,  1056.97364569,  90.1437799683,  3161.59
1565.00859279,  363939.0,  362751.0,  1056.97379567,  90.1438093318,  3159.61
1565.02902707,  363944.0,  362757.0,  1056.97384867,  90.1437678229,  3160.62
1565.04946144,  363962.0,  362776.0,  1056.97375385,  90.1438273962,  3161.47
1565.06989572,  363959.0,  362767.0,  1056.97391594,  90.1437574553,  3159.16
1565.09033,  363941.0,  362756.0,  1056.97410092,  90.143736732,  3158.46
1565.11076428,  363963.0,  362775.0,  1056.97387112,  90.1438593467,  3159.6
1565.13119855,  363976.0,  362784.0,  1056.97424412,  90.1437652828,  3159.93
1565.15163283,  363973.0,  362785.0,  1056.97425307,  90.1439008045,  3159.53
1565.17206711,  363971.0,  362783.0,  1056.97394286,  90.1436425277,  3158.33
1565.19250139,  363953.0,  362763.0,  1056.97413664,  90.1438766957,  3156.9
1565.21293577,  363967.0,  362784.0,  1056.97408001,  90.1437734557,  3160.72
1565.23336995,  363989.0,  362800.0,  1056.97427659,  90.1436281032,  3160.44
1565.25380432,  363945.0,  362756.0,  1056.97430266,  90.1438009221,  3157.9
1565.2742386,  363962.0,  362776.0,  1056.9742009,  90.1436441382,  3160.68
1565.29467278,  363931.0,  362742.0,  1056.9744295,  90.1435580567,  3156.42
1565.31510716,  363931.0,  362744.0,  1056.97422235,  90.1437728948,  3157.63
1565.33554134,  363946.0,  362759.0,  1056.97427931,  90.1434776316,  3157.02
1565.35597562,  363968.0,  362777.0,  1056.9746642,  90.1436392252,  3156.68
1565.37641,  363963.0,  362778.0,  1056.97437331,  90.1435517879,  3159.91
1565.39684418,  363982.0,  362794.0,  1056.97437008,  90.1435295577,  3158.68
1565.41727847,  363956.0,  362768.0,  1056.97442885,  90.1434985944,  3160.04
1565.43771285,  363964.0,  362778.0,  1056.97438246,  90.1434693276,  3155.28
1565.45814703,  363943.0,  362755.0,  1056.97461229,  90.1435591214,  3156.39
1565.47858141,  363947.0,  362758.0,  1056.9745807,  90.1436367456,  3161.03
1565.49901569,  363927.0,  362743.0,  1056.9746432,  90.1435338462,  3160.84
1565.51944987,  363895.0,  362708.0,  1056.97462444,  90.1435626038,  3155.96
1565.53988425,  363917.0,  362732.0,  1056.97445121,  90.143268208,  3157.84
1565.56031854,  363912.0,  362726.0,  1056.97465649,  90.1434879588,  3158.88
1565.58075282,  363916.0,  362727.0,  1056.97457693,  90.1434551862,  3154.83
1565.6011871,  363920.0,  362735.0,  1056.97464363,  90.1432900298,  3157.03
1565.62162138,  363964.0,  362774.0,  1056.97477759,  90.1434872953,  3159.28
1565.64205577,  363975.0,  362786.0,  1056.97467581,  90.1432913273,  3154.64
1565.66248995,  363998.0,  362811.0,  1056.97462902,  90.1434148358,  3155.42
1565.68292423,  363935.0,  362746.0,  1056.97476035,  90.1432914926,  3158.65
1565.70335862,  363963.0,  362775.0,  1056.97506349,  90.1435446585,  3155.22
1565.7237929,  363937.0,  362752.0,  1056.97469026,  90.1433299939,  3154.17
1565.74422709,  363945.0,  362757.0,  1056.97491586,  90.1432663772,  3154.16
1565.76466147,  363932.0,  362746.0,  1056.97484827,  90.1433759205,  3153.94
1565.78509575,  363954.0,  362770.0,  1056.97496009,  90.1434498859,  3151.92
1565.80553004,  363958.0,  362768.0,  1056.9750942,  90.1434286884,  3149.87
1565.82596432,  363915.0,  362730.0,  1056.97487678,  90.1430595923,  3153.01
1565.84639861,  363925.0,  362738.0,  1056.97522344,  90.1432496859,  3153.21
1565.86683299,  363917.0,  362728.0,  1056.97488353,  90.1432479426,  3152.54
1565.88726718,  363967.0,  362782.0,  1056.97511246,  90.1433044196,  3147.85
1565.90770147,  363940.0,  362752.0,  1056.97518397,  90.1430612388,  3150.13
1565.92813585,  363980.0,  362793.0,  1056.97528285,  90.1432584616,  3149.32
1565.94857004,  363957.0,  362770.0,  1056.97513464,  90.1433203214,  3154.59
1565.96900432,  363967.0,  362778.0,  1056.97535453,  90.1432134124,  3148.58
1565.98943861,  363902.0,  362717.0,  1056.97518272,  90.143224546,  3148.7
1566.0098729,  363951.0,  362766.0,  1056.97515632,  90.1433230333,  3146.68
1566.03030728,  363945.0,  362758.0,  1056.97528863,  90.143145187,  3143.43
1566.05074147,  363934.0,  362750.0,  1056.97522421,  90.1431823334,  3145.57
1566.07117576,  363920.0,  362731.0,  1056.97541316,  90.1430972882,  3148.44
1566.09161015,  363949.0,  362762.0,  1056.97544434,  90.1430691076,  3143.82
1566.11204433,  363952.0,  362771.0,  1056.97520025,  90.143222406,  3145.43
1566.13247862,  363904.0,  362716.0,  1056.97563546,  90.1432770229,  3142.84
1566.15291301,  363972.0,  362785.0,  1056.97540016,  90.1428996657,  3145.72
1566.1733472,  363937.0,  362753.0,  1056.97541798,  90.1430908831,  3142.38
1566.19378159,  363923.0,  362735.0,  1056.9755865,  90.1430182058,  3146.8
1566.21421588,  363919.0,  362734.0,  1056.97565859,  90.1430847723,  3144.17
1566.23465007,  363905.0,  362720.0,  1056.97541018,  90.1430227272,  3142.97
1566.25508445,  363928.0,  362742.0,  1056.97549464,  90.1431625241,  3146.19
1566.27551874,  363911.0,  362728.0,  1056.97552231,  90.1430142041,  3143.61
1566.29595303,  363970.0,  362780.0,  1056.97565584,  90.1430817616,  3143.93
1566.31638732,  363956.0,  362768.0,  1056.975745,  90.1428979084,  3138.41
1566.33682161,  363987.0,  362802.0,  1056.97571484,  90.1429357101,  3140.14
1566.3572559,  363933.0,  362745.0,  1056.97564498,  90.1429085782,  3138.59
1566.37769029,  363899.0,  362716.0,  1056.97592547,  90.1429319119,  3137.77
1566.39812448,  363937.0,  362752.0,  1056.97557188,  90.1429945435,  3139.19
1566.41855888,  363883.0,  362696.0,  1056.97589324,  90.1429848873,  3136.8
1566.43899317,  363913.0,  362731.0,  1056.97569418,  90.142868021,  3137.98
1566.45942736,  363936.0,  362750.0,  1056.97589036,  90.1428199924,  3133.93
1566.47986175,  363925.0,  362737.0,  1056.97569124,  90.1431099445,  3138.26
1566.50029604,  363934.0,  362753.0,  1056.97593001,  90.1429146425,  3137.22
1566.52073023,  363956.0,  362768.0,  1056.97597132,  90.1429411108,  3134.6
1566.54116463,  363955.0,  362768.0,  1056.97606271,  90.1426914349,  3140.89
1566.56159892,  363951.0,  362767.0,  1056.97565954,  90.1428517974,  3137.05
1566.58203321,  363966.0,  362777.0,  1056.97607386,  90.1428087505,  3135.42
1566.6024675,  363972.0,  362786.0,  1056.97588558,  90.142954849,  3135.19
1566.6229017,  363964.0,  362781.0,  1056.97617806,  90.1428253236,  3135.06
1566.64333609,  363947.0,  362759.0,  1056.97599891,  90.1429754655,  3135.84
1566.66377038,  363918.0,  362733.0,  1056.97601548,  90.1427320924,  3138.94
1566.70463897,  363951.0,  362764.0,  1056.97615051,  90.1429962721,  3134.6
1566.72507326,  363927.0,  362743.0,  1056.9760592,  90.1428654577,  3136.63
1566.74550756,  364024.0,  362833.0,  1056.97617405,  90.1430005052,  3136.52
1566.76594185,  363935.0,  362743.0,  1056.97616921,  90.1429659193,  3135.32
1566.78637615,  363975.0,  362786.0,  1056.97639877,  90.1430386297,  3134.36
1566.80681054,  363974.0,  362781.0,  1056.97631567,  90.1430511366,  3133.73
1566.82724474,  363936.0,  362747.0,  1056.9765475,  90.1432253262,  3131.27
1566.84767903,  363938.0,  362749.0,  1056.97643728,  90.1430097917,  3134.18
1566.86811343,  363923.0,  362731.0,  1056.97659606,  90.1431531786,  3129.41
1566.88854772,  363919.0,  362732.0,  1056.97647095,  90.1429902443,  3129.33
1566.90898192,  363907.0,  362717.0,  1056.97657245,  90.1432790963,  3130.01
1566.92941631,  363892.0,  362702.0,  1056.97654957,  90.1430586679,  3129.45
1566.94985061,  363953.0,  362764.0,  1056.97664416,  90.1431801814,  3129.98
1566.97028491,  363927.0,  362734.0,  1056.97669518,  90.1430073597,  3129.67
1566.9907192,  363914.0,  362723.0,  1056.9766813,  90.1431853875,  3128.34
1567.0111535,  363910.0,  362723.0,  1056.97666051,  90.1430308713,  3126.74
1567.0315878,  363871.0,  362679.0,  1056.97677834,  90.1429669155,  3126.59
1567.05202209,  363937.0,  362747.0,  1056.97681531,  90.1431674938,  3127.16
1567.07245639,  363877.0,  362686.0,  1056.97667214,  90.142984006,  3130.33
1567.09289079,  363921.0,  362728.0,  1056.97676142,  90.142915845,  3128.36
1567.11332499,  363942.0,  362752.0,  1056.97682257,  90.1431223135,  3127.03
1567.13375938,  363934.0,  362742.0,  1056.97671816,  90.1430194143,  3123.89
1567.15419368,  363960.0,  362767.0,  1056.9770391,  90.1431578115,  3125.76
1567.17462788,  363950.0,  362761.0,  1056.97684458,  90.1429074204,  3126.66
1567.19506228,  363909.0,  362716.0,  1056.97688617,  90.1429948,  3123.84
1567.21549658,  363875.0,  362686.0,  1056.97695342,  90.1429386666,  3123.78
1567.23593078,  363948.0,  362757.0,  1056.97700869,  90.1430143408,  3126.7
1567.25636518,  363932.0,  362739.0,  1056.97693945,  90.1429379453,  3123.41
1567.27679938,  363938.0,  362747.0,  1056.9770264,  90.1429159921,  3124.38
1567.29723368,  363928.0,  362737.0,  1056.97697024,  90.1428895455,  3122.79
1567.31766808,  363945.0,  362752.0,  1056.97714056,  90.1428358159,  3118.65
1567.33810228,  363912.0,  362725.0,  1056.97694132,  90.1428936929,  3117.33
1567.35853668,  363888.0,  362695.0,  1056.97710369,  90.142982692,  3122.89
1567.37897098,  363898.0,  362706.0,  1056.97719799,  90.1429041487,  3125.09
1567.39940518,  363928.0,  362740.0,  1056.97712891,  90.1427402826,  3123.02
1567.41983958,  363944.0,  362751.0,  1056.97733795,  90.1430055179,  3122.14
1567.44027388,  363953.0,  362762.0,  1056.9771915,  90.1428642669,  3122.42
1567.46070818,  363960.0,  362771.0,  1056.97724144,  90.1429400757,  3121.87
1567.48114248,  363944.0,  362749.0,  1056.97735591,  90.1428313583,  3121.87
1567.50157678,  363968.0,  362777.0,  1056.9773233,  90.1428507693,  3119.35
1567.52201118,  363960.0,  362769.0,  1056.97735719,  90.1428202565,  3136.17
1567.54244539,  363949.0,  362754.0,  1056.9774804,  90.1428773597,  3119.19
1567.56287969,  363987.0,  362795.0,  1056.97742392,  90.1428915445,  3120.68
1567.58331409,  363926.0,  362734.0,  1056.97738281,  90.1426779291,  3119.22
1567.60374839,  363976.0,  362781.0,  1056.97751377,  90.1428417374,  3117.44
1567.6241826,  363922.0,  362732.0,  1056.97746783,  90.1428022322,  3119.18
1567.644617,  363946.0,  362749.0,  1056.97757307,  90.142791951,  3119.48
1567.6650513,  363973.0,  362778.0,  1056.97773403,  90.1429025146,  3118.11
1567.68548551,  363952.0,  362762.0,  1056.97751982,  90.1425966365,  3119.67
1567.70591991,  363943.0,  362748.0,  1056.97779868,  90.1429255579,  3115.82
1567.72635421,  363904.0,  362714.0,  1056.97779226,  90.1427392151,  3117.57
1567.74678862,  363914.0,  362721.0,  1056.97767343,  90.1427347172,  3117.13
1567.76722282,  363933.0,  362739.0,  1056.977948,  90.1428424401,  3116.24
1567.78765713,  363927.0,  362737.0,  1056.97775476,  90.142667321,  3117.99
1567.80809153,  363961.0,  362766.0,  1056.97770598,  90.142723737,  3112.34
1567.82852573,  363924.0,  362732.0,  1056.97779563,  90.1426328167,  3114.23
1567.84896004,  363901.0,  362712.0,  1056.9778247,  90.1426821583,  3115.53
1567.86939444,  363942.0,  362747.0,  1056.97796292,  90.1426481589,  3115.79
1567.88982865,  363955.0,  362761.0,  1056.97796503,  90.1426177622,  3116.16
1567.91026306,  363900.0,  362709.0,  1056.97794452,  90.1426318304,  3115.49
1567.93069726,  363878.0,  362683.0,  1056.97801467,  90.1426543515,  3117.08
1567.95113157,  363895.0,  362706.0,  1056.97794357,  90.1425783074,  3114.37
1567.97156597,  363903.0,  362713.0,  1056.97809344,  90.1425589221,  3113.15
1567.99200018,  363929.0,  362734.0,  1056.97827492,  90.142631197,  3112.19
1568.01243449,  363940.0,  362751.0,  1056.97806492,  90.142487053,  3114.77
1568.03286889,  363972.0,  362777.0,  1056.97830612,  90.1427035388,  3111.26
1568.0533031,  363971.0,  362779.0,  1056.97837971,  90.1427101386,  3111.39
1568.07373741,  363929.0,  362739.0,  1056.97823931,  90.1425914389,  3113.31
1568.09417181,  363910.0,  362716.0,  1056.97848505,  90.1426216559,  3114.13
1568.11460612,  363962.0,  362770.0,  1056.97834823,  90.1424887799,  3112.38
1568.13504043,  363944.0,  362756.0,  1056.97834109,  90.142550218,  3109.85
1568.15547474,  363952.0,  362756.0,  1056.97862495,  90.1424434389,  3111.97
1568.17590905,  363927.0,  362736.0,  1056.97844768,  90.1424223864,  3110.17
1568.19634335,  363937.0,  362744.0,  1056.97857239,  90.1425266696,  3112.02
1568.21677766,  363936.0,  362743.0,  1056.97838568,  90.142417775,  3114.13
1568.23721197,  363937.0,  362748.0,  1056.97855819,  90.1425527437,  3114.61
1568.25764638,  363942.0,  362746.0,  1056.97844714,  90.142388876,  3111.69
1568.27808059,  363912.0,  362720.0,  1056.97860789,  90.1424997677,  3111.45
1568.298515,  363938.0,  362749.0,  1056.97843937,  90.1424196716,  3109.85
1568.31894931,  363970.0,  362774.0,  1056.97864174,  90.1423633246,  3112.3
1568.33938352,  363933.0,  362741.0,  1056.97860995,  90.142399052,  3114.85
1568.35981793,  363982.0,  362791.0,  1056.97854556,  90.1422057574,  3112.36
1568.38025224,  363982.0,  362786.0,  1056.97862274,  90.1424237897,  3110.95
1568.40068645,  363917.0,  362728.0,  1056.97867524,  90.1422786569,  3110.89
1568.42112086,  363955.0,  362761.0,  1056.97861529,  90.142322348,  3113.54
1568.44155517,  363982.0,  362786.0,  1056.9786506,  90.142244055,  3112.98
1568.46198938,  363940.0,  362751.0,  1056.97856389,  90.1421764154,  3108.45
1568.48242379,  363921.0,  362726.0,  1056.97885315,  90.1423683291,  3108.41
1568.5028581,  363912.0,  362717.0,  1056.97876929,  90.1421999202,  3110.88
1568.52329251,  363971.0,  362780.0,  1056.97869043,  90.1422862581,  3110.93
1568.54372673,  363908.0,  362714.0,  1056.97881635,  90.1422267533,  3112.25
1568.56416094,  363928.0,  362735.0,  1056.97880568,  90.1420661433,  3111.64
1568.58459535,  363981.0,  362785.0,  1056.97898649,  90.1423028423,  3109.56
1568.60502966,  363963.0,  362766.0,  1056.97899539,  90.1420151205,  3110.03
1568.62546397,  363884.0,  362694.0,  1056.9789397,  90.1419845058,  3106.38
1568.64589829,  363973.0,  362779.0,  1056.97912983,  90.1422915669,  3108.3
1568.6663326,  363942.0,  362746.0,  1056.97908257,  90.1421736376,  3109.55
1568.68676701,  363939.0,  362749.0,  1056.97899526,  90.1420591239,  3110.43
1568.70720123,  363966.0,  362771.0,  1056.97911192,  90.1421229684,  3110.1
1568.72763554,  363941.0,  362747.0,  1056.97890183,  90.1420574213,  3109.83
1568.74806995,  363936.0,  362746.0,  1056.9790936,  90.1421386543,  3113.15
1568.76850427,  363929.0,  362733.0,  1056.97909323,  90.1420861801,  3112.23
1568.78893848,  363939.0,  362746.0,  1056.97906314,  90.141982724,  3111.99
1568.80937289,  363936.0,  362742.0,  1056.97932774,  90.1421215214,  3113.23
1568.82980721,  363914.0,  362717.0,  1056.97901707,  90.1421217656,  3117.79
1568.85024152,  363993.0,  362802.0,  1056.97920699,  90.1420585119,  3115.87
1568.87067584,  363964.0,  362770.0,  1056.9792668,  90.1419476525,  3119.22
1568.89111015,  363930.0,  362736.0,  1056.97930886,  90.1420240845,  3120.9
1568.91154457,  363967.0,  362775.0,  1056.97937206,  90.1421065766,  3121.08
1568.93197878,  363943.0,  362749.0,  1056.97931797,  90.1418014468,  3116.47
1568.9524131,  363942.0,  362749.0,  1056.97930263,  90.1421088181,  3135.48
1568.97284751,  363996.0,  362804.0,  1056.97934246,  90.1420304349,  3118.69
1568.99328173,  363949.0,  362753.0,  1056.97943735,  90.1418930383,  3117.03
1569.01371605,  363948.0,  362754.0,  1056.97927097,  90.1419390511,  3115.49
1569.03415046,  363928.0,  362737.0,  1056.9793746,  90.1417983249,  3112.07
1569.05458468,  363951.0,  362755.0,  1056.97963513,  90.1418843619,  3113.78
1569.0750191,  363951.0,  362759.0,  1056.97925792,  90.1422177621,  3110.68
1569.09545341,  363976.0,  362781.0,  1056.97947483,  90.141832598,  3116.04
1569.11588763,  363961.0,  362766.0,  1056.97955195,  90.1419856249,  3116.67
1569.13632205,  363971.0,  362781.0,  1056.97948808,  90.1418601399,  3111.13
1569.15675636,  364001.0,  362804.0,  1056.97964961,  90.1418920035,  3114.32
1569.17719058,  363970.0,  362775.0,  1056.97960958,  90.1419400874,  3111.0
1569.197625,  363986.0,  362792.0,  1056.97939159,  90.1419094776,  3110.79
1569.21805922,  363965.0,  362766.0,  1056.97950986,  90.1418842113,  3111.66
1569.23849364,  363981.0,  362785.0,  1056.97968705,  90.141757849,  3110.32
1569.25892795,  363956.0,  362764.0,  1056.97994497,  90.14182397,  3108.64
1569.27936217,  363959.0,  362763.0,  1056.97973326,  90.1418146823,  3104.93
1569.29979659,  363930.0,  362740.0,  1056.97983233,  90.1416582673,  3108.62
1569.32023091,  363973.0,  362776.0,  1056.9796329,  90.1418076498,  3112.08
1569.34066523,  363965.0,  362770.0,  1056.97994212,  90.1414933336,  3107.3
1569.36109955,  363965.0,  362774.0,  1056.97970609,  90.1417919053,  3106.98
1569.38153387,  363917.0,  362722.0,  1056.97980926,  90.1418110495,  3107.97
1569.40196819,  363964.0,  362769.0,  1056.97988399,  90.1417619755,  3104.62
1569.42240251,  363968.0,  362777.0,  1056.97977946,  90.1417201474,  3104.12
1569.44283683,  363931.0,  362735.0,  1056.97982506,  90.1416941626,  3102.44
1569.46327125,  363973.0,  362780.0,  1056.97977853,  90.1415809941,  3101.07
1569.48370557,  363928.0,  362735.0,  1056.97981526,  90.1416039942,  3101.35
1569.50413979,  363976.0,  362778.0,  1056.98014089,  90.141707244,  3102.92
1569.52457421,  363971.0,  362778.0,  1056.97977428,  90.1415461091,  3098.38
1569.54500853,  363964.0,  362771.0,  1056.98022489,  90.1414936281,  3098.04
1569.56544275,  363940.0,  362745.0,  1056.97999043,  90.1415667191,  3100.33
1569.58587717,  363957.0,  362766.0,  1056.98014883,  90.1415248915,  3095.48
1569.6063115,  363952.0,  362754.0,  1056.97967642,  90.1417017852,  3098.29
1569.62674592,  363986.0,  362791.0,  1056.98002824,  90.1415963394,  3098.01
1569.64718014,  363962.0,  362768.0,  1056.98002616,  90.1414751931,  3093.21
1569.68804889,  364010.0,  362817.0,  1056.98020371,  90.1415870632,  3096.32
1569.70848311,  363971.0,  362776.0,  1056.9802994,  90.1417269513,  3096.38
1569.72891743,  363959.0,  362758.0,  1056.9803889,  90.1418012696,  3095.29
1569.74935185,  363977.0,  362782.0,  1056.98033589,  90.1417902754,  3096.13
1569.76978608,  363942.0,  362744.0,  1056.98040322,  90.1418380357,  3092.31
1569.7902204,  363965.0,  362765.0,  1056.98037649,  90.1417860213,  3094.95
1569.81065482,  363976.0,  362779.0,  1056.98024327,  90.1417900434,  3093.98
1569.83108905,  363934.0,  362733.0,  1056.98050032,  90.1418611346,  3093.36
1569.85152347,  363951.0,  362751.0,  1056.98037657,  90.1417993484,  3092.71
1569.8719577,  363910.0,  362714.0,  1056.98041982,  90.1418723967,  3093.13
1569.89239202,  363948.0,  362745.0,  1056.98055804,  90.1420329219,  3092.37
1569.91282644,  363930.0,  362734.0,  1056.98040746,  90.1416630734,  3091.88
1569.93326067,  363961.0,  362762.0,  1056.98044774,  90.1417828415,  3092.46
1569.95369499,  363935.0,  362734.0,  1056.98070098,  90.1420433695,  3092.56
1569.97412942,  363945.0,  362748.0,  1056.98049579,  90.141797379,  3091.31
1569.99456374,  363926.0,  362726.0,  1056.98067739,  90.141837639,  3091.95
1570.01499807,  363972.0,  362770.0,  1056.98064885,  90.14180696,  3090.03
1570.03543239,  363920.0,  362725.0,  1056.98070308,  90.1418348051,  3089.28
1570.05586672,  363942.0,  362738.0,  1056.98072517,  90.1418958855,  3090.98
1570.07630105,  363922.0,  362722.0,  1056.98066035,  90.1417175269,  3091.24
1570.09673537,  363937.0,  362737.0,  1056.98068048,  90.1418212763,  3091.12
1570.1171697,  363925.0,  362722.0,  1056.9808508,  90.1419159879,  3089.87
1570.13760413,  363893.0,  362698.0,  1056.98074597,  90.1417388957,  3086.69
1570.15803835,  363921.0,  362718.0,  1056.9808037,  90.1418322497,  3086.75
1570.17847278,  363952.0,  362750.0,  1056.9808328,  90.1418703621,  3086.69
1570.19890711,  363926.0,  362727.0,  1056.98084447,  90.1418061862,  3084.58
1570.21934133,  363957.0,  362754.0,  1056.98080699,  90.141891021,  3085.43
1570.23977576,  363953.0,  362752.0,  1056.98080799,  90.1416459016,  3085.99
1570.26021009,  363940.0,  362743.0,  1056.98092725,  90.1417746327,  3085.48
1570.28064432,  363975.0,  362771.0,  1056.98095006,  90.1417766784,  3085.04
1570.30107875,  363965.0,  362764.0,  1056.98102261,  90.1416986203,  3086.03
1570.32151307,  363981.0,  362779.0,  1056.98121812,  90.1419644555,  3084.99
1570.3419473,  363977.0,  362772.0,  1056.98112199,  90.14172067,  3084.77
1570.36238173,  363920.0,  362723.0,  1056.981137,  90.1418356285,  3082.78
1570.38281606,  363979.0,  362773.0,  1056.98106328,  90.1417162556,  3082.99
1570.40325039,  363904.0,  362704.0,  1056.9812513,  90.1417753485,  3083.39
1570.42368472,  363955.0,  362755.0,  1056.98117919,  90.1416195044,  3081.09
1570.44411905,  363965.0,  362759.0,  1056.98115488,  90.1417144973,  3079.91
1570.46455338,  363992.0,  362789.0,  1056.98126085,  90.1417313637,  3084.93
1570.48498771,  363990.0,  362791.0,  1056.98115746,  90.1415970636,  3080.02
1570.50542204,  363947.0,  362742.0,  1056.98129338,  90.1416925814,  3079.12
1570.52585637,  363959.0,  362758.0,  1056.98117852,  90.1415384203,  3078.36
1570.5462907,  364017.0,  362814.0,  1056.98117303,  90.1417261124,  3079.13
1570.56672513,  363994.0,  362790.0,  1056.98140988,  90.1416254818,  3079.2
1570.58715936,  363993.0,  362793.0,  1056.98124076,  90.141410797,  3079.1
1570.60759369,  364040.0,  362833.0,  1056.98138316,  90.1414415464,  3077.31
1570.62802812,  364022.0,  362814.0,  1056.98150423,  90.1416910768,  3077.99
1570.64846245,  364026.0,  362823.0,  1056.98120622,  90.1413391023,  3077.14
1570.66889668,  364013.0,  362805.0,  1056.98154316,  90.1416209116,  3077.58
1570.68933111,  364065.0,  362858.0,  1056.98139522,  90.1414697368,  3076.25
1570.70976545,  364002.0,  362800.0,  1056.98152747,  90.141467007,  3075.89
1570.73019968,  364037.0,  362829.0,  1056.98153267,  90.1416766177,  3076.52
1570.75063411,  364070.0,  362865.0,  1056.98144141,  90.1412660289,  3077.83
1570.77106844,  364049.0,  362844.0,  1056.98160255,  90.1415285012,  3076.85
1570.79150287,  364120.0,  362909.0,  1056.98164942,  90.1414763222,  3077.76
1570.81193711,  364132.0,  362926.0,  1056.981519,  90.1413771648,  3073.72
1570.83237144,  364116.0,  362906.0,  1056.98157847,  90.1415088203,  3075.17
1570.85280587,  364146.0,  362936.0,  1056.98173553,  90.1415228597,  3074.97
1570.87324011,  364129.0,  362924.0,  1056.98160504,  90.1414396195,  3070.41
1570.89367444,  364124.0,  362915.0,  1056.98183443,  90.1414007811,  3075.97
1570.91410887,  364149.0,  362940.0,  1056.98162909,  90.1413593579,  3076.16
1570.93454311,  364120.0,  362913.0,  1056.98172943,  90.1413765519,  3074.87
1570.95497754,  364161.0,  362948.0,  1056.98195245,  90.1414341127,  3072.27
1570.97541188,  364152.0,  362946.0,  1056.98189451,  90.1413996868,  3071.73
1570.99584611,  364154.0,  362945.0,  1056.98184316,  90.1414871309,  3078.64
1571.01628054,  364143.0,  362931.0,  1056.98193183,  90.1413827179,  3077.37
1571.03671488,  364169.0,  362964.0,  1056.98196399,  90.1412884781,  3075.14
1571.05714911,  364215.0,  363003.0,  1056.98199679,  90.1413010838,  3072.66
1571.07758355,  364179.0,  362970.0,  1056.981889,  90.1412059082,  3075.51
1571.09801788,  364200.0,  362992.0,  1056.98185872,  90.1413704729,  3077.02
1571.11845212,  364182.0,  362971.0,  1056.98200699,  90.1413003078,  3073.97
1571.13888656,  364218.0,  363009.0,  1056.98192417,  90.1413248548,  3072.98
1571.15932089,  364220.0,  363011.0,  1056.98218955,  90.1413339597,  3079.37
1571.17975523,  364249.0,  363036.0,  1056.98227784,  90.141437184,  3077.82
1571.20018956,  364268.0,  363059.0,  1056.98211719,  90.1413085694,  3076.29
1571.2206239,  364294.0,  363081.0,  1056.98182895,  90.1412520293,  3073.8
1571.24105824,  364318.0,  363101.0,  1056.98229915,  90.1415906813,  3077.67
1571.26149257,  364284.0,  363073.0,  1056.98191857,  90.1411788629,  3078.54
1571.28192691,  364280.0,  363066.0,  1056.98232988,  90.1412052948,  3075.8
1571.30236125,  364252.0,  363039.0,  1056.98205048,  90.1412661096,  3079.65
1571.32279558,  364286.0,  363076.0,  1056.98235064,  90.1412017668,  3076.59
1571.34323002,  364266.0,  363052.0,  1056.98235833,  90.1412220423,  3080.75
1571.36366436,  364320.0,  363108.0,  1056.98238408,  90.1412570635,  3077.61
1571.3840986,  364318.0,  363104.0,  1056.98223628,  90.1411844458,  3081.27
1571.40453304,  364305.0,  363089.0,  1056.98248778,  90.1413370246,  3080.76
1571.42496737,  364267.0,  363058.0,  1056.98240782,  90.1411347592,  3079.04
1571.44540161,  364249.0,  363037.0,  1056.98248075,  90.1408600746,  3082.16
1571.46583605,  364306.0,  363090.0,  1056.98216031,  90.1414950943,  3081.22
1571.48627039,  364321.0,  363109.0,  1056.98239016,  90.1412052774,  3082.32
1571.50670463,  364346.0,  363129.0,  1056.98245791,  90.1413427501,  3080.15
1571.52713907,  364335.0,  363118.0,  1056.98230781,  90.1410111173,  3084.71
1571.54757341,  364330.0,  363118.0,  1056.98247041,  90.141042006,  3082.91
1571.56800785,  364327.0,  363109.0,  1056.98251916,  90.1411286084,  3084.9
1571.58844209,  364331.0,  363117.0,  1056.98262385,  90.1413753497,  3083.74
1571.60887643,  364344.0,  363131.0,  1056.98252859,  90.1409449543,  3087.05
1571.62931087,  364303.0,  363087.0,  1056.98280147,  90.1412573745,  3082.32
1571.64974511,  364333.0,  363121.0,  1056.98245865,  90.1410536851,  3085.42
1571.67017945,  364328.0,  363111.0,  1056.98253101,  90.1411653845,  3085.2
1571.69061389,  364308.0,  363094.0,  1056.98286528,  90.1410941132,  3083.95
1571.71104813,  364312.0,  363100.0,  1056.98246253,  90.1409970925,  3083.44
1571.73148257,  364318.0,  363101.0,  1056.98289059,  90.1408978014,  3082.6
1571.75191691,  364326.0,  363111.0,  1056.98254534,  90.1411170284,  3083.87
1571.77235115,  364332.0,  363119.0,  1056.98269514,  90.1410676632,  3082.68
1571.79278559,  364304.0,  363087.0,  1056.98279603,  90.1409659485,  3083.21
1571.81321993,  364344.0,  363129.0,  1056.98278196,  90.1410525001,  3086.38
1571.83365418,  364337.0,  363122.0,  1056.98279084,  90.1409328523,  3082.32
1571.85408862,  364326.0,  363108.0,  1056.98314524,  90.1409470839,  3083.17
1571.87452296,  364306.0,  363093.0,  1056.9826801,  90.1410054674,  3083.26
1571.8949572,  364331.0,  363114.0,  1056.98288825,  90.1411629295,  3085.3
1571.91539164,  364344.0,  363127.0,  1056.9831289,  90.141002528,  3083.02
1571.93582599,  364312.0,  363100.0,  1056.98284317,  90.1410291996,  3079.79
1571.95626043,  364353.0,  363134.0,  1056.98317455,  90.1408506033,  3078.57
1571.97669467,  364306.0,  363092.0,  1056.98324014,  90.1409351268,  3081.49
1571.99712902,  364339.0,  363127.0,  1056.98280358,  90.1407941116,  3079.67
1572.01756346,  364370.0,  363149.0,  1056.98335051,  90.1408698027,  3079.54
1572.0379977,  364363.0,  363152.0,  1056.98317109,  90.1412147049,  3078.41
1572.05843205,  364326.0,  363111.0,  1056.98336366,  90.1409512189,  3077.57
1572.07886649,  364313.0,  363095.0,  1056.98318385,  90.140707556,  3075.21
1572.09930074,  364306.0,  363094.0,  1056.98329408,  90.1409581904,  3073.58
1572.11973518,  364312.0,  363094.0,  1056.98316404,  90.1406990001,  3073.43
1572.14016952,  364335.0,  363119.0,  1056.98344039,  90.1412736104,  3069.26
1572.16060377,  364328.0,  363115.0,  1056.98308033,  90.1406441769,  3070.16
1572.18103821,  364298.0,  363081.0,  1056.98345501,  90.1407735793,  3070.47
1572.20147256,  364303.0,  363087.0,  1056.98322282,  90.1407979298,  3067.29
1572.2219068,  364311.0,  363098.0,  1056.98339017,  90.1406452126,  3066.62
1572.24234125,  364290.0,  363073.0,  1056.98350188,  90.1409859436,  3066.17
1572.2627756,  364260.0,  363045.0,  1056.98339045,  90.1405525163,  3070.68
1572.28320994,  364248.0,  363033.0,  1056.98324448,  90.1410473329,  3067.24
1572.30364429,  364253.0,  363036.0,  1056.98347191,  90.1406976407,  3065.13
1572.32407863,  364246.0,  363034.0,  1056.98336041,  90.1405208602,  3066.76
1572.34451298,  364267.0,  363050.0,  1056.98347388,  90.1407349017,  3062.37
1572.36494733,  364290.0,  363072.0,  1056.98364829,  90.140888347,  3067.07
1572.38538167,  364282.0,  363068.0,  1056.98336729,  90.1405426431,  3067.56
1572.40581602,  364297.0,  363079.0,  1056.98379679,  90.1405238142,  3068.51
1572.42625037,  364261.0,  363044.0,  1056.98321432,  90.1407274707,  3068.78
1572.44668471,  364281.0,  363067.0,  1056.98367369,  90.1408636232,  3069.56
1572.46711906,  364282.0,  363065.0,  1056.98368244,  90.1405171684,  3062.8
1572.48755341,  364243.0,  363030.0,  1056.98367279,  90.1407178815,  3064.41
1572.50798786,  364271.0,  363056.0,  1056.98364478,  90.1407441936,  3067.9
1572.5284222,  364279.0,  363061.0,  1056.98355906,  90.1407553105,  3065.69
1572.54885645,  364240.0,  363028.0,  1056.9836199,  90.1404497415,  3066.84
1572.5692909,  364281.0,  363066.0,  1056.98377918,  90.1405483184,  3064.86
1572.58972525,  364284.0,  363066.0,  1056.98377367,  90.1406829652,  3068.57
1572.6101595,  364247.0,  363032.0,  1056.98364637,  90.1405730569,  3065.78
1572.63059395,  364268.0,  363049.0,  1056.98392218,  90.1405486963,  3065.98
1572.67146254,  364219.0,  363002.0,  1056.98350116,  90.1406822019,  3070.74
1572.69189699,  364266.0,  363045.0,  1056.98394052,  90.140828661,  3073.49
1572.71233134,  364228.0,  363010.0,  1056.98386802,  90.1406319213,  3070.12
1572.73276579,  364236.0,  363016.0,  1056.98387379,  90.1406881279,  3068.37
1572.75320004,  364245.0,  363023.0,  1056.9838416,  90.1408959217,  3073.67
1572.77363439,  364275.0,  363056.0,  1056.98384537,  90.1406598121,  3077.71
1572.79406884,  364228.0,  363008.0,  1056.98397228,  90.1407802481,  3074.22
1572.81450309,  364236.0,  363014.0,  1056.98393899,  90.1407903194,  3080.03
1572.83493744,  364250.0,  363031.0,  1056.98386636,  90.1406736837,  3080.74
1572.85537189,  364208.0,  362984.0,  1056.98398596,  90.1408123435,  3090.12
1572.87580615,  364228.0,  363009.0,  1056.9839918,  90.1407809997,  3098.99
1572.8962406,  364207.0,  362988.0,  1056.98399589,  90.1407849409,  3098.55
1572.91667495,  364222.0,  362997.0,  1056.98398951,  90.140736396,  3092.47
1572.9371092,  364212.0,  362993.0,  1056.98405417,  90.1408305127,  3084.66
1572.95754365,  364239.0,  363015.0,  1056.98412315,  90.1407702228,  3070.6
1572.977978,  364210.0,  362987.0,  1056.98412124,  90.1408308214,  3066.48
1572.99841235,  364181.0,  362962.0,  1056.98404349,  90.1408333115,  3061.9
1573.01884671,  364229.0,  363004.0,  1056.98423139,  90.1408527474,  3060.73
1573.03928106,  364210.0,  362986.0,  1056.98428686,  90.1408670601,  3060.32
1573.05971531,  364176.0,  362955.0,  1056.98422149,  90.1409216584,  3060.41
1573.08014976,  364162.0,  362937.0,  1056.98425506,  90.1408117794,  3060.72
1573.10058412,  364201.0,  362981.0,  1056.9841804,  90.1407770677,  3058.38
1573.12101847,  364205.0,  362982.0,  1056.98442123,  90.1408838307,  3058.81
1573.14145282,  364222.0,  362996.0,  1056.98437791,  90.1407851153,  3056.34
1573.16188718,  364180.0,  362958.0,  1056.98434011,  90.1408152041,  3055.35
1573.18232163,  364203.0,  362976.0,  1056.98447704,  90.1409236743,  3050.67
1573.20275588,  364230.0,  363005.0,  1056.98433789,  90.1408341481,  3055.68
1573.22319024,  364213.0,  362991.0,  1056.98442611,  90.1408440623,  3051.85
1573.24362469,  364232.0,  363003.0,  1056.98451055,  90.1407545437,  3051.21
1573.26405895,  364188.0,  362965.0,  1056.9846392,  90.1409245799,  3051.86
1573.2844934,  364226.0,  363001.0,  1056.98447476,  90.1406549627,  3047.82
1573.30492775,  364200.0,  362976.0,  1056.98466983,  90.1408177585,  3048.47
1573.32536201,  364184.0,  362962.0,  1056.98452571,  90.1407992027,  3046.2
1573.34579646,  364232.0,  363006.0,  1056.98467373,  90.1407090194,  3045.18
1573.36623082,  364167.0,  362941.0,  1056.98469834,  90.1406225544,  3045.41
1573.38666507,  364161.0,  362938.0,  1056.98469294,  90.1407311494,  3041.2
1573.40709953,  364169.0,  362941.0,  1056.98468449,  90.1406542701,  3043.11
1573.42753388,  364201.0,  362978.0,  1056.98471477,  90.1407642787,  3040.93
1573.44796814,  364192.0,  362969.0,  1056.98460925,  90.1406258252,  3038.45
1573.4684026,  364123.0,  362897.0,  1056.98477452,  90.1406814572,  3037.68
1573.48883695,  364130.0,  362908.0,  1056.98474529,  90.1407482468,  3038.81
1573.50927141,  364156.0,  362932.0,  1056.9848396,  90.1406021035,  3036.47
1573.52970567,  364155.0,  362930.0,  1056.98492858,  90.1407524246,  3036.35
1573.55014002,  364128.0,  362908.0,  1056.98490697,  90.1405897117,  3038.52
1573.57057448,  364101.0,  362877.0,  1056.98487151,  90.1405234413,  3037.02
1573.59100874,  364155.0,  362928.0,  1056.98495266,  90.1406373826,  3034.75
1573.61144309,  364145.0,  362923.0,  1056.98500064,  90.1406117669,  3033.81
1573.63187755,  364174.0,  362945.0,  1056.98502425,  90.1405294384,  3035.97
1573.65231191,  364160.0,  362936.0,  1056.98506999,  90.1405790079,  3034.19
1573.67274627,  364134.0,  362912.0,  1056.98492903,  90.1404776247,  3032.26
1573.69318062,  364170.0,  362942.0,  1056.98515922,  90.1406267616,  3032.38
1573.71361488,  364162.0,  362937.0,  1056.98506655,  90.1406409559,  3033.93
1573.73404934,  364126.0,  362903.0,  1056.9850204,  90.1404666765,  3033.72
1573.7544837,  364162.0,  362934.0,  1056.98519961,  90.14056046,  3032.97
1573.77491796,  364155.0,  362932.0,  1056.98513085,  90.1404584427,  3027.47
1573.79535241,  364162.0,  362935.0,  1056.98535796,  90.140613215,  3029.86
1573.81578677,  364137.0,  362911.0,  1056.98517696,  90.1404138059,  3031.83
1573.83622103,  364185.0,  362960.0,  1056.98516741,  90.140554333,  3029.64
1573.85665549,  364198.0,  362969.0,  1056.98535036,  90.1404823607,  3029.64
1573.87708985,  364143.0,  362920.0,  1056.98541216,  90.1405404204,  3029.26
1573.89752431,  364116.0,  362893.0,  1056.98525182,  90.1404153906,  3029.5
1573.91795857,  364119.0,  362892.0,  1056.98545157,  90.1404188983,  3029.48
1573.93839293,  364147.0,  362923.0,  1056.98528048,  90.1403502854,  3027.13
1573.95882739,  364127.0,  362901.0,  1056.98545086,  90.1406205864,  3028.19
1573.97926165,  364111.0,  362886.0,  1056.98554917,  90.1404401111,  3029.65
1573.99969601,  364097.0,  362875.0,  1056.98541725,  90.140440339,  3029.19
1574.02013047,  364108.0,  362879.0,  1056.98553279,  90.1405598269,  3027.2
1574.04056473,  364127.0,  362902.0,  1056.98551388,  90.1403182515,  3028.18
1574.06099919,  364135.0,  362911.0,  1056.985515,  90.1403981561,  3029.79
1574.08143355,  364136.0,  362909.0,  1056.98558674,  90.1403160336,  3030.86
1574.10186782,  364089.0,  362866.0,  1056.98590269,  90.1406061923,  3027.69
1574.12230228,  364096.0,  362873.0,  1056.9855422,  90.1400843754,  3027.74
1574.14273664,  364120.0,  362891.0,  1056.98572781,  90.1403442679,  3027.11
1574.163171,  364142.0,  362919.0,  1056.98547423,  90.1403541651,  3023.29
1574.18360536,  364097.0,  362870.0,  1056.98569963,  90.1403497433,  3026.02
1574.20403972,  364128.0,  362902.0,  1056.98583947,  90.1402219269,  3023.11
1574.22447409,  364088.0,  362864.0,  1056.98568838,  90.1404444062,  3022.07
1574.24490845,  364110.0,  362884.0,  1056.98569917,  90.1400655741,  3021.75
1574.26534281,  364131.0,  362903.0,  1056.98593599,  90.1404589557,  3018.15
1574.28577717,  364142.0,  362918.0,  1056.98581268,  90.1403342091,  3021.66
1574.30621164,  364117.0,  362887.0,  1056.98587937,  90.140372454,  3024.52
1574.3266459,  364110.0,  362885.0,  1056.98579136,  90.1401800712,  3021.86
1574.34708026,  364113.0,  362886.0,  1056.98597666,  90.1402634978,  3020.47
1574.36751463,  364121.0,  362893.0,  1056.98598617,  90.1402381319,  3023.52
1574.38794899,  364106.0,  362883.0,  1056.98600499,  90.1401798874,  3017.5
1574.40838345,  364161.0,  362931.0,  1056.98602449,  90.1403296683,  3022.28
1574.42881772,  364121.0,  362894.0,  1056.98611809,  90.1402068556,  3020.96
1574.44925218,  364107.0,  362882.0,  1056.9862325,  90.1403146058,  3020.9
1574.46968655,  364089.0,  362859.0,  1056.9860015,  90.1403226155,  3020.05
1574.49012081,  364141.0,  362912.0,  1056.98608161,  90.1403141486,  3019.87
1574.51055528,  364114.0,  362889.0,  1056.98614028,  90.1401464589,  3018.29
1574.53098964,  364107.0,  362877.0,  1056.98600762,  90.1401140403,  3019.04
1574.5514239,  364100.0,  362873.0,  1056.98618287,  90.1401306154,  3019.95
1574.57185837,  364114.0,  362884.0,  1056.986092,  90.14031105,  3016.22
1574.59229274,  364121.0,  362890.0,  1056.98627572,  90.1401310613,  3017.45
1574.6127272,  364133.0,  362904.0,  1056.98628369,  90.140304093,  3016.93
1574.63316147,  364135.0,  362904.0,  1056.98611436,  90.1400103343,  3016.57
1574.65359583,  364099.0,  362870.0,  1056.98642081,  90.1401845609,  3014.25
1574.6740303,  364123.0,  362896.0,  1056.98610035,  90.1401829252,  3015.52
1574.69446456,  364097.0,  362865.0,  1056.98621547,  90.1399969789,  3016.94
1574.71489893,  364068.0,  362843.0,  1056.98619175,  90.1401225016,  3015.13
1574.7353334,  364071.0,  362843.0,  1056.98623918,  90.1400859785,  3016.9
1574.75576766,  364077.0,  362845.0,  1056.9865468,  90.1398826413,  3017.05
1574.77620203,  364115.0,  362889.0,  1056.98617771,  90.1402657352,  3014.64
1574.7966365,  364110.0,  362880.0,  1056.98640383,  90.1398642603,  3011.15
1574.81707086,  364130.0,  362900.0,  1056.98664223,  90.1399783932,  3012.36
1574.83750523,  364145.0,  362917.0,  1056.98629633,  90.1400607543,  3013.81
1574.8579396,  364117.0,  362886.0,  1056.98647331,  90.1400786766,  3013.79
1574.87837397,  364117.0,  362888.0,  1056.98647015,  90.1399711176,  3008.94
1574.89880833,  364090.0,  362862.0,  1056.98639676,  90.1400421655,  3012.53
1574.9192427,  364148.0,  362915.0,  1056.98651562,  90.140021141,  3010.92
1574.93967707,  364134.0,  362907.0,  1056.98646668,  90.1398959104,  3010.56
1574.96011144,  364155.0,  362925.0,  1056.9866102,  90.1401726432,  3010.61
1574.98054581,  364134.0,  362901.0,  1056.98667123,  90.1399463787,  3010.83
1575.00098018,  364145.0,  362918.0,  1056.98648463,  90.1397292667,  3010.59
1575.02141454,  364136.0,  362902.0,  1056.98659745,  90.1402753982,  3009.76
1575.04184891,  364152.0,  362921.0,  1056.98656133,  90.1398451504,  3006.76
1575.06228338,  364136.0,  362907.0,  1056.98670413,  90.1399806941,  3009.9
1575.08271765,  364146.0,  362911.0,  1056.9866201,  90.1401566188,  3010.78
1575.10315202,  364104.0,  362873.0,  1056.98688825,  90.139987399,  3010.15
1575.12358649,  364114.0,  362884.0,  1056.98672162,  90.1398364626,  3010.7
1575.14402076,  364139.0,  362906.0,  1056.98665814,  90.1400617357,  3007.36
1575.16445513,  364115.0,  362886.0,  1056.98680876,  90.1398274114,  3009.15
1575.1848896,  364121.0,  362887.0,  1056.98681594,  90.1400795244,  3010.5
1575.20532387,  364083.0,  362852.0,  1056.98692561,  90.1398396383,  3012.14
1575.22575834,  364100.0,  362873.0,  1056.98684175,  90.1398796351,  3009.07
1575.24619271,  364122.0,  362890.0,  1056.98693293,  90.1398789081,  3006.33
1575.26662698,  364121.0,  362889.0,  1056.98685991,  90.1397515023,  3007.57
1575.28706145,  364092.0,  362863.0,  1056.98668395,  90.1397956416,  3006.11
1575.30749582,  364105.0,  362869.0,  1056.98681256,  90.1399480625,  3006.29
1575.3279301,  364144.0,  362910.0,  1056.98669182,  90.1395764797,  3008.74
1575.34836457,  364132.0,  362900.0,  1056.98703323,  90.1398478144,  3006.3
1575.36879894,  364100.0,  362866.0,  1056.98684148,  90.140107657,  3009.9
1575.38923341,  364118.0,  362888.0,  1056.9870525,  90.1397277907,  3009.73
1575.40966768,  364115.0,  362882.0,  1056.98685664,  90.1398464194,  3008.2
1575.43010205,  364099.0,  362865.0,  1056.98700657,  90.139749491,  3006.66
1575.45053653,  364043.0,  362816.0,  1056.98663745,  90.1398542597,  3006.14
1575.4709709,  364128.0,  362893.0,  1056.98702214,  90.1396029607,  3007.3
1575.49140517,  364141.0,  362907.0,  1056.98690863,  90.1401240275,  3007.67
1575.51183964,  364107.0,  362878.0,  1056.98721255,  90.1396787398,  3006.37
1575.53227402,  364130.0,  362893.0,  1056.98668227,  90.1398621202,  3007.69
1575.55270829,  364106.0,  362878.0,  1056.98702132,  90.1397557616,  3006.16
1575.57314276,  364127.0,  362895.0,  1056.98694568,  90.139887142,  3003.45
1575.59357714,  364126.0,  362891.0,  1056.98721428,  90.1398126003,  3006.07
1575.61401151,  364084.0,  362855.0,  1056.98694068,  90.1396274691,  3005.51
1575.65488016,  364121.0,  362884.0,  1056.98705289,  90.139864908,  3008.03
1575.67531463,  364113.0,  362879.0,  1056.98705136,  90.139821585,  3001.7
1575.69574901,  364103.0,  362865.0,  1056.9873592,  90.1400311357,  3003.06
1575.71618328,  364051.0,  362816.0,  1056.98723525,  90.1399865625,  3004.08
1575.73661775,  364090.0,  362853.0,  1056.98720347,  90.1399012151,  3003.83
1575.75705213,  364078.0,  362839.0,  1056.98725816,  90.1398950728,  3001.94
1575.7774866,  364127.0,  362890.0,  1056.98731605,  90.140032744,  3004.36
1575.79792088,  364139.0,  362898.0,  1056.98729682,  90.1399936492,  3000.27
1575.81835525,  364124.0,  362883.0,  1056.98743378,  90.1400976298,  3004.43
1575.83878973,  364103.0,  362866.0,  1056.98722138,  90.1401340987,  3004.48
1575.859224,  364122.0,  362879.0,  1056.98749231,  90.1400737739,  3003.26
1575.87965838,  364110.0,  362872.0,  1056.98742576,  90.1401874749,  2999.62
1575.90009286,  364093.0,  362854.0,  1056.987274,  90.139918611,  3000.45
1575.92052713,  364108.0,  362864.0,  1056.98742318,  90.1400542188,  3000.6
1575.94096151,  364093.0,  362856.0,  1056.98740916,  90.1400017709,  3000.58
1575.96139598,  364068.0,  362830.0,  1056.98741281,  90.1400841008,  2998.96
1575.98183026,  364064.0,  362822.0,  1056.98743436,  90.1399677177,  2998.73
1576.00226474,  364052.0,  362815.0,  1056.98737277,  90.1400576789,  3001.76
1576.02269911,  364082.0,  362842.0,  1056.98739246,  90.1399049395,  2998.95
1576.04313349,  364059.0,  362818.0,  1056.98750631,  90.1400613662,  2999.03
1576.06356787,  364096.0,  362858.0,  1056.98732201,  90.1400103176,  2999.36
1576.08400225,  364072.0,  362829.0,  1056.9875192,  90.1399468371,  2999.68
1576.10443662,  364082.0,  362839.0,  1056.98753903,  90.1400324076,  2998.37
1576.124871,  364059.0,  362820.0,  1056.98751472,  90.1400815206,  2999.44
1576.14530538,  364098.0,  362852.0,  1056.98754568,  90.1399983026,  2998.23
1576.16573976,  364046.0,  362807.0,  1056.98759629,  90.1399169849,  2998.71
1576.18617423,  364016.0,  362774.0,  1056.9875391,  90.1399684693,  2999.22
1576.20660851,  364056.0,  362814.0,  1056.9876698,  90.1399008267,  2994.62
1576.22704299,  364017.0,  362777.0,  1056.98761129,  90.1399010087,  2999.29
1576.24747737,  364059.0,  362815.0,  1056.98765847,  90.1398701967,  2994.92
1576.26791165,  364044.0,  362803.0,  1056.98758925,  90.1400234892,  2995.05
1576.28834613,  364057.0,  362815.0,  1056.98753042,  90.1398249168,  2998.25
1576.30878041,  364081.0,  362835.0,  1056.98769717,  90.1398642271,  2997.08
1576.32921478,  364040.0,  362798.0,  1056.98770073,  90.1398962253,  2997.88
1576.34964926,  364064.0,  362822.0,  1056.98762681,  90.1398609748,  2998.28
1576.39051802,  364007.0,  362767.0,  1056.98770407,  90.1398350237,  2995.33
1576.4109524,  364040.0,  362797.0,  1056.98784862,  90.1398201825,  2993.26
1576.43138668,  364064.0,  362818.0,  1056.98779423,  90.1399318267,  2995.38
1576.45182116,  364036.0,  362797.0,  1056.98776817,  90.1398156341,  2991.17
1576.47225554,  364096.0,  362850.0,  1056.98794611,  90.1398734815,  2992.99
1576.49268982,  364060.0,  362815.0,  1056.98787737,  90.1397686708,  2996.87
1576.5131243,  364059.0,  362818.0,  1056.98793034,  90.1397841945,  2993.26
1576.53355868,  364051.0,  362806.0,  1056.98796341,  90.1397606559,  2993.04
1576.55399307,  364041.0,  362799.0,  1056.98791528,  90.139779857,  2993.62
1576.57442745,  364065.0,  362818.0,  1056.98789069,  90.1397261556,  2992.34
1576.59486183,  364063.0,  362816.0,  1056.98806146,  90.1397779793,  2992.24
1576.61529631,  364028.0,  362785.0,  1056.98794487,  90.1398458075,  2993.35
1576.63573059,  364038.0,  362791.0,  1056.98802627,  90.1396469282,  2993.67
1576.65616497,  364022.0,  362778.0,  1056.98799676,  90.1397457221,  2994.95
1576.67659945,  364067.0,  362823.0,  1056.98812087,  90.1399627607,  2991.32
1576.69703384,  364050.0,  362803.0,  1056.98810866,  90.1395867763,  2991.13
1576.71746812,  364074.0,  362830.0,  1056.98814617,  90.1398057731,  2992.77
1576.7379026,  364047.0,  362800.0,  1056.98805563,  90.1396209563,  2991.82
1576.75833698,  364081.0,  362831.0,  1056.98830045,  90.1399116457,  2989.89
1576.77877137,  364081.0,  362836.0,  1056.98823804,  90.1397550029,  2990.47
1576.79920575,  364056.0,  362807.0,  1056.98827841,  90.13978164,  2992.09
1576.81964013,  364075.0,  362828.0,  1056.98828641,  90.1396864236,  2990.74
1576.84007461,  364044.0,  362801.0,  1056.98820338,  90.1396678204,  2990.57
1576.8605089,  364080.0,  362831.0,  1056.98828855,  90.1396749336,  2989.84
1576.88094328,  364072.0,  362825.0,  1056.98837526,  90.1397114187,  2989.78
1576.90137776,  364061.0,  362816.0,  1056.98827567,  90.1399440588,  2989.32
1576.92181205,  364036.0,  362789.0,  1056.98837871,  90.1395787503,  2986.24
1576.94224643,  364035.0,  362792.0,  1056.98827443,  90.1395706796,  2991.97
1576.96268082,  364044.0,  362796.0,  1056.98839134,  90.1397043142,  2989.02
1576.9831152,  364029.0,  362780.0,  1056.98840094,  90.1396515676,  2987.48
1577.00354968,  364070.0,  362823.0,  1056.98836313,  90.1396983021,  2990.11
1577.02398397,  364038.0,  362788.0,  1056.98858318,  90.1395412147,  2988.32
1577.04441835,  364012.0,  362766.0,  1056.9885189,  90.1395220047,  2987.22
1577.06485284,  364039.0,  362792.0,  1056.98827858,  90.1396085806,  2990.71
1577.08528712,  364064.0,  362813.0,  1056.98851881,  90.1396885585,  2987.23
1577.10572151,  364046.0,  362803.0,  1056.98855395,  90.1394361501,  2988.17
1577.12615599,  364046.0,  362799.0,  1056.98870525,  90.1395927273,  2992.04
1577.14659028,  364051.0,  362802.0,  1056.9885061,  90.1395316464,  2990.06
1577.16702476,  364062.0,  362815.0,  1056.98865312,  90.1396229774,  2988.81
1577.18745915,  364066.0,  362816.0,  1056.9887985,  90.1395065341,  2986.59
1577.20789344,  364015.0,  362767.0,  1056.98862103,  90.1395384364,  2987.95
1577.22832792,  364033.0,  362787.0,  1056.98860141,  90.1395882302,  2989.23
1577.24876231,  364079.0,  362826.0,  1056.98879734,  90.13949049,  2990.29
1577.2691967,  364030.0,  362782.0,  1056.98885354,  90.1394045955,  2988.26
1577.28963108,  364022.0,  362778.0,  1056.98864594,  90.1395622535,  2987.91
1577.31006547,  364018.0,  362768.0,  1056.98891971,  90.1394900648,  2986.4
1577.33049986,  364047.0,  362799.0,  1056.98884926,  90.139364325,  2985.18
1577.35093434,  364046.0,  362798.0,  1056.98874335,  90.139452376,  2985.19
1577.37136863,  364053.0,  362805.0,  1056.98880834,  90.1395962111,  2987.35
1577.39180312,  364019.0,  362773.0,  1056.98887616,  90.139376652,  2985.96
1577.4122375,  364030.0,  362781.0,  1056.98897459,  90.1395789629,  2982.55
1577.43267179,  364018.0,  362770.0,  1056.98891729,  90.1392556778,  2986.0
1577.45310628,  364018.0,  362773.0,  1056.98880416,  90.1392472183,  2983.59
1577.47354067,  364018.0,  362768.0,  1056.98908229,  90.1395085582,  2988.38
1577.49397496,  364012.0,  362765.0,  1056.98907415,  90.139366771,  2984.47
1577.51440944,  364036.0,  362789.0,  1056.98893911,  90.1392248622,  2981.01
1577.53484383,  364004.0,  362754.0,  1056.98884093,  90.1395545664,  2981.97
1577.55527822,  364006.0,  362760.0,  1056.98906553,  90.1392783057,  2983.41
1577.57571261,  363985.0,  362737.0,  1056.98903696,  90.1392483205,  2980.87
1577.5961469,  364054.0,  362804.0,  1056.98892063,  90.1392549486,  2981.83
1577.61658139,  363961.0,  362714.0,  1056.98900744,  90.1391923031,  2984.72
1577.63701578,  364028.0,  362775.0,  1056.98908321,  90.1393516331,  2982.02
1577.65745007,  363945.0,  362699.0,  1056.98899748,  90.1390363191,  2980.3
1577.67788455,  363993.0,  362746.0,  1056.98920487,  90.1394934079,  2982.14
1577.69831894,  364020.0,  362766.0,  1056.98911998,  90.1391107793,  2982.52
1577.71875333,  364008.0,  362759.0,  1056.98903838,  90.1394752404,  2987.46
1577.73918772,  364012.0,  362764.0,  1056.98904094,  90.1393974265,  2980.3
1577.75962211,  364035.0,  362784.0,  1056.98914932,  90.1390920516,  2979.19
1577.7800566,  363988.0,  362739.0,  1056.98915554,  90.1392787838,  2978.49
1577.80049089,  363967.0,  362717.0,  1056.98919104,  90.1390526783,  2981.14
1577.82092528,  364053.0,  362800.0,  1056.98893299,  90.1390137723,  2979.97
1577.84135978,  363958.0,  362712.0,  1056.98898399,  90.1391918862,  2979.46
1577.86179417,  363997.0,  362745.0,  1056.98934509,  90.1392799408,  2977.52
1577.88222846,  364017.0,  362767.0,  1056.98920832,  90.1390281441,  2979.37
1577.90266295,  363987.0,  362738.0,  1056.98918789,  90.1390837845,  2977.88
1577.92309734,  364026.0,  362774.0,  1056.98929415,  90.1389697823,  2979.35
1577.94353173,  364005.0,  362757.0,  1056.98911067,  90.1390913453,  2979.76
1577.96396612,  364017.0,  362764.0,  1056.98921534,  90.1391915578,  2981.03
1577.98440051,  364015.0,  362763.0,  1056.98960199,  90.1390989752,  2977.88
1578.00483491,  363973.0,  362726.0,  1056.98920846,  90.139372041,  2977.42
1578.0252693,  364026.0,  362773.0,  1056.98948516,  90.1389556626,  2978.06
1578.04570369,  364016.0,  362766.0,  1056.98950488,  90.139226299,  2975.65
1578.06613818,  364015.0,  362765.0,  1056.98910986,  90.1390201431,  2989.19
1578.08657248,  363988.0,  362736.0,  1056.98955388,  90.1391517111,  2987.93
1578.10700687,  363991.0,  362743.0,  1056.98933268,  90.1389333659,  2976.75
1578.12744136,  363978.0,  362727.0,  1056.98931564,  90.1389612894,  2976.54
1578.14787565,  363971.0,  362720.0,  1056.98949636,  90.1390063716,  2975.64
1578.16831015,  364030.0,  362781.0,  1056.98928538,  90.1389659259,  2977.57
1578.18874454,  363978.0,  362725.0,  1056.98933449,  90.1392120605,  2977.64
1578.20917883,  364000.0,  362750.0,  1056.98948691,  90.1388968,  2976.0
1578.22961333,  363953.0,  362706.0,  1056.98936415,  90.1389982423,  2974.79
1578.25004762,  363956.0,  362702.0,  1056.9896959,  90.1388477417,  2975.24
1578.27048201,  363975.0,  362724.0,  1056.98943372,  90.1390686506,  2976.95
1578.29091651,  363975.0,  362724.0,  1056.98956123,  90.1390797148,  2977.41
1578.3113508,  363991.0,  362739.0,  1056.989515,  90.1390291287,  2976.09
1578.3317853,  363955.0,  362705.0,  1056.98952433,  90.1387670283,  2975.71
1578.35221969,  363967.0,  362716.0,  1056.98934631,  90.1389595961,  2977.13
1578.37265399,  363969.0,  362717.0,  1056.98954082,  90.1388387564,  2976.62
1578.39308848,  363983.0,  362734.0,  1056.98959622,  90.1389994149,  2977.82
1578.41352287,  363964.0,  362712.0,  1056.98961177,  90.1389708953,  2973.76
1578.43395727,  363978.0,  362726.0,  1056.98943755,  90.138808337,  2976.71
1578.45439167,  363989.0,  362738.0,  1056.98970007,  90.1389142594,  2973.71
1578.47482606,  363981.0,  362726.0,  1056.98983921,  90.1388615992,  2977.01
1578.49526046,  364028.0,  362774.0,  1056.98951238,  90.1391292158,  2972.8
1578.51569485,  363979.0,  362726.0,  1056.98970887,  90.138895671,  2974.87
1578.53612925,  363995.0,  362742.0,  1056.98970214,  90.1387861542,  2973.46
1578.55656374,  363982.0,  362731.0,  1056.9897447,  90.1389999619,  2971.57
1578.57699814,  363994.0,  362740.0,  1056.98982314,  90.1389102554,  2974.55
1578.59743244,  363999.0,  362743.0,  1056.98960536,  90.1388037757,  2974.06
1578.63830133,  363993.0,  362735.0,  1056.98991595,  90.1389949517,  2972.36
1578.65873562,  363968.0,  362712.0,  1056.98987238,  90.138994066,  2975.73
1578.67917012,  363972.0,  362717.0,  1056.98982016,  90.1390556643,  2972.73
1578.69960452,  363972.0,  362713.0,  1056.99003141,  90.1391361727,  2972.66
1578.72003882,  363942.0,  362691.0,  1056.98976458,  90.1389247643,  2970.39
1578.74047331,  363986.0,  362726.0,  1056.98996942,  90.1390833675,  2969.54
1578.76090771,  363971.0,  362712.0,  1056.99004726,  90.1392088047,  2971.33
1578.78134221,  363953.0,  362698.0,  1056.98986838,  90.1390653033,  2968.67
1578.80177651,  363950.0,  362688.0,  1056.98993556,  90.1388524631,  2966.44
1578.8222109,  363948.0,  362689.0,  1056.9900121,  90.1393045992,  2968.06
1578.8426454,  363998.0,  362740.0,  1056.98996889,  90.1390778176,  2969.55
1578.8630797,  363980.0,  362719.0,  1056.99001944,  90.139067947,  2971.84
1578.8835141,  363966.0,  362708.0,  1056.99009857,  90.1391240907,  2970.5
1578.9039485,  363982.0,  362723.0,  1056.99006115,  90.1390920293,  2967.93
1578.92438289,  363984.0,  362723.0,  1056.99006683,  90.1391071596,  2970.96
1578.94481739,  363974.0,  362718.0,  1056.99015467,  90.139162093,  2966.33
1578.96525169,  363953.0,  362690.0,  1056.99023988,  90.1392163375,  2971.03
1578.98568609,  363974.0,  362714.0,  1056.99029961,  90.1391585832,  2967.69
1579.00612059,  363949.0,  362693.0,  1056.99011582,  90.139090523,  2970.46
1579.02655489,  363956.0,  362694.0,  1056.99020299,  90.1391986405,  2970.43
1579.04698929,  363950.0,  362692.0,  1056.99020866,  90.1390637723,  2971.24
1579.06742379,  363973.0,  362713.0,  1056.99020478,  90.1390939993,  2966.95
1579.08785819,  363943.0,  362680.0,  1056.99033848,  90.1392359813,  2969.6
1579.10829249,  363946.0,  362688.0,  1056.99008003,  90.1389458736,  2965.49
1579.12872699,  363986.0,  362723.0,  1056.99026102,  90.1392120278,  2965.39
1579.14916139,  363935.0,  362672.0,  1056.99036295,  90.1391474435,  2964.62
1579.16959579,  363930.0,  362671.0,  1056.99029069,  90.1390530304,  2967.39
1579.19003019,  363951.0,  362686.0,  1056.9903131,  90.1391817194,  2965.02
1579.21046459,  363983.0,  362722.0,  1056.9902944,  90.1392449514,  2964.06
1579.23089909,  363987.0,  362726.0,  1056.99015979,  90.1390331037,  2963.62
1579.25133339,  363972.0,  362709.0,  1056.99033173,  90.1392026732,  2961.33
1579.27176779,  363975.0,  362715.0,  1056.99022164,  90.1390371061,  2962.72
1579.29220229,  363965.0,  362702.0,  1056.99038982,  90.1391481291,  2961.32
1579.3126366,  363982.0,  362718.0,  1056.9904389,  90.1391558172,  2959.54
1579.3330711,  363953.0,  362692.0,  1056.9902661,  90.1390230329,  2962.84
1579.3535055,  363953.0,  362689.0,  1056.99052565,  90.139170715,  2962.26
1579.3739398,  363954.0,  362692.0,  1056.9904375,  90.1388392725,  2961.12
1579.3943743,  363981.0,  362719.0,  1056.99042531,  90.1390828233,  2962.95
1579.4148087,  363975.0,  362709.0,  1056.99072675,  90.1392034021,  2961.55
1579.43524301,  363966.0,  362704.0,  1056.99049913,  90.13903251,  2961.38
1579.45567751,  363976.0,  362711.0,  1056.99053076,  90.139017384,  2961.39
1579.47611191,  363980.0,  362715.0,  1056.99054487,  90.1389352513,  2962.21
1579.49654621,  363941.0,  362679.0,  1056.99059502,  90.1390510983,  2963.12
1579.51698072,  363958.0,  362695.0,  1056.99059532,  90.1390115173,  2959.59
1579.53741502,  363977.0,  362713.0,  1056.99055519,  90.1389940546,  2959.96
1579.55784952,  363920.0,  362661.0,  1056.99061409,  90.1389899249,  2961.79
1579.57828393,  363933.0,  362668.0,  1056.99061899,  90.1389198276,  2960.4
1579.59871833,  363965.0,  362701.0,  1056.99059674,  90.1387347101,  2961.73
1579.61915273,  363920.0,  362657.0,  1056.99086656,  90.1392358358,  2958.34
1579.63958714,  363971.0,  362702.0,  1056.99080583,  90.1389683574,  2962.77
1579.66002154,  363945.0,  362682.0,  1056.99078985,  90.1389802204,  2961.03
1579.68045594,  363970.0,  362704.0,  1056.99071611,  90.1389453019,  2959.73
1579.70089035,  363972.0,  362705.0,  1056.99083123,  90.1389166892,  2957.42
1579.72132485,  363970.0,  362707.0,  1056.99070662,  90.1389015454,  2957.51
1579.74175926,  363984.0,  362717.0,  1056.99103768,  90.1391217294,  2958.48
1579.76219356,  363934.0,  362669.0,  1056.99087793,  90.1388369974,  2958.42
1579.78262807,  363974.0,  362711.0,  1056.99091237,  90.139010682,  2957.09
1579.80306247,  363931.0,  362663.0,  1056.99103895,  90.1388802934,  2960.16
1579.82349678,  363945.0,  362679.0,  1056.99085761,  90.1388767379,  2956.82
1579.84393128,  363939.0,  362670.0,  1056.9910629,  90.1389303766,  2954.94
1579.86436569,  363953.0,  362684.0,  1056.99090646,  90.1386710891,  2954.42
1579.88479999,  363952.0,  362689.0,  1056.99107013,  90.1389459151,  2956.68
1579.9052345,  363961.0,  362693.0,  1056.99112835,  90.1388811009,  2954.82
1579.9256689,  363950.0,  362682.0,  1056.99122401,  90.1388122812,  2951.15
1579.94610341,  363953.0,  362689.0,  1056.99112918,  90.138889674,  2956.96
1579.96653771,  363976.0,  362706.0,  1056.99117033,  90.1388400193,  2952.54
1579.98697212,  363916.0,  362651.0,  1056.99124959,  90.1388005357,  2949.81
1580.00740663,  363937.0,  362671.0,  1056.99122131,  90.1389314923,  2950.22
1580.02784093,  363909.0,  362641.0,  1056.99129112,  90.1388217823,  2951.6
1580.04827534,  363928.0,  362664.0,  1056.99133157,  90.1387585484,  2950.58
1580.06870985,  363968.0,  362698.0,  1056.99123392,  90.138804231,  2952.98
1580.08914415,  363931.0,  362663.0,  1056.99149228,  90.1387742237,  2954.04
1580.10957856,  363975.0,  362710.0,  1056.99118587,  90.1387768693,  2950.69
1580.13001307,  363944.0,  362676.0,  1056.99125759,  90.1386814924,  2952.12
1580.15044737,  363930.0,  362663.0,  1056.99139177,  90.1387124867,  2947.76
1580.17088188,  363905.0,  362642.0,  1056.99115435,  90.1386699827,  2948.2
1580.19131619,  363940.0,  362671.0,  1056.99152686,  90.1386868285,  2950.49
1580.2117506,  363979.0,  362711.0,  1056.99138092,  90.1387145662,  2946.11
1580.2321851,  363959.0,  362691.0,  1056.99149376,  90.1387921877,  2949.83
1580.25261941,  363968.0,  362698.0,  1056.99147357,  90.1387807468,  2947.16
1580.27305382,  363979.0,  362713.0,  1056.99138047,  90.1387259844,  2946.36
1580.29348833,  363958.0,  362688.0,  1056.99140291,  90.1385759984,  2945.81
1580.31392274,  363950.0,  362681.0,  1056.99156744,  90.1387006445,  2945.22
1580.33435714,  363926.0,  362661.0,  1056.99132865,  90.1386871083,  2947.75
1580.35479155,  363901.0,  362631.0,  1056.99153087,  90.138578469,  2947.0
1580.37522596,  363955.0,  362688.0,  1056.99157397,  90.1386741937,  2945.46
1580.39566037,  363957.0,  362689.0,  1056.99165921,  90.1385716196,  2942.24
1580.41609478,  363959.0,  362688.0,  1056.9916617,  90.1388573201,  2942.17
1580.43652919,  363948.0,  362681.0,  1056.99157694,  90.1386482386,  2942.08
1580.4569637,  363941.0,  362673.0,  1056.99168862,  90.1385851368,  2944.66
1580.47739801,  363965.0,  362696.0,  1056.99179024,  90.138598683,  2937.91
1580.49783242,  363933.0,  362665.0,  1056.99175497,  90.1385107598,  2941.96
1580.51826693,  363928.0,  362655.0,  1056.99171106,  90.138669763,  2943.64
1580.53870124,  363914.0,  362645.0,  1056.991676,  90.1383943399,  2945.17
1580.55913575,  363950.0,  362681.0,  1056.99164859,  90.1386595816,  2944.98
1580.57957016,  363936.0,  362665.0,  1056.99187645,  90.1385863887,  2943.9
1580.60000447,  364012.0,  362741.0,  1056.99189309,  90.1385545405,  2938.25
1580.62043898,  363942.0,  362673.0,  1056.99169336,  90.1388414287,  2940.62
1580.64087339,  363971.0,  362696.0,  1056.99182985,  90.1385975495,  2941.98
1580.6613077,  363955.0,  362687.0,  1056.99170411,  90.1383112957,  2939.11
1580.68174221,  364002.0,  362727.0,  1056.99206839,  90.1386903097,  2937.29
1580.70217662,  364006.0,  362734.0,  1056.99204283,  90.1383887255,  2936.92
1580.72261113,  363942.0,  362673.0,  1056.99160608,  90.1387978773,  2940.69
1580.74304544,  363961.0,  362687.0,  1056.99212855,  90.1385662465,  2937.68
1580.76347985,  363960.0,  362690.0,  1056.99183891,  90.1384964866,  2937.83
1580.78391437,  363923.0,  362655.0,  1056.99189465,  90.138555701,  2940.04
1580.80434868,  363955.0,  362682.0,  1056.99217991,  90.1384313959,  2941.26
1580.82478309,  363948.0,  362679.0,  1056.99215185,  90.1384243381,  2938.32
1580.8452175,  364001.0,  362727.0,  1056.99196043,  90.1388008442,  2938.02
1580.86565191,  363946.0,  362674.0,  1056.99204714,  90.1384296227,  2936.03
1580.88608633,  363975.0,  362706.0,  1056.99203531,  90.1383835496,  2936.73
1580.90652074,  363929.0,  362658.0,  1056.99206442,  90.138739801,  2936.19
1580.92695515,  363946.0,  362673.0,  1056.99220242,  90.1383234198,  2937.13
1580.94738966,  363962.0,  362694.0,  1056.99219964,  90.1384905572,  2938.55
1580.96782408,  363940.0,  362667.0,  1056.99213208,  90.1385614594,  2936.16
1580.98825839,  363944.0,  362675.0,  1056.99225158,  90.1383905118,  2933.6
1581.0086929,  363998.0,  362727.0,  1056.9920465,  90.13834647,  2934.75
1581.02912731,  363962.0,  362689.0,  1056.99236369,  90.1386030203,  2935.46
1581.04956163,  363965.0,  362693.0,  1056.99207582,  90.1384576578,  2935.45
1581.06999614,  363961.0,  362687.0,  1056.99246038,  90.1384237717,  2933.88
1581.09043056,  363979.0,  362706.0,  1056.99186711,  90.1381894915,  2930.12
1581.11086507,  363936.0,  362666.0,  1056.99248508,  90.1385618327,  2931.27
1581.13129938,  363976.0,  362701.0,  1056.99229308,  90.1385304203,  2936.8
1581.1517338,  364007.0,  362735.0,  1056.99214466,  90.138274256,  2933.55
1581.17216831,  363982.0,  362710.0,  1056.99227267,  90.1383566809,  2934.03
1581.19260263,  363993.0,  362719.0,  1056.9924932,  90.1382626589,  2933.36
1581.21303704,  363954.0,  362683.0,  1056.99225817,  90.1384070811,  2927.83
1581.23347155,  363944.0,  362673.0,  1056.99242705,  90.1385075246,  2930.06
1581.25390587,  363952.0,  362678.0,  1056.99253113,  90.1385893738,  2932.37
1581.27434028,  363950.0,  362683.0,  1056.99249239,  90.1384807299,  2929.18
1581.2947748,  363935.0,  362661.0,  1056.9925907,  90.1382899617,  2930.7
1581.31520911,  363956.0,  362686.0,  1056.99237147,  90.1383149788,  2927.91
1581.33564363,  363955.0,  362684.0,  1056.99263784,  90.1385391363,  2931.51
1581.35607804,  363924.0,  362649.0,  1056.99256668,  90.1382057471,  2929.69
1581.37651246,  363942.0,  362671.0,  1056.99274927,  90.1383604931,  2930.3
1581.39694688,  363946.0,  362673.0,  1056.99235745,  90.1385188732,  2928.68
1581.41738129,  363934.0,  362661.0,  1056.99268817,  90.138105935,  2930.25
1581.43781571,  363919.0,  362650.0,  1056.99254258,  90.1381298141,  2926.39
1581.45825012,  363930.0,  362654.0,  1056.99288599,  90.1385504054,  2929.43
1581.47868454,  363918.0,  362644.0,  1056.99266916,  90.1384057804,  2927.91
1581.49911896,  363964.0,  362692.0,  1056.99243506,  90.1383039386,  2927.13
1581.51955337,  363960.0,  362685.0,  1056.99269714,  90.1382875524,  2927.4
1581.53998779,  363946.0,  362674.0,  1056.99279667,  90.1381902459,  2925.81
1581.5604222,  363953.0,  362682.0,  1056.99273294,  90.1384182245,  2927.46
1581.58085662,  363943.0,  362668.0,  1056.99285819,  90.1384758416,  2926.12
1586.832499,  364146.0,  362836.0,  1057.00113899,  90.1383069032,  2865.85
1586.85293355,  364168.0,  362862.0,  1057.00128004,  90.1384022027,  2860.65
1586.8733679,  364156.0,  362845.0,  1057.00144462,  90.1383834689,  2865.45
1586.89380245,  364190.0,  362881.0,  1057.00124729,  90.138091739,  2865.51
1586.9142369,  364173.0,  362867.0,  1057.00129709,  90.1380192536,  2861.74
1586.93467124,  364154.0,  362844.0,  1057.00124354,  90.1379645933,  2862.43
1586.95510579,  364185.0,  362877.0,  1057.00107773,  90.1375456725,  2862.23
1586.97554024,  364142.0,  362838.0,  1057.00132986,  90.1378049089,  2864.27
1586.99597469,  364152.0,  362842.0,  1057.0018426,  90.1380526784,  2863.13
1587.01640914,  364170.0,  362864.0,  1057.00138217,  90.1376790015,  2862.44
1587.03684359,  364113.0,  362805.0,  1057.00149285,  90.1374747503,  2863.6
1587.05727814,  364137.0,  362827.0,  1057.00147643,  90.1377849009,  2862.67
1587.07771259,  364092.0,  362789.0,  1057.00147024,  90.1376275907,  2858.63
1587.09814694,  364119.0,  362807.0,  1057.00149734,  90.1375565627,  2861.66
1587.11858148,  364110.0,  362802.0,  1057.00174037,  90.1376836012,  2862.49
1587.13901593,  364125.0,  362820.0,  1057.00172252,  90.1377680948,  2862.16
1587.15945028,  364118.0,  362810.0,  1057.00171208,  90.1378035555,  2862.03
1587.17988483,  364091.0,  362788.0,  1057.00175667,  90.1376251032,  2863.4
1587.20031928,  364099.0,  362790.0,  1057.00176858,  90.1376822986,  2857.8
1587.22075373,  364103.0,  362793.0,  1057.00197705,  90.1377486633,  2858.89
1587.24118818,  364149.0,  362844.0,  1057.00206214,  90.1379385585,  2859.64
1587.26162253,  364107.0,  362798.0,  1057.00209412,  90.1379564959,  2860.9
1587.28205708,  364122.0,  362813.0,  1057.00221583,  90.1376716887,  2860.83
1587.30249154,  364120.0,  362819.0,  1057.00207169,  90.1376966075,  2861.08
1587.32292589,  364092.0,  362782.0,  1057.00200958,  90.1374469025,  2864.65
1587.34336044,  364109.0,  362800.0,  1057.00213398,  90.1380972469,  2863.76
1587.36379489,  364090.0,  362785.0,  1057.00219806,  90.1379687039,  2857.86
1587.38422944,  364140.0,  362829.0,  1057.00238975,  90.1378520579,  2863.42
1587.40466379,  364118.0,  362813.0,  1057.0021398,  90.1378600784,  2860.37
1587.42509824,  364097.0,  362791.0,  1057.00223377,  90.1378683983,  2862.17
1587.44553279,  364140.0,  362830.0,  1057.00221026,  90.1377527829,  2859.7
1587.46596714,  364096.0,  362794.0,  1057.00247899,  90.1380711267,  2859.76
1587.50683615,  364082.0,  362775.0,  1057.00231765,  90.1378205789,  2861.18
1587.5272705,  364086.0,  362780.0,  1057.00222553,  90.1378436469,  2855.23
1587.54770505,  364118.0,  362807.0,  1057.00240599,  90.1378630867,  2862.46
1587.5681395,  364142.0,  362833.0,  1057.0024092,  90.137868576,  2860.86
1587.58857395,  364088.0,  362781.0,  1057.00245781,  90.1378407658,  2860.3
1587.6090084,  364081.0,  362770.0,  1057.00235395,  90.1376513665,  2860.39
1587.62944286,  364089.0,  362783.0,  1057.00236638,  90.1377657052,  2857.3
1587.64987731,  364107.0,  362800.0,  1057.00244163,  90.1376734455,  2856.65
1587.67031176,  364091.0,  362782.0,  1057.00238139,  90.1378510386,  2862.29
1587.69074621,  364100.0,  362793.0,  1057.00231534,  90.1375513988,  2858.83
1587.71118077,  364075.0,  362764.0,  1057.0022812,  90.1376417442,  2859.06
1587.73161512,  364086.0,  362775.0,  1057.00231787,  90.1376215807,  2861.31
1587.75204957,  364089.0,  362784.0,  1057.00206435,  90.1373195076,  2854.21
1587.77248412,  364088.0,  362775.0,  1057.00240622,  90.1375800589,  2858.06
1587.79291858,  364163.0,  362852.0,  1057.00217195,  90.1373214179,  2858.9
1587.81335293,  364096.0,  362788.0,  1057.00216218,  90.1374052562,  2854.05
1587.83378748,  364062.0,  362754.0,  1057.00222012,  90.1375087669,  2860.09
1587.85422184,  364057.0,  362750.0,  1057.00191724,  90.1371786738,  2857.1
1587.87465639,  364099.0,  362789.0,  1057.00222503,  90.1375105739,  2854.03
1587.89509084,  364119.0,  362810.0,  1057.00218507,  90.1374790463,  2857.4
1587.9155252,  364057.0,  362749.0,  1057.00194285,  90.1371242986,  2859.26
1587.93595975,  364102.0,  362790.0,  1057.00191953,  90.1371009043,  2855.24
1587.9563942,  364113.0,  362804.0,  1057.0019069,  90.1368944579,  2856.0
1587.97682856,  364085.0,  362778.0,  1057.00185608,  90.1372339336,  2857.71
1587.99726311,  364106.0,  362794.0,  1057.00192809,  90.1368620144,  2857.27
1588.01769757,  364062.0,  362758.0,  1057.00198919,  90.1372898252,  2855.38
1588.03813192,  364086.0,  362777.0,  1057.00184873,  90.136886464,  2857.43
1588.05856647,  364108.0,  362796.0,  1057.00191483,  90.1370612709,  2857.65
1588.07900093,  364142.0,  362833.0,  1057.00164887,  90.1368659754,  2854.28
1588.09943548,  364046.0,  362736.0,  1057.00174042,  90.1369444972,  2854.96
1588.11986984,  364068.0,  362756.0,  1057.00171372,  90.136875418,  2857.16
1588.14030429,  364101.0,  362794.0,  1057.00173341,  90.1369676309,  2853.66
1588.16073885,  364079.0,  362768.0,  1057.00163025,  90.1368491452,  2854.15
1588.1811732,  364087.0,  362778.0,  1057.00147543,  90.13670719,  2852.36
1588.20160766,  364076.0,  362766.0,  1057.00148739,  90.1366458518,  2857.13
1588.22204221,  364097.0,  362785.0,  1057.00173204,  90.1371063779,  2850.73
1588.24247657,  364085.0,  362776.0,  1057.00137971,  90.1365650564,  2852.27
1588.26291112,  364088.0,  362778.0,  1057.0016695,  90.1369471263,  2851.14
1588.28334558,  364069.0,  362760.0,  1057.00155132,  90.1368358114,  2851.9
1588.30378003,  364065.0,  362759.0,  1057.00144264,  90.1368699999,  2850.4
1588.32421449,  364092.0,  362778.0,  1057.00141752,  90.136806896,  2853.38
1588.34464895,  364075.0,  362764.0,  1057.00130668,  90.1367340412,  2853.96
1588.3650834,  364081.0,  362770.0,  1057.0013036,  90.1367729907,  2849.84
1588.38551786,  364111.0,  362797.0,  1057.00138288,  90.1368770039,  2850.3
1588.40595231,  364092.0,  362782.0,  1057.00123215,  90.1367234133,  2850.96
1588.42638677,  364062.0,  362751.0,  1057.00119057,  90.1367408828,  2852.29
1588.44682133,  364084.0,  362774.0,  1057.00138614,  90.1366889523,  2847.36
1588.46725568,  364079.0,  362771.0,  1057.00123345,  90.1367298197,  2849.69
1588.48769024,  364066.0,  362753.0,  1057.00138149,  90.1368341548,  2847.06
1588.50812459,  364101.0,  362790.0,  1057.00136299,  90.1367767499,  2846.16
1588.52855905,  364093.0,  362783.0,  1057.00126083,  90.136741377,  2845.45
1588.54899361,  364071.0,  362758.0,  1057.0012928,  90.1367081008,  2848.9
1588.56942796,  364076.0,  362765.0,  1057.00119526,  90.1366855553,  2844.11
1588.58986242,  364082.0,  362773.0,  1057.00130912,  90.1367454553,  2848.54
1588.61029698,  364078.0,  362762.0,  1057.00122167,  90.1366428699,  2846.83
1588.63073134,  364103.0,  362792.0,  1057.00120387,  90.1367448931,  2845.25
1588.65116589,  364113.0,  362799.0,  1057.00126473,  90.1368740155,  2842.65
1588.67160035,  364086.0,  362772.0,  1057.00130068,  90.1368246062,  2845.23
1588.69203471,  364030.0,  362722.0,  1057.00107775,  90.1366178705,  2845.2
1588.71246927,  364089.0,  362774.0,  1057.00132242,  90.1369856081,  2841.84
1588.73290372,  364126.0,  362813.0,  1057.00122207,  90.1366945125,  2845.37
1588.75333808,  364101.0,  362790.0,  1057.00121172,  90.1367399471,  2845.05
1588.77377264,  364116.0,  362800.0,  1057.00131741,  90.1369386307,  2840.79
1588.7942071,  364089.0,  362780.0,  1057.00107548,  90.1365961654,  2844.07
1588.81464155,  364116.0,  362800.0,  1057.00119496,  90.1369836736,  2842.08
1588.83507601,  364152.0,  362836.0,  1057.00117673,  90.1366037394,  2839.43
1588.85551047,  364104.0,  362793.0,  1057.00116766,  90.1367487661,  2842.9
1588.87594503,  364114.0,  362799.0,  1057.00129605,  90.1367177169,  2838.51
1588.89637939,  364131.0,  362817.0,  1057.00110616,  90.1367096948,  2839.91
1588.91681385,  364128.0,  362817.0,  1057.00123338,  90.1367742043,  2843.06
1588.9372484,  364137.0,  362821.0,  1057.00126807,  90.1368004468,  2839.08
1588.95768286,  364138.0,  362824.0,  1057.00115118,  90.1366868847,  2838.03
1588.97811722,  364161.0,  362845.0,  1057.00130874,  90.1367502404,  2838.19
1588.99855178,  364147.0,  362829.0,  1057.00115596,  90.1368602662,  2842.92
1589.01898624,  364074.0,  362763.0,  1057.0012872,  90.1367494433,  2837.04
1589.0394206,  364091.0,  362774.0,  1057.00134853,  90.1367659194,  2840.55
1589.05985516,  364107.0,  362792.0,  1057.00129684,  90.1367402889,  2837.79
1589.08028962,  364106.0,  362794.0,  1057.00125517,  90.1368674194,  2839.53
1589.10072418,  364149.0,  362830.0,  1057.00131558,  90.136757416,  2839.85
1589.12115854,  364147.0,  362830.0,  1057.00123431,  90.1366305891,  2837.6
1589.141593,  364083.0,  362769.0,  1057.001067,  90.1368843859,  2837.82
1589.16202746,  364095.0,  362777.0,  1057.00133752,  90.1368328888,  2837.94
1589.18246191,  364140.0,  362824.0,  1057.00099632,  90.1367212736,  2839.47
1589.20289627,  364132.0,  362812.0,  1057.00125675,  90.1367589555,  2839.5
1589.22333083,  364132.0,  362813.0,  1057.0011253,  90.1370153866,  2838.33
1589.24376529,  364095.0,  362782.0,  1057.00107498,  90.1366552213,  2839.45
1589.26419985,  364129.0,  362811.0,  1057.00128098,  90.1368828992,  2837.32
1589.28463422,  364093.0,  362776.0,  1057.00124391,  90.1368207523,  2836.73
1589.30506868,  364139.0,  362823.0,  1057.00107918,  90.136765373,  2839.26
1589.32550324,  364112.0,  362792.0,  1057.00120569,  90.1368330931,  2837.65
1589.3459376,  364111.0,  362793.0,  1057.00111037,  90.1369259158,  2835.13
1589.36637206,  364120.0,  362800.0,  1057.00124513,  90.1366904496,  2842.49
1589.38680662,  364136.0,  362814.0,  1057.00106792,  90.1368857361,  2839.68
1589.40724098,  364097.0,  362783.0,  1057.00120569,  90.1368681185,  2835.63
1589.42767544,  364143.0,  362824.0,  1057.00113638,  90.1368064007,  2837.44
1589.44811,  364121.0,  362802.0,  1057.00137113,  90.1369469666,  2833.03
1589.46854446,  364098.0,  362784.0,  1057.00087504,  90.1368440056,  2835.05
1589.48897892,  364081.0,  362761.0,  1057.00136126,  90.1370657412,  2832.75
1589.50941338,  364081.0,  362763.0,  1057.00127069,  90.1366285242,  2836.42
1589.52984785,  364125.0,  362804.0,  1057.00103909,  90.136931035,  2835.61
1589.55028231,  364145.0,  362816.0,  1057.00124343,  90.1369284229,  2836.7
1589.57071677,  364151.0,  362827.0,  1057.00111766,  90.1367369755,  2833.8
1589.59115123,  364103.0,  362782.0,  1057.00130648,  90.1369426559,  2831.8
1589.61158579,  364138.0,  362817.0,  1057.00120011,  90.1367678961,  2833.42
1589.63202015,  364151.0,  362833.0,  1057.00106098,  90.1367922849,  2834.33
1589.65245462,  364099.0,  362777.0,  1057.0013452,  90.1369679279,  2832.14
1589.67288918,  364053.0,  362736.0,  1057.00107906,  90.1367409684,  2833.15
1589.69332354,  364081.0,  362765.0,  1057.0011661,  90.1369464273,  2834.24
1589.7137581,  364132.0,  362809.0,  1057.0014149,  90.1367824582,  2833.44
1589.73419256,  364136.0,  362816.0,  1057.00118514,  90.1368618155,  2831.95
1589.75462693,  364111.0,  362791.0,  1057.00125943,  90.1365393511,  2832.55
1589.77506149,  364113.0,  362790.0,  1057.00131515,  90.1372023398,  2832.24
1589.79549595,  364130.0,  362811.0,  1057.00099909,  90.1369788602,  2832.29
1589.81593031,  364098.0,  362777.0,  1057.00136339,  90.1369383119,  2829.02
1589.85679924,  364101.0,  362780.0,  1057.00113855,  90.1368097229,  2832.77
1589.8772338,  364075.0,  362749.0,  1057.00133819,  90.1369784141,  2831.58
1589.89766827,  364124.0,  362800.0,  1057.00131289,  90.1369253257,  2832.39
1589.91810263,  364094.0,  362773.0,  1057.00121095,  90.1368233581,  2829.8
1589.93853719,  364144.0,  362815.0,  1057.001478,  90.1371351027,  2829.8
1589.95897166,  364134.0,  362811.0,  1057.00139635,  90.1368112218,  2829.11
1589.97940602,  364182.0,  362855.0,  1057.00145531,  90.1370104998,  2826.56
1589.99984058,  364139.0,  362811.0,  1057.00149441,  90.1369778491,  2828.69
1590.02027505,  364171.0,  362846.0,  1057.00141704,  90.1370512207,  2830.37
1590.04070951,  364142.0,  362813.0,  1057.00144236,  90.1369159463,  2829.45
1590.06114397,  364098.0,  362773.0,  1057.00156994,  90.1369876392,  2827.87
1590.08157844,  364121.0,  362798.0,  1057.00134595,  90.1367174043,  2831.81
1590.102013,  364099.0,  362771.0,  1057.00161908,  90.1370558747,  2829.76
1590.12244737,  364094.0,  362771.0,  1057.00153538,  90.1369234078,  2830.62
1590.14288183,  364109.0,  362782.0,  1057.00144711,  90.1367916338,  2825.69
1590.1633164,  364107.0,  362778.0,  1057.00155979,  90.1369839443,  2826.76
1590.18375086,  364106.0,  362781.0,  1057.00155033,  90.1370742317,  2830.64
1590.20418522,  364113.0,  362785.0,  1057.00140208,  90.1367297319,  2825.33
1590.22461979,  364090.0,  362764.0,  1057.00153232,  90.1370120145,  2824.87
1590.24505425,  364081.0,  362758.0,  1057.001476,  90.1369855668,  2827.46
1590.26548862,  364104.0,  362776.0,  1057.00160611,  90.1369953908,  2825.73
1590.28592318,  364116.0,  362791.0,  1057.00152081,  90.1368700401,  2827.02
1590.30635765,  364076.0,  362752.0,  1057.00139574,  90.1368257937,  2825.56
1590.32679221,  364095.0,  362769.0,  1057.00149053,  90.136911554,  2828.27
1590.34722658,  364095.0,  362772.0,  1057.00141804,  90.1368705872,  2825.04
1590.36766104,  364103.0,  362776.0,  1057.00147837,  90.1369029644,  2825.35
1590.38809561,  364104.0,  362776.0,  1057.00166824,  90.1370826679,  2827.46
1590.40852997,  364119.0,  362794.0,  1057.00147511,  90.1368326032,  2824.36
1590.42896444,  364114.0,  362784.0,  1057.00148056,  90.136743835,  2825.56
1590.4493989,  364142.0,  362811.0,  1057.00145331,  90.1368788399,  2823.54
1590.46983337,  364078.0,  362752.0,  1057.00134879,  90.1368134854,  2823.97
1590.49026794,  364112.0,  362783.0,  1057.00160686,  90.1369403833,  2823.94
1590.5107023,  364113.0,  362787.0,  1057.00151699,  90.1368093804,  2825.78
1590.53113677,  364115.0,  362787.0,  1057.00156246,  90.1368460615,  2822.53
1590.55157133,  364114.0,  362783.0,  1057.00147816,  90.1369510756,  2823.33
1590.5720057,  364113.0,  362788.0,  1057.00170208,  90.1370562833,  2823.75
1590.59244017,  364103.0,  362774.0,  1057.00150815,  90.1368401355,  2825.35
1590.61287473,  364100.0,  362771.0,  1057.00169622,  90.1370254124,  2826.56
1590.6333091,  364081.0,  362756.0,  1057.00167384,  90.1370165124,  2823.2
1590.65374357,  364074.0,  362744.0,  1057.00159929,  90.1367422986,  2824.42
1590.67417813,  364107.0,  362778.0,  1057.0014872,  90.1368153352,  2823.42
1590.6946126,  364097.0,  362771.0,  1057.00170301,  90.1371623417,  2823.86
1590.71504707,  364109.0,  362778.0,  1057.0016365,  90.1368757694,  2821.36
1590.73548153,  364073.0,  362747.0,  1057.00151103,  90.1367337085,  2821.8
1590.755916,  364121.0,  362792.0,  1057.00164016,  90.137003858,  2821.93
1590.77635047,  364122.0,  362789.0,  1057.00165064,  90.1370892324,  2824.43
1590.79678493,  364132.0,  362803.0,  1057.00155382,  90.1367326535,  2826.82
1590.8172194,  364123.0,  362789.0,  1057.0015849,  90.1368987326,  2821.7
1590.83765397,  364052.0,  362723.0,  1057.00156522,  90.1367850609,  2822.37
1590.85808833,  364048.0,  362723.0,  1057.00157862,  90.1367766299,  2821.7
1590.8785228,  364065.0,  362734.0,  1057.00163078,  90.1369687349,  2823.81
1590.89895737,  364114.0,  362786.0,  1057.00165532,  90.1369622345,  2822.32
1590.91939174,  364103.0,  362771.0,  1057.0015007,  90.136753357,  2822.96
1590.9398263,  364076.0,  362743.0,  1057.00172938,  90.1369545731,  2824.44
1590.96026077,  364083.0,  362757.0,  1057.00148824,  90.1367416478,  2823.35
1590.98069514,  364092.0,  362725.0,  1057.00244153,  90.137943796,  2819.95
1591.00112971,  364092.0,  362737.0,  1057.00164024,  90.1366758557,  2821.6
