Kepler I.D.-----Channel

[5477805]--------[75]

-TTYPE1--------TTYPE8------------TTYPE4-----------TTYPE15------------TTYPE17-----------TTYPE6

['TIME']---['PDCSAP_FLUX']---['SAP_FLUX']---['MOM_CENTR1']---['MOM_CENTR2']---['SAP_BKG']

['BJD - 2454833']--['e-/s']--------['e-/s']---------['pixel']---------['pixel']----------['e-/s']

CROWDSAP --- 0.9641

5477805

1559.2457946,  49642.9,  46083.3,  671.425223889,  451.90900854,  3166.27
1559.26622882,  49620.1,  46062.6,  671.425035884,  451.908911679,  3167.38
1559.28666315,  49625.0,  46067.1,  671.425128115,  451.908774968,  3164.52
1559.30709727,  49646.9,  46086.7,  671.425127071,  451.908934828,  3165.59
1559.32753149,  49637.2,  46078.3,  671.425404726,  451.90960398,  3163.72
1559.34796581,  49649.2,  46088.4,  671.425209758,  451.909177212,  3165.89
1559.36839994,  49625.9,  46067.8,  671.425095529,  451.910192233,  3166.52
1559.38883426,  49639.2,  46080.3,  671.425434266,  451.909522586,  3163.19
1559.40926848,  49636.6,  46077.2,  671.425692092,  451.909809525,  3164.63
1559.42970271,  49629.3,  46070.9,  671.425618822,  451.909724342,  3163.98
1559.45013693,  49644.7,  46084.3,  671.425847927,  451.909952795,  3163.77
1559.47057116,  49621.8,  46064.1,  671.425918123,  451.910214753,  3164.33
1559.49100538,  49634.6,  46075.7,  671.425986431,  451.910868526,  3163.42
1559.51143961,  49647.4,  46087.0,  671.425950347,  451.91045269,  3163.1
1559.53187383,  49632.3,  46073.3,  671.425609736,  451.910744659,  3163.29
1559.55230806,  49635.8,  46076.6,  671.42606956,  451.911258015,  3163.0
1559.57274228,  49624.4,  46066.3,  671.426182641,  451.910277009,  3161.62
1559.59317651,  49625.2,  46067.0,  671.425749493,  451.910956403,  3162.71
1559.61361074,  49626.4,  46068.4,  671.426658537,  451.910971342,  3160.5
1559.63404496,  49627.9,  46069.0,  671.426009128,  451.911177126,  3162.59
1559.65447919,  49622.9,  46065.2,  671.426653296,  451.911623115,  3160.22
1559.67491352,  49628.5,  46069.9,  671.426509314,  451.911699169,  3158.1
1559.69534764,  49645.7,  46085.0,  671.42618545,  451.911830767,  3161.38
1559.71578187,  49621.4,  46064.0,  671.426945425,  451.911936054,  3159.86
1559.7362162,  49626.2,  46068.0,  671.426567944,  451.911901055,  3159.4
1559.75665033,  49639.6,  46079.9,  671.426860156,  451.912019341,  3158.62
1559.77708466,  49632.0,  46073.3,  671.427088745,  451.912270031,  3157.26
1559.79751889,  49625.2,  46066.5,  671.426783664,  451.912029975,  3157.28
1559.81795302,  49629.8,  46070.9,  671.426773629,  451.912356553,  3156.58
1559.83838735,  49625.1,  46066.7,  671.427087835,  451.912820908,  3153.9
1559.85882157,  49634.5,  46074.9,  671.426618793,  451.9125277,  3154.46
1559.87925571,  49629.8,  46071.0,  671.42717197,  451.912690758,  3155.26
1559.89969004,  49630.3,  46071.2,  671.426943247,  451.912969095,  3153.06
1559.92012427,  49630.6,  46071.3,  671.426805183,  451.912843739,  3153.42
1559.9405586,  49622.2,  46064.2,  671.427783835,  451.913363351,  3151.57
1559.96099273,  49630.1,  46070.6,  671.427423576,  451.912678994,  3152.78
1559.98142696,  49615.7,  46057.7,  671.427599301,  451.913486641,  3151.72
1560.00186129,  49615.8,  46058.3,  671.427324594,  451.913241487,  3153.57
1560.02229542,  49629.2,  46069.6,  671.427534049,  451.912989589,  3152.78
1560.04272966,  49625.3,  46066.2,  671.427612001,  451.91341865,  3152.4
1560.06316399,  49617.2,  46059.5,  671.42776606,  451.913085005,  3151.18
1560.08359812,  49622.5,  46063.6,  671.427555176,  451.913988356,  3150.4
1560.10403245,  49611.3,  46054.1,  671.42777533,  451.913734701,  3150.57
1560.12446669,  49605.2,  46048.3,  671.427891867,  451.914071945,  3154.68
1560.14490082,  49620.6,  46062.2,  671.427635647,  451.913972038,  3151.14
1560.16533515,  49611.6,  46054.4,  671.427755606,  451.913574413,  3151.01
1560.18576939,  49613.5,  46055.8,  671.427799085,  451.914036913,  3151.36
1560.20620352,  49617.5,  46058.6,  671.427591905,  451.91412998,  3150.73
1560.22663786,  49626.7,  46067.7,  671.428280617,  451.913826946,  3149.86
1560.24707209,  49619.2,  46060.5,  671.428422976,  451.914180544,  3150.58
1560.26750623,  49638.2,  46078.0,  671.428038351,  451.913881798,  3147.96
1560.28794056,  49597.7,  46041.6,  671.428429666,  451.914614102,  3148.53
1560.3083748,  49622.8,  46063.8,  671.42788241,  451.914604213,  3148.23
1560.32880904,  49635.8,  46075.6,  671.428414211,  451.914686268,  3145.93
1560.34924327,  49611.7,  46053.9,  671.427424038,  451.914625459,  3147.36
1560.36967751,  49623.3,  46063.9,  671.427853288,  451.914463509,  3148.45
1560.39011184,  49631.3,  46071.9,  671.428542796,  451.914748515,  3146.87
1560.41054598,  49611.0,  46053.0,  671.428221206,  451.914978201,  3146.72
1560.43098022,  49620.3,  46061.3,  671.428136006,  451.915303161,  3146.48
1560.45141456,  49628.2,  46068.7,  671.428983536,  451.914582796,  3146.47
1560.4718487,  49625.1,  46065.1,  671.428167815,  451.915595043,  3146.56
1560.49228303,  49630.6,  46070.6,  671.42807648,  451.914955815,  3144.92
1560.51271727,  49621.4,  46062.9,  671.429016628,  451.914987853,  3147.53
1560.53315141,  49621.8,  46062.0,  671.428729324,  451.91520982,  3146.07
1560.55358575,  49623.5,  46064.4,  671.428150083,  451.915907762,  3146.19
1560.57401999,  49639.0,  46077.6,  671.428138517,  451.915655996,  3145.04
1560.59445413,  49643.0,  46080.9,  671.427803459,  451.915694564,  3146.37
1560.61488847,  49630.5,  46070.4,  671.428450785,  451.915807956,  3144.76
1560.63532271,  49635.3,  46074.1,  671.428075772,  451.915783385,  3144.07
1560.65575695,  49641.6,  46080.1,  671.428512846,  451.915420711,  3142.29
1560.67619119,  49637.2,  46076.2,  671.428823397,  451.915697309,  3142.23
1560.69662543,  49624.7,  46064.1,  671.428596916,  451.915949899,  3141.15
1560.73749391,  49620.0,  46060.5,  671.428438304,  451.915635596,  3140.84
1560.75792815,  49613.7,  46054.6,  671.428774669,  451.915871766,  3142.87
1560.7783625,  49641.1,  46079.2,  671.427901527,  451.915977854,  3141.79
1560.79879664,  49626.8,  46066.4,  671.427824171,  451.916234472,  3141.7
1560.81923088,  49625.2,  46064.5,  671.428780086,  451.916032751,  3149.04
1560.83966522,  49616.8,  46058.1,  671.430935914,  451.916344594,  3177.48
1560.96227069,  49644.2,  46082.1,  671.429064535,  451.916500384,  3224.69
1560.98270483,  49708.9,  46140.0,  671.426503335,  451.917657795,  3214.31
1561.00313918,  49657.5,  46094.7,  671.427964863,  451.917665531,  3212.07
1561.02357342,  49629.3,  46068.9,  671.427634432,  451.916613513,  3204.83
1561.04400777,  49640.2,  46078.4,  671.428345331,  451.916913651,  3197.58
1561.06444191,  49656.4,  46092.7,  671.428020961,  451.916981127,  3195.69
1561.08487616,  49653.9,  46090.2,  671.427357749,  451.917238165,  3192.25
1561.10531051,  49691.7,  46124.9,  671.42821706,  451.917131197,  3191.89
1561.12574465,  49645.0,  46083.1,  671.430100244,  451.916025764,  3190.74
1561.1461789,  49641.0,  46078.2,  671.429243909,  451.916926224,  3187.01
1561.16661325,  49625.6,  46064.6,  671.428292298,  451.917040299,  3179.48
1561.18704739,  49624.6,  46064.7,  671.429272611,  451.917193316,  3175.74
1561.20748164,  49639.1,  46076.4,  671.428676494,  451.917707125,  3173.27
1561.22791599,  49633.7,  46071.6,  671.42899722,  451.917944326,  3168.74
1561.24835014,  49701.4,  46131.4,  671.427654887,  451.917781717,  3168.37
1561.26878449,  49683.6,  46116.0,  671.428062096,  451.917646123,  3167.53
1561.28921874,  49648.6,  46084.7,  671.429250541,  451.917793774,  3162.94
1561.30965298,  49683.3,  46116.3,  671.42902958,  451.917828525,  3159.37
1561.33008723,  49652.0,  46087.3,  671.429178827,  451.918040285,  3157.53
1561.35052148,  49636.1,  46073.0,  671.428428512,  451.917573844,  3155.46
1561.37095573,  49630.1,  46068.2,  671.428472315,  451.917771225,  3153.62
1561.39138998,  49636.3,  46073.6,  671.428672917,  451.918398739,  3154.56
1561.41182423,  49644.0,  46079.8,  671.428849184,  451.918296327,  3155.74
1561.43225858,  49642.5,  46078.6,  671.42843,  451.91826695,  3151.74
1561.45269273,  49631.4,  46069.3,  671.428669731,  451.917789368,  3147.74
1561.47312699,  49645.9,  46081.5,  671.428152143,  451.917605477,  3148.12
1561.49356124,  49632.3,  46069.7,  671.427966413,  451.9183162,  3146.35
1561.51399549,  49639.1,  46075.8,  671.429315283,  451.918080249,  3145.43
1561.53442974,  49649.5,  46084.1,  671.42840208,  451.919112981,  3141.21
1561.55486409,  49649.0,  46083.9,  671.428636489,  451.918062569,  3141.34
1561.57529825,  49649.7,  46084.9,  671.429801279,  451.918018007,  3144.64
1561.5957325,  49642.5,  46078.0,  671.429451024,  451.918700442,  3141.94
1561.61616685,  49654.2,  46088.7,  671.429191802,  451.919070733,  3140.33
1561.63660101,  49640.9,  46076.8,  671.429432035,  451.918902063,  3140.04
1561.65703536,  49671.5,  46104.1,  671.428538649,  451.919475231,  3139.2
1561.67746961,  49645.6,  46080.6,  671.429455797,  451.919368193,  3136.59
1561.69790377,  49642.9,  46078.4,  671.429266157,  451.918953305,  3137.93
1561.71833812,  49658.6,  46092.5,  671.429282537,  451.918942829,  3137.46
1561.73877238,  49641.0,  46077.3,  671.429056985,  451.91958169,  3139.07
1561.75920653,  49665.0,  46097.5,  671.429069176,  451.918987368,  3132.66
1561.77964089,  49652.9,  46087.4,  671.429578645,  451.919330527,  3132.28
1561.80007514,  49649.0,  46083.9,  671.429529585,  451.919365812,  3133.69
1561.8205095,  49673.5,  46105.5,  671.429198151,  451.920445877,  3130.29
1561.84094365,  49647.2,  46081.7,  671.429403597,  451.919869348,  3133.96
1561.86137791,  49650.1,  46084.0,  671.429114541,  451.919669412,  3131.01
1561.88181227,  49652.5,  46086.7,  671.429334947,  451.919862062,  3129.74
1561.90224642,  49730.4,  46156.3,  671.430584544,  451.919451176,  3132.84
1561.92268068,  49658.4,  46092.2,  671.429931718,  451.919480298,  3126.75
1561.94311504,  49630.6,  46067.2,  671.429982097,  451.919876535,  3127.17
1561.96354919,  49642.8,  46077.7,  671.429379177,  451.920065442,  3128.71
1561.98398345,  49669.3,  46101.4,  671.42967265,  451.920292652,  3127.28
1562.00441781,  49674.2,  46106.4,  671.429565377,  451.919848252,  3124.99
1562.02485207,  49632.8,  46069.1,  671.430379418,  451.920165591,  3127.72
1562.04528633,  49638.3,  46073.2,  671.429409674,  451.920191294,  3124.18
1562.06572059,  49666.5,  46099.0,  671.429772921,  451.920716678,  3124.32
1562.08615475,  49653.9,  46087.8,  671.430108844,  451.920842177,  3126.18
1562.1065891,  49631.8,  46067.8,  671.430034543,  451.920234772,  3122.66
1562.12702336,  49630.7,  46066.9,  671.430265393,  451.920560035,  3123.5
1562.14745752,  49633.9,  46069.8,  671.430149173,  451.920983319,  3120.5
1562.16789188,  49651.7,  46085.3,  671.429879345,  451.92042304,  3122.54
1562.18832615,  49645.1,  46080.1,  671.4298668,  451.921016121,  3119.93
1562.20876051,  49645.7,  46079.8,  671.42994516,  451.920277879,  3118.5
1562.22919467,  49640.4,  46075.1,  671.430023051,  451.920824318,  3116.56
1562.24962893,  49643.0,  46077.9,  671.430406084,  451.920662844,  3120.63
1562.27006329,  49656.4,  46088.9,  671.430544468,  451.920857005,  3118.17
1562.29049745,  49649.2,  46083.3,  671.43013055,  451.921123527,  3119.6
1562.31093171,  49648.3,  46082.5,  671.429960262,  451.92141442,  3119.69
1562.33136608,  49645.8,  46079.7,  671.430771297,  451.920977733,  3119.74
1562.35180024,  49648.6,  46083.4,  671.430339138,  451.921375512,  3118.23
1562.3722346,  49632.7,  46068.4,  671.430068013,  451.921075729,  3117.9
1562.39266886,  49646.5,  46080.5,  671.430115546,  451.921286515,  3117.44
1562.41310303,  49638.6,  46073.7,  671.430408169,  451.921072962,  3117.06
1562.43353739,  49646.9,  46081.1,  671.430341393,  451.921509224,  3115.87
1562.45397166,  49640.7,  46075.3,  671.42970756,  451.921390342,  3116.45
1562.47440582,  49641.7,  46076.6,  671.430480378,  451.921643165,  3116.16
1562.49484018,  49645.2,  46079.1,  671.430165615,  451.921392855,  3114.59
1562.51527445,  49646.9,  46080.9,  671.430703865,  451.921754051,  3113.71
1562.53570871,  49659.2,  46091.9,  671.430629127,  451.921551414,  3113.95
1562.55614298,  49629.8,  46065.4,  671.431150735,  451.921424121,  3113.43
1562.57657724,  49659.5,  46091.9,  671.430517715,  451.922562865,  3115.99
1562.59701161,  49645.9,  46079.6,  671.430597857,  451.92176913,  3112.01
1562.61744578,  49636.0,  46071.1,  671.430438988,  451.921322033,  3114.43
1562.63788004,  49648.1,  46082.0,  671.431415346,  451.921728033,  3112.8
1562.65831441,  49655.7,  46088.7,  671.430558191,  451.922390683,  3111.78
1562.67874868,  49648.0,  46082.0,  671.431211799,  451.922200082,  3114.95
1562.69918284,  49630.3,  46066.2,  671.430949937,  451.922327149,  3113.39
1562.71961721,  49633.5,  46068.2,  671.43130883,  451.92238789,  3113.78
1562.74005138,  49639.6,  46074.1,  671.430895995,  451.922497881,  3113.12
1562.76048575,  49645.2,  46079.4,  671.430999724,  451.922079258,  3112.76
1562.78092001,  49636.9,  46071.2,  671.430338184,  451.922606655,  3111.83
1562.80135418,  49647.9,  46081.7,  671.431282102,  451.92221904,  3111.39
1562.82178855,  49638.3,  46072.8,  671.431503383,  451.921948767,  3110.55
1562.84222282,  49636.5,  46071.1,  671.431204359,  451.922733019,  3111.57
1562.86265699,  49633.3,  46068.4,  671.430636736,  451.923014205,  3112.34
1562.88309136,  49649.4,  46082.6,  671.430885952,  451.923115005,  3109.27
1562.90352563,  49648.4,  46081.6,  671.431011638,  451.922317703,  3108.02
1562.9239598,  49629.9,  46065.0,  671.431140256,  451.923174235,  3113.58
1562.94439417,  49635.9,  46069.8,  671.431340191,  451.922375868,  3111.35
1562.96482844,  49648.6,  46081.4,  671.430777883,  451.922886525,  3108.54
1562.98526281,  49617.2,  46053.5,  671.431540526,  451.923121933,  3109.82
1563.00569698,  49631.1,  46065.5,  671.430728333,  451.923066036,  3109.69
1563.02613125,  49635.1,  46069.8,  671.430931531,  451.922610314,  3111.57
1563.04656562,  49618.5,  46054.7,  671.431810997,  451.922891194,  3108.75
1563.06699979,  49621.4,  46057.4,  671.431951276,  451.923580152,  3110.58
1563.08743407,  49623.4,  46059.6,  671.431630388,  451.923650579,  3113.26
1563.10786844,  49613.0,  46049.4,  671.431264964,  451.923213511,  3118.28
1563.12830261,  49617.2,  46053.2,  671.431991622,  451.923485297,  3117.54
1563.14873698,  49611.3,  46047.9,  671.431422625,  451.923794004,  3120.88
1563.16917126,  49618.4,  46054.0,  671.431799573,  451.923865638,  3123.48
1563.18960553,  49603.8,  46041.4,  671.431712779,  451.923995279,  3120.43
1563.2100398,  49629.8,  46064.0,  671.432077183,  451.923729124,  3121.04
1563.23047408,  49616.3,  46052.4,  671.431821608,  451.923870684,  3120.71
1563.25090835,  49623.6,  46059.2,  671.431753065,  451.92384131,  3118.36
1563.27134263,  49615.6,  46050.9,  671.431830307,  451.923498708,  3119.24
1563.2917769,  49621.1,  46056.2,  671.43202852,  451.923761212,  3120.65
1563.31221118,  49635.9,  46069.8,  671.432293758,  451.924618874,  3121.29
1563.33264555,  49619.9,  46055.1,  671.431939918,  451.92374131,  3120.9
1563.35307973,  49629.6,  46064.1,  671.432338705,  451.923591067,  3117.92
1563.373514,  49613.6,  46050.3,  671.432137732,  451.924021203,  3116.4
1563.39394828,  49614.2,  46050.3,  671.43183729,  451.923853129,  3118.18
1563.41438255,  49612.9,  46049.2,  671.432634457,  451.923902205,  3116.04
1563.43481693,  49624.0,  46058.9,  671.431850659,  451.924475733,  3114.5
1563.45525111,  49623.6,  46058.2,  671.432410577,  451.923941786,  3111.88
1563.47568539,  49610.2,  46047.0,  671.432569869,  451.924245494,  3110.3
1563.49611976,  49638.6,  46071.8,  671.43171451,  451.923744957,  3111.02
1563.51655394,  49624.8,  46059.9,  671.432675266,  451.924234122,  3112.75
1563.53698832,  49642.0,  46075.5,  671.432528343,  451.924393589,  3109.35
1563.5574226,  49621.5,  46056.9,  671.432419356,  451.924749172,  3107.27
1563.57785677,  49627.7,  46062.1,  671.432869225,  451.924361527,  3109.88
1563.59829115,  49612.8,  46048.9,  671.432795252,  451.924362086,  3110.69
1563.61872543,  49622.2,  46057.3,  671.432362118,  451.923729841,  3111.16
1563.63915961,  49630.8,  46064.8,  671.433038473,  451.924812545,  3105.42
1563.65959399,  49608.2,  46043.9,  671.432736924,  451.924545795,  3107.63
1563.68002827,  49623.0,  46057.1,  671.432511417,  451.925272049,  3108.79
1563.72089683,  49627.6,  46061.5,  671.432751954,  451.925059163,  3105.17
1563.74133111,  49622.3,  46056.8,  671.432617532,  451.924718342,  3105.02
1563.76176549,  49618.7,  46053.7,  671.432613961,  451.92497,  3104.56
1563.78219967,  49627.5,  46061.1,  671.431604897,  451.92498292,  3107.27
1563.80263395,  49624.3,  46058.9,  671.432356194,  451.925357723,  3108.0
1563.82306833,  49634.8,  46068.3,  671.432464001,  451.925073968,  3109.86
1563.84350261,  49633.7,  46066.3,  671.432010349,  451.925259417,  3109.66
1563.8639368,  49618.1,  46052.9,  671.432232568,  451.925495071,  3106.36
1563.88437118,  49618.5,  46053.5,  671.432479823,  451.925618515,  3105.93
1563.90480546,  49617.4,  46052.1,  671.432038409,  451.925731905,  3106.53
1563.92523974,  49625.6,  46059.6,  671.432622179,  451.925914689,  3109.18
1563.94567403,  49607.5,  46042.7,  671.431894014,  451.925844494,  3108.1
1563.96610831,  49616.7,  46051.0,  671.432515555,  451.926110334,  3106.62
1563.98654259,  49626.6,  46060.0,  671.432667649,  451.925771795,  3107.6
1564.00697688,  49613.9,  46048.1,  671.431924297,  451.926010256,  3106.85
1564.02741116,  49620.3,  46054.5,  671.432627639,  451.925930985,  3106.64
1564.04784544,  49624.3,  46058.2,  671.432726017,  451.925938679,  3106.46
1564.06827973,  49623.6,  46056.9,  671.432173161,  451.925977827,  3108.68
1564.08871411,  49639.0,  46071.5,  671.432146467,  451.926510387,  3107.17
1564.1091483,  49623.4,  46057.0,  671.432204331,  451.926217253,  3105.32
1564.12958258,  49616.6,  46050.5,  671.432289417,  451.926649176,  3104.66
1564.15001697,  49611.2,  46046.0,  671.432389455,  451.925986726,  3103.18
1564.17045116,  49612.0,  46046.5,  671.432564969,  451.925962226,  3102.57
1564.19088544,  49628.3,  46061.3,  671.432794621,  451.926335065,  3100.84
1564.21131983,  49612.1,  46046.9,  671.431998202,  451.926576362,  3099.91
1564.23175401,  49616.9,  46050.8,  671.432070933,  451.92640824,  3099.79
1564.2521883,  49623.0,  46056.8,  671.432771369,  451.926463006,  3096.42
1564.27262269,  49626.5,  46059.9,  671.432621895,  451.926453621,  3097.49
1564.29305688,  49621.4,  46054.7,  671.432314112,  451.926794133,  3096.51
1564.31349126,  49618.7,  46052.8,  671.433119335,  451.926567579,  3095.26
1564.33392555,  49629.0,  46061.4,  671.432512644,  451.926819105,  3096.09
1564.35435974,  49629.2,  46061.7,  671.432704027,  451.927130889,  3095.72
1564.37479413,  49637.9,  46069.7,  671.432934266,  451.926763479,  3094.31
1564.39522842,  49620.4,  46053.6,  671.432689004,  451.926672397,  3094.89
1564.4156627,  49616.5,  46050.1,  671.432721053,  451.926726548,  3095.28
1564.43609699,  49629.4,  46062.3,  671.433053547,  451.926849277,  3093.77
1564.45653128,  49626.7,  46059.4,  671.432553605,  451.92727208,  3093.32
1564.47696567,  49625.8,  46058.7,  671.433159244,  451.927409659,  3091.94
1564.49739996,  49628.6,  46061.3,  671.433003903,  451.927302775,  3092.03
1564.51783415,  49614.6,  46048.3,  671.432420292,  451.927733237,  3092.07
1564.53826854,  49631.3,  46063.1,  671.432908534,  451.927697471,  3088.09
1564.55870283,  49628.8,  46060.4,  671.433202555,  451.927297894,  3088.05
1564.57913702,  49616.8,  46049.6,  671.432900342,  451.92783981,  3082.96
1564.59957141,  49612.8,  46046.6,  671.433005289,  451.927287138,  3084.63
1564.62000571,  49620.1,  46052.8,  671.432953073,  451.927548418,  3082.02
1564.6404399,  49612.7,  46046.6,  671.432560621,  451.927668432,  3081.7
1564.66087429,  49622.2,  46055.3,  671.432794803,  451.927321764,  3078.38
1564.68130848,  49634.6,  46065.8,  671.432408578,  451.92772263,  3081.58
1564.70174287,  49636.4,  46067.5,  671.433374524,  451.927827184,  3080.6
1564.72217717,  49641.1,  46071.4,  671.432920681,  451.927863277,  3078.99
1564.74261136,  49624.5,  46056.8,  671.433300034,  451.927910334,  3075.54
1564.76304575,  49617.5,  46051.1,  671.433366062,  451.927591013,  3075.92
1564.78348005,  49617.1,  46049.8,  671.433001241,  451.928274031,  3076.62
1564.80391424,  49627.3,  46059.2,  671.433106798,  451.928380958,  3076.09
1564.82434863,  49612.6,  46046.2,  671.433571437,  451.928131527,  3077.0
1564.84478293,  49629.6,  46061.2,  671.433226358,  451.928309765,  3075.43
1564.86521732,  49635.6,  46066.8,  671.433499101,  451.928208587,  3075.61
1564.88565152,  49623.6,  46055.8,  671.433185817,  451.928406268,  3074.93
1564.90608581,  49630.8,  46061.9,  671.433164119,  451.928384327,  3073.08
1564.92652021,  49609.8,  46043.8,  671.433407793,  451.928507419,  3075.2
1564.9469544,  49631.5,  46062.8,  671.433773121,  451.928726859,  3076.47
1564.9673887,  49615.1,  46048.0,  671.433841187,  451.928699824,  3073.19
1564.98782309,  49638.9,  46070.0,  671.43351734,  451.928683791,  3072.69
1565.00825729,  49614.5,  46047.6,  671.433307452,  451.92889613,  3074.36
1565.02869159,  49629.0,  46059.7,  671.433706039,  451.928991985,  3071.79
1565.04912598,  49632.2,  46063.9,  671.433774614,  451.929162177,  3071.91
1565.06956028,  49637.2,  46067.5,  671.432723232,  451.92937091,  3072.98
1565.08999458,  49627.1,  46058.4,  671.433442429,  451.929188905,  3073.83
1565.11042887,  49620.4,  46052.4,  671.433426946,  451.929090725,  3071.04
1565.13086317,  49632.5,  46063.0,  671.433271991,  451.929143852,  3073.77
1565.15129747,  49626.7,  46057.9,  671.433408837,  451.929964482,  3074.12
1565.17173177,  49638.1,  46068.3,  671.433923877,  451.929318807,  3070.37
1565.19216607,  49630.0,  46060.9,  671.433646194,  451.929014858,  3074.06
1565.21260046,  49649.5,  46078.3,  671.433897063,  451.929668806,  3073.53
1565.23303466,  49622.0,  46053.7,  671.433649844,  451.929561087,  3073.3
1565.25346906,  49626.6,  46057.4,  671.433728126,  451.929810695,  3073.11
1565.27390336,  49632.9,  46064.1,  671.434140015,  451.930070433,  3073.97
1565.29433756,  49622.8,  46054.2,  671.434166026,  451.929686924,  3071.73
1565.31477196,  49624.9,  46056.2,  671.43341641,  451.929402955,  3072.14
1565.33520616,  49644.3,  46073.6,  671.43422772,  451.929744682,  3071.4
1565.35564046,  49632.6,  46063.0,  671.433797464,  451.93005353,  3072.41
1565.37607486,  49628.0,  46059.3,  671.434437452,  451.929876658,  3070.82
1565.39650906,  49634.2,  46064.4,  671.434310724,  451.929929817,  3069.87
1565.41694336,  49610.3,  46043.3,  671.434540339,  451.930162187,  3070.55
1565.43737777,  49628.3,  46059.3,  671.434086979,  451.930619861,  3070.17
1565.45781197,  49631.4,  46061.5,  671.434302761,  451.930212043,  3069.14
1565.47824637,  49644.1,  46073.3,  671.434092939,  451.930640783,  3072.93
1565.49868067,  49637.0,  46066.9,  671.433924816,  451.930241366,  3068.61
1565.51911487,  49619.4,  46050.8,  671.433957973,  451.930348485,  3069.87
1565.53954928,  49626.0,  46057.5,  671.434779808,  451.930372849,  3070.32
1565.55998358,  49622.0,  46052.9,  671.434723796,  451.930783066,  3071.87
1565.58041788,  49628.4,  46058.9,  671.43419532,  451.930808866,  3068.41
1565.60085219,  49630.4,  46061.2,  671.434775298,  451.930165013,  3067.83
1565.62128649,  49641.8,  46071.2,  671.43501713,  451.930508018,  3068.79
1565.64172089,  49614.6,  46047.0,  671.435135055,  451.930965294,  3067.34
1565.6621551,  49610.4,  46043.1,  671.434932858,  451.9304011,  3067.51
1565.6825894,  49621.4,  46053.0,  671.43454064,  451.930666096,  3068.74
1565.70302381,  49621.2,  46052.8,  671.434500812,  451.931050708,  3067.7
1565.72345811,  49612.4,  46045.0,  671.434896307,  451.930841632,  3067.14
1565.74389232,  49620.2,  46051.4,  671.434565766,  451.930791413,  3066.97
1565.76432672,  49618.9,  46050.0,  671.434434676,  451.930957875,  3065.68
1565.78476103,  49615.3,  46047.7,  671.435011911,  451.931048243,  3065.51
1565.80519533,  49610.3,  46042.2,  671.434575422,  451.931264853,  3065.61
1565.82562964,  49609.2,  46042.2,  671.43596572,  451.931187112,  3064.25
1565.84606395,  49606.1,  46039.1,  671.43538973,  451.931448447,  3063.78
1565.86649835,  49617.3,  46049.1,  671.435119566,  451.930923747,  3063.13
1565.88693256,  49609.2,  46042.4,  671.435330922,  451.931715112,  3061.85
1565.90736687,  49610.9,  46043.4,  671.435342598,  451.931658456,  3062.98
1565.92780127,  49615.1,  46046.4,  671.435282296,  451.930979902,  3061.61
1565.94823548,  49608.0,  46040.5,  671.435078611,  451.931419898,  3060.87
1565.96866979,  49607.1,  46039.5,  671.435061002,  451.931990818,  3057.56
1565.9891041,  49601.6,  46035.0,  671.434965202,  451.93180424,  3060.23
1566.00953841,  49607.6,  46040.0,  671.435534978,  451.931483492,  3058.48
1566.02997281,  49598.6,  46031.8,  671.435015163,  451.931789601,  3060.7
1566.05040702,  49604.5,  46037.7,  671.435194874,  451.932315854,  3058.87
1566.07084133,  49610.4,  46042.2,  671.435477642,  451.932344723,  3057.39
1566.09127574,  49600.2,  46032.9,  671.435283826,  451.932137584,  3057.11
1566.11170995,  49598.4,  46032.6,  671.435500349,  451.932356686,  3057.51
1566.13214426,  49622.4,  46052.9,  671.434432784,  451.931980708,  3055.78
1566.15257867,  49610.8,  46042.7,  671.435741275,  451.931844491,  3056.29
1566.17301288,  49603.1,  46036.0,  671.435305428,  451.93217633,  3056.05
1566.19344729,  49609.1,  46041.1,  671.435395808,  451.932052067,  3053.81
1566.2138816,  49606.6,  46039.1,  671.43548531,  451.932243133,  3055.67
1566.23431581,  49621.2,  46051.7,  671.435328427,  451.932080391,  3053.91
1566.25475023,  49592.2,  46025.7,  671.435472624,  451.932313753,  3054.14
1566.27518454,  49595.7,  46029.4,  671.435836599,  451.931950415,  3052.02
1566.29561885,  49592.9,  46026.4,  671.435678794,  451.932018016,  3052.33
1566.31605316,  49611.0,  46042.9,  671.435784388,  451.932733265,  3052.3
1566.33648747,  49605.4,  46038.1,  671.43585964,  451.93272567,  3050.67
1566.35692179,  49623.6,  46053.6,  671.436052421,  451.934258397,  3050.41
1566.3773562,  49598.1,  46030.8,  671.43599061,  451.932829579,  3050.53
1566.39779041,  49604.5,  46037.4,  671.435921466,  451.932337493,  3048.69
1566.41822483,  49620.8,  46050.9,  671.435660594,  451.933238455,  3050.36
1566.43865914,  49595.2,  46028.7,  671.435753746,  451.932742744,  3050.11
1566.45909335,  49585.4,  46019.7,  671.435641578,  451.932622721,  3047.55
1566.47952777,  49599.1,  46031.6,  671.435397013,  451.932355425,  3049.99
1566.49996208,  49582.7,  46017.1,  671.43544802,  451.932723944,  3048.15
1566.5203963,  49619.1,  46049.6,  671.435751793,  451.933071069,  3048.15
1566.54083071,  49599.3,  46031.5,  671.435891423,  451.933005732,  3048.64
1566.56126502,  49597.7,  46030.7,  671.436439928,  451.932939591,  3049.72
1566.58169934,  49604.7,  46036.2,  671.436105462,  451.932902213,  3048.2
1566.60213366,  49602.0,  46034.1,  671.435676498,  451.933341689,  3049.1
1566.62256787,  49604.3,  46036.0,  671.436390617,  451.933177633,  3047.13
1566.64300229,  49615.9,  46046.2,  671.43523277,  451.933273822,  3048.07
1566.6634366,  49596.7,  46029.5,  671.436485904,  451.932886238,  3045.06
1566.70430524,  49596.7,  46029.0,  671.436184536,  451.932986875,  3051.66
1566.72473955,  49594.5,  46027.1,  671.43645205,  451.933522115,  3044.75
1566.74517387,  49603.4,  46034.4,  671.435421781,  451.933563969,  3045.4
1566.76560819,  49589.1,  46021.7,  671.435455654,  451.932973168,  3045.26
1566.78604251,  49606.0,  46037.4,  671.43613886,  451.933919877,  3044.68
1566.80647692,  49623.8,  46053.0,  671.435496297,  451.933749209,  3042.46
1566.82691114,  49597.1,  46028.8,  671.435250848,  451.934195587,  3044.5
1566.84734546,  49618.2,  46048.2,  671.435721866,  451.933833768,  3044.03
1566.86777988,  49607.0,  46037.8,  671.435582133,  451.934636143,  3045.76
1566.8882142,  49592.7,  46025.0,  671.435421117,  451.933784958,  3043.59
1566.90864842,  49607.1,  46037.7,  671.435251459,  451.934522349,  3042.28
1566.92908284,  49600.8,  46032.0,  671.435567371,  451.933923745,  3039.83
1566.94951716,  49607.7,  46038.5,  671.435565575,  451.934723611,  3040.51
1566.96995148,  49608.0,  46038.3,  671.435427465,  451.934703566,  3043.16
1566.9903858,  49619.1,  46048.2,  671.43552071,  451.934865069,  3043.63
1567.01082012,  49624.4,  46053.5,  671.436086313,  451.934562216,  3040.32
1567.03125444,  49621.8,  46050.2,  671.435224459,  451.93460124,  3039.77
1567.05168876,  49624.9,  46053.6,  671.435876245,  451.934223557,  3039.83
1567.07212308,  49626.9,  46055.8,  671.435808921,  451.934755197,  3040.66
1567.0925575,  49601.6,  46032.7,  671.43620199,  451.934494,  3040.41
1567.11299172,  49603.3,  46034.2,  671.435588234,  451.934621073,  3042.0
1567.13342614,  49608.1,  46038.5,  671.435517854,  451.934645096,  3039.44
1567.15386047,  49617.0,  46046.0,  671.43553924,  451.934958582,  3037.48
1567.17429469,  49612.0,  46042.4,  671.435987668,  451.935113298,  3036.73
1567.19472911,  49616.0,  46045.0,  671.436048942,  451.935438442,  3040.93
1567.21516343,  49610.4,  46040.0,  671.436039614,  451.935567698,  3038.56
1567.23559766,  49612.9,  46042.4,  671.436027281,  451.935427497,  3039.23
1567.25603208,  49614.3,  46043.7,  671.435670425,  451.934958922,  3036.76
1567.2764663,  49624.0,  46052.8,  671.436229318,  451.93552556,  3035.25
1567.29690063,  49622.8,  46051.2,  671.436344622,  451.935438928,  3034.46
1567.31733505,  49611.6,  46040.6,  671.435826288,  451.935449421,  3037.84
1567.33776928,  49623.6,  46052.4,  671.436628433,  451.935601751,  3035.04
1567.3582037,  49642.6,  46068.6,  671.435857757,  451.935792437,  3035.39
1567.37863803,  49626.6,  46054.6,  671.435752616,  451.935564717,  3036.18
1567.39907225,  49611.2,  46041.0,  671.436524449,  451.935579499,  3032.99
1567.41950668,  49616.6,  46045.3,  671.435925643,  451.935621797,  3034.73
1567.439941,  49610.8,  46040.1,  671.436247468,  451.935650571,  3035.48
1567.46037533,  49627.8,  46055.6,  671.436160035,  451.935691273,  3035.59
1567.48080965,  49618.6,  46046.6,  671.436049423,  451.935856623,  3033.49
1567.50124398,  49617.2,  46045.9,  671.43592081,  451.935988354,  3034.88
1567.52167841,  49620.2,  46048.3,  671.436194711,  451.93569693,  3045.94
1567.54211263,  49616.1,  46044.4,  671.436205309,  451.936310022,  3034.6
1567.56254696,  49607.6,  46037.3,  671.436217442,  451.93610571,  3034.72
1567.58298139,  49612.1,  46041.2,  671.436732989,  451.936109615,  3033.21
1567.60341571,  49616.2,  46044.7,  671.436809364,  451.935888216,  3031.95
1567.62384994,  49610.4,  46039.4,  671.436379392,  451.936057527,  3031.53
1567.64428437,  49623.8,  46051.3,  671.436040777,  451.935863698,  3030.35
1567.6647187,  49609.3,  46037.8,  671.436409288,  451.936505841,  3029.1
1567.68515293,  49620.2,  46048.2,  671.436753909,  451.936847781,  3033.3
1567.70558735,  49618.1,  46046.0,  671.436304622,  451.936518285,  3030.62
1567.72602168,  49630.4,  46057.4,  671.43634025,  451.936288341,  3029.14
1567.74645611,  49613.4,  46041.9,  671.436344458,  451.936097795,  3030.39
1567.76689034,  49616.5,  46044.2,  671.436260639,  451.937292147,  3029.97
1567.78732467,  49615.3,  46044.5,  671.436893873,  451.936359329,  3029.32
1567.8077591,  49632.4,  46058.9,  671.436685688,  451.93668621,  3027.57
1567.82819333,  49631.0,  46057.3,  671.436434039,  451.936754269,  3027.82
1567.84862766,  49621.5,  46049.2,  671.436879217,  451.936493224,  3030.43
1567.86906209,  49616.2,  46044.1,  671.437063239,  451.9366747,  3027.37
1567.88949632,  49621.4,  46048.9,  671.436779458,  451.936694308,  3028.17
1567.90993075,  49613.1,  46041.6,  671.436889759,  451.937089755,  3027.45
1567.93036498,  49628.5,  46054.7,  671.436639979,  451.937049895,  3028.66
1567.95079932,  49650.1,  46074.6,  671.436743547,  451.937290037,  3028.37
1567.97123375,  49623.9,  46050.7,  671.436585938,  451.937418916,  3027.98
1567.99166798,  49626.5,  46052.8,  671.437190094,  451.937505152,  3026.18
1568.01210231,  49620.8,  46048.6,  671.437156394,  451.93770112,  3028.25
1568.03253674,  49613.5,  46041.3,  671.43657919,  451.937404363,  3029.94
1568.05297098,  49611.9,  46039.9,  671.436643261,  451.937562474,  3026.4
1568.07340531,  49630.9,  46057.0,  671.436697845,  451.937523103,  3026.78
1568.09383974,  49610.7,  46038.2,  671.437277807,  451.937970606,  3029.65
1568.11427408,  49621.2,  46048.1,  671.436977883,  451.937457402,  3027.45
1568.13470841,  49612.0,  46040.1,  671.437349941,  451.937441335,  3027.3
1568.15514274,  49632.4,  46057.9,  671.436849702,  451.938143463,  3027.1
1568.17557708,  49639.1,  46064.3,  671.437041382,  451.937444196,  3026.7
1568.19601141,  49623.6,  46049.7,  671.437473242,  451.93784337,  3028.02
1568.21644575,  49633.6,  46059.4,  671.436898354,  451.937941296,  3026.18
1568.23688008,  49630.9,  46056.3,  671.43743187,  451.938185376,  3026.37
1568.25731452,  49651.9,  46075.3,  671.437355292,  451.937692119,  3024.83
1568.27774875,  49617.3,  46043.9,  671.437436259,  451.937978564,  3024.21
1568.29818319,  49629.6,  46055.6,  671.437497291,  451.937856523,  3022.38
1568.31861752,  49677.2,  46097.8,  671.437853787,  451.939587006,  3025.38
1568.33905176,  49621.4,  46047.8,  671.437462622,  451.938535537,  3021.94
1568.35948619,  49638.0,  46063.4,  671.437852172,  451.938161795,  3023.05
1568.37992053,  49614.8,  46041.7,  671.436676406,  451.938154741,  3024.27
1568.40035477,  49645.6,  46069.6,  671.437641976,  451.938233519,  3021.37
1568.4207892,  49621.6,  46048.4,  671.437190161,  451.938776849,  3020.57
1568.44122354,  49628.4,  46054.5,  671.437790856,  451.938445222,  3021.07
1568.46165778,  49633.9,  46059.8,  671.438009105,  451.938317847,  3021.89
1568.48209222,  49649.6,  46072.5,  671.437482196,  451.938540342,  3023.41
1568.50252655,  49629.0,  46054.2,  671.437363392,  451.938242377,  3021.66
1568.52296099,  49641.3,  46065.7,  671.438061856,  451.938555275,  3021.82
1568.54339523,  49633.8,  46058.7,  671.437906481,  451.938473794,  3022.13
1568.56382947,  49627.7,  46053.5,  671.437640994,  451.938625515,  3023.92
1568.58426391,  49636.1,  46060.9,  671.438108999,  451.93901342,  3021.82
1568.60469825,  49633.1,  46058.1,  671.437333145,  451.938941917,  3021.46
1568.62513259,  49625.7,  46051.6,  671.438084135,  451.938896231,  3027.37
1568.64556693,  49642.4,  46066.2,  671.437744223,  451.938705624,  3024.01
1568.66600127,  49622.9,  46048.6,  671.437911117,  451.939410757,  3023.97
1568.68643571,  49636.3,  46060.9,  671.438389354,  451.938852366,  3023.2
1568.70686995,  49628.2,  46052.8,  671.437953667,  451.93890011,  3026.22
1568.72730429,  49628.3,  46053.6,  671.437827288,  451.938778796,  3026.13
1568.74773873,  49639.1,  46063.1,  671.438348228,  451.93954674,  3027.19
1568.76817307,  49639.9,  46063.2,  671.437794037,  451.938808752,  3025.11
1568.78860731,  49635.8,  46060.0,  671.437637429,  451.939408973,  3026.13
1568.80904175,  49637.2,  46061.5,  671.438197283,  451.93932168,  3029.08
1568.82947609,  49618.8,  46044.8,  671.437774203,  451.939794698,  3029.11
1568.84991043,  49629.4,  46054.6,  671.438211693,  451.939684874,  3031.97
1568.87034478,  49649.1,  46072.1,  671.438922841,  451.939488384,  3030.0
1568.89077912,  49635.0,  46058.8,  671.438445899,  451.939861691,  3029.92
1568.91121356,  49647.0,  46070.2,  671.438182974,  451.93939412,  3032.4
1568.9316478,  49643.4,  46067.0,  671.438707459,  451.939400525,  3032.06
1568.95208215,  49631.6,  46055.6,  671.438016309,  451.939857773,  3050.13
1568.97251659,  49635.2,  46059.5,  671.438536564,  451.939506106,  3031.3
1568.99295083,  49629.9,  46054.3,  671.438702665,  451.94001339,  3030.36
1569.01338518,  49644.6,  46067.8,  671.43833407,  451.939772682,  3026.67
1569.03381962,  49620.0,  46045.5,  671.43864963,  451.940097399,  3029.84
1569.05425387,  49645.4,  46068.2,  671.43795012,  451.939718955,  3027.26
1569.07468831,  49636.6,  46060.0,  671.438426511,  451.93952392,  3024.92
1569.09512265,  49634.0,  46058.0,  671.439039706,  451.940275722,  3026.6
1569.1155569,  49636.4,  46059.4,  671.438537318,  451.940694502,  3025.24
1569.13599134,  49641.6,  46065.0,  671.438925566,  451.939989552,  3022.72
1569.15642569,  49636.2,  46059.5,  671.438618394,  451.940422769,  3021.54
1569.17685994,  49632.9,  46057.4,  671.438594084,  451.940048496,  3019.91
1569.19729438,  49641.1,  46064.7,  671.439063733,  451.940258571,  3019.05
1569.21772863,  49645.6,  46068.2,  671.438579247,  451.940663221,  3019.29
1569.23816307,  49633.6,  46057.9,  671.438902686,  451.940717018,  3017.26
1569.25859742,  49643.6,  46066.6,  671.438666989,  451.940673013,  3018.05
1569.27903167,  49630.6,  46054.8,  671.438703062,  451.940267487,  3019.01
1569.29946611,  49630.0,  46055.0,  671.439818163,  451.940233024,  3020.03
1569.31990046,  49639.6,  46062.8,  671.438680344,  451.940105944,  3015.41
1569.34033481,  49643.4,  46065.8,  671.439239213,  451.94106229,  3015.2
1569.36076916,  49639.0,  46062.4,  671.438976044,  451.941337203,  3015.61
1569.3812035,  49629.9,  46053.7,  671.438953381,  451.940654788,  3014.89
1569.40163785,  49632.0,  46055.8,  671.439147993,  451.940678765,  3013.04
1569.4220722,  49637.1,  46060.3,  671.439015185,  451.941396315,  3013.45
1569.44250655,  49649.3,  46070.9,  671.438858531,  451.940782363,  3011.02
1569.462941,  49636.6,  46060.1,  671.439877275,  451.940927756,  3012.66
1569.48337535,  49646.5,  46068.6,  671.439297777,  451.941240539,  3008.07
1569.5038096,  49620.9,  46045.0,  671.438966948,  451.941257485,  3009.83
1569.52424405,  49652.5,  46074.0,  671.439081414,  451.940942794,  3010.88
1569.5446784,  49631.7,  46054.6,  671.439180369,  451.941362534,  3008.83
1569.56511265,  49636.6,  46059.2,  671.439318763,  451.941525545,  3009.52
1569.5855471,  49658.0,  46078.8,  671.438944324,  451.941203597,  3009.14
1569.60598145,  49651.9,  46073.0,  671.438639298,  451.940324922,  3010.99
1569.6264159,  49645.4,  46067.2,  671.439909742,  451.94133652,  3008.07
1569.64685015,  49628.5,  46052.4,  671.439798367,  451.941391276,  3006.87
1569.68771895,  49620.2,  46044.4,  671.439664841,  451.941916097,  3006.45
1569.7081532,  49667.4,  46086.6,  671.438949663,  451.941362748,  3009.43
1569.72858755,  49653.4,  46073.5,  671.439182639,  451.942466275,  3007.05
1569.74902201,  49638.1,  46059.8,  671.439106944,  451.94151176,  3006.45
1569.76945626,  49639.8,  46061.1,  671.439080081,  451.941307338,  3008.47
1569.78989061,  49648.1,  46068.3,  671.439049597,  451.941858481,  3006.19
1569.81032506,  49651.7,  46072.6,  671.439084144,  451.941919182,  3007.83
1569.83075932,  49631.6,  46053.3,  671.438580233,  451.942396378,  3006.23
1569.85119377,  49642.1,  46063.2,  671.439118478,  451.941629246,  3006.92
1569.87162802,  49649.9,  46069.9,  671.438723019,  451.942314174,  3006.52
1569.89206238,  49640.0,  46061.3,  671.438699086,  451.94176229,  3007.66
1569.91249683,  49664.3,  46083.1,  671.438959945,  451.942575433,  3005.88
1569.93293108,  49645.4,  46065.9,  671.438783252,  451.942032123,  3003.25
1569.95336544,  49649.9,  46069.6,  671.438580899,  451.942450861,  3004.51
1569.97379989,  49642.8,  46063.6,  671.438869114,  451.942043738,  3001.69
1569.99423425,  49629.2,  46051.1,  671.439007744,  451.942429527,  3003.29
1570.0146686,  49651.4,  46070.8,  671.438476942,  451.942623877,  3002.18
1570.03510296,  49650.7,  46070.6,  671.438931197,  451.942476854,  3001.69
1570.05553731,  49649.2,  46068.5,  671.438298814,  451.942768855,  3004.79
1570.07597167,  49647.3,  46067.9,  671.439027002,  451.942447811,  2999.73
1570.09640603,  49633.7,  46054.9,  671.438919213,  451.942172591,  2998.6
1570.11684038,  49675.5,  46092.0,  671.438601742,  451.943028304,  2997.98
1570.13727484,  49654.0,  46072.9,  671.439212103,  451.942846091,  2997.83
1570.1577091,  49665.6,  46083.3,  671.439021356,  451.942528091,  2999.37
1570.17814355,  49664.1,  46082.3,  671.438839386,  451.942598733,  3000.31
1570.19857791,  49647.2,  46067.1,  671.438917988,  451.943191846,  3000.15
1570.21901217,  49647.4,  46067.1,  671.438467202,  451.943134973,  2996.74
1570.23944662,  49672.9,  46089.1,  671.439199781,  451.942912178,  2997.76
1570.25988098,  49653.3,  46072.3,  671.438895398,  451.943390332,  2999.79
1570.28031524,  49665.3,  46082.4,  671.438736544,  451.943477699,  2995.57
1570.3007497,  49669.1,  46086.1,  671.439126626,  451.94313785,  2996.37
1570.32118406,  49659.1,  46076.8,  671.438809222,  451.943123711,  2993.7
1570.34161832,  49674.9,  46090.4,  671.438997077,  451.943378375,  2994.88
1570.36205277,  49665.4,  46082.0,  671.43923503,  451.943398186,  2992.82
1570.38248713,  49675.3,  46091.1,  671.439034531,  451.943401113,  2993.59
1570.40292149,  49654.7,  46072.7,  671.439070861,  451.943042979,  2993.91
1570.42335585,  49657.5,  46075.3,  671.438832943,  451.94330204,  2994.19
1570.44379021,  49664.4,  46080.9,  671.438835045,  451.943487757,  2993.67
1570.46422457,  49661.7,  46078.7,  671.439110612,  451.943682156,  2993.45
1570.48465893,  49662.9,  46079.7,  671.439555787,  451.943340837,  2992.2
1570.50509329,  49655.6,  46072.5,  671.438920702,  451.943479921,  2993.75
1570.52552765,  49653.7,  46071.5,  671.439816205,  451.943828074,  2991.84
1570.54596201,  49661.8,  46078.7,  671.439026239,  451.943892591,  2991.63
1570.56639648,  49646.0,  46064.2,  671.439417985,  451.943868167,  2992.65
1570.58683074,  49658.6,  46075.6,  671.439748433,  451.943767041,  2990.5
1570.6072651,  49673.6,  46089.5,  671.439867768,  451.944160159,  2992.21
1570.62769956,  49666.2,  46082.1,  671.438937937,  451.943988602,  2990.2
1570.64813392,  49676.7,  46091.9,  671.439892222,  451.943985657,  2991.42
1570.66856819,  49662.0,  46078.0,  671.439437809,  451.943987707,  2989.81
1570.68900265,  49653.4,  46070.6,  671.439689191,  451.943885805,  2991.64
1570.70943701,  49672.8,  46087.9,  671.440079812,  451.944626982,  2988.5
1570.72987127,  49682.8,  46097.2,  671.438613414,  451.944026456,  2992.95
1570.75030574,  49671.6,  46087.4,  671.439675375,  451.944238409,  2989.6
1570.7707401,  49661.4,  46077.7,  671.439748232,  451.944521398,  2989.61
1570.79117456,  49673.0,  46088.0,  671.439441543,  451.944244926,  2990.28
1570.81160883,  49684.5,  46098.8,  671.439517304,  451.944667559,  2991.04
1570.83204319,  49687.8,  46101.6,  671.439630376,  451.944401064,  2988.81
1570.85247766,  49674.8,  46089.1,  671.439794121,  451.944843175,  2987.82
1570.87291192,  49685.9,  46099.7,  671.439556088,  451.944422701,  2987.17
1570.89334629,  49671.8,  46086.8,  671.440002584,  451.944819798,  2986.86
1570.91378075,  49679.4,  46093.9,  671.439331583,  451.94469831,  2989.18
1570.93421502,  49671.3,  46086.7,  671.440383386,  451.944370747,  2986.61
1570.95464948,  49663.3,  46078.6,  671.439605853,  451.944969895,  2986.06
1570.97508385,  49683.8,  46097.3,  671.440697617,  451.94498353,  2986.95
1570.99551811,  49661.1,  46077.2,  671.439973557,  451.944581597,  2988.61
1571.01595258,  49663.1,  46078.3,  671.43949414,  451.94465913,  2987.89
1571.03638695,  49665.7,  46081.2,  671.440214602,  451.94503713,  2987.51
1571.05682121,  49677.3,  46091.1,  671.440254951,  451.945077468,  2990.14
1571.07725568,  49669.3,  46084.2,  671.439944057,  451.945102117,  2987.39
1571.09769005,  49676.2,  46090.9,  671.440674471,  451.944980109,  2986.67
1571.11812431,  49671.1,  46085.5,  671.440206797,  451.945517153,  2986.76
1571.13855878,  49656.9,  46072.9,  671.440220362,  451.944923237,  2988.32
1571.15899315,  49683.8,  46096.6,  671.440579874,  451.94532915,  2985.37
1571.17942752,  49668.6,  46083.2,  671.439856815,  451.946101259,  2985.84
1571.19986188,  49669.7,  46084.6,  671.440854362,  451.945787325,  2986.26
1571.22029625,  49676.4,  46090.2,  671.440417427,  451.945565756,  2987.52
1571.24073062,  49666.0,  46081.1,  671.440051472,  451.945849598,  2982.08
1571.26116499,  49652.2,  46069.1,  671.440452127,  451.944801907,  2987.71
1571.28159936,  49668.8,  46083.6,  671.44033739,  451.94549964,  2985.6
1571.30203373,  49676.9,  46090.3,  671.440601587,  451.945550301,  2986.26
1571.3224681,  49664.7,  46079.4,  671.440768949,  451.94563884,  2989.44
1571.34290257,  49668.1,  46082.2,  671.440287936,  451.946063163,  2988.0
1571.36333694,  49670.2,  46084.3,  671.440620846,  451.945886358,  2988.63
1571.38377121,  49665.6,  46080.4,  671.440609002,  451.946210502,  2989.3
1571.40420568,  49654.7,  46070.1,  671.440561147,  451.94627161,  2991.23
1571.42464005,  49664.2,  46078.6,  671.440661637,  451.945990758,  2991.04
1571.44507432,  49643.4,  46060.3,  671.440362938,  451.94608077,  2991.09
1571.46550879,  49650.6,  46066.5,  671.44009,  451.945631721,  2990.96
1571.48594316,  49630.8,  46048.9,  671.440736499,  451.945594332,  2992.14
1571.50637743,  49637.9,  46055.1,  671.440050328,  451.945925778,  2991.73
1571.52681191,  49666.2,  46080.3,  671.440450676,  451.946243767,  2992.46
1571.54724628,  49658.4,  46073.0,  671.440588835,  451.946440592,  2995.23
1571.56768075,  49651.5,  46066.8,  671.441108833,  451.946472417,  2994.62
1571.58811502,  49658.9,  46073.9,  671.440531213,  451.946186427,  2993.21
1571.60854939,  49664.1,  46077.6,  671.441260716,  451.945928629,  2994.2
1571.62898387,  49639.0,  46054.9,  671.440431821,  451.946496032,  2993.35
1571.64941814,  49653.8,  46068.8,  671.44136679,  451.946360935,  2993.04
1571.66985251,  49647.8,  46062.8,  671.440487463,  451.946875112,  2995.75
1571.69028699,  49654.4,  46068.7,  671.441201762,  451.946510263,  2992.27
1571.71072126,  49662.0,  46076.3,  671.441590778,  451.94631871,  2993.27
1571.73115573,  49643.4,  46058.7,  671.441051045,  451.946625947,  2995.06
1571.75159011,  49651.8,  46066.6,  671.440838357,  451.945984577,  2992.63
1571.77202438,  49652.3,  46066.8,  671.441190551,  451.946844247,  2991.68
1571.79245886,  49649.8,  46064.4,  671.440853078,  451.946780177,  2989.25
1571.81289323,  49637.7,  46053.7,  671.441506375,  451.946898207,  2993.29
1571.83332751,  49654.4,  46068.5,  671.441080424,  451.94693768,  2989.44
1571.85376198,  49649.1,  46063.2,  671.44129966,  451.947153546,  2992.24
1571.87419636,  49654.0,  46068.3,  671.441263191,  451.947137541,  2990.06
1571.89463063,  49632.2,  46048.5,  671.441114077,  451.947356692,  2993.46
1571.91506511,  49647.1,  46062.0,  671.441423872,  451.947479557,  2987.57
1571.93549949,  49638.7,  46054.2,  671.441279804,  451.947246558,  2988.33
1571.95593396,  49644.9,  46059.8,  671.440786408,  451.947603771,  2986.71
1571.97636824,  49631.8,  46048.0,  671.440963024,  451.947326378,  2984.77
1571.99680262,  49642.9,  46058.5,  671.441294386,  451.947342089,  2983.1
1572.01723709,  49643.9,  46057.9,  671.440935418,  451.947974063,  2981.27
1572.03767137,  49628.4,  46045.0,  671.441133453,  451.947590462,  2983.31
1572.05810575,  49637.5,  46052.4,  671.441228642,  451.947396982,  2982.55
1572.07854022,  49630.0,  46045.9,  671.441919434,  451.947199366,  2977.44
1572.0989745,  49643.2,  46058.3,  671.441505933,  451.947572309,  2979.09
1572.11940898,  49634.6,  46049.9,  671.441570529,  451.947624792,  2978.95
1572.13984336,  49638.0,  46052.8,  671.439607936,  451.949501787,  2974.52
1572.16027764,  49635.0,  46050.9,  671.441806393,  451.947287741,  2973.22
1572.18071212,  49636.8,  46051.4,  671.441305033,  451.947549291,  2973.1
1572.2011465,  49641.2,  46055.8,  671.441378102,  451.947857829,  2974.83
1572.22158077,  49644.1,  46058.3,  671.44142855,  451.948037132,  2974.07
1572.24201525,  49636.0,  46050.0,  671.441010688,  451.947818749,  2975.4
1572.26244963,  49650.7,  46064.1,  671.441908255,  451.948694167,  2975.9
1572.28288401,  49632.1,  46047.2,  671.441074868,  451.947841242,  2972.14
1572.30331839,  49638.9,  46053.6,  671.441614505,  451.948278666,  2975.29
1572.32375277,  49635.0,  46050.1,  671.441915303,  451.947842717,  2973.72
1572.34418715,  49624.2,  46040.0,  671.440989931,  451.948071151,  2975.32
1572.36462154,  49639.7,  46053.1,  671.441272223,  451.948035593,  2974.51
1572.38505592,  49630.1,  46045.2,  671.44179692,  451.948114795,  2977.1
1572.4054903,  49615.9,  46032.1,  671.441597878,  451.948054089,  2974.24
1572.42592468,  49625.6,  46041.1,  671.44146096,  451.948446441,  2975.64
1572.44635906,  49624.4,  46039.8,  671.442645589,  451.948505243,  2973.96
1572.46679344,  49627.7,  46042.5,  671.441606609,  451.948359253,  2971.88
1572.48722782,  49637.8,  46051.4,  671.44155655,  451.948852253,  2975.77
1572.50766231,  49635.2,  46049.2,  671.44185717,  451.948377706,  2974.39
1572.52809669,  49626.9,  46041.6,  671.441545234,  451.948540323,  2974.36
1572.54853097,  49633.6,  46048.3,  671.442205387,  451.94863201,  2978.27
1572.56896545,  49621.2,  46036.3,  671.441827786,  451.948711319,  2975.41
1572.58939984,  49618.7,  46034.1,  671.441466793,  451.948565017,  2977.88
1572.60983412,  49635.7,  46049.4,  671.442720252,  451.948359789,  2976.34
1572.6302686,  49616.7,  46031.7,  671.441656684,  451.948274035,  2976.52
1572.67113727,  49629.0,  46042.9,  671.441440911,  451.948384042,  2979.68
1572.69157176,  49626.1,  46039.6,  671.440970663,  451.949131333,  2978.7
1572.71200614,  49633.0,  46046.3,  671.441776841,  451.949094874,  2983.04
1572.73244063,  49624.9,  46038.4,  671.441366262,  451.94859141,  2982.51
1572.75287491,  49617.0,  46031.4,  671.441220819,  451.948935858,  2983.16
1572.77330929,  49640.9,  46053.2,  671.4419095,  451.949029334,  2981.59
1572.79374378,  49603.1,  46019.2,  671.441601011,  451.94933834,  2983.28
1572.81417807,  49644.7,  46056.5,  671.441866253,  451.949120906,  2985.24
1572.83461245,  49619.0,  46033.5,  671.441777693,  451.949080007,  2993.66
1572.85504694,  49637.3,  46049.2,  671.441402885,  451.949077851,  3001.41
1572.87548122,  49631.4,  46044.1,  671.441282842,  451.949046298,  3000.81
1572.89591571,  49640.1,  46051.4,  671.441487513,  451.949155465,  2992.38
1572.9163501,  49637.7,  46049.2,  671.441616021,  451.949224167,  2979.29
1572.93678438,  49635.9,  46048.1,  671.441078555,  451.94903207,  2975.29
1572.95721887,  49629.1,  46041.2,  671.441597949,  451.949283923,  2969.12
1572.97765326,  49636.7,  46048.5,  671.441398364,  451.949504679,  2971.02
1572.99808764,  49624.2,  46037.1,  671.441738088,  451.950054842,  2968.27
1573.01852203,  49621.7,  46034.1,  671.441591152,  451.94986459,  2968.66
1573.03895642,  49642.5,  46053.5,  671.441414098,  451.949585279,  2966.94
1573.05939071,  49620.7,  46033.8,  671.441378847,  451.949629018,  2967.08
1573.0798252,  49645.4,  46055.2,  671.441223943,  451.949273811,  2968.07
1573.10025958,  49639.6,  46050.8,  671.441348063,  451.949496649,  2966.64
1573.12069397,  49640.6,  46051.0,  671.440854129,  451.949641065,  2964.71
1573.14112836,  49641.4,  46051.4,  671.441120183,  451.949913738,  2962.89
1573.16156275,  49640.9,  46051.4,  671.440988847,  451.949758367,  2961.11
1573.18199724,  49618.7,  46031.1,  671.44116055,  451.949542107,  2960.58
1573.20243153,  49619.3,  46031.5,  671.44127157,  451.949870762,  2956.23
1573.22286592,  49650.0,  46059.4,  671.441651993,  451.950344797,  2958.98
1573.24330041,  49638.0,  46047.8,  671.441347924,  451.950513243,  2957.63
1573.2637347,  49632.2,  46042.5,  671.440789459,  451.950142489,  2952.82
1573.28416919,  49629.2,  46040.1,  671.441415218,  451.950245711,  2949.96
1573.30460358,  49634.4,  46044.2,  671.441229827,  451.950659512,  2950.34
1573.32503787,  49644.8,  46054.0,  671.441319247,  451.950188485,  2949.64
1573.34547236,  49640.8,  46050.0,  671.441227732,  451.950377533,  2947.84
1573.36590675,  49641.2,  46050.0,  671.44135364,  451.950894971,  2947.93
1573.38634105,  49655.5,  46063.1,  671.441714474,  451.950344991,  2946.51
1573.40677554,  49628.9,  46039.2,  671.441085873,  451.950552555,  2946.8
1573.42720993,  49633.4,  46043.8,  671.441339537,  451.950495416,  2945.93
1573.44764422,  49652.9,  46061.0,  671.44125868,  451.950230172,  2945.13
1573.46807871,  49636.2,  46045.6,  671.441287437,  451.950565281,  2940.98
1573.48851311,  49642.4,  46051.4,  671.440804417,  451.950633041,  2940.7
1573.5089476,  49646.1,  46054.5,  671.441071461,  451.949963186,  2943.18
1573.52938189,  49646.6,  46054.4,  671.441243322,  451.950828367,  2941.3
1573.54981629,  49641.2,  46050.1,  671.441991267,  451.950951466,  2942.01
1573.57025078,  49637.6,  46046.6,  671.441622823,  451.950679488,  2941.47
1573.59068507,  49649.2,  46056.8,  671.441385745,  451.95073881,  2941.04
1573.61111947,  49644.8,  46053.0,  671.441488917,  451.95082736,  2939.25
1573.63155396,  49639.6,  46047.8,  671.441147148,  451.950714322,  2939.09
1573.65198835,  49640.5,  46048.6,  671.441617458,  451.951326727,  2936.78
1573.67242275,  49626.8,  46037.3,  671.442091763,  451.950665845,  2937.31
1573.69285714,  49631.8,  46040.6,  671.441437262,  451.951388926,  2937.5
1573.71329144,  49640.7,  46049.1,  671.441526589,  451.950737632,  2938.86
1573.73372593,  49631.5,  46040.4,  671.442140119,  451.951373677,  2938.78
1573.75416033,  49650.2,  46057.0,  671.441596313,  451.951642706,  2936.23
1573.77459462,  49639.3,  46047.8,  671.442266454,  451.951423713,  2939.76
1573.79502912,  49639.3,  46047.2,  671.44176767,  451.951051258,  2936.56
1573.81546352,  49631.9,  46041.2,  671.442008765,  451.951115199,  2937.09
1573.83589781,  49652.0,  46058.9,  671.441932798,  451.951409273,  2934.63
1573.85633231,  49654.9,  46060.9,  671.441433345,  451.951347135,  2936.08
1573.8767667,  49657.2,  46062.9,  671.441861285,  451.952004045,  2933.62
1573.8972012,  49649.3,  46056.1,  671.442155947,  451.951303991,  2936.47
1573.9176355,  49655.3,  46061.3,  671.44167538,  451.951566508,  2933.19
1573.9380699,  49645.1,  46052.1,  671.441784422,  451.951825539,  2933.65
1573.95850439,  49652.9,  46058.7,  671.441558877,  451.952333415,  2932.01
1573.97893869,  49630.8,  46039.1,  671.442287472,  451.951839699,  2932.97
1573.99937309,  49626.9,  46036.2,  671.442103112,  451.952169955,  2931.47
1574.01980759,  49652.4,  46058.2,  671.441456991,  451.951831982,  2932.42
1574.04024188,  49635.7,  46043.7,  671.442249924,  451.951731852,  2933.18
1574.06067638,  49644.6,  46051.1,  671.442262294,  451.952231997,  2931.86
1574.08111078,  49627.4,  46035.7,  671.44171558,  451.952048969,  2935.09
1574.10154508,  49647.0,  46053.2,  671.442000553,  451.952199226,  2929.47
1574.12197958,  49642.7,  46049.1,  671.442451945,  451.952155697,  2929.54
1574.14241398,  49639.3,  46046.0,  671.44199599,  451.952279644,  2928.29
1574.16284838,  49639.3,  46046.4,  671.442341385,  451.951825276,  2928.26
1574.18328278,  49657.6,  46062.4,  671.441908658,  451.951984788,  2926.44
1574.20371718,  49637.8,  46044.2,  671.441831134,  451.952359207,  2928.38
1574.22415158,  49631.2,  46038.9,  671.44240951,  451.95300517,  2926.49
1574.24458598,  49630.3,  46037.9,  671.441824584,  451.952494575,  2927.32
1574.26502038,  49654.6,  46059.5,  671.441508159,  451.952886993,  2924.37
1574.28545478,  49640.3,  46047.1,  671.442541038,  451.952634168,  2925.62
1574.30588928,  49638.2,  46044.8,  671.442223643,  451.952642106,  2923.49
1574.32632358,  49653.3,  46058.9,  671.442172448,  451.952512715,  2925.07
1574.34675798,  49657.6,  46062.0,  671.442522951,  451.952400549,  2924.21
1574.36719238,  49647.7,  46052.9,  671.442388918,  451.953079236,  2922.18
1574.38762679,  49639.3,  46045.8,  671.442507511,  451.952360316,  2924.64
1574.40806129,  49648.6,  46053.6,  671.441949523,  451.952575226,  2920.83
1574.42849559,  49636.1,  46042.4,  671.442399319,  451.953060146,  2922.92
1574.44893009,  49650.1,  46055.6,  671.442292131,  451.953418862,  2921.88
1574.46936449,  49633.0,  46039.5,  671.441954312,  451.952784427,  2921.7
1574.4897988,  49664.8,  46068.0,  671.442301902,  451.953160478,  2921.6
1574.5102333,  49631.8,  46038.8,  671.44227503,  451.952578398,  2921.27
1574.5306677,  49627.4,  46034.1,  671.442341583,  451.953064323,  2922.22
1574.55110201,  49646.3,  46051.0,  671.442460409,  451.953728042,  2920.71
1574.57153651,  49636.6,  46042.4,  671.442395664,  451.953059806,  2919.59
1574.59197091,  49650.1,  46054.7,  671.442068586,  451.953275523,  2918.66
1574.61240542,  49652.6,  46056.8,  671.442242889,  451.953455675,  2920.27
1574.63283972,  49644.1,  46048.9,  671.442660583,  451.952864499,  2920.28
1574.65327413,  49621.2,  46028.9,  671.44244082,  451.954000356,  2919.1
1574.67370863,  49647.3,  46052.6,  671.442486792,  451.953123268,  2919.05
1574.69414294,  49638.2,  46043.6,  671.442804409,  451.953415528,  2918.16
1574.71457734,  49640.5,  46046.1,  671.442913099,  451.953082158,  2917.5
1574.73501185,  49619.2,  46027.0,  671.442355091,  451.953043559,  2917.49
1574.75544615,  49647.4,  46051.4,  671.442856918,  451.953194415,  2917.79
1574.77588056,  49619.4,  46026.8,  671.442385173,  451.953462423,  2917.02
1574.79631506,  49627.3,  46033.5,  671.442447144,  451.95354683,  2916.83
1574.81674947,  49647.5,  46051.5,  671.442725661,  451.953362931,  2916.56
1574.83718388,  49621.4,  46028.8,  671.443129809,  451.953826663,  2915.28
1574.85761828,  49638.4,  46043.4,  671.442983971,  451.953509303,  2913.34
1574.87805269,  49633.7,  46038.7,  671.442831634,  451.953841332,  2916.6
1574.8984871,  49634.2,  46039.3,  671.442509343,  451.953585506,  2914.8
1574.9189215,  49629.2,  46034.2,  671.442655434,  451.95385764,  2914.83
1574.93935591,  49627.8,  46033.9,  671.44341178,  451.953266015,  2914.29
1574.95979032,  49616.9,  46023.6,  671.442750303,  451.954369249,  2915.25
1574.98022473,  49624.3,  46030.4,  671.443034184,  451.954209247,  2915.23
1575.00065913,  49629.7,  46035.2,  671.443385271,  451.954372307,  2912.16
1575.02109354,  49632.1,  46036.7,  671.442220968,  451.954153329,  2912.7
1575.04152795,  49617.1,  46023.3,  671.442459644,  451.954144814,  2912.29
1575.06196246,  49623.2,  46029.3,  671.442581723,  451.954258683,  2913.7
1575.08239677,  49610.4,  46017.5,  671.443017221,  451.954143003,  2913.36
1575.10283118,  49687.0,  46085.7,  671.443635149,  451.956486079,  2910.86
1575.12326569,  49623.1,  46028.7,  671.443557914,  451.954049055,  2910.43
1575.1437,  49616.2,  46022.0,  671.442458323,  451.954405945,  2910.32
1575.16413441,  49608.4,  46015.5,  671.443210749,  451.954138514,  2910.06
1575.18456891,  49604.5,  46011.9,  671.442374976,  451.954564978,  2911.72
1575.20500322,  49608.7,  46014.9,  671.443270072,  451.954474726,  2913.87
1575.22543774,  49621.2,  46026.9,  671.443180197,  451.953875286,  2911.85
1575.24587215,  49599.8,  46006.9,  671.442733676,  451.954368757,  2908.96
1575.26630646,  49614.9,  46020.9,  671.442944977,  451.95467525,  2909.06
1575.28674097,  49618.4,  46024.3,  671.443315454,  451.954236689,  2907.92
1575.30717538,  49606.9,  46013.8,  671.443054993,  451.95404545,  2909.44
1575.32760969,  49601.9,  46008.8,  671.443245687,  451.954493199,  2909.86
1575.3480442,  49595.4,  46003.0,  671.443142439,  451.954800715,  2906.74
1575.36847861,  49601.2,  46008.1,  671.442246406,  451.954775506,  2910.14
1575.38891312,  49590.6,  45998.4,  671.443261296,  451.955097964,  2906.62
1575.40934744,  49593.3,  46001.1,  671.442704435,  451.954166402,  2909.25
1575.42978185,  49605.1,  46011.3,  671.443258306,  451.954979271,  2906.14
1575.45021636,  49600.8,  46008.0,  671.442703446,  451.954002648,  2907.03
1575.47065077,  49586.8,  45995.0,  671.443274119,  451.954816953,  2904.85
1575.49108509,  49604.7,  46011.0,  671.442628171,  451.954692713,  2905.18
1575.5115196,  49602.5,  46009.3,  671.443266035,  451.954751658,  2906.25
1575.53195401,  49602.7,  46008.6,  671.442857295,  451.954185023,  2904.54
1575.55238833,  49599.0,  46005.7,  671.443583935,  451.954800275,  2904.88
1575.57282284,  49589.3,  45996.7,  671.443145169,  451.954667585,  2901.17
1575.59325725,  49607.9,  46013.2,  671.442345721,  451.955111692,  2903.26
1575.61369167,  49573.8,  45983.3,  671.442880349,  451.954682506,  2907.01
1575.6545604,  49587.3,  45994.4,  671.442896618,  451.954762081,  2907.4
1575.67499491,  49572.4,  45981.3,  671.443059136,  451.95488484,  2903.69
1575.69542932,  49588.7,  45995.1,  671.442127305,  451.955286413,  2905.05
1575.71586364,  49582.6,  45990.0,  671.442953277,  451.955716474,  2902.12
1575.73629816,  49587.4,  45994.5,  671.442527954,  451.95503569,  2902.31
1575.75673257,  49582.9,  45990.2,  671.44274064,  451.954982026,  2903.98
1575.77716709,  49595.2,  46001.6,  671.442629952,  451.955515892,  2902.08
1575.7976014,  49569.5,  45978.3,  671.442072324,  451.955668603,  2902.28
1575.81803582,  49588.5,  45994.8,  671.442067915,  451.955714859,  2901.28
1575.83847033,  49581.1,  45988.3,  671.442593698,  451.955848894,  2901.42
1575.85890465,  49589.6,  45995.9,  671.442288145,  451.955257799,  2900.84
1575.87933907,  49584.2,  45991.1,  671.442803232,  451.955457737,  2900.56
1575.89977358,  49569.6,  45978.0,  671.443129193,  451.95527922,  2899.98
1575.9202079,  49580.9,  45987.5,  671.44237639,  451.955914631,  2900.58
1575.94064232,  49581.8,  45988.9,  671.442411747,  451.955359347,  2898.34
1575.96107684,  49585.8,  45992.0,  671.442936827,  451.955178041,  2900.38
1575.98151115,  49582.5,  45988.9,  671.442389034,  451.955529731,  2898.13
1576.00194567,  49584.8,  45991.1,  671.442309668,  451.955238768,  2899.72
1576.02238009,  49588.0,  45994.0,  671.442467897,  451.956102276,  2898.13
1576.04281451,  49593.4,  45998.6,  671.442797817,  451.955993011,  2898.88
1576.06324893,  49586.8,  45992.7,  671.442162374,  451.955958788,  2897.25
1576.08368334,  49586.2,  45991.9,  671.441519153,  451.955452343,  2896.95
1576.10411776,  49589.1,  45994.6,  671.441920021,  451.956202117,  2896.5
1576.12455218,  49577.6,  45984.2,  671.442481782,  451.95549475,  2896.54
1576.1449866,  49565.3,  45972.6,  671.442279895,  451.955734306,  2896.33
1576.16542102,  49587.8,  45993.3,  671.442373438,  451.955900095,  2895.19
1576.18585554,  49582.4,  45987.5,  671.442838161,  451.956043843,  2895.7
1576.20628986,  49584.2,  45990.2,  671.442958665,  451.956041406,  2895.29
1576.22672438,  49593.9,  45998.7,  671.442184131,  451.956509791,  2893.67
1576.2471588,  49583.5,  45988.7,  671.442679304,  451.956115221,  2896.0
1576.26759312,  49583.9,  45989.5,  671.442491054,  451.955512147,  2895.03
1576.28802764,  49586.2,  45991.0,  671.442967309,  451.956200042,  2895.04
1576.30846196,  49588.5,  45993.0,  671.442505905,  451.956183265,  2893.91
1576.32889638,  49582.1,  45987.6,  671.442396843,  451.955630074,  2892.55
1576.3493309,  49574.3,  45980.7,  671.442638233,  451.956503338,  2894.89
1576.36976523,  49628.0,  46031.2,  671.442777204,  451.956243302,  2916.98
1576.39019975,  49589.0,  45993.5,  671.442772914,  451.95608444,  2893.45
1576.41063417,  49595.2,  45999.2,  671.442811236,  451.956623628,  2895.06
1576.43106849,  49574.8,  45980.5,  671.442544915,  451.956331572,  2892.83
1576.45150301,  49589.5,  45993.9,  671.442420811,  451.956369981,  2893.08
1576.47193744,  49588.4,  45992.3,  671.442296079,  451.955924369,  2894.29
1576.49237176,  49580.2,  45985.0,  671.442509854,  451.956054392,  2890.42
1576.51280628,  49591.3,  45995.4,  671.442857083,  451.956513766,  2891.35
1576.5332407,  49586.5,  45990.7,  671.4426518,  451.956624374,  2890.33
1576.55367513,  49586.1,  45990.7,  671.443114882,  451.956549582,  2890.9
1576.57410955,  49585.8,  45990.1,  671.442893252,  451.95675962,  2889.53
1576.59454397,  49595.3,  45998.8,  671.442266156,  451.956551055,  2891.0
1576.6149785,  49598.8,  46001.9,  671.442787453,  451.957115025,  2888.46
1576.63541282,  49575.8,  45981.1,  671.44295534,  451.957063311,  2890.72
1576.65584725,  49587.1,  45991.1,  671.442732038,  451.956672174,  2890.23
1576.67628177,  49586.4,  45991.2,  671.442427859,  451.957446942,  2889.38
1576.6967162,  49598.7,  46001.2,  671.442990472,  451.957364183,  2890.72
1576.71715052,  49607.8,  46009.6,  671.443631333,  451.956864409,  2888.08
1576.73758505,  49584.2,  45988.6,  671.443281635,  451.956971762,  2888.43
1576.75801947,  49614.2,  46014.9,  671.442681444,  451.957375106,  2889.06
1576.7784539,  49599.0,  46001.3,  671.443018764,  451.957070654,  2889.25
1576.79888832,  49589.0,  45992.0,  671.442743823,  451.957323968,  2890.54
1576.81932275,  49588.8,  45992.2,  671.442982448,  451.957321673,  2888.88
1576.83975727,  49587.9,  45991.7,  671.443016594,  451.957298179,  2886.4
1576.8601916,  49587.4,  45990.1,  671.442932196,  451.957181799,  2884.9
1576.88062603,  49602.5,  46004.2,  671.44275834,  451.957960486,  2889.41
1576.90106055,  49598.3,  46000.0,  671.442623226,  451.957647674,  2887.87
1576.92149488,  49604.5,  46006.1,  671.443376206,  451.957356326,  2886.32
1576.94192931,  49600.7,  46003.0,  671.443396279,  451.957615383,  2886.74
1576.96236373,  49612.2,  46013.0,  671.443026302,  451.957760921,  2883.38
1576.98279816,  49597.4,  45999.4,  671.442938819,  451.957453537,  2886.86
1577.00323269,  49599.6,  46001.7,  671.443246113,  451.957554542,  2885.4
1577.02366702,  49598.6,  46000.1,  671.443164262,  451.957587469,  2885.64
1577.04410144,  49599.1,  46001.0,  671.443153467,  451.957720846,  2884.97
1577.06453597,  49606.5,  46007.9,  671.443150912,  451.957744045,  2881.78
1577.0849703,  49620.3,  46019.4,  671.443232668,  451.957311057,  2883.74
1577.10540473,  49598.7,  46000.8,  671.443530656,  451.958069298,  2883.56
1577.12583926,  49604.4,  46005.9,  671.443286258,  451.958594384,  2882.06
1577.14627359,  49615.9,  46015.8,  671.443113208,  451.958160325,  2884.29
1577.16670811,  49595.2,  45997.4,  671.44380503,  451.958429889,  2884.98
1577.18714254,  49605.7,  46007.0,  671.443425213,  451.95804007,  2883.35
1577.20757687,  49593.4,  45995.7,  671.442715398,  451.958255254,  2883.28
1577.2280114,  49589.2,  45991.7,  671.443246269,  451.958012443,  2884.18
1577.24844583,  49595.6,  45997.2,  671.443436403,  451.958145913,  2884.04
1577.26888026,  49602.3,  46003.4,  671.443706353,  451.958489003,  2881.71
1577.28931469,  49600.1,  46001.6,  671.443152271,  451.958214184,  2880.16
1577.30974912,  49581.4,  45984.1,  671.443216968,  451.958477963,  2882.9
1577.33018355,  49610.6,  46010.9,  671.443870585,  451.95844083,  2879.32
1577.35061808,  49597.0,  45999.1,  671.443475651,  451.958504041,  2882.13
1577.37105242,  49615.3,  46014.8,  671.443123353,  451.958555357,  2883.01
1577.39148695,  49607.4,  46007.3,  671.443884212,  451.958802498,  2881.82
1577.41192138,  49591.8,  45993.4,  671.443134189,  451.958395702,  2879.14
1577.43235571,  49614.8,  46014.4,  671.443319423,  451.958741254,  2879.98
1577.45279024,  49599.6,  46000.8,  671.443775581,  451.95830829,  2882.35
1577.47322467,  49609.6,  46009.0,  671.443105666,  451.958740009,  2882.48
1577.493659,  49614.3,  46013.3,  671.443605939,  451.958233705,  2880.48
1577.51409354,  49593.5,  45994.7,  671.444340954,  451.9584847,  2881.77
1577.53452797,  49601.4,  46001.7,  671.443441314,  451.958685158,  2878.78
1577.5549624,  49616.5,  46015.9,  671.443556467,  451.958613305,  2878.7
1577.57539684,  49630.2,  46028.1,  671.44342798,  451.958553145,  2877.05
1577.59583117,  49617.2,  46016.3,  671.443625689,  451.958843583,  2877.94
1577.6162657,  49617.5,  46016.7,  671.444003302,  451.958927226,  2879.6
1577.63670014,  49613.3,  46012.6,  671.443233008,  451.959030709,  2875.54
1577.65713447,  49594.6,  45996.3,  671.444124982,  451.959015428,  2876.73
1577.677569,  49612.6,  46011.9,  671.443353153,  451.959724863,  2878.68
1577.69800344,  49620.5,  46018.5,  671.443755738,  451.95909258,  2873.61
1577.71843787,  49615.5,  46014.3,  671.443401799,  451.958859434,  2879.92
1577.73887231,  49609.3,  46008.9,  671.443939627,  451.958676909,  2878.33
1577.75930674,  49606.1,  46005.6,  671.44392898,  451.959214349,  2876.32
1577.77974127,  49603.7,  46003.8,  671.443980695,  451.958968764,  2873.49
1577.80017561,  49624.9,  46022.3,  671.444338995,  451.958954482,  2874.17
1577.82061004,  49615.5,  46014.3,  671.444045594,  451.959060328,  2875.5
1577.84104458,  49619.3,  46018.0,  671.44410359,  451.959177504,  2876.81
1577.86147902,  49617.4,  46015.3,  671.443471178,  451.959004447,  2873.79
1577.88191335,  49621.4,  46019.1,  671.444118048,  451.959313211,  2875.69
1577.90234789,  49636.2,  46032.6,  671.444684511,  451.959336765,  2874.66
1577.92278232,  49621.3,  46019.2,  671.443772793,  451.959049623,  2875.58
1577.94321676,  49629.5,  46026.8,  671.443930559,  451.95937284,  2875.5
1577.9636512,  49620.9,  46018.9,  671.443793101,  451.958817645,  2877.31
1577.98408563,  49624.0,  46021.4,  671.444241807,  451.959372712,  2874.49
1578.00452007,  49637.9,  46033.8,  671.443531261,  451.960019353,  2874.91
1578.02495451,  49621.7,  46019.5,  671.444044253,  451.959269516,  2873.77
1578.04538894,  49613.8,  46012.1,  671.443960281,  451.959824383,  2871.14
1578.06582348,  49621.3,  46018.9,  671.44444703,  451.9598095,  2880.81
1578.08625782,  49625.6,  46022.5,  671.444076295,  451.960044579,  2878.09
1578.10669226,  49612.7,  46011.6,  671.44401733,  451.959208312,  2871.79
1578.1271268,  49622.1,  46019.6,  671.444199897,  451.959654715,  2873.74
1578.14756113,  49614.9,  46012.7,  671.444068672,  451.959624825,  2872.12
1578.16799567,  49628.8,  46025.7,  671.444598539,  451.95928193,  2872.0
1578.18843011,  49620.0,  46017.4,  671.444058626,  451.959531197,  2873.08
1578.20886445,  49625.6,  46022.7,  671.444286248,  451.959940535,  2873.97
1578.22929899,  49620.4,  46017.6,  671.443938934,  451.959584757,  2871.73
1578.24973333,  49619.7,  46017.0,  671.444689537,  451.960166845,  2870.1
1578.27016777,  49633.9,  46030.2,  671.444548001,  451.959776312,  2873.27
1578.29060231,  49632.2,  46028.2,  671.444605663,  451.959828881,  2871.69
1578.31103665,  49617.8,  46014.9,  671.443899865,  451.959685459,  2872.28
1578.33147119,  49628.9,  46025.2,  671.443996865,  451.959687066,  2871.01
1578.35190563,  49629.0,  46025.3,  671.444324434,  451.95960984,  2870.95
1578.37233997,  49644.5,  46038.3,  671.444170435,  451.960054281,  2870.05
1578.39277451,  49639.0,  46034.4,  671.444164299,  451.960071257,  2872.09
1578.41320895,  49622.8,  46019.4,  671.44446887,  451.959804642,  2870.26
1578.43364339,  49624.8,  46021.6,  671.444344914,  451.959547763,  2868.57
1578.45407783,  49624.5,  46021.2,  671.444082612,  451.960150035,  2870.04
1578.47451227,  49636.6,  46031.1,  671.444335503,  451.960125684,  2869.14
1578.49494671,  49615.1,  46012.7,  671.443569903,  451.960079682,  2871.28
1578.51538115,  49623.4,  46019.9,  671.444122218,  451.960081347,  2869.62
1578.5358156,  49627.3,  46023.2,  671.444564999,  451.960251149,  2869.61
1578.55625014,  49640.0,  46034.8,  671.444500737,  451.960523731,  2870.67
1578.57668458,  49628.5,  46024.0,  671.444145806,  451.960324534,  2868.87
1578.59711892,  49632.4,  46027.8,  671.444503692,  451.960353484,  2868.15
1578.63798791,  49631.2,  46026.1,  671.444069837,  451.960438326,  2865.13
1578.65842225,  49623.2,  46019.2,  671.444214126,  451.960628442,  2868.52
1578.67885679,  49623.5,  46019.5,  671.443877242,  451.960640817,  2865.84
1578.69929124,  49641.5,  46035.1,  671.443899459,  451.960919736,  2867.62
1578.71972558,  49634.7,  46029.7,  671.444269407,  451.960750565,  2867.79
1578.74016012,  49636.7,  46030.6,  671.443644319,  451.960893144,  2866.08
1578.76059457,  49621.5,  46016.9,  671.443638033,  451.960962378,  2865.48
1578.78102911,  49637.8,  46032.3,  671.443938506,  451.960634895,  2867.65
1578.80146346,  49626.7,  46021.9,  671.443897641,  451.961041867,  2864.63
1578.8218979,  49630.7,  46025.5,  671.443454553,  451.960225743,  2864.58
1578.84233244,  49617.0,  46013.2,  671.444391225,  451.961224943,  2866.19
1578.86276679,  49621.6,  46016.9,  671.443237898,  451.961410134,  2866.22
1578.88320123,  49632.9,  46026.7,  671.443150745,  451.960740595,  2863.36
1578.90363568,  49631.2,  46025.1,  671.44352362,  451.960986137,  2866.14
1578.92407012,  49622.7,  46017.7,  671.443396941,  451.960927011,  2867.32
1578.94450467,  49649.0,  46041.4,  671.443397927,  451.961588157,  2863.69
1578.96493902,  49634.2,  46027.5,  671.443516223,  451.960682868,  2865.13
1578.98537346,  49622.3,  46017.0,  671.443470057,  451.961537159,  2863.57
1579.00580801,  49624.1,  46019.2,  671.443412299,  451.960900395,  2864.38
1579.02624235,  49626.2,  46019.9,  671.443399395,  451.961439701,  2863.5
1579.0466768,  49617.0,  46012.4,  671.4436831,  451.96092077,  2863.4
1579.06711135,  49638.6,  46031.2,  671.443800439,  451.961212236,  2863.68
1579.08754579,  49621.6,  46015.8,  671.443679031,  451.96124974,  2861.95
1579.10798014,  49621.4,  46016.7,  671.444149917,  451.961273556,  2861.85
1579.12841469,  49611.6,  46007.0,  671.442830301,  451.96135789,  2859.69
1579.14884913,  49642.7,  46034.9,  671.443963935,  451.961954375,  2860.65
1579.16928358,  49631.7,  46025.4,  671.443663302,  451.961425815,  2861.31
1579.18971803,  49627.8,  46021.1,  671.443690076,  451.961354438,  2863.28
1579.21015248,  49618.1,  46012.8,  671.443730418,  451.961637889,  2862.59
1579.23058703,  49611.7,  46007.5,  671.44403523,  451.961315368,  2860.28
1579.25102137,  49618.5,  46012.9,  671.443416274,  451.961632033,  2862.46
1579.27145582,  49622.4,  46016.9,  671.443726939,  451.961465047,  2862.0
1579.29189037,  49627.4,  46020.8,  671.443549083,  451.961849734,  2859.56
1579.31232472,  49632.9,  46025.8,  671.443265002,  451.961829692,  2859.5
1579.33275927,  49631.9,  46024.8,  671.443548438,  451.961962491,  2861.34
1579.35319372,  49625.4,  46019.1,  671.443701893,  451.962093817,  2860.73
1579.37362807,  49636.3,  46029.6,  671.444397512,  451.961791973,  2860.15
1579.39406262,  49628.6,  46022.1,  671.443599643,  451.961574942,  2858.91
1579.41449707,  49631.6,  46024.2,  671.443121256,  451.961966929,  2860.5
1579.43493142,  49623.2,  46017.0,  671.443731267,  451.962316147,  2858.48
1579.45536597,  49608.4,  46004.0,  671.44345247,  451.962490065,  2861.95
1579.47580042,  49610.8,  46005.6,  671.444009628,  451.961792158,  2860.42
1579.49623477,  49633.2,  46026.5,  671.444015573,  451.962349741,  2858.29
1579.51666932,  49629.5,  46022.3,  671.443902825,  451.961702258,  2861.24
1579.53710367,  49629.9,  46023.0,  671.443420567,  451.962204631,  2858.49
1579.55753822,  49620.1,  46014.2,  671.443959346,  451.962467537,  2858.94
1579.57797267,  49640.1,  46032.0,  671.443722429,  451.962762517,  2857.96
1579.59840712,  49628.7,  46021.4,  671.44375688,  451.962369799,  2859.56
1579.61884157,  49614.4,  46008.7,  671.443684692,  451.962268337,  2857.75
1579.63927603,  49625.0,  46018.0,  671.444271535,  451.962669309,  2857.03
1579.65971048,  49628.6,  46021.3,  671.44433868,  451.962891505,  2856.53
1579.68014493,  49629.3,  46022.0,  671.444101033,  451.962251714,  2857.65
1579.70057938,  49630.6,  46023.1,  671.444255885,  451.962556455,  2856.55
1579.72101393,  49612.0,  46006.7,  671.444063344,  451.962666925,  2856.84
1579.74144839,  49619.7,  46012.9,  671.444285506,  451.962429531,  2857.04
1579.76188274,  49614.1,  46008.4,  671.44401307,  451.962702519,  2856.19
1579.78231729,  49631.3,  46023.8,  671.443937301,  451.962201323,  2853.8
1579.80275175,  49628.9,  46021.2,  671.443474035,  451.963070397,  2853.31
1579.8231861,  49646.6,  46037.5,  671.444084538,  451.962988127,  2851.86
1579.84362065,  49627.0,  46019.9,  671.443966787,  451.962694756,  2853.78
1579.86405511,  49617.1,  46010.9,  671.444528897,  451.962927079,  2852.86
1579.88448946,  49624.1,  46017.3,  671.444466413,  451.962391953,  2851.66
1579.90492401,  49632.3,  46024.4,  671.443916949,  451.963204478,  2851.97
1579.92535847,  49619.8,  46013.2,  671.44478895,  451.963259983,  2854.04
1579.94579302,  49621.9,  46014.9,  671.444064872,  451.96341797,  2850.02
1579.96622738,  49643.8,  46034.2,  671.444217303,  451.963393681,  2851.69
1579.98666183,  49605.6,  46000.4,  671.444071902,  451.963391317,  2852.28
1580.00709639,  49614.1,  46007.9,  671.443949133,  451.963266166,  2850.74
1580.02753074,  49620.1,  46012.9,  671.444280708,  451.963293435,  2850.73
1580.0479652,  49632.5,  46024.9,  671.444574655,  451.963171932,  2849.98
1580.06839975,  49634.5,  46026.3,  671.444007888,  451.963220794,  2848.19
1580.08883411,  49625.8,  46017.9,  671.44442007,  451.963827201,  2847.71
1580.10926856,  49629.1,  46021.3,  671.44432519,  451.963927643,  2850.83
1580.12970312,  49631.4,  46023.0,  671.444349546,  451.963543476,  2847.55
1580.15013748,  49624.2,  46016.9,  671.444732014,  451.963817558,  2847.89
1580.17057203,  49621.9,  46015.0,  671.444688797,  451.963191693,  2850.35
1580.19100639,  49628.6,  46020.3,  671.443875687,  451.963692115,  2849.44
1580.21144085,  49616.8,  46010.8,  671.444135392,  451.963566484,  2846.83
1580.2318754,  49622.5,  46015.5,  671.444694693,  451.963597001,  2848.47
1580.25230976,  49634.1,  46025.3,  671.443690439,  451.963783403,  2847.07
1580.27274422,  49625.0,  46017.8,  671.444582476,  451.963912015,  2846.54
1580.29317878,  49637.4,  46028.2,  671.445011348,  451.963596112,  2842.58
1580.31361323,  49633.7,  46025.4,  671.444350405,  451.963412825,  2845.23
1580.33404769,  49636.9,  46027.8,  671.444972192,  451.96373983,  2847.01
1580.35448215,  49622.5,  46015.0,  671.444546258,  451.963601885,  2843.8
1580.37491661,  49623.1,  46015.8,  671.444859436,  451.963785997,  2844.08
1580.39535106,  49635.5,  46026.6,  671.444671384,  451.963532844,  2844.16
1580.41578552,  49625.2,  46017.3,  671.444317172,  451.96402486,  2844.75
1580.43621998,  49620.6,  46013.8,  671.444603832,  451.96449992,  2845.51
1580.45665454,  49629.9,  46021.4,  671.445231535,  451.964529972,  2842.17
1580.4770889,  49626.6,  46018.3,  671.444613834,  451.96447378,  2843.34
1580.49752336,  49621.2,  46013.7,  671.445157799,  451.964423691,  2845.11
1580.51795792,  49613.1,  46005.9,  671.444671935,  451.964264699,  2843.6
1580.53839228,  49645.9,  46035.7,  671.445499767,  451.964651404,  2842.89
1580.55882684,  49627.7,  46019.5,  671.444749143,  451.964500336,  2841.45
1580.5792613,  49637.6,  46027.7,  671.44468223,  451.964809992,  2840.53
1580.59969566,  49620.1,  46012.7,  671.445502713,  451.964527419,  2841.06
1580.62013022,  49625.8,  46017.6,  671.444600288,  451.964210167,  2843.0
1580.64056468,  49636.7,  46027.0,  671.444635263,  451.964606362,  2841.43
1580.66099904,  49631.4,  46023.0,  671.444963545,  451.964210415,  2844.61
1580.6814336,  49623.2,  46014.4,  671.444879314,  451.964921201,  2839.72
1580.70186806,  49623.7,  46015.4,  671.445429778,  451.964495211,  2842.14
1580.72230262,  49630.1,  46021.4,  671.444765978,  451.964012172,  2842.22
1580.74273698,  49642.6,  46032.5,  671.444739214,  451.964791837,  2843.67
1580.76317144,  49619.2,  46011.4,  671.444673219,  451.964598017,  2838.9
1580.78360601,  49638.8,  46029.0,  671.444625636,  451.964987402,  2839.78
1580.80404037,  49617.2,  46009.5,  671.445144757,  451.964312893,  2840.07
1580.82447483,  49617.1,  46009.5,  671.445331852,  451.965562537,  2841.34
1580.84490929,  49622.5,  46014.1,  671.444630214,  451.96463891,  2841.82
1580.86534376,  49627.3,  46018.8,  671.445254013,  451.96498237,  2840.18
1580.88577822,  49633.6,  46024.5,  671.445465655,  451.965558891,  2840.1
1580.90621268,  49619.9,  46011.5,  671.444469021,  451.965268964,  2838.52
1580.92664714,  49626.7,  46017.7,  671.445310004,  451.965138663,  2838.12
1580.94708171,  49634.5,  46025.2,  671.445014444,  451.965177366,  2839.85
1580.96751617,  49640.5,  46030.1,  671.444330388,  451.965081982,  2838.79
1580.98795053,  49647.1,  46036.0,  671.444910788,  451.965727647,  2836.7
1581.0083851,  49627.4,  46018.9,  671.445078646,  451.965208393,  2839.02
1581.02881956,  49634.2,  46023.9,  671.444768447,  451.96535571,  2838.49
1581.04925392,  49618.5,  46010.9,  671.445296315,  451.965164715,  2836.45
1581.06968849,  49637.3,  46027.1,  671.445145252,  451.965325904,  2838.56
1581.09012295,  49621.6,  46013.4,  671.445244385,  451.965114449,  2836.86
1581.11055752,  49626.4,  46017.0,  671.445368816,  451.965677841,  2837.96
1581.13099188,  49642.7,  46031.7,  671.445096044,  451.965861903,  2836.3
1581.15142635,  49622.3,  46013.9,  671.445574311,  451.965093284,  2835.79
1581.17186091,  49608.8,  46001.5,  671.445281802,  451.965732925,  2833.5
1581.19229528,  49612.2,  46004.5,  671.445489087,  451.965321993,  2837.03
1581.21272974,  49623.6,  46015.0,  671.445192983,  451.96521118,  2837.15
1581.23316431,  49639.0,  46028.6,  671.444930795,  451.965784292,  2835.34
1581.25359867,  49616.9,  46008.3,  671.444696623,  451.966196301,  2833.71
1581.27403314,  49636.0,  46025.8,  671.44528515,  451.965999782,  2836.76
1581.29446771,  49617.9,  46009.6,  671.444950789,  451.965878188,  2835.48
1581.31490207,  49619.7,  46011.3,  671.445337896,  451.965650273,  2834.7
1581.33533664,  49634.6,  46024.4,  671.445311227,  451.966063511,  2834.18
1581.3557711,  49616.3,  46007.6,  671.445579246,  451.965671862,  2835.01
1581.37620557,  49622.4,  46013.7,  671.445918671,  451.965738592,  2833.1
1581.39664004,  49627.4,  46017.8,  671.445092329,  451.965712855,  2835.2
1581.4170745,  49618.8,  46010.0,  671.44551932,  451.965893495,  2833.45
1581.43750897,  49618.5,  46009.9,  671.44568711,  451.965939451,  2834.71
1581.45794344,  49620.9,  46011.6,  671.44465736,  451.967050343,  2832.5
1581.47837791,  49625.7,  46016.0,  671.445107269,  451.965653296,  2830.64
1581.49881237,  49616.4,  46007.8,  671.445611182,  451.965277179,  2832.2
1581.51924684,  49623.0,  46013.6,  671.445067247,  451.965875494,  2830.7
1581.53968131,  49630.3,  46021.0,  671.44541581,  451.965995169,  2831.55
1581.56011578,  49639.1,  46028.0,  671.444979534,  451.966291991,  2832.29
1581.58055025,  49636.3,  46026.5,  671.445442607,  451.966014515,  2827.86
1586.8322071,  49628.2,  46020.1,  671.450487869,  451.985031124,  2777.13
1586.85264171,  49631.9,  46024.7,  671.451495448,  451.985247523,  2779.53
1586.87307612,  49615.1,  46008.8,  671.450423808,  451.985806515,  2777.95
1586.89351072,  49595.8,  45992.2,  671.451794938,  451.984947799,  2781.69
1586.91394523,  49613.2,  46007.3,  671.451856951,  451.985781274,  2776.79
1586.93437964,  49619.1,  46012.6,  671.451566895,  451.985423457,  2778.99
1586.95481425,  49605.9,  46000.7,  671.452727027,  451.984995252,  2776.13
1586.97524876,  49611.1,  46005.2,  671.452436836,  451.98593171,  2779.01
1586.99568327,  49623.8,  46015.9,  671.452032621,  451.985616849,  2777.64
1587.01611778,  49634.0,  46026.1,  671.452481349,  451.985982782,  2776.89
1587.03655229,  49610.0,  46004.0,  671.452261402,  451.986083733,  2775.37
1587.0569869,  49624.7,  46016.7,  671.452279208,  451.986246441,  2776.08
1587.07742141,  49619.7,  46012.2,  671.452429387,  451.986246707,  2777.5
1587.09785583,  49642.1,  46031.9,  671.452652248,  451.98585581,  2776.42
1587.11829044,  49605.4,  45998.7,  671.451926931,  451.986414348,  2776.12
1587.13872495,  49630.6,  46020.6,  671.451952117,  451.986318313,  2780.41
1587.15915936,  49624.7,  46015.3,  671.452499473,  451.985853478,  2779.33
1587.17959397,  49614.5,  46007.2,  671.452497218,  451.986218647,  2776.6
1587.20002848,  49624.1,  46015.1,  671.451741269,  451.986360535,  2777.76
1587.22046299,  49637.9,  46027.2,  671.4517254,  451.986369642,  2776.38
1587.2408975,  49627.4,  46017.5,  671.452220766,  451.986241301,  2775.65
1587.26133192,  49610.3,  46002.2,  671.451956796,  451.986948235,  2773.6
1587.28176653,  49636.9,  46025.2,  671.452225092,  451.986888533,  2775.93
1587.30220104,  49625.7,  46015.7,  671.452372958,  451.986541154,  2774.57
1587.32263545,  49629.8,  46018.8,  671.452499401,  451.986490963,  2776.52
1587.34307006,  49629.8,  46018.3,  671.45142069,  451.987236606,  2779.04
1587.36350458,  49616.2,  46006.1,  671.451435623,  451.986864978,  2772.85
1587.38393919,  49609.4,  45999.3,  671.451182545,  451.986606538,  2774.09
1587.4043736,  49638.4,  46026.1,  671.451675248,  451.986623504,  2774.27
1587.42480812,  49630.2,  46017.6,  671.451427208,  451.986666437,  2772.96
1587.44524273,  49619.7,  46008.1,  671.452400258,  451.986549154,  2775.01
1587.46567714,  49639.3,  46025.7,  671.451355045,  451.987214504,  2773.33
1587.50654627,  49620.3,  46008.7,  671.451395926,  451.986572616,  2774.03
1587.52698068,  49640.3,  46025.9,  671.451708154,  451.986856016,  2769.09
1587.5474153,  49636.9,  46022.4,  671.45148253,  451.986408375,  2772.86
1587.56784981,  49630.9,  46017.0,  671.451415239,  451.986265931,  2769.82
1587.58828432,  49645.7,  46030.4,  671.450965872,  451.986942562,  2771.26
1587.60871884,  49645.6,  46030.0,  671.45086106,  451.986640505,  2772.34
1587.62915335,  49626.5,  46012.5,  671.451574851,  451.986763201,  2770.37
1587.64958787,  49624.9,  46011.4,  671.45147397,  451.98615894,  2769.88
1587.67002238,  49624.1,  46010.4,  671.451333109,  451.986513292,  2769.74
1587.6904569,  49629.5,  46015.6,  671.451584835,  451.986715049,  2769.16
1587.71089151,  49626.1,  46011.8,  671.451183352,  451.986574825,  2768.66
1587.73132593,  49640.3,  46024.6,  671.451734601,  451.986329111,  2768.6
1587.75176044,  49642.8,  46027.1,  671.452266848,  451.986686077,  2768.83
1587.77219506,  49629.7,  46014.4,  671.451170848,  451.986737958,  2770.17
1587.79262957,  49639.0,  46023.4,  671.45154171,  451.986408717,  2766.76
1587.81306399,  49632.9,  46017.3,  671.451797331,  451.985890241,  2767.62
1587.8334986,  49627.3,  46012.1,  671.451910855,  451.98633951,  2767.27
1587.85393302,  49616.4,  46002.9,  671.452220145,  451.985972366,  2766.16
1587.87436764,  49642.8,  46026.2,  671.451222202,  451.986262221,  2766.96
1587.89480215,  49636.1,  46019.6,  671.451782324,  451.98616219,  2768.15
1587.91523657,  49656.3,  46038.0,  671.451663637,  451.986074065,  2767.9
1587.93567118,  49635.6,  46019.0,  671.451576359,  451.985984782,  2767.94
1587.9561057,  49628.2,  46013.7,  671.45246973,  451.98580459,  2767.44
1587.97654012,  49644.1,  46027.1,  671.45176056,  451.985874986,  2766.05
1587.99697473,  49641.2,  46024.3,  671.452055055,  451.985743197,  2764.54
1588.01740925,  49631.9,  46016.2,  671.451916665,  451.985471409,  2766.23
1588.03784367,  49618.1,  46003.2,  671.451908233,  451.985784251,  2765.38
1588.05827829,  49635.9,  46019.2,  671.451832261,  451.985106871,  2763.17
1588.0787128,  49625.0,  46009.6,  671.452057628,  451.985463571,  2766.71
1588.09914742,  49627.7,  46011.8,  671.451264785,  451.98550854,  2764.2
1588.11958184,  49641.8,  46024.2,  671.452179011,  451.985263138,  2764.89
1588.14001636,  49634.9,  46018.1,  671.451945006,  451.985378674,  2764.42
1588.16045097,  49627.0,  46010.4,  671.451639742,  451.985351041,  2763.55
1588.18088539,  49630.1,  46014.0,  671.452190386,  451.984831943,  2760.97
1588.20131991,  49620.7,  46005.1,  671.451737521,  451.984656864,  2764.29
1588.22175453,  49628.7,  46012.0,  671.450975279,  451.985034994,  2762.74
1588.24218895,  49633.5,  46016.9,  671.452243345,  451.98456815,  2758.8
1588.26262357,  49633.4,  46015.6,  671.451608989,  451.984862458,  2760.81
1588.28305808,  49633.9,  46016.6,  671.451883095,  451.984393229,  2759.23
1588.3034926,  49635.6,  46018.3,  671.451668209,  451.985332906,  2759.43
1588.32392712,  49632.3,  46014.9,  671.451346816,  451.984644065,  2760.68
1588.34436164,  49636.9,  46019.2,  671.451724701,  451.984413055,  2760.33
1588.36479616,  49624.9,  46008.3,  671.451515411,  451.984630498,  2761.75
1588.38523068,  49626.6,  46009.7,  671.451326536,  451.984752941,  2759.0
1588.4056652,  49613.1,  45997.6,  671.451633994,  451.984489471,  2761.02
1588.42609972,  49626.2,  46009.0,  671.451935615,  451.98434021,  2757.83
1588.44653434,  49638.5,  46019.4,  671.451410185,  451.98417003,  2759.3
1588.46696876,  49627.9,  46010.5,  671.451882677,  451.984291122,  2759.59
1588.48740338,  49626.5,  46009.2,  671.451135603,  451.984578661,  2757.08
1588.5078378,  49635.7,  46017.7,  671.45210253,  451.984761521,  2758.51
1588.52827232,  49636.7,  46018.5,  671.451653422,  451.984574063,  2754.69
1588.54870694,  49631.6,  46013.6,  671.451099618,  451.984252868,  2752.55
1588.56914136,  49629.2,  46011.8,  671.451518327,  451.984855208,  2757.45
1588.58957588,  49630.4,  46012.2,  671.451827781,  451.984078211,  2752.55
1588.6100105,  49643.0,  46023.2,  671.45128264,  451.984456594,  2754.72
1588.63044492,  49630.2,  46012.1,  671.451655107,  451.984209429,  2755.8
1588.65087954,  49630.8,  46012.5,  671.451735965,  451.984821993,  2753.1
1588.67131407,  49626.0,  46008.0,  671.451240338,  451.984073538,  2753.83
1588.69174849,  49642.1,  46022.7,  671.451431909,  451.983908879,  2755.66
1588.71218311,  49620.3,  46002.9,  671.45129818,  451.984123763,  2752.35
1588.73261763,  49628.3,  46009.9,  671.450867275,  451.984503575,  2752.16
1588.75305205,  49638.5,  46019.2,  671.451379448,  451.983857346,  2754.5
1588.77348667,  49624.8,  46006.3,  671.450958815,  451.984242005,  2752.1
1588.7939212,  49632.9,  46014.3,  671.451779007,  451.98442566,  2752.87
1588.81435572,  49629.2,  46010.3,  671.450875302,  451.984210053,  2752.95
1588.83479024,  49637.4,  46017.5,  671.451127523,  451.984304396,  2752.71
1588.85522476,  49644.4,  46024.5,  671.451141566,  451.984180645,  2751.75
1588.87565939,  49625.5,  46006.4,  671.450997814,  451.983788811,  2752.56
1588.89609381,  49639.1,  46018.9,  671.450922556,  451.98391138,  2751.54
1588.91652833,  49640.1,  46019.8,  671.451014601,  451.984179282,  2750.23
1588.93696296,  49622.6,  46003.7,  671.4512629,  451.984057699,  2751.22
1588.95739748,  49636.8,  46016.1,  671.451245763,  451.984213178,  2751.79
1588.9778319,  49622.6,  46003.9,  671.451152353,  451.98394089,  2751.24
1588.99826653,  49647.8,  46026.5,  671.450698641,  451.983851351,  2750.41
1589.01870105,  49640.5,  46020.3,  671.451043968,  451.983637379,  2748.42
1589.03913547,  49642.9,  46021.7,  671.451109727,  451.984593473,  2751.24
1589.0595701,  49643.3,  46022.1,  671.450665084,  451.984169896,  2751.32
1589.08000462,  49641.5,  46020.5,  671.451117431,  451.983768994,  2747.84
1589.10043924,  49637.8,  46016.5,  671.450648844,  451.98419585,  2749.39
1589.12087367,  49619.2,  46000.2,  671.450549195,  451.98377326,  2751.81
1589.14130819,  49638.9,  46018.0,  671.450822505,  451.983711809,  2749.03
1589.16174272,  49643.9,  46021.7,  671.450445063,  451.984311776,  2749.37
1589.18217724,  49654.8,  46031.7,  671.450838911,  451.983557949,  2746.87
1589.20261167,  49639.4,  46017.7,  671.450474424,  451.98451132,  2746.92
1589.22304629,  49629.2,  46008.6,  671.450192074,  451.983878314,  2746.33
1589.24348082,  49656.9,  46033.9,  671.45064952,  451.984078664,  2747.09
1589.26391544,  49650.1,  46027.2,  671.450129648,  451.984024518,  2747.5
1589.28434987,  49645.1,  46022.9,  671.45029336,  451.983940498,  2746.27
1589.30478439,  49652.7,  46029.9,  671.450781027,  451.98404149,  2746.02
1589.32521902,  49628.5,  46007.4,  671.450247714,  451.983747947,  2746.88
1589.34565344,  49645.5,  46023.4,  671.449866654,  451.983735292,  2747.54
1589.36608797,  49645.4,  46022.6,  671.450712679,  451.983678348,  2744.9
1589.38652259,  49644.8,  46021.6,  671.449839598,  451.984007385,  2745.18
1589.40695702,  49623.6,  46003.5,  671.450219612,  451.984300624,  2744.48
1589.42739155,  49638.3,  46016.1,  671.450085028,  451.983852435,  2745.11
1589.44782617,  49633.6,  46011.8,  671.449601705,  451.983916655,  2744.98
1589.4682607,  49640.4,  46018.3,  671.450857824,  451.983604111,  2746.32
1589.48869523,  49639.5,  46016.7,  671.449773507,  451.984203352,  2745.04
1589.50912975,  49636.6,  46014.9,  671.450367064,  451.983654213,  2745.89
1589.52956428,  49642.0,  46019.5,  671.449992117,  451.983532009,  2742.38
1589.54999881,  49647.5,  46023.9,  671.450049514,  451.984092979,  2741.93
1589.57043333,  49642.1,  46019.7,  671.450417019,  451.983591597,  2743.6
1589.59086786,  49647.7,  46024.2,  671.450249265,  451.984165133,  2743.62
1589.61130249,  49646.5,  46023.3,  671.449847516,  451.984191842,  2743.69
1589.63173692,  49646.8,  46023.7,  671.450075559,  451.984031977,  2742.34
1589.65217144,  49653.0,  46028.9,  671.449828244,  451.983770303,  2744.06
1589.67260607,  49649.0,  46025.2,  671.450622168,  451.983705131,  2740.99
1589.6930405,  49657.3,  46033.0,  671.449514693,  451.984028364,  2742.56
1589.71347513,  49634.6,  46012.5,  671.449987951,  451.983729207,  2741.68
1589.73390966,  49652.1,  46027.8,  671.449747892,  451.98373753,  2741.38
1589.75434408,  49639.3,  46016.7,  671.450388393,  451.984574365,  2741.45
1589.77477871,  49655.6,  46031.2,  671.449620326,  451.984320867,  2743.01
1589.79521324,  49653.7,  46029.7,  671.449459177,  451.984165488,  2743.48
1589.81564767,  49649.8,  46025.5,  671.449035512,  451.984002131,  2742.65
1589.85651673,  49645.4,  46021.7,  671.449899116,  451.983815247,  2741.13
1589.87695136,  49649.4,  46024.5,  671.449763314,  451.984018266,  2739.01
1589.89738588,  49645.7,  46021.5,  671.449210323,  451.984017457,  2740.22
1589.91782031,  49643.1,  46019.9,  671.449728134,  451.984193541,  2738.43
1589.93825494,  49642.7,  46018.4,  671.448943888,  451.9843115,  2738.66
1589.95868947,  49652.8,  46027.9,  671.449283197,  451.983932184,  2739.65
1589.9791239,  49645.7,  46021.4,  671.449570674,  451.98417947,  2739.59
1589.99955853,  49648.7,  46023.5,  671.449339094,  451.984254678,  2737.78
1590.01999306,  49652.1,  46027.1,  671.449489863,  451.984229208,  2735.79
1590.04042759,  49664.2,  46037.6,  671.448788166,  451.984265727,  2739.28
1590.06086212,  49635.3,  46011.5,  671.449469617,  451.984061092,  2736.69
1590.08129665,  49642.8,  46019.1,  671.44982467,  451.984210358,  2737.69
1590.10173128,  49646.9,  46021.6,  671.449557995,  451.984343124,  2738.1
1590.12216571,  49628.2,  46005.9,  671.44932176,  451.984577798,  2737.44
1590.14260024,  49641.3,  46017.1,  671.449634814,  451.984927531,  2738.02
1590.16303487,  49649.2,  46023.8,  671.448787959,  451.984541856,  2734.03
1590.18346941,  49647.3,  46022.3,  671.449449376,  451.984907877,  2736.39
1590.20390384,  49653.3,  46028.2,  671.449259682,  451.984306445,  2735.46
1590.22433847,  49639.8,  46014.9,  671.448947819,  451.984579914,  2737.43
1590.244773,  49659.6,  46032.9,  671.449288469,  451.984687005,  2738.51
1590.26520743,  49629.0,  46005.7,  671.449203533,  451.984383416,  2732.81
1590.28564206,  49631.0,  46007.5,  671.449432932,  451.984613677,  2736.61
1590.30607659,  49633.1,  46009.8,  671.449687767,  451.984935867,  2735.55
1590.32651122,  49628.9,  46005.5,  671.449634896,  451.983916967,  2735.12
1590.34694566,  49651.8,  46026.8,  671.449310882,  451.984362479,  2734.49
1590.36738019,  49641.8,  46016.9,  671.449353264,  451.98426885,  2735.05
1590.38781482,  49642.5,  46017.6,  671.448679718,  451.984808717,  2735.27
1590.40824925,  49643.6,  46018.8,  671.449465146,  451.98419378,  2734.03
1590.42868379,  49643.7,  46018.6,  671.449661308,  451.98434501,  2734.92
1590.44911832,  49639.2,  46014.5,  671.448983913,  451.985207856,  2735.58
1590.46955285,  49644.3,  46019.6,  671.449985643,  451.98455639,  2733.08
1590.48998748,  49648.0,  46022.1,  671.449443997,  451.984748479,  2734.23
1590.51042192,  49652.8,  46026.7,  671.449722005,  451.984682723,  2733.68
1590.53085645,  49643.2,  46017.9,  671.449074881,  451.984637699,  2732.83
1590.55129108,  49638.5,  46014.1,  671.44931595,  451.984755113,  2733.46
1590.57172552,  49637.5,  46012.5,  671.448991575,  451.984416476,  2732.67
1590.59216005,  49639.3,  46014.6,  671.449017836,  451.984667829,  2730.29
1590.61259468,  49637.8,  46013.1,  671.448925009,  451.984681045,  2733.69
1590.63302912,  49662.7,  46035.2,  671.448495954,  451.98485401,  2730.24
1590.65346365,  49651.0,  46024.5,  671.449016575,  451.984687657,  2732.03
1590.67389828,  49647.8,  46021.8,  671.449422397,  451.984684644,  2732.54
1590.69433282,  49643.8,  46018.4,  671.449238434,  451.984887332,  2730.39
1590.71476735,  49641.2,  46015.8,  671.4490373,  451.984915416,  2734.55
1590.73520189,  49646.1,  46020.6,  671.449188558,  451.984898881,  2731.01
1590.75563642,  49659.0,  46031.4,  671.449254841,  451.984046748,  2732.15
1590.77607095,  49628.8,  46003.9,  671.448926916,  451.984609982,  2731.06
1590.79650549,  49641.1,  46015.6,  671.449760507,  451.984379011,  2729.04
1590.81694002,  49640.4,  46015.0,  671.448700092,  451.984920261,  2727.5
1590.83737466,  49646.5,  46020.6,  671.448936729,  451.984590143,  2729.91
1590.85780909,  49629.4,  46005.6,  671.44923931,  451.984741234,  2732.68
1590.87824363,  49639.7,  46013.9,  671.449044413,  451.984893318,  2731.18
1590.89867826,  49639.7,  46014.0,  671.448534638,  451.984734709,  2730.66
1590.9191127,  49647.4,  46021.2,  671.44887123,  451.984508628,  2731.05
1590.93954734,  49647.2,  46020.6,  671.449075797,  451.984299673,  2727.77
1590.95998187,  49647.6,  46021.5,  671.449079749,  451.98448327,  2729.98
1590.98041631,  49638.4,  46009.8,  671.446597661,  451.985805693,  2730.54
1591.00085094,  49637.0,  46010.7,  671.448606692,  451.984970658,  2728.25
