Kepler I.D.-----Channel

[5699617]--------[66]

-TTYPE1--------TTYPE8------------TTYPE4-----------TTYPE15------------TTYPE17-----------TTYPE6

['TIME']---['PDCSAP_FLUX']---['SAP_FLUX']---['MOM_CENTR1']---['MOM_CENTR2']---['SAP_BKG']

['BJD - 2454833']--['e-/s']--------['e-/s']---------['pixel']---------['pixel']----------['e-/s']

CROWDSAP --- 0.9731

5699617

1559.24642025,  16733.7,  14977.7,  668.806023699,  895.48743993,  899.083
1559.26685458,  16541.3,  14810.3,  668.80614986,  895.488570251,  898.92
1559.28728901,  15250.1,  13683.2,  668.804472137,  895.488130713,  897.788
1559.30772324,  13114.2,  11818.7,  668.801098785,  895.489588749,  897.941
1559.32815757,  10986.1,  9961.51,  668.796043433,  895.489366444,  899.159
1559.348592,  12434.8,  11225.2,  668.799264685,  895.488380042,  898.938
1559.36902623,  14689.5,  13193.4,  668.803326982,  895.48921918,  898.534
1559.38946066,  16062.1,  14391.7,  668.803921497,  895.489231012,  899.188
1559.409895,  16482.0,  14757.7,  668.804702985,  895.489701832,  898.716
1559.43032933,  15743.8,  14113.5,  668.805508315,  895.488852422,  897.997
1559.45076366,  14280.6,  12836.4,  668.802008557,  895.489191637,  898.072
1559.47119799,  12720.2,  11474.1,  668.799442716,  895.489251911,  897.597
1559.49163233,  13673.7,  12306.5,  668.800994081,  895.488614184,  898.465
1559.51206666,  15593.3,  13981.4,  668.803114133,  895.488903637,  898.096
1559.53250099,  16676.9,  14927.1,  668.80476152,  895.488927957,  897.713
1559.55293532,  16664.0,  14916.3,  668.803918366,  895.48854998,  898.05
1559.57336966,  15485.2,  13887.3,  668.802642734,  895.488459636,  897.773
1559.59380399,  13500.1,  12154.7,  668.80042156,  895.48925221,  898.818
1559.61423833,  11128.0,  10083.8,  668.795716521,  895.490476278,  897.634
1559.63467266,  12087.8,  10922.0,  668.79762977,  895.491024396,  897.393
1559.65510699,  14437.0,  12972.1,  668.801573341,  895.488960796,  897.068
1559.67554143,  15929.5,  14274.9,  668.803392571,  895.488038168,  896.542
1559.69597566,  16502.8,  14774.9,  668.80360115,  895.488253425,  896.654
1559.71641,  15931.4,  14276.6,  668.803488238,  895.48836948,  896.16
1559.73684443,  14527.8,  13051.2,  668.801982883,  895.488683371,  897.925
1559.75727867,  12830.5,  11570.0,  668.798975827,  895.48878658,  897.665
1559.7777131,  13402.5,  12069.4,  668.801392645,  895.488350796,  897.133
1559.79814744,  15364.3,  13780.9,  668.803189053,  895.488451332,  897.249
1559.81858167,  16588.7,  14849.5,  668.803554656,  895.488627332,  896.813
1559.83901611,  16766.8,  15005.7,  668.804391168,  895.487864668,  896.694
1559.85945045,  15715.9,  14087.9,  668.802843892,  895.486960103,  895.337
1559.87988468,  13843.5,  12453.6,  668.800456041,  895.487822205,  896.029
1559.90031912,  11326.5,  10256.5,  668.795791225,  895.489312092,  895.872
1559.92075346,  11744.3,  10621.2,  668.796921283,  895.4887334,  895.888
1559.94118789,  14181.3,  12748.5,  668.801310825,  895.488444898,  895.662
1559.96162213,  15751.9,  14119.0,  668.803090785,  895.488546774,  895.018
1559.98205647,  16499.7,  14771.7,  668.80484616,  895.488208351,  895.647
1560.00249091,  16077.3,  14403.3,  668.803577293,  895.487658855,  894.889
1560.02292514,  14779.9,  13270.4,  668.801690258,  895.487870148,  895.167
1560.04335948,  12978.2,  11698.3,  668.799073806,  895.489759648,  894.7
1560.06379392,  13147.5,  11846.0,  668.799713409,  895.488611643,  894.761
1560.08422816,  15126.3,  13572.7,  668.802988535,  895.487897232,  895.309
1560.1046626,  16474.2,  14749.6,  668.804740374,  895.487634402,  893.781
1560.12509694,  16815.8,  15047.2,  668.805097325,  895.487530614,  894.183
1560.14553118,  15910.6,  14257.2,  668.802648039,  895.487570379,  894.124
1560.16596561,  14184.7,  12751.2,  668.801198324,  895.487694268,  893.505
1560.18639995,  11613.5,  10506.7,  668.797816646,  895.488054105,  894.739
1560.20683419,  11475.6,  10386.4,  668.797650752,  895.488875291,  895.106
1560.22726863,  13906.3,  12508.4,  668.801152122,  895.486996866,  893.437
1560.24770297,  15584.6,  13972.8,  668.803379135,  895.48820392,  894.313
1560.26813721,  16486.2,  14759.3,  668.804282323,  895.487583048,  893.305
1560.28857165,  16197.5,  14507.5,  668.803738808,  895.486954799,  892.357
1560.30900599,  15004.4,  13466.2,  668.804084641,  895.488304744,  893.836
1560.32944034,  13193.4,  11885.4,  668.800356892,  895.488008393,  893.148
1560.34987468,  12947.2,  11670.5,  668.799846679,  895.48888311,  892.759
1560.37030902,  14864.6,  13344.0,  668.802389383,  895.488056284,  892.076
1560.39074346,  16332.9,  14625.7,  668.804641672,  895.487364713,  891.922
1560.4111777,  16844.2,  15071.4,  668.805391406,  895.486411055,  893.121
1560.43161204,  16111.1,  14431.8,  668.804256191,  895.4878896,  891.335
1560.45204648,  14472.6,  13001.9,  668.801088251,  895.486887243,  892.689
1560.47248073,  11938.8,  10790.1,  668.798794287,  895.488133763,  892.483
1560.49291517,  11224.4,  10166.6,  668.796635391,  895.48799976,  892.357
1560.51334951,  13594.0,  12234.9,  668.801867987,  895.48804325,  892.397
1560.53378375,  15411.9,  13821.8,  668.804255443,  895.486526827,  891.34
1560.5542182,  16430.7,  14710.6,  668.804459508,  895.487195075,  891.256
1560.57465254,  16321.5,  14615.3,  668.803050057,  895.486054691,  892.756
1560.59508678,  15229.0,  13661.7,  668.803209255,  895.486711981,  891.721
1560.61552123,  13431.2,  12092.7,  668.800914375,  895.486192578,  891.072
1560.63595557,  12781.6,  11525.3,  668.799460832,  895.487131742,  891.106
1560.65638992,  14569.9,  13086.6,  668.802845705,  895.486205253,  891.499
1560.67682426,  16158.9,  14473.6,  668.804765663,  895.485744577,  892.01
1560.6972586,  16826.1,  15055.3,  668.805263603,  895.485834896,  892.794
1560.73812729,  14745.1,  13239.6,  668.802941391,  895.486225632,  890.841
1560.75856164,  12302.5,  11107.2,  668.799487399,  895.4870132,  891.541
1560.77899608,  11063.9,  10026.3,  668.796503255,  895.487380731,  890.465
1560.79943033,  13276.2,  11956.8,  668.799587506,  895.487200769,  890.84
1560.81986467,  15231.7,  13663.8,  668.803369788,  895.484626559,  892.679
1560.84029912,  16355.3,  14645.4,  668.80535499,  895.484255319,  904.564
1560.9629052,  15981.0,  14318.8,  668.804610033,  895.485419606,  914.325
1560.98333945,  16799.7,  15032.8,  668.805224218,  895.485611072,  912.141
1561.00377389,  16433.2,  14714.7,  668.805115954,  895.484659961,  908.935
1561.02420824,  15005.7,  13468.1,  668.804249175,  895.486244848,  908.41
1561.04464269,  12697.6,  11453.1,  668.801451039,  895.486898798,  908.55
1561.06507694,  11002.8,  9974.28,  668.793806296,  895.487042225,  908.309
1561.08551128,  12946.6,  11670.7,  668.799693124,  895.485899232,  908.478
1561.10594573,  15013.2,  13474.1,  668.803100501,  895.484423598,  906.266
1561.12637998,  16272.6,  14572.7,  668.805527219,  895.484536919,  904.146
1561.14681433,  16474.2,  14748.4,  668.805830365,  895.485043612,  902.654
1561.16724878,  15593.8,  13980.6,  668.805026246,  895.482975202,  902.555
1561.18768303,  13993.1,  12583.2,  668.802274634,  895.485202577,  901.357
1561.20811738,  12633.5,  11396.0,  668.802086091,  895.48677886,  901.189
1561.22855183,  13999.5,  12588.3,  668.800495818,  895.485437374,  899.94
1561.24898608,  15808.3,  14167.1,  668.805339021,  895.484046384,  898.345
1561.26942053,  16742.1,  14982.3,  668.804905651,  895.484889686,  897.809
1561.28985488,  16558.3,  14821.6,  668.803946215,  895.484207694,  898.431
1561.31028923,  15220.4,  13653.6,  668.803765061,  895.483133426,  897.03
1561.33072358,  13061.2,  11769.2,  668.802060556,  895.484791852,  896.178
1561.35115793,  11006.2,  9975.91,  668.796288397,  895.485017213,  896.602
1561.37159228,  12540.7,  11314.9,  668.799563076,  895.484132721,  895.843
1561.39202663,  14794.7,  13282.5,  668.802720267,  895.484681719,  894.229
1561.41246098,  16166.1,  14479.1,  668.802962736,  895.483600502,  893.652
1561.43289543,  16533.5,  14799.1,  668.804329775,  895.484352911,  893.535
1561.45332968,  15752.8,  14118.2,  668.80270314,  895.484086305,  892.628
1561.47376403,  14208.9,  12770.7,  668.801788325,  895.48438582,  892.253
1561.49419839,  12666.1,  11423.9,  668.799214659,  895.485278459,  892.223
1561.51463274,  13681.4,  12310.0,  668.801522998,  895.484755418,  892.201
1561.53506709,  15577.8,  13965.2,  668.802366605,  895.483442323,  890.327
1561.55550154,  16675.4,  14922.9,  668.804397124,  895.484046934,  891.343
1561.5759358,  16617.9,  14873.5,  668.803865874,  895.484951697,  890.172
1561.59637015,  15428.7,  13834.8,  668.803098248,  895.484137718,  890.663
1561.6168046,  13416.4,  12078.8,  668.801039892,  895.4837873,  890.417
1561.63723885,  11112.9,  10068.0,  668.797802553,  895.485590565,  889.83
1561.65767331,  12181.2,  11000.1,  668.798093973,  895.48439681,  890.076
1561.67810766,  14520.2,  13042.0,  668.802150891,  895.484480532,  888.329
1561.69854192,  15998.2,  14331.8,  668.802976699,  895.484215321,  889.165
1561.71897637,  16534.9,  14800.1,  668.804028774,  895.484769965,  888.059
1561.73941072,  15920.9,  14264.8,  668.802996402,  895.48404051,  888.335
1561.75984498,  14467.4,  12995.6,  668.801766661,  895.484325981,  889.243
1561.78027943,  12805.6,  11545.4,  668.800207582,  895.486522054,  888.731
1561.80071379,  13410.0,  12073.0,  668.801890776,  895.484276045,  887.101
1561.82114824,  15374.6,  13787.2,  668.803498556,  895.483032313,  887.569
1561.8415825,  16584.5,  14843.3,  668.804237588,  895.483484259,  887.096
1561.86201685,  16714.8,  14956.8,  668.80287884,  895.482926753,  887.168
1561.88245131,  15643.7,  14022.0,  668.803169822,  895.484873013,  887.519
1561.90288556,  13785.9,  12400.4,  668.800050703,  895.484639835,  887.297
1561.92331992,  11297.5,  10228.5,  668.796811168,  895.485221072,  885.653
1561.94375438,  11828.4,  10692.0,  668.796590866,  895.484267141,  886.853
1561.96418863,  14254.2,  12809.0,  668.801001641,  895.484755256,  887.102
1561.98462299,  15815.7,  14171.5,  668.803418623,  895.483294233,  887.23
1562.00505745,  16523.3,  14789.4,  668.803736424,  895.483955808,  886.401
1562.0254918,  16058.3,  14383.5,  668.802186584,  895.484003587,  885.46
1562.04592616,  14710.3,  13206.7,  668.801538514,  895.483620399,  885.819
1562.06636052,  12919.9,  11644.4,  668.799649807,  895.483775262,  885.118
1562.08679477,  13166.1,  11858.8,  668.798979235,  895.484491947,  886.528
1562.10722923,  15145.8,  13586.8,  668.804044959,  895.483766979,  885.062
1562.12766359,  16472.9,  14745.2,  668.802915962,  895.483173172,  886.254
1562.14809785,  16767.9,  15002.7,  668.803817486,  895.483768374,  885.379
1562.16853231,  15844.7,  14196.7,  668.801981828,  895.483819557,  884.781
1562.18896667,  14090.7,  12666.0,  668.799390321,  895.482729207,  885.421
1562.20940112,  11554.9,  10452.3,  668.795178966,  895.482867464,  884.933
1562.22983538,  11535.1,  10435.0,  668.795224693,  895.483792039,  884.371
1562.25026974,  13971.3,  12561.5,  668.801593002,  895.483640323,  884.089
1562.2707042,  15647.1,  14024.1,  668.80233644,  895.483608531,  884.525
1562.29113846,  16511.3,  14778.3,  668.80357176,  895.483046503,  884.59
1562.31157282,  16195.1,  14502.4,  668.802595447,  895.483357201,  883.225
1562.33200728,  14971.1,  13433.7,  668.801950136,  895.483739043,  883.768
1562.35244154,  13114.6,  11813.7,  668.800239147,  895.483299447,  883.224
1562.372876,  12954.6,  11673.7,  668.79828171,  895.483714846,  883.907
1562.39331036,  14900.2,  13372.0,  668.801182674,  895.481929697,  882.901
1562.41374462,  16347.2,  14634.9,  668.801614214,  895.483682455,  882.505
1562.43417908,  16832.0,  15058.1,  668.802787114,  895.482734483,  882.001
1562.45461344,  16061.9,  14385.6,  668.801800716,  895.484757748,  883.218
1562.4750477,  14396.6,  12932.5,  668.801578846,  895.483474998,  882.452
1562.49548216,  11872.4,  10729.4,  668.797603449,  895.483867512,  881.193
1562.51591653,  11295.2,  10225.5,  668.795637591,  895.482696989,  882.298
1562.53635089,  13683.2,  12309.6,  668.798188622,  895.484963541,  881.062
1562.55678525,  15474.8,  13873.1,  668.802127935,  895.483379054,  881.257
1562.57721961,  16486.6,  14756.1,  668.803140292,  895.483512282,  880.913
1562.59765407,  16309.7,  14601.6,  668.802438659,  895.482948311,  880.482
1562.61808834,  15185.5,  13620.4,  668.801308435,  895.483387296,  880.952
1562.6385227,  13342.0,  12011.6,  668.7989723,  895.483234039,  881.111
1562.65895716,  12778.6,  11519.7,  668.798462076,  895.480544829,  881.772
1562.67939152,  14623.6,  13130.1,  668.801240264,  895.483345154,  881.785
1562.69982579,  16198.6,  14504.5,  668.801970733,  895.483426091,  882.075
1562.72026025,  16836.2,  15060.9,  668.801993456,  895.4828761,  881.439
1562.74069451,  16216.9,  14520.9,  668.803034362,  895.482587823,  880.181
1562.76112898,  14662.0,  13163.5,  668.80035188,  895.482046009,  880.908
1562.78156334,  12231.9,  11041.8,  668.797920207,  895.483345415,  880.282
1562.8019976,  11125.0,  10076.3,  668.795031731,  895.483413363,  880.257
1562.82243207,  13366.0,  12032.4,  668.799051716,  895.481801257,  880.905
1562.84286643,  15297.1,  13717.4,  668.802456647,  895.482537072,  880.312
1562.8633007,  16414.4,  14693.0,  668.802575837,  895.482433965,  879.553
1562.88373516,  16416.1,  14694.0,  668.80271219,  895.482631511,  878.794
1562.90416953,  15382.8,  13792.8,  668.801779246,  895.482346546,  879.289
1562.92460379,  13607.5,  12242.8,  668.798244846,  895.482641585,  880.424
1562.94503826,  12684.4,  11436.9,  668.797901993,  895.483366886,  880.352
1562.96547262,  14342.0,  12883.9,  668.799245815,  895.482060195,  879.759
1562.98590709,  16017.7,  14346.7,  668.801602002,  895.483449514,  879.396
1563.00634136,  16813.3,  15040.1,  668.802377014,  895.482860025,  879.15
1563.02677572,  16370.4,  14653.6,  668.801864372,  895.482246632,  880.511
1563.04721019,  14928.0,  13395.1,  668.800142358,  895.482763492,  878.62
1563.06764445,  12613.1,  11374.3,  668.797085163,  895.482614287,  880.262
1563.08807882,  11026.3,  9989.94,  668.79355768,  895.481159195,  879.282
1563.10851329,  13019.0,  11728.8,  668.798582043,  895.482977664,  878.175
1563.12894755,  15101.8,  13546.7,  668.800011149,  895.4833357,  878.783
1563.14938202,  16330.1,  14618.5,  668.802151288,  895.482088375,  879.694
1563.16981639,  16489.9,  14758.1,  668.802416035,  895.481884226,  879.583
1563.19025076,  15570.1,  13955.4,  668.800986686,  895.481876269,  878.437
1563.21068512,  13862.4,  12464.8,  668.799085501,  895.482306457,  879.331
1563.23111949,  12620.3,  11380.9,  668.798015796,  895.48140686,  879.364
1563.25155386,  14036.8,  12616.6,  668.798668152,  895.482743813,  881.191
1563.27198823,  15839.4,  14189.7,  668.800629581,  895.482284796,  882.072
1563.2924226,  16760.2,  14993.6,  668.802182121,  895.482330127,  883.099
1563.31285697,  16517.8,  14782.1,  668.801579681,  895.481995119,  882.744
1563.33329143,  15183.6,  13617.1,  668.800068134,  895.482724752,  882.956
1563.3537257,  13004.0,  11715.0,  668.797434206,  895.481327336,  883.584
1563.37416007,  11033.3,  9995.33,  668.792664747,  895.48302434,  884.149
1563.39459444,  12664.9,  11419.0,  668.796261646,  895.482085172,  882.791
1563.41502881,  14887.5,  13359.0,  668.800089361,  895.482394814,  884.605
1563.43546328,  16228.0,  14529.1,  668.801622826,  895.482271844,  885.701
1563.45589755,  16557.0,  14815.9,  668.802098653,  895.481550022,  884.116
1563.47633192,  15752.4,  14113.8,  668.801451431,  895.481882313,  883.274
1563.49676639,  14153.3,  12717.6,  668.799128175,  895.482095131,  883.935
1563.51720066,  12651.0,  11406.4,  668.798647001,  895.481654708,  883.99
1563.53763513,  13751.5,  12367.3,  668.79908901,  895.482198516,  883.967
1563.5580695,  15667.1,  14038.9,  668.800974787,  895.480228319,  883.991
1563.57850378,  16718.6,  14957.1,  668.802071923,  895.482583139,  884.079
1563.59893825,  16647.6,  14895.2,  668.80300687,  895.481882763,  882.24
1563.61937262,  15432.1,  13833.7,  668.800399498,  895.482196367,  882.33
1563.63980689,  13380.5,  12043.4,  668.798126293,  895.482643794,  881.641
1563.66024136,  11115.6,  10066.0,  668.793307981,  895.482767641,  881.07
1563.68067573,  12300.3,  11099.9,  668.794503435,  895.483236359,  880.581
1563.72154448,  16083.6,  14402.0,  668.800988997,  895.48199551,  879.625
1563.74197885,  16593.5,  14847.7,  668.802114337,  895.483175465,  880.098
1563.76241332,  15929.6,  14268.0,  668.801610722,  895.482617518,  878.261
1563.7828476,  14432.9,  12961.0,  668.798814176,  895.481879981,  879.582
1563.80328197,  12738.9,  11482.8,  668.797401042,  895.482494228,  879.989
1563.82371644,  13467.6,  12119.0,  668.797818437,  895.482053452,  879.294
1563.84415082,  15441.4,  13841.5,  668.799268009,  895.483563221,  879.881
1563.86458509,  16645.1,  14892.5,  668.800879961,  895.482028525,  878.73
1563.88501956,  16735.4,  14971.4,  668.801594403,  895.481821218,  878.526
1563.90545394,  15645.1,  14019.1,  668.799861113,  895.482052726,  879.93
1563.92588831,  13736.2,  12353.9,  668.797430482,  895.482343047,  878.855
1563.94632269,  11295.1,  10222.8,  668.792782546,  895.483844251,  878.522
1563.96675706,  11961.5,  10804.2,  668.79454893,  895.484355715,  880.05
1563.98719143,  14382.9,  12917.9,  668.798992981,  895.48254719,  880.821
1564.00762581,  15935.9,  14272.9,  668.800191954,  895.481748369,  879.037
1564.02806018,  16598.4,  14851.8,  668.801103384,  895.482631893,  878.71
1564.04849456,  16080.0,  14398.9,  668.800482276,  895.482813626,  880.763
1564.06892893,  14703.9,  13197.5,  668.798194565,  895.482716631,  880.84
1564.08936341,  12892.1,  11616.5,  668.796532351,  895.482884737,  879.344
1564.10979769,  13226.0,  11907.5,  668.796045481,  895.481695594,  879.409
1564.13023206,  15224.3,  13651.4,  668.798948358,  895.482757181,  879.914
1564.15066654,  16537.4,  14798.1,  668.800407409,  895.482944993,  878.857
1564.17110081,  16818.4,  15043.1,  668.800266264,  895.481857948,  879.911
1564.19153519,  15866.3,  14212.4,  668.801148995,  895.481301554,  878.916
1564.21196967,  14104.5,  12674.2,  668.797396151,  895.482390242,  878.414
1564.23240394,  11551.0,  10445.7,  668.792613311,  895.484541617,  877.24
1564.25283832,  11645.3,  10528.0,  668.792744548,  895.483594111,  876.546
1564.2732728,  14127.0,  12694.3,  668.798372434,  895.482775186,  877.834
1564.29370708,  15777.5,  14134.3,  668.799455177,  895.483054695,  876.935
1564.31414155,  16581.6,  14836.2,  668.80099819,  895.482796561,  876.521
1564.33457593,  16219.9,  14520.4,  668.800121551,  895.483106063,  877.809
1564.35501021,  14952.3,  13414.1,  668.79861033,  895.482702769,  875.01
1564.37544469,  13096.8,  11794.8,  668.797074355,  895.483571666,  875.978
1564.39587907,  13020.5,  11728.0,  668.794614357,  895.484245787,  876.273
1564.41631344,  14993.4,  13449.7,  668.799459132,  895.482837679,  876.958
1564.43674782,  16415.4,  14691.3,  668.80035015,  895.482704826,  876.457
1564.4571822,  16869.8,  15087.2,  668.799836844,  895.482400981,  876.985
1564.47761668,  16059.4,  14380.3,  668.79917089,  895.482969418,  874.578
1564.49805106,  14384.7,  12918.1,  668.797596118,  895.482463106,  875.206
1564.51848534,  11855.5,  10711.0,  668.793928395,  895.482404145,  875.808
1564.53891982,  11378.5,  10294.5,  668.792145606,  895.483985863,  873.153
1564.5593542,  13795.7,  12404.2,  668.796775709,  895.483698614,  875.119
1564.57978848,  15566.6,  13949.4,  668.798471369,  895.483176129,  873.254
1564.60022296,  16527.1,  14788.6,  668.799734126,  895.483048961,  873.599
1564.62065734,  16337.0,  14621.5,  668.798313107,  895.482867679,  871.492
1564.64109162,  15185.4,  13616.6,  668.798652413,  895.482879533,  872.095
1564.6615261,  13340.3,  12006.4,  668.79501618,  895.484071418,  871.85
1564.68196038,  12849.1,  11577.3,  668.794646662,  895.483599029,  871.62
1564.70239486,  14728.8,  13218.5,  668.797745689,  895.48343575,  871.185
1564.72282924,  16272.7,  14565.3,  668.80007526,  895.48257879,  871.099
1564.74326352,  16877.4,  15093.2,  668.799499543,  895.482428542,  870.397
1564.763698,  16244.3,  14540.7,  668.799501025,  895.482994223,  870.659
1564.78413239,  14660.4,  13158.3,  668.796836176,  895.482617986,  870.305
1564.80456667,  12198.2,  11009.4,  668.794138107,  895.483777238,  869.185
1564.82500115,  11184.7,  10124.5,  668.791888524,  895.484074543,  870.231
1564.84543553,  13446.5,  12098.3,  668.796193562,  895.483416879,  868.669
1564.86587001,  15345.1,  13755.7,  668.798800469,  895.482705448,  869.721
1564.8863043,  16442.4,  14713.5,  668.799156444,  895.482551565,  868.338
1564.90673868,  16424.5,  14697.4,  668.79843191,  895.48293539,  868.71
1564.92717316,  15385.9,  13791.0,  668.797691825,  895.482125048,  868.849
1564.94760745,  13597.4,  12230.7,  668.795334306,  895.482076963,  868.754
1564.96804183,  12729.2,  11471.8,  668.794033647,  895.483193121,  869.251
1564.98847631,  14449.0,  12973.6,  668.797157538,  895.482187415,  868.355
1565.0089106,  16112.4,  14425.0,  668.798334035,  895.481857921,  869.65
1565.02934498,  16849.8,  15068.3,  668.799880263,  895.48172739,  868.99
1565.04977946,  16373.7,  14653.0,  668.798940764,  895.482258751,  867.6
1565.07021385,  14912.6,  13377.7,  668.797960151,  895.482026416,  868.156
1565.09064823,  12576.2,  11338.0,  668.792946786,  895.482977337,  868.707
1565.11108262,  11081.9,  10034.2,  668.789463537,  895.484447184,  868.218
1565.131517,  13131.0,  11822.5,  668.794547404,  895.482783985,  867.5
1565.15195139,  15176.7,  13608.0,  668.79643917,  895.482311693,  868.349
1565.17238577,  16376.7,  14655.3,  668.799188031,  895.482306517,  869.8
1565.19282016,  16502.4,  14765.1,  668.798156837,  895.482536705,  868.151
1565.21325464,  15571.4,  13952.6,  668.797378288,  895.481632658,  867.535
1565.23368893,  13858.9,  12457.6,  668.795093747,  895.482859071,  868.476
1565.25412341,  12669.7,  11419.4,  668.79440775,  895.483715098,  866.958
1565.2745578,  14145.6,  12708.2,  668.796209445,  895.48326729,  868.017
1565.29499208,  15912.7,  14250.1,  668.798186364,  895.481899704,  867.615
1565.31542657,  16811.0,  15034.2,  668.798983874,  895.482278419,  869.365
1565.33586086,  16498.1,  14761.0,  668.799014583,  895.482392564,  868.192
1565.35629524,  15146.6,  13580.9,  668.796709925,  895.481853429,  868.907
1565.37672973,  12937.8,  11653.6,  668.793326038,  895.482861976,  867.739
1565.39716402,  11050.5,  10006.1,  668.79028143,  895.484491838,  869.337
1565.4175984,  12762.9,  11500.4,  668.79338947,  895.482012595,  867.219
1565.43803289,  14937.7,  13399.0,  668.797907068,  895.482765489,  868.15
1565.45846718,  16260.0,  14552.9,  668.798750594,  895.482079777,  867.078
1565.47890167,  16553.3,  14808.5,  668.797614175,  895.481725383,  868.251
1565.49933605,  15751.0,  14108.7,  668.797477563,  895.48338342,  868.941
1565.51977034,  14128.1,  12691.4,  668.795290328,  895.483211947,  868.895
1565.54020483,  12692.8,  11439.4,  668.792156612,  895.48320795,  868.202
1565.56063922,  13803.1,  12408.2,  668.794574046,  895.481666501,  869.458
1565.58107361,  15720.4,  14081.6,  668.797023075,  895.482159475,  868.903
1565.60150799,  16740.2,  14972.1,  668.797905984,  895.482896638,  867.682
1565.62194238,  16616.5,  14863.6,  668.79840405,  895.482275748,  867.336
1565.64237687,  15365.1,  13771.6,  668.79693146,  895.482581058,  868.348
1565.66281116,  13323.0,  11989.4,  668.794064819,  895.482753088,  867.178
1565.68324555,  11112.4,  10059.5,  668.787708054,  895.483543821,  867.436
1565.70368004,  12402.9,  11185.8,  668.791958887,  895.482175118,  866.873
1565.72411443,  14713.6,  13202.8,  668.796144926,  895.482291618,  867.463
1565.74454872,  16115.4,  14425.8,  668.798097072,  895.48198584,  867.859
1565.76498321,  16587.3,  14837.7,  668.797792606,  895.482156819,  866.55
1565.7854176,  15904.7,  14242.0,  668.796755938,  895.482309182,  867.446
1565.80585199,  14399.2,  12928.0,  668.79547712,  895.482142642,  867.344
1565.82628638,  12750.7,  11489.6,  668.792250629,  895.483050777,  866.672
1565.84672077,  13556.3,  12192.5,  668.793924523,  895.482406886,  867.266
1565.86715526,  15496.3,  13885.5,  668.797228571,  895.482496649,  866.844
1565.88758955,  16645.5,  14888.8,  668.798012013,  895.481428304,  864.858
1565.90802394,  16693.8,  14930.7,  668.797933318,  895.481956688,  865.36
1565.92845844,  15590.8,  13967.9,  668.795358655,  895.48154976,  866.482
1565.94889273,  13662.8,  12285.2,  668.79409481,  895.482359461,  865.103
1565.96932712,  11264.5,  10191.7,  668.788918205,  895.484070459,  864.335
1565.98976151,  12032.9,  10862.8,  668.791629004,  895.484079955,  864.445
1566.0101959,  14447.4,  12970.4,  668.79513167,  895.482361169,  863.873
1566.03063039,  15962.2,  14291.9,  668.796550531,  895.482523714,  863.916
1566.05106469,  16586.5,  14837.0,  668.797669865,  895.48264247,  864.648
1566.07149908,  16044.2,  14363.5,  668.797474988,  895.482423804,  863.804
1566.09193357,  14654.7,  13150.8,  668.795796041,  895.482621919,  864.199
1566.11236786,  12881.5,  11603.1,  668.792488508,  895.484216319,  864.217
1566.13280226,  13288.6,  11958.0,  668.792768895,  895.483034149,  863.793
1566.15323675,  15257.0,  13676.4,  668.796448122,  895.48247168,  864.236
1566.17367104,  16529.0,  14786.3,  668.797430978,  895.481884369,  864.425
1566.19410554,  16761.6,  14989.4,  668.797467014,  895.482025282,  863.322
1566.21453993,  15786.5,  14138.4,  668.796782296,  895.482708314,  863.764
1566.23497423,  13995.8,  12575.7,  668.79408156,  895.483121274,  863.731
1566.25540872,  11492.0,  10389.7,  668.789116448,  895.484529477,  864.678
1566.27584311,  11706.1,  10576.8,  668.790747312,  895.483440836,  863.206
1566.29627751,  14164.7,  12722.6,  668.794940519,  895.482023937,  863.08
1566.3167119,  15788.9,  14140.3,  668.796589859,  895.482349154,  863.718
1566.3371463,  16585.6,  14835.5,  668.79666431,  895.482204309,  863.162
1566.35758069,  16171.5,  14473.9,  668.796840605,  895.482000786,  862.43
1566.37801519,  14880.4,  13346.7,  668.79526925,  895.482231492,  863.269
1566.39844948,  13056.2,  11754.9,  668.791654268,  895.481889453,  862.69
1566.41888398,  13055.0,  11753.7,  668.792849358,  895.483671715,  861.904
1566.43931837,  15003.9,  13454.9,  668.795960439,  895.482416549,  863.542
1566.45975267,  16388.8,  14663.6,  668.797758343,  895.48196489,  861.971
1566.48018717,  16798.3,  15020.8,  668.796490601,  895.482445065,  860.967
1566.50062156,  15966.6,  14295.3,  668.797347536,  895.482203756,  863.442
1566.52105586,  14296.8,  12837.7,  668.7943254,  895.482614645,  862.518
1566.54149035,  11767.4,  10630.5,  668.791015334,  895.484197033,  861.583
1566.56192475,  11432.2,  10337.9,  668.790721119,  895.484176346,  861.938
1566.58235915,  13881.9,  12475.2,  668.793948372,  895.482238635,  861.28
1566.60279354,  15626.4,  13998.3,  668.795720854,  895.482719765,  861.726
1566.62322784,  16556.5,  14810.2,  668.797623455,  895.481624419,  860.632
1566.64366234,  16308.5,  14592.8,  668.79593168,  895.481788446,  861.892
1566.66409674,  15114.3,  13551.4,  668.795522371,  895.482714447,  860.86
1566.70496553,  12865.2,  11587.9,  668.791936395,  895.482829773,  861.63
1566.72539993,  14748.7,  13232.2,  668.795102749,  895.483336404,  860.934
1566.74583433,  16256.1,  14547.4,  668.795902547,  895.482445982,  862.28
1566.76626873,  16827.2,  15045.5,  668.797230133,  895.481653527,  861.045
1566.78670312,  16170.2,  14472.7,  668.796502613,  895.481483675,  860.341
1566.80713762,  14591.1,  13094.0,  668.794828741,  895.481877183,  861.949
1566.82757192,  12119.0,  10936.5,  668.791170701,  895.482393315,  861.237
1566.84800632,  11235.1,  10165.1,  668.789000135,  895.484228531,  860.946
1566.86844082,  13565.9,  12198.8,  668.792365274,  895.482410836,  860.737
1566.88887522,  15444.5,  13839.0,  668.795001268,  895.481650092,  859.818
1566.90930952,  16510.2,  14769.1,  668.795942031,  895.481861239,  859.741
1566.92974402,  16423.5,  14693.5,  668.796346508,  895.481840233,  861.11
1566.95017842,  15335.9,  13744.1,  668.794352571,  895.481157391,  860.862
1566.97061282,  13516.0,  12155.7,  668.79376826,  895.482887198,  861.612
1566.99104722,  12734.9,  11473.5,  668.790885733,  895.483474344,  861.487
1567.01148162,  14469.9,  12988.5,  668.793747218,  895.481571648,  859.876
1567.03191602,  16124.0,  14431.4,  668.795684862,  895.481781834,  860.376
1567.05235042,  16855.3,  15069.8,  668.796139091,  895.48120149,  859.301
1567.07278482,  16343.8,  14624.0,  668.796723762,  895.481424628,  859.19
1567.09321932,  14870.9,  13338.1,  668.794960809,  895.482131883,  858.994
1567.11365362,  12513.9,  11280.8,  668.790858857,  895.48298922,  859.995
1567.13408812,  11126.9,  10070.3,  668.787017696,  895.48442099,  858.699
1567.15452252,  13252.0,  11924.8,  668.791605861,  895.48243183,  860.593
1567.17495683,  15258.5,  13676.6,  668.795102975,  895.48165356,  860.78
1567.19539133,  16429.7,  14698.2,  668.796147345,  895.481437176,  860.273
1567.21582573,  16501.3,  14760.7,  668.796604751,  895.481716595,  860.997
1567.23626003,  15519.8,  13904.3,  668.794565935,  895.482033735,  860.112
1567.25669453,  13780.0,  12385.7,  668.79306281,  895.48147993,  858.891
1567.27712884,  12665.5,  11413.3,  668.792460887,  895.48347116,  860.467
1567.29756324,  14204.6,  12756.3,  668.79375127,  895.482957893,  859.621
1567.31799774,  15955.7,  14284.4,  668.79468535,  895.481639318,  859.764
1567.33843205,  16816.8,  15036.7,  668.796351185,  895.481315674,  859.698
1567.35886655,  16496.5,  14756.8,  668.796915168,  895.481030111,  858.992
1567.37930095,  15126.1,  13560.1,  668.794780504,  895.481608862,  859.786
1567.39973525,  12890.5,  11609.6,  668.790848669,  895.483498177,  859.582
1567.42016976,  11083.1,  10031.3,  668.787478572,  895.484506883,  858.7
1567.44060416,  12887.0,  11605.7,  668.791098996,  895.482424303,  860.574
1567.46103857,  15046.0,  13490.6,  668.794387619,  895.481627725,  859.585
1567.48147297,  16347.0,  14625.6,  668.795665299,  895.480668523,  859.398
1567.50190737,  16570.6,  14820.9,  668.795873706,  895.480791308,  859.507
1567.52234188,  15700.5,  14061.5,  668.794853932,  895.481023825,  865.082
1567.54277618,  14048.7,  12619.7,  668.792943686,  895.481324999,  861.07
1567.56321059,  12654.3,  11402.7,  668.790911845,  895.482381917,  859.781
1567.58364509,  13899.3,  12489.2,  668.792177193,  895.481639053,  859.15
1567.6040795,  15768.9,  14121.1,  668.795430967,  895.481338256,  859.404
1567.6245138,  16767.4,  14992.4,  668.795151304,  895.480690946,  860.229
1567.64494831,  16621.3,  14864.9,  668.795578281,  895.481066773,  857.702
1567.66538271,  15360.1,  13764.0,  668.794541414,  895.481592997,  858.123
1567.68581702,  13260.9,  11932.3,  668.791132873,  895.48268749,  860.156
1567.70625153,  11134.4,  10075.7,  668.786098313,  895.48369794,  858.441
1567.72668593,  12525.5,  11290.1,  668.789828888,  895.4817109,  858.09
1567.74712044,  14825.1,  13297.2,  668.794316235,  895.481618507,  858.668
1567.76755474,  16211.4,  14506.9,  668.794619466,  895.479361267,  858.799
1567.78798915,  16622.5,  14865.7,  668.796258162,  895.480311063,  859.07
1567.80842366,  15873.9,  14212.3,  668.795408349,  895.480451642,  858.845
1567.82885796,  14337.9,  12871.6,  668.79378492,  895.481094449,  858.302
1567.84929237,  12718.8,  11458.5,  668.791509364,  895.483079307,  858.395
1567.86972688,  13618.6,  12243.7,  668.792254494,  895.481625689,  856.415
1567.89016118,  15570.7,  13947.6,  668.795964981,  895.480139712,  857.955
1567.91059569,  16685.2,  14920.6,  668.795880615,  895.480075287,  857.113
1567.93103,  16706.9,  14938.8,  668.796119973,  895.47993599,  857.669
1567.95146441,  15555.0,  13933.6,  668.795162382,  895.480747675,  857.789
1567.97189892,  13608.7,  12234.8,  668.791911301,  895.480687256,  857.295
1567.99233322,  11260.6,  10185.4,  668.786579585,  895.482591826,  856.286
1568.01276763,  12161.9,  10972.3,  668.789283092,  895.480976577,  857.638
1568.03320214,  14563.7,  13068.3,  668.794187694,  895.481160162,  858.461
1568.05363645,  16059.5,  14373.8,  668.795200746,  895.480461413,  856.615
1568.07407086,  16624.8,  14867.2,  668.796191691,  895.479732033,  857.163
1568.09450537,  16030.5,  14348.2,  668.794994599,  895.480353383,  856.459
1568.11493978,  14582.6,  13084.6,  668.793364653,  895.480480691,  856.957
1568.13537418,  12831.3,  11556.4,  668.790933113,  895.4803306,  856.091
1568.15580859,  13342.2,  12002.0,  668.791734443,  895.480787934,  856.921
1568.176243,  15333.7,  13740.4,  668.79427935,  895.480425173,  857.531
1568.19667741,  16600.9,  14846.5,  668.795816158,  895.479825857,  856.684
1568.21711182,  16770.2,  14994.2,  668.796013541,  895.479578738,  857.401
1568.23754623,  15774.0,  14124.8,  668.795424357,  895.479745807,  856.874
1568.25798074,  13963.3,  12543.9,  668.79342299,  895.480740331,  856.419
1568.27841505,  11481.9,  10378.6,  668.788293612,  895.481695665,  855.197
1568.29884956,  11840.7,  10691.2,  668.789703696,  895.480717121,  856.068
1568.31928397,  14300.5,  12838.0,  668.792407953,  895.481153147,  857.254
1568.33971829,  15886.8,  14222.8,  668.794846658,  895.479764118,  855.693
1568.3601528,  16623.5,  14866.2,  668.795660819,  895.479682156,  855.837
1568.38058721,  16163.0,  14463.9,  668.794835781,  895.480432772,  855.864
1568.40102152,  14833.1,  13303.1,  668.793815293,  895.47999413,  856.015
1568.42145603,  13005.7,  11708.4,  668.791531983,  895.480103536,  856.42
1568.44189044,  13101.3,  11791.3,  668.791600875,  895.480299674,  856.705
1568.46232475,  15108.6,  13543.6,  668.794521579,  895.479798941,  855.823
1568.48275927,  16467.4,  14729.3,  668.795037234,  895.478687386,  855.052
1568.50319368,  16828.6,  15044.8,  668.796345567,  895.479395615,  855.503
1568.52362819,  15970.5,  14295.8,  668.795762122,  895.480247415,  854.589
1568.5440625,  14264.4,  12806.6,  668.793862242,  895.478566296,  855.678
1568.56449682,  11749.7,  10612.0,  668.790132603,  895.480926807,  854.614
1568.58493133,  11538.3,  10427.1,  668.787989743,  895.480332887,  854.874
1568.60536574,  14004.8,  12579.6,  668.793267727,  895.480146933,  856.298
1568.62580015,  15702.5,  14061.6,  668.795308662,  895.479531849,  855.443
1568.64623457,  16576.5,  14824.2,  668.794830287,  895.478528963,  855.443
1568.66666898,  16267.8,  14555.2,  668.795302897,  895.479181388,  856.528
1568.68710349,  15051.4,  13493.6,  668.79452429,  895.479727646,  856.907
1568.70753781,  13215.4,  11890.7,  668.792139829,  895.479846887,  854.968
1568.72797222,  12902.3,  11617.5,  668.791488485,  895.480204493,  855.707
1568.74840674,  14827.9,  13298.4,  668.793721828,  895.479253087,  855.034
1568.76884115,  16331.1,  14610.1,  668.796135602,  895.478286592,  856.039
1568.78927546,  16856.5,  15068.9,  668.796624391,  895.478377655,  854.899
1568.80970998,  16156.4,  14457.5,  668.795613179,  895.479204255,  854.6
1568.83014439,  14557.3,  13061.5,  668.793099171,  895.479308141,  855.404
1568.85057881,  12075.0,  10895.7,  668.789891182,  895.480717099,  855.631
1568.87101322,  11298.5,  10217.6,  668.789757871,  895.481049911,  856.907
1568.89144764,  13688.7,  12303.5,  668.791947457,  895.479343324,  855.075
1568.91188215,  15515.2,  13897.9,  668.795274996,  895.478567572,  855.062
1568.93231647,  16525.9,  14780.3,  668.796092404,  895.478665276,  853.981
1568.95275088,  16373.6,  14646.9,  668.795667292,  895.478495643,  862.588
1568.9731854,  15273.9,  13687.4,  668.79520043,  895.478916838,  853.993
1568.99361971,  13457.1,  12101.4,  668.792433745,  895.47942331,  854.266
1569.01405413,  12746.5,  11481.0,  668.791693492,  895.48018252,  855.921
1569.03448865,  14571.4,  13074.1,  668.794224333,  895.478253052,  855.754
1569.05492296,  16158.9,  14459.8,  668.795806079,  895.479175513,  855.766
1569.07535748,  16838.8,  15053.1,  668.795429812,  895.479063206,  857.552
1569.0957919,  16307.1,  14588.9,  668.795255529,  895.47802396,  857.283
1569.11622621,  14827.6,  13297.5,  668.793817475,  895.478946456,  856.926
1569.13666073,  12443.3,  11216.9,  668.789010939,  895.480248845,  856.746
1569.15709515,  11163.6,  10099.4,  668.788043161,  895.48114238,  856.019
1569.17752946,  13353.6,  12010.8,  668.791471374,  895.479703785,  858.301
1569.19796398,  15308.3,  13717.6,  668.794793374,  895.47908869,  858.969
1569.2183983,  16437.6,  14702.7,  668.795479215,  895.477686466,  860.765
1569.23883282,  16460.5,  14723.3,  668.796045645,  895.477570156,  859.323
1569.25926724,  15456.4,  13846.6,  668.79505225,  895.477437361,  860.015
1569.27970155,  13705.5,  12318.3,  668.79289613,  895.477821737,  860.488
1569.30013607,  12664.5,  11410.2,  668.790583986,  895.479504599,  857.875
1569.32057049,  14255.2,  12798.3,  668.793710268,  895.47878322,  859.577
1569.34100491,  15986.4,  14309.0,  668.79527336,  895.478247978,  858.831
1569.36143933,  16815.1,  15032.5,  668.795419324,  895.477902373,  858.909
1569.38187375,  16453.9,  14716.6,  668.795679801,  895.477416752,  859.086
1569.40230816,  15072.0,  13511.1,  668.794897976,  895.477541974,  859.618
1569.42274258,  12820.4,  11545.9,  668.791316056,  895.478331052,  857.513
1569.443177,  11096.0,  10040.4,  668.789050349,  895.480477881,  858.096
1569.46361152,  12973.5,  11679.3,  668.790307762,  895.479337942,  857.455
1569.48404594,  15076.6,  13514.7,  668.792965005,  895.478438807,  858.391
1569.50448026,  16324.0,  14603.0,  668.795611089,  895.477426779,  857.911
1569.52491478,  16528.4,  14782.1,  668.795124389,  895.477812623,  857.361
1569.5453492,  15639.5,  14005.9,  668.795179914,  895.477370673,  856.606
1569.56578352,  13978.2,  12556.3,  668.794164786,  895.477301356,  857.307
1569.58621804,  12643.4,  11391.4,  668.791469407,  895.478012988,  855.912
1569.60665246,  13943.1,  12525.5,  668.79428545,  895.477283923,  854.716
1569.62708698,  15790.2,  14137.4,  668.796031105,  895.4772377,  855.262
1569.6475213,  16759.7,  14983.9,  668.796389986,  895.477801293,  855.442
1569.68839025,  15304.6,  13714.1,  668.794623371,  895.477147939,  854.587
1569.70882457,  13198.2,  11875.4,  668.79205823,  895.477820685,  852.745
1569.72925899,  11120.0,  10061.4,  668.789452859,  895.478338222,  854.246
1569.74969351,  12608.9,  11361.2,  668.791033652,  895.478732277,  852.817
1569.77012783,  14856.3,  13322.4,  668.794509755,  895.477095784,  852.577
1569.79056225,  16198.1,  14493.6,  668.794790779,  895.477161319,  852.309
1569.81099678,  16561.1,  14810.8,  668.795811405,  895.477114268,  852.605
1569.8314311,  15797.5,  14144.4,  668.795287475,  895.476764566,  852.584
1569.85186562,  14239.8,  12784.3,  668.793601239,  895.477565557,  852.95
1569.87229994,  12665.3,  11410.2,  668.791875951,  895.478025115,  854.35
1569.89273436,  13643.7,  12263.9,  668.792242671,  895.47736678,  851.57
1569.91316889,  15576.2,  13951.3,  668.794929385,  895.476063094,  853.376
1569.93360321,  16694.1,  14927.3,  668.796359992,  895.477345955,  852.201
1569.95403763,  16681.1,  14915.2,  668.796750855,  895.476316548,  850.598
1569.97447216,  15536.4,  13916.7,  668.795153812,  895.476931671,  852.373
1569.99490658,  13558.2,  12190.0,  668.793642192,  895.477470846,  851.335
1570.015341,  11235.4,  10162.8,  668.788223589,  895.478450552,  851.858
1570.03577543,  12251.1,  11049.3,  668.791196375,  895.47783351,  850.902
1570.05620985,  14629.9,  13124.8,  668.793624167,  895.477030325,  850.744
1570.07664427,  16070.1,  14382.5,  668.795685362,  895.476315856,  850.591
1570.0970787,  16609.2,  14853.0,  668.796121695,  895.476460445,  851.764
1570.11751312,  15955.7,  14282.3,  668.794904682,  895.475998284,  850.606
1570.13794765,  14507.6,  13018.3,  668.795173952,  895.475815444,  851.222
1570.15838197,  12777.0,  11507.8,  668.792045696,  895.475136235,  850.639
1570.1788165,  13351.4,  12009.4,  668.793021638,  895.476490836,  850.193
1570.19925092,  15362.5,  13765.0,  668.79535113,  895.475917206,  850.961
1570.21968525,  16591.4,  14837.0,  668.795627713,  895.47634263,  851.334
1570.24011977,  16765.9,  14989.2,  668.795883411,  895.476795764,  849.816
1570.2605542,  15736.6,  14091.3,  668.79595454,  895.476373323,  850.443
1570.28098852,  13896.4,  12484.5,  668.793738153,  895.477061006,  851.657
1570.30142305,  11417.8,  10321.7,  668.789547368,  895.478179768,  852.099
1570.32185747,  11895.5,  10738.1,  668.789447509,  895.478076374,  851.22
1570.3422918,  14327.7,  12861.1,  668.793368479,  895.476398066,  849.72
1570.36272633,  15891.5,  14226.1,  668.794468594,  895.47573663,  851.257
1570.38316075,  16574.5,  14822.1,  668.796015834,  895.476245535,  850.297
1570.40359518,  16095.3,  14403.8,  668.795684749,  895.476167423,  850.324
1570.4240296,  14746.3,  13226.6,  668.79462481,  895.476172969,  850.865
1570.44446403,  12936.5,  11646.7,  668.792782685,  895.476715647,  848.716
1570.46489846,  13108.2,  11796.6,  668.79197527,  895.475970165,  849.872
1570.48533289,  15116.0,  13548.9,  668.793502902,  895.475890951,  848.236
1570.50576731,  16470.4,  14730.7,  668.796288382,  895.4764884,  848.353
1570.52620174,  16794.1,  15014.0,  668.795939817,  895.476203868,  849.299
1570.54663617,  15933.0,  14261.5,  668.79460278,  895.475505987,  848.708
1570.56707069,  14203.9,  12752.4,  668.792346556,  895.476941656,  847.647
1570.58750502,  11686.1,  10555.4,  668.788882956,  895.478870813,  848.656
1570.60793945,  11588.3,  10469.7,  668.789335107,  895.476794535,  849.148
1570.62837398,  14052.6,  12620.6,  668.791026334,  895.476978176,  848.487
1570.64880841,  15713.9,  14071.0,  668.794725996,  895.475556211,  847.863
1570.66924273,  16565.7,  14813.7,  668.794541972,  895.475524955,  847.628
1570.68967726,  16221.0,  14513.4,  668.795430862,  895.477198549,  847.156
1570.71011169,  14972.0,  13423.1,  668.79386812,  895.47618861,  849.214
1570.73054602,  13152.5,  11834.8,  668.791039185,  895.476135904,  847.588
1570.75098055,  12911.7,  11625.1,  668.791069351,  895.475814271,  847.345
1570.77141498,  14858.6,  13324.0,  668.794187966,  895.475855338,  848.076
1570.79184951,  16335.7,  14613.0,  668.79430967,  895.475647066,  847.978
1570.81228384,  16838.9,  15052.5,  668.795711752,  895.475277095,  848.412
1570.83271827,  16111.9,  14417.6,  668.79570351,  895.475483409,  846.904
1570.8531528,  14494.1,  13005.5,  668.794249511,  895.476351987,  848.836
1570.87358712,  12008.5,  10836.3,  668.789711356,  895.476876237,  847.709
1570.89402155,  11357.2,  10267.7,  668.789398898,  895.477473231,  848.625
1570.91445608,  13744.2,  12351.0,  668.7923605,  895.475885849,  847.811
1570.93489042,  15541.1,  13919.4,  668.793505359,  895.475623574,  846.372
1570.95532495,  16520.1,  14773.3,  668.79528914,  895.475379,  848.135
1570.97575938,  16341.6,  14617.6,  668.795250185,  895.475467074,  847.471
1570.99619371,  15199.2,  13620.6,  668.79338075,  895.475450556,  847.68
1571.01662824,  13387.9,  12039.9,  668.792478621,  895.47528839,  846.487
1571.03706267,  12773.9,  11504.4,  668.791070525,  895.476020173,  846.146
1571.057497,  14601.7,  13099.2,  668.793483207,  895.475533431,  847.008
1571.07793153,  16187.0,  14483.5,  668.794882648,  895.475569755,  846.228
1571.09836596,  16838.9,  15052.6,  668.796509849,  895.475043436,  847.363
1571.11880029,  16264.4,  14550.5,  668.794611389,  895.475398784,  848.123
1571.13923482,  14755.2,  13233.5,  668.793748588,  895.474748083,  846.976
1571.15966926,  12359.9,  11143.2,  668.790949514,  895.476231961,  846.334
1571.18010369,  11184.6,  10116.4,  668.78743195,  895.477205439,  846.26
1571.20053812,  13436.3,  12082.4,  668.790765991,  895.47610135,  849.097
1571.22097255,  15359.2,  13760.3,  668.794505203,  895.475991734,  846.731
1571.24140699,  16455.6,  14717.3,  668.795468409,  895.474780664,  847.193
1571.26184142,  16440.1,  14703.7,  668.795051455,  895.475281409,  847.249
1571.28227585,  15395.2,  13791.8,  668.793385843,  895.475096387,  848.425
1571.30271028,  13643.3,  12262.8,  668.791311358,  895.475890981,  846.807
1571.32314472,  12675.0,  11417.8,  668.790196811,  895.475623394,  846.749
1571.34357925,  14318.2,  12851.6,  668.792612941,  895.475559281,  846.685
1571.36401368,  16022.8,  14339.1,  668.79446024,  895.475406835,  847.412
1571.38444802,  16812.3,  15028.3,  668.795262606,  895.474172718,  847.325
1571.40488255,  16428.4,  14692.9,  668.793792941,  895.474360021,  847.331
1571.42531698,  15008.0,  13453.5,  668.794057768,  895.475432252,  847.952
1571.44575132,  12727.2,  11462.7,  668.792106978,  895.474216836,  847.883
1571.46618585,  11105.4,  10046.9,  668.785275586,  895.476522968,  848.284
1571.48662028,  13085.5,  11775.5,  668.791264555,  895.476141169,  847.844
1571.50705462,  15165.9,  13590.9,  668.792975057,  895.475013192,  848.557
1571.52748915,  16360.5,  14633.3,  668.794611718,  895.475708364,  849.116
1571.54792359,  16526.9,  14778.5,  668.794999985,  895.475969224,  848.888
1571.56835812,  15581.8,  13954.2,  668.793348305,  895.475563044,  849.012
1571.58879246,  13912.0,  12496.5,  668.79138132,  895.475660569,  849.808
1571.60922689,  12647.7,  11393.0,  668.791179263,  895.476801693,  849.834
1571.62966143,  14017.4,  12588.4,  668.791604268,  895.474969182,  849.858
1571.65009576,  15846.1,  14184.9,  668.793918205,  895.475398113,  849.906
1571.6705302,  16780.6,  15000.0,  668.794444016,  895.475034577,  850.278
1571.69096473,  16562.7,  14809.7,  668.793588138,  895.475460892,  850.169
1571.71139907,  15252.3,  13666.5,  668.793469762,  895.474679135,  848.178
1571.7318336,  13103.9,  11791.1,  668.791715092,  895.474812444,  851.642
1571.75226804,  11117.0,  10057.1,  668.787726366,  895.476582026,  850.119
1571.77270238,  12726.0,  11461.7,  668.790201262,  895.475991286,  850.333
1571.79313691,  14959.3,  13410.8,  668.793339876,  895.474168721,  849.74
1571.81357135,  16255.9,  14542.3,  668.793646761,  895.474273023,  849.448
1571.83400569,  16567.8,  14814.6,  668.793201408,  895.474793899,  849.786
1571.85444022,  15752.2,  14102.5,  668.794379277,  895.474625205,  849.571
1571.87487466,  14176.6,  12727.5,  668.792202758,  895.475167959,  850.621
1571.895309,  12679.9,  11420.9,  668.790182557,  895.474987409,  849.481
1571.91574353,  13714.2,  12323.6,  668.79181246,  895.47359184,  849.104
1571.93617797,  15647.6,  14011.5,  668.793831602,  895.475285558,  849.887
1571.95661251,  16710.8,  14938.9,  668.793683427,  895.474217367,  848.609
1571.97704684,  16659.6,  14894.4,  668.794839342,  895.474675144,  848.497
1571.99748128,  15475.0,  13861.2,  668.794259355,  895.474703644,  848.05
1572.01791582,  13471.9,  12111.6,  668.791618168,  895.474526512,  848.709
1572.03835016,  11196.6,  10126.4,  668.786575135,  895.476992225,  847.587
1572.0587846,  12350.9,  11133.4,  668.789090934,  895.475636571,  848.945
1572.07921913,  14703.6,  13187.0,  668.792723061,  895.475265311,  848.505
1572.09965347,  16106.6,  14411.7,  668.794894432,  895.474073278,  849.361
1572.12008801,  16597.2,  14840.0,  668.795593345,  895.47392997,  847.674
1572.14052245,  15925.0,  14252.8,  668.793037742,  895.47352687,  848.49
1572.16095679,  14449.0,  12965.3,  668.793164022,  895.474343438,  848.983
1572.18139133,  12773.9,  11502.9,  668.790496567,  895.47453957,  846.448
1572.20182577,  13456.4,  12098.7,  668.793103902,  895.473625392,  846.75
1572.22226011,  15420.9,  13813.9,  668.793691148,  895.474393587,  846.796
1572.24269465,  16624.5,  14863.5,  668.794027669,  895.473443025,  845.067
1572.26312908,  16740.5,  14965.5,  668.795500925,  895.473559977,  843.764
1572.28356352,  15677.3,  14036.7,  668.794048579,  895.474008207,  846.255
1572.30399796,  13811.9,  12409.3,  668.791402834,  895.473238211,  844.404
1572.3244324,  11362.3,  10271.5,  668.789017311,  895.475835154,  847.484
1572.34486684,  12000.0,  10827.3,  668.789193393,  895.475193676,  844.854
1572.36530128,  14458.8,  12973.4,  668.79224018,  895.474146617,  843.376
1572.38573572,  15965.9,  14289.2,  668.794710595,  895.473609549,  843.111
1572.40617016,  16599.5,  14842.0,  668.794600398,  895.473339394,  843.877
1572.4266046,  16081.3,  14389.7,  668.795068557,  895.474821188,  843.637
1572.44703905,  14708.7,  13191.7,  668.793119106,  895.473120142,  844.426
1572.46747349,  12925.0,  11634.6,  668.791696467,  895.473275213,  846.357
1572.48790793,  13202.9,  11877.4,  668.791397186,  895.472988485,  843.187
1572.50834247,  15217.6,  13635.8,  668.79371767,  895.474279116,  843.781
1572.52877691,  16516.7,  14769.3,  668.79443482,  895.474233124,  846.507
1572.54921125,  16815.1,  15030.8,  668.796000135,  895.473382427,  844.063
1572.56964579,  15874.8,  14209.6,  668.793570647,  895.473449727,  845.12
1572.59008023,  14140.2,  12695.6,  668.792603647,  895.473406367,  844.813
1572.61051458,  11629.9,  10504.9,  668.788553406,  895.473645566,  845.357
1572.63094912,  11693.7,  10560.2,  668.788339158,  895.474587261,  844.597
1572.6718179,  15817.9,  14159.6,  668.793353248,  895.473860473,  845.683
1572.69225244,  16593.6,  14836.9,  668.794541951,  895.473930931,  844.436
1572.71268689,  16208.7,  14501.4,  668.793458595,  895.473355284,  844.372
1572.73312143,  14948.7,  13401.1,  668.792429017,  895.473564698,  845.734
1572.75355577,  13128.8,  11812.6,  668.789296664,  895.473529,  846.127
1572.77399022,  12998.6,  11699.2,  668.79111466,  895.473808564,  846.765
1572.79442476,  14951.8,  13403.7,  668.792466086,  895.473457815,  847.916
1572.8148591,  16382.0,  14652.5,  668.793409486,  895.473182342,  846.248
1572.83529354,  16838.8,  15051.2,  668.795044697,  895.472669235,  848.217
1572.85572809,  16072.9,  14382.4,  668.793110418,  895.472979057,  848.206
1572.87616243,  14436.9,  12954.6,  668.792395416,  895.47208979,  850.621
1572.89659698,  11947.8,  10782.2,  668.788827366,  895.474321364,  851.981
1572.91703142,  11435.9,  10335.0,  668.788317646,  895.474264909,  852.937
1572.93746576,  13864.5,  12455.1,  668.790176516,  895.472458128,  850.031
1572.95790031,  15608.4,  13977.1,  668.792472147,  895.473164307,  850.295
1572.97833475,  16531.6,  14782.9,  668.793264082,  895.472964764,  851.321
1572.9987692,  16313.2,  14592.2,  668.793651395,  895.473255774,  852.823
1573.01920364,  15152.5,  13579.0,  668.792112922,  895.472822514,  849.398
1573.03963809,  13339.8,  11997.1,  668.791190731,  895.474122448,  844.183
1573.06007243,  12830.1,  11552.5,  668.790501733,  895.47444266,  842.629
1573.08050698,  14698.7,  13182.6,  668.792595193,  895.472584682,  841.8
1573.10094142,  16229.8,  14519.8,  668.794244876,  895.472464557,  842.714
1573.12137587,  16840.9,  15052.5,  668.793881897,  895.473091447,  842.044
1573.14181031,  16232.5,  14521.7,  668.793515514,  895.47343786,  842.338
1573.16224476,  14718.8,  13200.8,  668.791064063,  895.473372108,  841.327
1573.1826793,  12292.3,  11083.0,  668.789019896,  895.473437683,  840.365
1573.20311365,  11241.0,  10164.9,  668.787672229,  895.473610343,  839.563
1573.22354809,  13478.8,  12118.3,  668.789496571,  895.473980795,  840.785
1573.24398264,  15410.3,  13804.2,  668.792831819,  895.473273309,  839.159
1573.26441699,  16472.8,  14731.8,  668.792752337,  895.472724232,  838.363
1573.28485153,  16424.0,  14689.2,  668.793352141,  895.47230101,  838.197
1573.30528598,  15359.5,  13759.4,  668.792190158,  895.473796219,  839.684
1573.32572032,  13599.8,  12224.2,  668.791291201,  895.473888965,  837.875
1573.34615487,  12732.1,  11466.1,  668.789406251,  895.4722189,  837.304
1573.36658932,  14407.6,  12928.7,  668.790443207,  895.473429519,  836.236
1573.38702367,  16083.6,  14391.9,  668.79412505,  895.472666999,  835.433
1573.40745821,  16839.0,  15051.3,  668.794177901,  895.47218994,  836.2
1573.42789266,  16396.5,  14664.3,  668.793513761,  895.47241017,  836.069
1573.44832701,  14967.2,  13417.4,  668.791816687,  895.473441589,  834.573
1573.46876155,  12666.0,  11408.3,  668.789358241,  895.473422659,  834.874
1573.489196,  11129.3,  10067.8,  668.785425327,  895.473448028,  832.821
1573.50963055,  13165.8,  11844.8,  668.789240149,  895.473088906,  833.648
1573.5300649,  15189.6,  13610.7,  668.791516766,  895.472541119,  833.085
1573.55049935,  16381.6,  14651.9,  668.793041029,  895.471930272,  831.647
1573.57093389,  16508.9,  14763.0,  668.792300315,  895.471882076,  831.223
1573.59136824,  15549.3,  13925.1,  668.791797923,  895.472450417,  831.972
1573.61180269,  13879.6,  12468.2,  668.79010585,  895.472344741,  832.04
1573.63223724,  12667.1,  11410.0,  668.788032375,  895.472951548,  830.801
1573.65267169,  14092.8,  12654.1,  668.789717483,  895.472357197,  832.242
1573.67310614,  15880.8,  14214.6,  668.792071425,  895.472838055,  830.881
1573.69354059,  16786.3,  15004.8,  668.792536824,  895.472300216,  831.846
1573.71397493,  16511.4,  14764.7,  668.792803525,  895.471882186,  834.862
1573.73440948,  15193.5,  13614.9,  668.791004763,  895.471848508,  830.444
1573.75484393,  13037.8,  11732.6,  668.789265861,  895.473549144,  830.89
1573.77527828,  11113.7,  10053.7,  668.78539187,  895.474222453,  830.46
1573.79571283,  12789.7,  11516.1,  668.787617581,  895.472299031,  830.721
1573.81614728,  14975.1,  13423.5,  668.790977148,  895.472891842,  829.887
1573.83658163,  16254.6,  14540.5,  668.792283853,  895.472352874,  831.611
1573.85701618,  16543.7,  14792.9,  668.792482606,  895.47225121,  829.176
1573.87745063,  15733.5,  14085.7,  668.791905822,  895.472555103,  829.181
1573.89788518,  14136.2,  12691.5,  668.789736055,  895.472579609,  829.93
1573.91831953,  12690.6,  11429.6,  668.788066189,  895.472539613,  829.808
1573.93875398,  13798.3,  12396.4,  668.78992086,  895.471922487,  829.624
1573.95918853,  15700.2,  14056.2,  668.791720294,  895.472593627,  829.504
1573.97962288,  16723.1,  14949.1,  668.791885408,  895.472508783,  830.399
1574.00005734,  16632.9,  14870.8,  668.791924143,  895.472188385,  828.316
1574.02049189,  15431.2,  13821.3,  668.79023384,  895.47301831,  827.967
1574.04092624,  13399.2,  12047.9,  668.787804268,  895.472380072,  828.125
1574.06136079,  11179.0,  10110.3,  668.784401535,  895.473434911,  828.225
1574.08179524,  12418.3,  11191.6,  668.7881195,  895.472944072,  829.299
1574.10222959,  14740.4,  13218.2,  668.789558952,  895.472428277,  828.656
1574.12266414,  16127.5,  14429.2,  668.792359109,  895.471645337,  830.767
1574.1430986,  16581.3,  14824.7,  668.7916822,  895.472215215,  827.562
1574.16353305,  15883.7,  14216.4,  668.79109569,  895.472086704,  827.468
1574.1839675,  14406.9,  12926.8,  668.788494488,  895.472536344,  827.501
1574.20440195,  12773.5,  11501.7,  668.787595997,  895.473565145,  827.552
1574.2248364,  13519.3,  12152.4,  668.78720601,  895.472342919,  826.901
1574.24527086,  15481.1,  13864.6,  668.791670693,  895.471496759,  826.813
1574.26570531,  16640.2,  14876.3,  668.790852986,  895.471659277,  827.144
1574.28613976,  16726.4,  14951.9,  668.791483408,  895.471334044,  825.809
1574.30657431,  15638.5,  14002.0,  668.790421124,  895.472039633,  826.704
1574.32700867,  13751.0,  12355.2,  668.789080928,  895.472290121,  826.624
1574.34744312,  11346.9,  10255.7,  668.78271925,  895.473032147,  827.352
1574.36787757,  12074.8,  10891.7,  668.784563873,  895.473013391,  825.994
1574.38831203,  14479.1,  12990.3,  668.789485825,  895.472143952,  826.178
1574.40874658,  15979.3,  14299.4,  668.790452889,  895.472246469,  824.784
1574.42918093,  16581.5,  14824.8,  668.791357408,  895.471667306,  825.463
1574.44961549,  16038.0,  14350.6,  668.791094201,  895.47110412,  825.085
1574.47004994,  14663.1,  13150.5,  668.789257902,  895.47208875,  825.189
1574.4904843,  12916.5,  11626.1,  668.786801418,  895.472269191,  825.516
1574.51091885,  13277.1,  11941.0,  668.787738506,  895.472906395,  824.95
1574.5313533,  15253.1,  13665.2,  668.789978777,  895.471724284,  825.446
1574.55178766,  16536.8,  14785.6,  668.790702138,  895.47147526,  824.221
1574.57222221,  16790.8,  15006.9,  668.791287772,  895.471316486,  824.906
1574.59265667,  15855.3,  14191.1,  668.789814073,  895.471662712,  824.256
1574.61309122,  14079.9,  12641.8,  668.787979528,  895.4715475,  823.927
1574.63352558,  11584.9,  10464.1,  668.782801018,  895.473209098,  823.668
1574.65396003,  11743.8,  10602.6,  668.783508554,  895.472438213,  824.02
1574.67439459,  14208.3,  12753.5,  668.787757273,  895.471718152,  823.101
1574.69482894,  15799.7,  14142.2,  668.790798755,  895.470632937,  824.918
1574.7152634,  16554.4,  14801.3,  668.790589726,  895.471545614,  824.169
1574.73569795,  16173.8,  14468.8,  668.790984424,  895.472017734,  824.134
1574.75613231,  14901.7,  13358.4,  668.789753245,  895.471728769,  823.291
1574.77656677,  13106.6,  11791.8,  668.785807797,  895.473620584,  822.469
1574.79700132,  13055.6,  11747.3,  668.786544834,  895.471282261,  822.969
1574.81743578,  15011.0,  13454.0,  668.788335734,  895.471855805,  823.189
1574.83787023,  16405.5,  14671.4,  668.790045184,  895.472130065,  822.155
1574.85830469,  16843.8,  15053.4,  668.790327618,  895.471678897,  822.956
1574.87873915,  16039.0,  14351.3,  668.789451722,  895.470920399,  822.483
1574.8991736,  14372.8,  12897.3,  668.789401486,  895.470762388,  821.763
1574.91960806,  11874.8,  10716.4,  668.78324718,  895.47188107,  822.359
1574.94004252,  11471.8,  10365.1,  668.782090912,  895.472180414,  821.355
1574.96047697,  13901.0,  12485.2,  668.787544066,  895.472305924,  822.013
1574.98091143,  15612.4,  13978.4,  668.788493416,  895.471615013,  821.012
1575.00134589,  16517.8,  14769.2,  668.79086642,  895.471529168,  822.12
1575.02178034,  16278.3,  14559.3,  668.790387841,  895.471517126,  821.694
1575.0422148,  15119.5,  13548.2,  668.787874114,  895.471518328,  821.645
1575.06264936,  13314.2,  11972.9,  668.786745677,  895.472108514,  821.29
1575.08308372,  12876.2,  11590.2,  668.783806796,  895.471251136,  822.904
1575.10351817,  14738.0,  13215.5,  668.788675355,  895.471214344,  822.835
1575.12395273,  16248.7,  14534.2,  668.789291384,  895.471439075,  820.924
1575.14438709,  16828.1,  15039.4,  668.790289487,  895.471368182,  822.16
1575.16482155,  16187.2,  14480.7,  668.789855863,  895.471438401,  819.217
1575.18525611,  14657.8,  13145.2,  668.787809137,  895.471973181,  820.227
1575.20569047,  12219.4,  11016.9,  668.783905613,  895.47126265,  821.408
1575.22612502,  11281.5,  10198.6,  668.783053298,  895.472682237,  818.552
1575.24655948,  13598.5,  12220.8,  668.786702463,  895.472715084,  821.332
1575.26699384,  15445.8,  13833.0,  668.788400904,  895.471311804,  820.905
1575.2874284,  16469.6,  14727.2,  668.790263024,  895.471079138,  819.897
1575.30786286,  16400.1,  14665.8,  668.788468202,  895.471483973,  819.309
1575.32829722,  15321.3,  13725.0,  668.788391514,  895.471885026,  818.879
1575.34873178,  13569.4,  12195.5,  668.785109503,  895.4720415,  818.937
1575.36916624,  12772.2,  11499.5,  668.783640534,  895.472151535,  818.818
1575.3896008,  14457.2,  12970.2,  668.786681925,  895.471138961,  819.11
1575.41003516,  16085.6,  14391.6,  668.788138894,  895.471623315,  817.768
1575.43046962,  16809.4,  15023.1,  668.788810981,  895.470393652,  819.075
1575.45090418,  16342.6,  14615.9,  668.78853134,  895.470595026,  817.666
1575.47133864,  14901.2,  13357.6,  668.787026706,  895.470845168,  818.091
1575.491773,  12595.2,  11344.7,  668.784235732,  895.472211409,  818.885
1575.51220756,  11160.9,  10093.4,  668.780009787,  895.472149696,  818.109
1575.53264202,  13257.1,  11922.4,  668.78437721,  895.472043544,  817.622
1575.55307638,  15257.4,  13668.6,  668.786985845,  895.470885895,  817.846
1575.57351094,  16383.0,  14651.1,  668.788717658,  895.470877929,  817.977
1575.5939454,  16482.7,  14737.6,  668.788310463,  895.470287288,  817.223
1575.61437986,  15519.3,  13897.1,  668.787482214,  895.472132272,  817.449
1575.65524868,  12712.0,  11446.9,  668.782887943,  895.472454754,  818.544
1575.67568324,  14172.7,  12722.0,  668.786105743,  895.471480644,  816.661
1575.6961177,  15912.7,  14240.1,  668.788792637,  895.471154354,  817.925
1575.71655207,  16768.5,  14987.1,  668.78851107,  895.471354638,  817.575
1575.73698663,  16461.2,  14719.2,  668.789559609,  895.471254049,  815.647
1575.75742109,  15128.5,  13555.6,  668.787417364,  895.471247988,  817.265
1575.77785565,  12966.6,  11668.9,  668.784150908,  895.473025628,  817.859
1575.79829001,  11137.9,  10072.8,  668.779279843,  895.472921047,  815.904
1575.81872448,  12908.7,  11618.1,  668.782506677,  895.47127419,  816.139
1575.83915904,  15050.3,  13487.9,  668.786310497,  895.471476712,  815.866
1575.8595934,  16295.2,  14574.0,  668.788779677,  895.470849724,  815.217
1575.88002786,  16552.5,  14798.7,  668.78799637,  895.470865248,  815.313
1575.90046243,  15718.1,  14070.5,  668.786860667,  895.471810258,  816.249
1575.92089679,  14118.5,  12674.3,  668.784545009,  895.47031194,  815.309
1575.94133125,  12728.3,  11461.2,  668.782510248,  895.47252151,  815.74
1575.96176581,  13890.4,  12475.4,  668.784409529,  895.471679333,  814.634
1575.98220018,  15737.2,  14087.0,  668.787511745,  895.471854235,  815.246
1576.00263474,  16731.8,  14955.5,  668.78788389,  895.47051152,  813.461
1576.0230692,  16642.7,  14877.5,  668.788156316,  895.471063312,  814.611
1576.04350367,  15403.7,  13795.9,  668.787303274,  895.471615368,  814.499
1576.06393813,  13358.2,  12011.0,  668.784535254,  895.472202335,  815.084
1576.08437259,  11217.3,  10141.8,  668.780232537,  895.47323519,  814.741
1576.10480706,  12550.8,  11306.1,  668.782611315,  895.472062312,  813.691
1576.12524152,  14812.8,  13280.4,  668.78539001,  895.472016396,  813.75
1576.14567599,  16169.0,  14463.7,  668.787359619,  895.471185173,  812.876
1576.16611045,  16587.2,  14828.8,  668.788715099,  895.471617991,  813.972
1576.18654501,  15874.9,  14207.0,  668.788408303,  895.470671152,  813.753
1576.20697938,  14387.6,  12908.6,  668.786586491,  895.471976019,  813.048
1576.22741394,  12786.7,  11512.0,  668.784251123,  895.471829561,  812.95
1576.24784841,  13601.5,  12222.4,  668.785585519,  895.471962453,  813.452
1576.26828277,  15521.4,  13898.4,  668.787909988,  895.47133472,  812.279
1576.28871734,  16641.9,  14876.4,  668.789229347,  895.47154795,  812.877
1576.3091517,  16705.9,  14931.8,  668.788065456,  895.471403908,  813.109
1576.32958617,  15607.8,  13973.8,  668.787376161,  895.47185685,  812.809
1576.35002073,  13717.2,  12323.7,  668.78538913,  895.47227771,  813.638
1576.3704551,  11380.8,  10290.4,  668.77887402,  895.473303322,  821.142
1576.39088966,  12188.6,  10989.1,  668.782054193,  895.473600142,  814.004
1576.41132413,  14568.5,  13066.1,  668.786706868,  895.472389101,  812.675
1576.43175849,  16017.3,  14330.9,  668.787370155,  895.471492826,  811.743
1576.45219306,  16598.8,  14838.4,  668.78759927,  895.471651506,  812.757
1576.47262753,  16029.0,  14340.9,  668.787915381,  895.470798224,  813.071
1576.49306189,  14645.7,  13133.6,  668.785505476,  895.471002241,  813.133
1576.51349646,  12916.4,  11624.3,  668.784093874,  895.470929056,  811.774
1576.53393092,  13344.8,  11998.1,  668.784629479,  895.471827517,  811.616
1576.55436539,  15318.1,  13720.5,  668.787331515,  895.470642059,  812.779
1576.57479986,  16555.6,  14800.4,  668.788258478,  895.471269521,  812.23
1576.59523432,  16790.0,  15004.6,  668.788993651,  895.470955678,  814.155
1576.61566889,  15829.8,  14166.6,  668.786660103,  895.47110816,  812.947
1576.63610326,  14057.5,  12619.7,  668.786704337,  895.471524158,  813.051
1576.65653772,  11582.9,  10460.1,  668.781829403,  895.472370779,  812.909
1576.67697229,  11859.4,  10701.3,  668.781446541,  895.473215521,  811.949
1576.69740676,  14279.4,  12813.4,  668.78600102,  895.471062085,  812.015
1576.71784113,  15838.2,  14174.1,  668.787442676,  895.471216104,  811.808
1576.73827569,  16573.5,  14816.0,  668.78919292,  895.470631999,  810.997
1576.75871016,  16154.0,  14449.4,  668.787431402,  895.47101863,  812.76
1576.77914463,  14879.0,  13337.0,  668.78689511,  895.471555885,  812.057
1576.7995791,  13092.7,  11777.6,  668.782821651,  895.471068203,  810.886
1576.82001356,  13115.7,  11797.8,  668.78425399,  895.471663535,  811.005
1576.84044813,  15065.2,  13499.2,  668.786783615,  895.471538406,  813.203
1576.8608825,  16430.5,  14690.7,  668.787924426,  895.471235514,  810.684
1576.88131697,  16823.9,  15034.2,  668.788617027,  895.470347311,  811.006
1576.90175154,  16011.0,  14324.5,  668.787133743,  895.470751987,  810.461
1576.92218591,  14359.0,  12882.3,  668.786177531,  895.47067988,  811.075
1576.94262037,  11870.7,  10710.8,  668.78213278,  895.471598544,  810.743
1576.96305484,  11563.7,  10442.7,  668.780643666,  895.473026721,  811.897
1576.98348931,  13968.8,  12541.9,  668.784988159,  895.472082169,  810.55
1577.00392388,  15649.1,  14008.4,  668.787383037,  895.470771496,  810.308
1577.02435825,  16522.3,  14770.0,  668.787395377,  895.471382882,  810.074
1577.04479272,  16278.1,  14557.3,  668.78739262,  895.470554142,  809.601
1577.06522729,  15107.6,  13536.0,  668.786285789,  895.471496057,  810.017
1577.08566166,  13295.7,  11954.3,  668.7827199,  895.47136806,  810.032
1577.10609613,  12927.8,  11633.6,  668.783442567,  895.471513858,  809.677
1577.1265307,  14792.3,  13260.2,  668.786851777,  895.470872669,  810.386
1577.14696507,  16282.2,  14560.7,  668.787486881,  895.471069412,  810.378
1577.16739964,  16833.2,  15042.3,  668.78786136,  895.469725036,  808.228
1577.18783411,  16199.4,  14488.5,  668.787281484,  895.471208974,  810.242
1577.20826848,  14657.3,  13142.6,  668.786113817,  895.471214862,  811.097
1577.22870305,  12203.2,  11000.9,  668.780710397,  895.472714853,  810.189
1577.24913752,  11349.5,  10255.1,  668.779677668,  895.471869503,  809.391
1577.26957199,  13652.8,  12265.7,  668.783982852,  895.470735294,  809.655
1577.29000646,  15468.9,  13851.0,  668.785217713,  895.471016292,  810.282
1577.31044093,  16478.4,  14731.5,  668.787742585,  895.470526332,  810.708
1577.3308754,  16387.1,  14652.3,  668.787764315,  895.470111521,  808.755
1577.35130997,  15317.5,  13718.7,  668.787287474,  895.471459514,  808.936
1577.37174434,  13545.7,  12172.1,  668.783816474,  895.470244018,  808.673
1577.39217891,  12792.2,  11514.4,  668.782807843,  895.470874395,  810.264
1577.41261338,  14507.6,  13011.3,  668.785183157,  895.470084086,  810.549
1577.43304776,  16120.7,  14419.8,  668.78694667,  895.46974816,  809.039
1577.45348233,  16846.7,  15053.3,  668.788490858,  895.470708727,  808.992
1577.4739168,  16352.2,  14621.0,  668.787612926,  895.470512976,  809.477
1577.49435117,  14922.8,  13374.0,  668.78511754,  895.470940214,  808.819
1577.51478574,  12559.9,  11311.6,  668.782541598,  895.47157794,  809.451
1577.53522021,  11215.6,  10137.9,  668.779167831,  895.473015779,  808.966
1577.55565469,  13326.9,  11981.1,  668.782743241,  895.471216649,  808.396
1577.57608916,  15278.3,  13684.2,  668.78594851,  895.470362821,  808.972
1577.59652353,  16410.6,  14672.1,  668.787082145,  895.470458954,  808.803
1577.6169581,  16491.8,  14743.1,  668.787903116,  895.470270355,  807.804
1577.63739257,  15521.8,  13896.1,  668.786265918,  895.470794799,  807.799
1577.65782695,  13808.5,  12401.2,  668.784746513,  895.470130497,  808.045
1577.67826152,  12717.7,  11449.0,  668.784047255,  895.470611584,  807.798
1577.69869599,  14226.5,  12765.9,  668.785112419,  895.471263397,  807.739
1577.71913047,  15951.5,  14271.5,  668.786942468,  895.470340606,  809.579
1577.73956494,  16799.7,  15011.4,  668.787755207,  895.469622271,  807.444
1577.75999941,  16493.1,  14743.4,  668.788188956,  895.470599808,  808.22
1577.78043399,  15163.5,  13583.5,  668.786532638,  895.46997409,  807.867
1577.80086836,  12947.1,  11649.3,  668.783651842,  895.471087571,  806.98
1577.82130283,  11169.9,  10098.2,  668.778852204,  895.4716385,  806.315
1577.84173741,  12983.8,  11681.2,  668.783365784,  895.470925575,  808.147
1577.86217188,  15096.7,  13524.8,  668.786079555,  895.470917803,  807.36
1577.88260625,  16324.5,  14596.9,  668.78826384,  895.470017222,  806.732
1577.90304083,  16566.7,  14808.1,  668.78755285,  895.470100716,  807.211
1577.9234753,  15716.6,  14066.0,  668.787280823,  895.470891447,  806.952
1577.94390978,  14102.8,  12657.8,  668.784907336,  895.470685973,  806.151
1577.96434425,  12719.0,  11449.5,  668.783007888,  895.47044464,  805.772
1577.98477872,  13936.4,  12512.0,  668.784285442,  895.47026059,  806.748
1578.0052132,  15765.8,  14108.7,  668.786119477,  895.470461903,  807.082
1578.02564767,  16752.5,  14970.1,  668.787496501,  895.470623954,  805.95
1578.04608215,  16625.0,  14858.8,  668.787533255,  895.469801427,  806.279
1578.06651672,  15395.3,  13785.9,  668.786844096,  895.46991554,  812.523
1578.0869511,  13315.8,  11970.2,  668.783473642,  895.470606211,  810.552
1578.10738557,  11215.7,  10138.2,  668.780100864,  895.471802982,  805.589
1578.12782015,  12627.2,  11369.8,  668.782329761,  895.471432907,  806.788
1578.14825452,  14859.6,  13317.7,  668.784948154,  895.47056376,  806.692
1578.1686891,  16201.4,  14489.3,  668.786657392,  895.47080453,  805.263
1578.18912357,  16616.5,  14851.3,  668.787932716,  895.470408149,  806.331
1578.20955795,  15876.2,  14205.1,  668.787456107,  895.471115491,  805.306
1578.22999252,  14370.2,  12891.0,  668.7853219,  895.470580972,  805.985
1578.2504269,  12787.4,  11508.7,  668.784194095,  895.47126473,  806.447
1578.27086138,  13668.1,  12277.7,  668.78406556,  895.47090883,  806.04
1578.29129595,  15577.7,  13944.3,  668.786612204,  895.470374371,  805.461
1578.31173033,  16679.4,  14905.6,  668.788082101,  895.470962114,  806.168
1578.3321649,  16723.0,  14944.4,  668.788319603,  895.470235382,  805.961
1578.35259938,  15624.5,  13985.2,  668.787010945,  895.470853385,  805.449
1578.37303376,  13688.8,  12295.8,  668.78496117,  895.470265014,  805.962
1578.39346833,  11355.9,  10260.0,  668.781498365,  895.472292246,  805.37
1578.41390281,  12283.7,  11068.7,  668.782614656,  895.471595205,  806.584
1578.43433729,  14655.6,  13139.3,  668.786073168,  895.472531089,  805.835
1578.45477176,  16079.3,  14382.2,  668.787649529,  895.470857142,  805.222
1578.47520624,  16641.0,  14872.0,  668.787872261,  895.470516468,  805.132
1578.49564072,  16058.9,  14363.9,  668.785806975,  895.470766093,  805.991
1578.51607519,  14629.0,  13115.9,  668.786175107,  895.47092765,  805.281
1578.53650967,  12916.0,  11620.8,  668.784036231,  895.470984748,  805.541
1578.55694425,  13411.7,  12053.5,  668.783647515,  895.470143298,  805.217
1578.57737873,  15362.0,  13755.6,  668.786957642,  895.468554679,  804.299
1578.5978131,  16588.1,  14825.9,  668.78758697,  895.470285941,  805.633
1578.63868216,  15821.9,  14156.7,  668.78727097,  895.470084625,  805.074
1578.65911654,  14027.8,  12590.6,  668.784298873,  895.470692238,  806.056
1578.67955112,  11562.3,  10439.0,  668.781507765,  895.472735997,  804.358
1578.69998559,  11955.0,  10781.6,  668.782498091,  895.471919982,  804.812
1578.72041997,  14388.0,  12905.2,  668.785874231,  895.471745465,  805.716
1578.74085455,  15929.1,  14250.1,  668.786968545,  895.470763957,  804.434
1578.76128903,  16653.5,  14882.3,  668.787646389,  895.471233673,  804.763
1578.78172361,  16209.1,  14494.9,  668.787323428,  895.471564818,  804.31
1578.80215799,  14899.8,  13351.8,  668.786358965,  895.470873232,  805.477
1578.82259247,  13103.6,  11783.6,  668.783731214,  895.471219094,  805.401
1578.84302704,  13181.6,  11852.4,  668.784150936,  895.471000273,  804.821
1578.86346142,  15132.8,  13554.7,  668.786701498,  895.471126811,  803.615
1578.8838959,  16469.2,  14721.3,  668.787859599,  895.470674165,  806.072
1578.90433038,  16833.5,  15039.3,  668.788383629,  895.470698683,  805.312
1578.92476486,  16007.4,  14318.3,  668.788082371,  895.471697555,  805.549
1578.94519944,  14339.0,  12862.2,  668.785881986,  895.471167818,  806.4
1578.96563382,  11835.7,  10677.1,  668.78024772,  895.472603754,  805.378
1578.9860683,  11666.1,  10529.4,  668.780919817,  895.471731955,  804.38
1579.00650288,  14084.9,  12640.5,  668.784864969,  895.470790616,  803.525
1579.02693726,  15739.6,  14084.5,  668.786869265,  895.471204084,  803.234
1579.04737174,  16605.1,  14839.5,  668.787732688,  895.470787095,  805.278
1579.06780632,  16329.0,  14598.6,  668.788295369,  895.471064212,  804.607
1579.0882408,  15118.9,  13542.0,  668.787018552,  895.471495641,  803.626
1579.10867518,  13294.8,  11951.1,  668.784526556,  895.472181101,  804.769
1579.12910976,  12975.0,  11671.2,  668.78395069,  895.472687814,  803.611
1579.14954424,  14857.8,  13314.5,  668.786241646,  895.4714177,  803.868
1579.16997872,  16321.3,  14592.1,  668.787236316,  895.471192462,  803.816
1579.1904132,  16856.4,  15058.7,  668.78811312,  895.470929554,  803.629
1579.21084768,  16182.9,  14470.8,  668.787238701,  895.470769077,  804.696
1579.23128226,  14629.7,  13115.7,  668.786099504,  895.472098895,  803.597
1579.25171664,  12176.2,  10973.7,  668.782075763,  895.473079665,  803.077
1579.27215112,  11434.3,  10326.4,  668.7803361,  895.473052815,  804.68
1579.29258571,  13783.8,  12376.6,  668.785066589,  895.472653775,  803.879
1579.31302009,  15555.5,  13923.3,  668.786812948,  895.471932979,  804.003
1579.33345467,  16543.2,  14785.3,  668.788689487,  895.47130325,  803.54
1579.35388915,  16419.1,  14676.9,  668.788777316,  895.471202932,  804.59
1579.37432353,  15330.2,  13726.6,  668.787677398,  895.471760584,  804.196
1579.39475811,  13547.1,  12170.3,  668.785714106,  895.471935982,  802.828
1579.4151926,  12852.3,  11563.3,  668.784068293,  895.471576861,  803.953
1579.43562698,  14578.9,  13071.0,  668.785995788,  895.471489536,  802.805
1579.45606156,  16166.3,  14455.9,  668.786507777,  895.47093306,  803.928
1579.47649604,  16853.4,  15055.5,  668.788323706,  895.47159444,  803.373
1579.49693042,  16351.4,  14617.6,  668.786837988,  895.470925749,  802.736
1579.51736501,  14886.1,  13338.7,  668.78562243,  895.471755029,  803.144
1579.53779939,  12526.3,  11279.0,  668.782373829,  895.472417538,  802.808
1579.55823397,  11282.1,  10193.1,  668.780636685,  895.472501665,  803.211
1579.57866845,  13439.2,  12075.2,  668.784258589,  895.472536069,  805.017
1579.59910294,  15358.2,  13750.7,  668.787376969,  895.471704444,  804.234
1579.61953742,  16471.0,  14721.5,  668.788164077,  895.469807069,  804.141
1579.6399719,  16534.7,  14777.1,  668.788207424,  895.470913445,  803.271
1579.66040638,  15549.4,  13917.6,  668.786292159,  895.471017003,  802.956
1579.68084087,  13820.9,  12408.8,  668.78441695,  895.471111913,  802.09
1579.70127535,  12777.9,  11498.2,  668.784026622,  895.47264689,  801.753
1579.72170993,  14307.5,  12833.0,  668.785176215,  895.471746428,  802.612
1579.74214442,  15995.2,  14306.0,  668.786519146,  895.470280132,  802.291
1579.7625788,  16824.7,  15030.0,  668.787887022,  895.471123543,  801.677
1579.78301338,  16488.5,  14736.0,  668.787044963,  895.470538334,  802.333
1579.80344787,  15148.8,  13567.0,  668.787165779,  895.472476065,  803.064
1579.82388225,  12896.5,  11601.6,  668.783785745,  895.471848931,  802.291
1579.84431684,  11203.2,  10123.4,  668.779942165,  895.473044989,  802.159
1579.86475132,  13083.4,  11764.2,  668.782526224,  895.471963893,  802.695
1579.8851857,  15135.0,  13555.2,  668.786574344,  895.470669058,  800.337
1579.90562029,  16375.0,  14637.1,  668.787468674,  895.470583502,  801.061
1579.92605477,  16585.1,  14820.4,  668.786461104,  895.47085868,  801.155
1579.94648936,  15729.6,  14074.1,  668.786518242,  895.471014192,  801.081
1579.96692374,  14089.9,  12642.5,  668.784530358,  895.470875291,  801.0
1579.98735823,  12751.9,  11474.9,  668.7834273,  895.472311555,  801.212
1580.00779281,  14003.0,  12566.9,  668.785658591,  895.470100755,  801.601
1580.0282272,  15805.5,  14139.7,  668.786282971,  895.469851893,  801.106
1580.04866168,  16785.6,  14995.6,  668.786932758,  895.47037034,  800.223
1580.06909627,  16605.2,  14837.7,  668.786976868,  895.469932206,  800.371
1580.08953065,  15363.5,  13754.2,  668.7868171,  895.470618525,  801.011
1580.10996514,  13273.3,  11930.1,  668.783410261,  895.471427814,  800.011
1580.13039972,  11211.8,  10130.5,  668.77858809,  895.471995944,  799.813
1580.15083411,  12721.2,  11447.7,  668.781931142,  895.471205138,  799.669
1580.17126869,  14928.4,  13374.5,  668.786560586,  895.470383762,  799.274
1580.19170308,  16252.3,  14529.5,  668.786849171,  895.470520548,  799.632
1580.21213756,  16628.6,  14858.3,  668.786848223,  895.46957364,  799.638
1580.23257215,  15906.3,  14228.1,  668.785819441,  895.469928016,  799.173
1580.25300654,  14364.5,  12881.8,  668.782746296,  895.469964124,  799.654
1580.27344102,  12811.2,  11526.6,  668.781746566,  895.471454314,  799.448
1580.29387561,  13729.2,  12327.5,  668.782726506,  895.470528345,  798.637
1580.31431009,  15607.2,  13966.2,  668.785436852,  895.470506903,  798.928
1580.33474458,  16702.7,  14922.9,  668.786924488,  895.470153417,  798.948
1580.35517907,  16719.1,  14937.2,  668.786510046,  895.469537668,  798.461
1580.37561355,  15590.5,  13951.5,  668.785984962,  895.469525717,  799.283
1580.39604804,  13630.6,  12241.7,  668.783737032,  895.469778835,  797.732
1580.41648253,  11334.4,  10236.7,  668.778871495,  895.471892966,  798.912
1580.43691701,  12350.6,  11124.0,  668.781066057,  895.471711711,  799.254
1580.4573516,  14677.6,  13155.1,  668.784072272,  895.470269823,  797.852
1580.47778599,  16102.3,  14398.5,  668.786628265,  895.469677671,  797.711
1580.49822047,  16657.3,  14883.2,  668.786806302,  895.469250733,  796.787
1580.51865506,  16055.6,  14356.9,  668.787148305,  895.469757546,  797.705
1580.53908945,  14629.5,  13113.0,  668.785368449,  895.470726744,  798.369
1580.55952404,  12915.6,  11617.3,  668.783130387,  895.470702508,  798.581
1580.57995852,  13465.6,  12097.1,  668.782754518,  895.470768114,  797.914
1580.60039291,  15400.1,  13785.7,  668.785049467,  895.46959441,  797.031
1580.6208275,  16600.0,  14833.0,  668.786513059,  895.46961647,  797.162
1580.64126199,  16781.3,  14990.8,  668.786318285,  895.469375412,  796.961
1580.66169637,  15766.9,  14106.0,  668.785921598,  895.470095492,  796.086
1580.68213096,  13962.0,  12530.0,  668.782745433,  895.470538654,  796.765
1580.70256545,  11508.3,  10388.8,  668.778789917,  895.470194818,  797.077
1580.72300004,  12005.6,  10822.3,  668.7811327,  895.471371695,  796.197
1580.74343443,  14419.9,  12929.4,  668.784288525,  895.470142253,  796.855
1580.76386891,  15955.5,  14269.9,  668.786257938,  895.470191182,  797.642
1580.7843035,  16651.6,  14877.7,  668.785941553,  895.469374218,  796.964
1580.80473789,  16197.5,  14480.7,  668.786240186,  895.469252135,  796.492
1580.82517238,  14874.0,  13326.0,  668.784975181,  895.469809565,  796.299
1580.84560687,  13083.6,  11762.8,  668.78152951,  895.470140332,  796.495
1580.86604136,  13223.5,  11885.2,  668.783720053,  895.470538296,  798.02
1580.88647585,  15151.9,  13568.5,  668.785053552,  895.470161484,  797.605
1580.90691034,  16476.3,  14723.9,  668.787177124,  895.470473266,  796.959
1580.92734482,  16821.5,  15025.4,  668.78723447,  895.470613384,  797.55
1580.94777941,  15970.5,  14282.6,  668.786172201,  895.469987714,  796.656
1580.9682139,  14269.3,  12797.7,  668.783052995,  895.47109135,  797.606
1580.98864829,  11765.0,  10612.5,  668.780783178,  895.471996357,  796.66
1581.00908288,  11691.3,  10548.2,  668.779305179,  895.471979974,  796.885
1581.02951737,  14120.6,  12667.7,  668.78412721,  895.468882505,  794.963
1581.04995176,  15771.1,  14108.7,  668.785138745,  895.468950408,  795.451
1581.07038635,  16636.6,  14863.8,  668.786524675,  895.468918936,  794.648
1581.09082084,  16336.3,  14602.0,  668.786261087,  895.469123479,  795.213
1581.11125543,  15114.9,  13536.0,  668.783950094,  895.469001676,  794.28
1581.13168982,  13287.9,  11940.8,  668.782179506,  895.469250192,  795.451
1581.15212431,  13035.6,  11721.0,  668.781546706,  895.470462286,  795.376
1581.1725589,  14921.0,  13366.9,  668.784751529,  895.470254551,  794.489
1581.19299329,  16358.3,  14620.9,  668.786050338,  895.468612253,  795.105
1581.21342778,  16849.8,  15050.0,  668.786145125,  895.468779278,  795.388
1581.23386237,  16143.6,  14433.4,  668.786240216,  895.468794637,  795.301
1581.25429676,  14566.1,  13056.1,  668.783433773,  895.469645476,  795.677
1581.27473125,  12081.7,  10888.4,  668.780070692,  895.470180942,  795.508
1581.29516584,  11445.2,  10332.6,  668.777612314,  895.472738494,  794.827
1581.31560024,  13808.4,  12395.1,  668.782751927,  895.470012567,  795.059
1581.33603483,  15374.5,  13761.9,  668.786231798,  895.469199937,  794.962
1581.35646932,  16547.3,  14785.5,  668.78638162,  895.469796569,  794.6
1581.37690381,  16445.0,  14696.0,  668.785472104,  895.469512608,  794.297
1581.3973383,  15330.8,  13723.6,  668.784521636,  895.470117795,  794.582
1581.41777279,  13531.7,  12153.3,  668.783164845,  895.470206,  794.408
1581.43820728,  12750.4,  11471.7,  668.782404158,  895.470722077,  794.51
1581.45864177,  14648.0,  13127.4,  668.784696878,  895.470044793,  794.126
1581.47907627,  16184.3,  14468.3,  668.785788661,  895.471396777,  794.376
1581.49951076,  16847.7,  15047.3,  668.786349524,  895.469862613,  794.472
1581.51994525,  16301.7,  14570.5,  668.787022519,  895.470786899,  794.81
1581.54037974,  14819.2,  13276.8,  668.784897875,  895.471236687,  794.577
1581.56081423,  12419.8,  11182.9,  668.78239002,  895.471387513,  795.314
1581.58124873,  11265.5,  10173.7,  668.77846119,  895.471850459,  794.444
1586.83290901,  16046.6,  14324.8,  668.779397261,  895.466362098,  787.813
1586.85334362,  16706.9,  14901.9,  668.77922581,  895.466522086,  787.918
1586.87377804,  16175.9,  14437.9,  668.778715094,  895.465987637,  787.455
1586.89421265,  14782.3,  13222.0,  668.777753107,  895.466095786,  788.111
1586.91464716,  13014.1,  11679.2,  668.774896826,  895.466303708,  786.914
1586.93508157,  13416.1,  12029.7,  668.776935736,  895.466537155,  786.882
1586.95551619,  15299.5,  13673.9,  668.778992755,  895.465900704,  786.899
1586.9759507,  16501.6,  14723.2,  668.780705291,  895.46535965,  786.535
1586.99638521,  16727.6,  14919.8,  668.781234032,  895.465404225,  787.385
1587.01681972,  15743.4,  14061.7,  668.780822593,  895.466233775,  787.432
1587.03725424,  13967.3,  12511.1,  668.77831707,  895.466118899,  787.519
1587.05768885,  11496.0,  10353.8,  668.774304242,  895.466538007,  787.427
1587.07812336,  11796.4,  10616.6,  668.77284663,  895.466526047,  787.699
1587.09855778,  14250.1,  12758.1,  668.776095329,  895.466209307,  785.365
1587.11899239,  15887.2,  14186.4,  668.77993233,  895.46595787,  786.861
1587.1394269,  16693.2,  14890.3,  668.780557426,  895.465003439,  786.715
1587.15986131,  16310.7,  14556.1,  668.779815172,  895.465114063,  787.007
1587.18029593,  15035.4,  13443.5,  668.778655703,  895.465330685,  787.708
1587.20073044,  13203.2,  11844.2,  668.776384568,  895.466282748,  786.187
1587.22116495,  13177.5,  11821.7,  668.775308373,  895.466035283,  785.943
1587.24159947,  15053.3,  13459.2,  668.774310596,  895.463876998,  786.854
1587.26203388,  16371.0,  14609.2,  668.779057565,  895.464301994,  785.879
1587.28246849,  16743.6,  14934.4,  668.778996206,  895.464172522,  786.131
1587.30290301,  15924.9,  14220.5,  668.778597129,  895.464680815,  785.22
1587.32333742,  14274.8,  12780.3,  668.777167972,  895.465206958,  785.331
1587.34377203,  11793.2,  10613.8,  668.772808681,  895.465769788,  787.541
1587.36420655,  11525.5,  10380.6,  668.771977951,  895.465262472,  786.445
1587.38464116,  13979.9,  12522.8,  668.776259293,  895.464710417,  785.64
1587.40507558,  15732.9,  14053.4,  668.778346412,  895.464873561,  784.688
1587.42551009,  16665.6,  14866.9,  668.779104659,  895.464568293,  784.919
1587.4459447,  16455.5,  14683.7,  668.779989666,  895.464607546,  784.826
1587.46637912,  15274.6,  13653.1,  668.777514074,  895.464292648,  784.828
1587.50724825,  13017.0,  11682.8,  668.776556187,  895.463905645,  785.617
1587.52768266,  14799.5,  13238.7,  668.777072668,  895.463729811,  784.086
1587.54811727,  16231.9,  14489.1,  668.779132499,  895.463330794,  785.089
1587.56855179,  16779.9,  14967.4,  668.779500792,  895.464281902,  785.081
1587.5889863,  16118.7,  14390.7,  668.779937227,  895.463814747,  784.839
1587.60942082,  14566.5,  13035.7,  668.777242801,  895.463896992,  784.628
1587.62985533,  12131.8,  10910.8,  668.774638195,  895.465392325,  785.017
1587.65028985,  11301.8,  10186.6,  668.771721231,  895.465039323,  784.931
1587.67072436,  13667.4,  12251.3,  668.77539648,  895.464286142,  784.766
1587.69115887,  15529.4,  13876.9,  668.778691323,  895.464852584,  784.445
1587.71159349,  16608.6,  14818.6,  668.779508206,  895.463445867,  784.136
1587.7320279,  16554.9,  14772.6,  668.77929866,  895.463904541,  782.924
1587.75246242,  15485.5,  13839.6,  668.777009533,  895.464377884,  783.334
1587.77289703,  13701.7,  12282.0,  668.774654049,  895.464497458,  782.835
1587.79333155,  12900.0,  11582.8,  668.773529875,  895.464602817,  783.59
1587.81376596,  14534.1,  13009.3,  668.776394106,  895.464096386,  783.445
1587.83420058,  16089.5,  14366.4,  668.776706189,  895.464035853,  783.748
1587.85463499,  16766.1,  14957.8,  668.777634472,  895.465040201,  783.604
1587.87506961,  16261.9,  14517.2,  668.777311898,  895.464749572,  782.174
1587.89550412,  14815.7,  13255.4,  668.777106562,  895.464316515,  783.645
1587.91593854,  12492.3,  11228.0,  668.774859587,  895.4651596,  783.149
1587.93637316,  11166.3,  10070.7,  668.772969674,  895.465613997,  782.963
1587.95680767,  13333.7,  11962.9,  668.777242218,  895.464929265,  783.389
1587.97724209,  15339.4,  13713.3,  668.780480598,  895.464915911,  782.633
1587.9976767,  16530.4,  14752.5,  668.780664379,  895.463854945,  783.26
1588.01811122,  16647.0,  14854.7,  668.779561897,  895.463243198,  781.944
1588.03854563,  15685.4,  14015.9,  668.779385927,  895.463595081,  782.58
1588.05898025,  13977.5,  12525.3,  668.777191354,  895.463835055,  782.615
1588.07941476,  12834.0,  11527.7,  668.77457439,  895.464220948,  782.664
1588.09984938,  14265.6,  12776.6,  668.777125097,  895.464559932,  781.332
1588.1202838,  15912.3,  14214.2,  668.778697133,  895.464163479,  780.787
1588.14071831,  16712.9,  14913.6,  668.779506717,  895.464468735,  781.732
1588.16115293,  16390.1,  14631.4,  668.779604021,  895.464699747,  782.601
1588.18158734,  15087.3,  13494.9,  668.778282964,  895.465101037,  781.31
1588.20202186,  12859.2,  11550.1,  668.776157996,  895.465713338,  781.254
1588.22245648,  11094.6,  10009.8,  668.772063223,  895.465057298,  780.541
1588.24289089,  12945.8,  11626.2,  668.775511399,  895.465193343,  780.743
1588.26332551,  15102.9,  13508.7,  668.779673077,  895.463728894,  780.12
1588.28376002,  16414.3,  14653.1,  668.780088338,  895.464726035,  779.773
1588.30419454,  16704.5,  14906.9,  668.780932019,  895.464395624,  778.668
1588.32462906,  15872.3,  14180.6,  668.779971038,  895.464616903,  778.623
1588.34506357,  14247.3,  12762.1,  668.777949918,  895.465001814,  779.811
1588.36549809,  12834.6,  11529.6,  668.775061934,  895.466082998,  778.98
1588.38593261,  13973.2,  12523.0,  668.775780673,  895.465965044,  779.787
1588.40636712,  15720.5,  14048.2,  668.777508236,  895.464330399,  779.832
1588.42680164,  16664.2,  14872.0,  668.778815346,  895.464838847,  779.392
1588.44723626,  16512.8,  14740.2,  668.777300761,  895.464160166,  780.013
1588.46767067,  15272.8,  13657.9,  668.776474818,  895.464890409,  779.439
1588.48810529,  13220.8,  11866.8,  668.772087386,  895.465016009,  780.56
1588.50853971,  11148.4,  10058.0,  668.766644698,  895.4659846,  779.938
1588.52897423,  12599.0,  11324.6,  668.771833034,  895.465349412,  780.009
1588.54940884,  14899.1,  13331.4,  668.776143846,  895.464368702,  779.191
1588.56984326,  16301.6,  14555.8,  668.777934495,  895.46424805,  781.177
1588.59027778,  16747.0,  14945.0,  668.778977665,  895.464379664,  779.898
1588.61071239,  16042.3,  14329.6,  668.777997155,  895.46398183,  780.385
1588.63114681,  14531.9,  13011.5,  668.775534152,  895.464689602,  781.787
1588.65158143,  12920.1,  11604.4,  668.773954446,  895.464905503,  780.194
1588.67201595,  13737.9,  12318.4,  668.776378041,  895.464510603,  780.529
1588.69245036,  15536.5,  13888.5,  668.778793232,  895.464125053,  779.727
1588.71288498,  16592.0,  14809.5,  668.780731117,  895.46389055,  779.71
1588.7333195,  16603.2,  14819.7,  668.781252735,  895.463737229,  778.049
1588.75375392,  15485.0,  13844.3,  668.780544589,  895.463594885,  777.374
1588.77418853,  13581.7,  12182.5,  668.777402438,  895.462909179,  778.029
1588.79462305,  11261.7,  10158.2,  668.772935749,  895.463384967,  776.823
1588.81505757,  12234.7,  11007.0,  668.774395752,  895.464974389,  776.917
1588.83549209,  14634.4,  13101.6,  668.778398063,  895.463733535,  777.261
1588.8559266,  16132.1,  14409.5,  668.780407748,  895.463658284,  777.289
1588.87636122,  16762.8,  14959.7,  668.780895727,  895.463579088,  777.976
1588.89679564,  16186.5,  14456.5,  668.780419778,  895.463185952,  778.333
1588.91723016,  14776.0,  13225.7,  668.778410539,  895.463564509,  777.541
1588.93766478,  13025.3,  11697.4,  668.776857702,  895.464314228,  777.21
1588.95809929,  13467.7,  12084.1,  668.776951856,  895.464440158,  777.382
1588.97853371,  15322.0,  13702.2,  668.778057513,  895.464581546,  776.472
1588.99896833,  16481.2,  14713.6,  668.780231507,  895.464773699,  778.569
1589.01940285,  16673.4,  14881.7,  668.779963895,  895.46467566,  777.465
1589.03983727,  15683.9,  14017.7,  668.778819343,  895.465115566,  777.756
1589.06027189,  13910.0,  12469.9,  668.775629171,  895.465432859,  777.903
1589.0807064,  11466.9,  10337.7,  668.772138954,  895.466018008,  776.745
1589.10114102,  11891.2,  10707.9,  668.774091576,  895.466962467,  776.536
1589.12157544,  14355.8,  12859.0,  668.777494254,  895.465321121,  777.292
1589.14200996,  15964.2,  14262.7,  668.779973608,  895.465129808,  777.991
1589.16244448,  16749.7,  14948.1,  668.780907485,  895.465248961,  777.142
1589.182879,  16330.2,  14582.9,  668.779384894,  895.46416969,  776.915
1589.20331342,  15019.4,  13438.4,  668.777737169,  895.465912151,  777.507
1589.22374803,  13201.1,  11851.0,  668.774601048,  895.46587156,  776.833
1589.24418255,  13245.9,  11891.1,  668.776807648,  895.466006713,  777.668
1589.26461717,  15091.3,  13501.3,  668.777810279,  895.464783972,  776.288
1589.28505159,  16376.5,  14622.9,  668.780031689,  895.464090244,  775.464
1589.30548611,  16719.1,  14922.3,  668.779942439,  895.465536527,  776.323
1589.32592073,  15870.8,  14181.6,  668.779312416,  895.464643347,  776.263
1589.34635515,  14205.6,  12728.5,  668.776970115,  895.464858538,  776.321
1589.36678967,  11731.1,  10568.6,  668.771981092,  895.464944391,  776.216
1589.38722429,  11600.6,  10454.9,  668.771906734,  895.466268759,  774.737
1589.40765871,  14106.4,  12641.9,  668.775879179,  895.46475617,  775.462
1589.42809323,  15798.2,  14118.3,  668.779212295,  895.464636099,  776.742
1589.44852785,  16733.9,  14934.8,  668.779741373,  895.463742445,  775.371
1589.46896236,  16482.9,  14716.2,  668.780143084,  895.464150976,  775.892
1589.48939688,  15278.6,  13664.8,  668.778980883,  895.463976543,  776.04
1589.5098314,  13420.5,  12043.3,  668.776948693,  895.464366623,  775.843
1589.53026592,  13064.7,  11732.9,  668.775296804,  895.463506947,  776.212
1589.55070044,  14845.6,  13286.3,  668.778124527,  895.46363057,  776.969
1589.57113496,  16238.1,  14502.1,  668.779542556,  895.463054569,  775.713
1589.59156948,  16721.8,  14924.0,  668.779482775,  895.463638664,  775.112
1589.6120041,  16036.2,  14325.7,  668.778189771,  895.464658168,  775.593
1589.63243852,  14471.1,  12960.1,  668.777414631,  895.464979212,  774.918
1589.65287304,  12053.2,  10849.7,  668.774041864,  895.465560844,  774.72
1589.67330766,  11376.7,  10259.2,  668.771726422,  895.466152964,  774.995
1589.69374208,  13787.6,  12363.2,  668.774600344,  895.465257552,  774.388
1589.7141767,  15637.7,  13977.9,  668.777748218,  895.465475525,  774.586
1589.73461122,  16684.1,  14891.7,  668.778325436,  895.464464906,  773.652
1589.75504564,  16589.0,  14808.6,  668.778371847,  895.464793866,  774.396
1589.77548026,  15495.5,  13853.1,  668.776735216,  895.465252236,  773.564
1589.79591478,  13679.7,  12269.1,  668.775593904,  895.466033185,  774.571
1589.8163492,  12934.4,  11618.7,  668.774347696,  895.465827075,  774.679
1589.85721824,  16100.8,  14382.1,  668.778275674,  895.465350062,  774.67
1589.87765286,  16739.2,  14938.8,  668.778408537,  895.463498382,  774.1
1589.89808738,  16193.7,  14462.9,  668.778237936,  895.465326695,  775.024
1589.9185218,  14729.7,  13184.8,  668.776878056,  895.466074093,  773.657
1589.93895642,  12403.5,  11154.3,  668.772267917,  895.466938053,  775.325
1589.95939095,  11202.9,  10107.0,  668.769817259,  895.468123764,  774.485
1589.97982537,  13457.5,  12074.4,  668.77582275,  895.466829136,  775.402
1590.00025999,  15449.5,  13812.6,  668.776554278,  895.466472236,  774.635
1590.02069451,  16633.6,  14846.5,  668.77889819,  895.465968196,  774.268
1590.04112903,  16708.0,  14911.5,  668.778901449,  895.465787825,  775.236
1590.06156355,  15708.8,  14039.1,  668.777348729,  895.466147751,  775.804
1590.08199807,  13955.9,  12509.6,  668.775870445,  895.466507865,  774.196
1590.10243269,  12870.5,  11561.6,  668.775057033,  895.466563967,  776.667
1590.12286711,  14349.1,  12852.2,  668.776528888,  895.467547486,  774.668
1590.14330163,  15954.4,  14253.4,  668.778646461,  895.466304586,  775.128
1590.16373625,  16708.4,  14911.3,  668.779866921,  895.466278643,  774.321
1590.18417077,  16338.5,  14588.5,  668.778565494,  895.466552087,  774.739
1590.2046052,  14972.9,  13396.8,  668.777748023,  895.466466778,  774.451
1590.22503982,  12774.6,  11478.2,  668.774257166,  895.467748614,  773.734
1590.24547434,  11138.0,  10049.7,  668.771311523,  895.468572042,  773.842
1590.26590876,  13114.1,  11774.1,  668.775573033,  895.467992504,  773.794
1590.28634338,  15254.9,  13643.2,  668.778842521,  895.46589806,  773.872
1590.3067779,  16544.2,  14768.6,  668.779034881,  895.465595231,  774.148
1590.32721252,  16795.0,  14986.8,  668.7795617,  895.46595074,  773.775
1590.34764695,  15909.3,  14214.2,  668.778411219,  895.46622678,  773.825
1590.36808147,  14236.5,  12753.8,  668.776792562,  895.466029732,  774.807
1590.38851609,  12869.5,  11560.8,  668.774635643,  895.467002003,  771.998
1590.40895051,  14065.5,  12604.8,  668.776312238,  895.466383931,  774.555
1590.42938503,  15765.5,  14088.6,  668.778802322,  895.465597879,  774.127
1590.44981955,  16669.3,  14877.4,  668.778559715,  895.464760251,  774.541
1590.47025408,  16464.5,  14698.9,  668.779028843,  895.465606348,  772.944
1590.4906887,  15214.8,  13607.6,  668.777536572,  895.465971397,  772.896
1590.51112312,  13156.8,  11811.9,  668.775414275,  895.465626135,  772.074
1590.53155764,  11156.5,  10066.0,  668.772181096,  895.468090974,  772.746
1590.55199226,  12735.8,  11443.7,  668.774310036,  895.465960847,  772.82
1590.57242668,  15012.8,  13431.4,  668.777544239,  895.466031007,  773.128
1590.59286121,  16409.4,  14650.6,  668.7793917,  895.465402906,  772.752
1590.61329583,  16828.7,  15016.5,  668.778713578,  895.465033464,  772.248
1590.63373025,  16087.2,  14369.3,  668.779541485,  895.465151562,  773.41
1590.65416477,  14519.7,  13001.1,  668.778087616,  895.46539619,  773.805
1590.6745994,  12919.4,  11604.6,  668.775702696,  895.466794011,  771.599
1590.69503392,  13808.6,  12380.5,  668.775704897,  895.465346614,  773.273
1590.71546844,  15598.0,  13942.1,  668.778551713,  895.464902578,  772.796
1590.73590296,  16618.6,  14833.2,  668.779228709,  895.464837558,  771.116
1590.75633748,  16578.9,  14798.3,  668.780213419,  895.464291257,  772.832
1590.77677201,  15418.6,  13785.9,  668.778840879,  895.465232916,  772.736
1590.79720653,  13494.8,  12107.7,  668.775751972,  895.465404983,  771.714
1590.81764105,  11242.9,  10141.2,  668.772231888,  895.465393365,  772.831
1590.83807567,  12356.3,  11113.0,  668.77528512,  895.465850294,  771.841
1590.8585101,  14764.2,  13214.8,  668.778070177,  895.465067647,  771.522
1590.87894462,  16249.7,  14510.6,  668.779434939,  895.463991317,  772.204
1590.89937924,  16861.8,  15045.4,  668.780956253,  895.463987504,  771.422
1590.91981367,  16256.3,  14517.5,  668.781030462,  895.464209591,  771.429
1590.94024829,  14789.6,  13237.1,  668.779711298,  895.463854597,  770.217
1590.96068281,  13029.9,  11701.4,  668.777243527,  895.464891367,  772.097
1590.98111723,  13540.6,  12140.6,  668.776461267,  895.463326925,  771.045
1591.00155186,  15380.0,  13749.0,  668.779150927,  895.463832966,  770.098
