Kepler I.D.-----Channel

[7515679]--------[45]

-TTYPE1--------TTYPE8------------TTYPE4-----------TTYPE15------------TTYPE17-----------TTYPE6

['TIME']---['PDCSAP_FLUX']---['SAP_FLUX']---['MOM_CENTR1']---['MOM_CENTR2']---['SAP_BKG']

['BJD - 2454833']--['e-/s']--------['e-/s']---------['pixel']---------['pixel']----------['e-/s']

CROWDSAP --- 0.9979

7515679

1559.24662033,  193700.0,  187425.0,  1054.61804844,  705.993217055,  2267.03
1559.26705461,  193709.0,  187435.0,  1054.61821042,  705.993242908,  2266.24
1559.287489,  193677.0,  187401.0,  1054.61815192,  705.993325131,  2267.66
1559.30792319,  193729.0,  187450.0,  1054.61821451,  705.993176412,  2268.23
1559.32835748,  193740.0,  187463.0,  1054.61815509,  705.993107533,  2264.66
1559.34879187,  193766.0,  187484.0,  1054.61826088,  705.992947923,  2264.99
1559.36922606,  193769.0,  187485.0,  1054.61823192,  705.993055501,  2265.14
1559.38966045,  193802.0,  187517.0,  1054.61831234,  705.992922789,  2265.44
1559.41009474,  193838.0,  187549.0,  1054.61822389,  705.992798831,  2264.64
1559.43052903,  193829.0,  187540.0,  1054.61817495,  705.992801397,  2262.3
1559.45096332,  193846.0,  187552.0,  1054.61831338,  705.99281331,  2262.78
1559.47139761,  193858.0,  187562.0,  1054.61830559,  705.992913866,  2264.44
1559.4918319,  193859.0,  187563.0,  1054.61829659,  705.992613114,  2265.79
1559.51226619,  193843.0,  187546.0,  1054.61830882,  705.992594313,  2263.28
1559.53270048,  193817.0,  187518.0,  1054.61826818,  705.992565559,  2262.48
1559.55313477,  193811.0,  187515.0,  1054.61841674,  705.992556382,  2263.06
1559.57356906,  193796.0,  187496.0,  1054.61828815,  705.992570149,  2263.12
1559.59400335,  193807.0,  187508.0,  1054.61844519,  705.992513851,  2262.52
1559.61443764,  193803.0,  187501.0,  1054.61852565,  705.992303052,  2262.85
1559.63487194,  193785.0,  187480.0,  1054.61847574,  705.992477819,  2261.57
1559.65530623,  193806.0,  187500.0,  1054.6186113,  705.992392455,  2263.08
1559.67574062,  193773.0,  187468.0,  1054.61849795,  705.99242736,  2260.61
1559.69617481,  193765.0,  187458.0,  1054.61847106,  705.992221562,  2261.39
1559.7166091,  193753.0,  187448.0,  1054.61881364,  705.992212894,  2260.81
1559.7370435,  193725.0,  187418.0,  1054.61844249,  705.992293084,  2261.6
1559.75747769,  193736.0,  187428.0,  1054.61861232,  705.992057987,  2259.91
1559.77791208,  193731.0,  187425.0,  1054.61864239,  705.992242847,  2260.81
1559.79834638,  193789.0,  187477.0,  1054.61862589,  705.992036835,  2259.43
1559.81878057,  193812.0,  187498.0,  1054.61871324,  705.991948717,  2257.68
1559.83921496,  193821.0,  187507.0,  1054.61878514,  705.992126085,  2258.04
1559.85964926,  193845.0,  187528.0,  1054.61860665,  705.991934433,  2258.25
1559.88008345,  193887.0,  187570.0,  1054.61858138,  705.99191096,  2258.16
1559.90051784,  193936.0,  187614.0,  1054.61859708,  705.991695901,  2260.97
1559.92095214,  193928.0,  187605.0,  1054.618726,  705.991803916,  2256.26
1559.94138653,  193974.0,  187650.0,  1054.61886091,  705.991813152,  2257.26
1559.96182073,  193988.0,  187662.0,  1054.61866016,  705.991717654,  2258.15
1559.98225502,  194015.0,  187688.0,  1054.6187019,  705.991747486,  2256.96
1560.00268941,  194013.0,  187685.0,  1054.61885837,  705.991753822,  2257.3
1560.02312361,  194017.0,  187687.0,  1054.61891547,  705.991733638,  2257.15
1560.0435579,  194028.0,  187699.0,  1054.6187264,  705.991654222,  2256.74
1560.0639923,  194013.0,  187682.0,  1054.61880307,  705.991644531,  2258.19
1560.0844265,  193990.0,  187659.0,  1054.61865345,  705.991678779,  2256.71
1560.10486089,  193977.0,  187646.0,  1054.61891016,  705.991687142,  2255.88
1560.12529519,  193938.0,  187610.0,  1054.61870798,  705.991797298,  2255.74
1560.14572938,  193870.0,  187541.0,  1054.61888156,  705.991297835,  2257.26
1560.16616378,  193828.0,  187504.0,  1054.61896467,  705.991765082,  2255.71
1560.18659808,  193767.0,  187443.0,  1054.6188346,  705.991555629,  2258.32
1560.20703227,  193753.0,  187427.0,  1054.61870679,  705.991477708,  2254.59
1560.22746667,  193749.0,  187425.0,  1054.61882598,  705.991495293,  2253.59
1560.24790097,  193639.0,  187316.0,  1054.61889695,  705.991559774,  2254.85
1560.26833516,  193620.0,  187298.0,  1054.61901657,  705.991564483,  2253.31
1560.28876956,  193633.0,  187314.0,  1054.61865494,  705.991422523,  2254.86
1560.30920386,  193588.0,  187264.0,  1054.61889316,  705.991432516,  2254.86
1560.32963815,  193576.0,  187257.0,  1054.6188147,  705.991369458,  2251.7
1560.35007245,  193597.0,  187275.0,  1054.61864974,  705.991360329,  2253.39
1560.37050675,  193568.0,  187248.0,  1054.61864481,  705.991251951,  2251.65
1560.39094115,  193621.0,  187298.0,  1054.61885345,  705.991431994,  2252.39
1560.41137535,  193611.0,  187287.0,  1054.61892683,  705.991237719,  2251.7
1560.43180964,  193658.0,  187332.0,  1054.61876969,  705.991139397,  2253.16
1560.45224404,  193682.0,  187357.0,  1054.6189739,  705.991363435,  2253.36
1560.47267824,  193751.0,  187420.0,  1054.61868322,  705.99111382,  2251.02
1560.49311264,  193799.0,  187467.0,  1054.61883795,  705.991140997,  2253.24
1560.51354694,  193833.0,  187504.0,  1054.61884726,  705.991280084,  2252.03
1560.53398114,  193875.0,  187540.0,  1054.61886883,  705.991308045,  2251.49
1560.55441554,  193899.0,  187566.0,  1054.61896755,  705.990983347,  2250.58
1560.57484984,  193965.0,  187628.0,  1054.61864951,  705.991256921,  2253.01
1560.59528404,  194005.0,  187666.0,  1054.61886278,  705.990983078,  2248.87
1560.61571844,  194065.0,  187726.0,  1054.61910592,  705.991141601,  2250.98
1560.63615274,  194052.0,  187710.0,  1054.61866255,  705.990988027,  2249.48
1560.65658704,  194095.0,  187751.0,  1054.61883218,  705.991034543,  2251.66
1560.67702134,  194122.0,  187780.0,  1054.61902536,  705.991327912,  2248.97
1560.69745564,  194108.0,  187763.0,  1054.61861632,  705.990976218,  2251.21
1560.73832424,  194135.0,  187794.0,  1054.61889372,  705.991029493,  2248.31
1560.75875854,  194075.0,  187734.0,  1054.61866924,  705.99084056,  2247.65
1560.77919294,  194048.0,  187709.0,  1054.6188717,  705.990646776,  2251.3
1560.79962714,  194048.0,  187711.0,  1054.61884507,  705.990706501,  2246.96
1560.82006145,  194001.0,  187665.0,  1054.61884522,  705.990867367,  2251.82
1560.84049585,  193951.0,  187623.0,  1054.61834445,  705.990552853,  2263.71
1560.96310166,  193796.0,  187482.0,  1054.61848742,  705.990882022,  2281.15
1560.98353587,  193765.0,  187453.0,  1054.61835942,  705.990420557,  2278.85
1561.00397027,  193767.0,  187460.0,  1054.61832529,  705.99070928,  2277.13
1561.02440457,  193781.0,  187467.0,  1054.61874056,  705.990810918,  2273.34
1561.04483898,  193681.0,  187372.0,  1054.61856919,  705.990578762,  2273.05
1561.06527318,  193650.0,  187347.0,  1054.61884768,  705.990514945,  2272.32
1561.08570748,  193679.0,  187372.0,  1054.61855809,  705.990569581,  2268.01
1561.10614189,  193696.0,  187386.0,  1054.61860857,  705.990455477,  2266.85
1561.12657609,  193748.0,  187435.0,  1054.61844929,  705.990472705,  2269.56
1561.1470104,  193773.0,  187458.0,  1054.61839482,  705.990490105,  2264.12
1561.1674448,  193801.0,  187490.0,  1054.61853029,  705.990340504,  2260.66
1561.187879,  193825.0,  187510.0,  1054.61851922,  705.990514979,  2257.96
1561.20831331,  193829.0,  187510.0,  1054.61864865,  705.990284475,  2258.36
1561.22874771,  193868.0,  187551.0,  1054.61876833,  705.990391728,  2253.42
1561.24918192,  193910.0,  187586.0,  1054.61841555,  705.990385369,  2258.86
1561.26961633,  193951.0,  187626.0,  1054.61850066,  705.99026118,  2257.12
1561.29005063,  193936.0,  187610.0,  1054.618687,  705.990264905,  2256.9
1561.31048494,  193953.0,  187627.0,  1054.61842652,  705.990255112,  2253.29
1561.33091924,  193954.0,  187624.0,  1054.61853783,  705.990368188,  2252.55
1561.35135355,  193948.0,  187624.0,  1054.61858068,  705.990261268,  2255.21
1561.37178785,  193893.0,  187569.0,  1054.61854473,  705.99028464,  2252.56
1561.39222216,  193926.0,  187601.0,  1054.61875438,  705.990268199,  2251.29
1561.41265647,  193878.0,  187552.0,  1054.61840511,  705.990300661,  2253.33
1561.43309087,  193796.0,  187473.0,  1054.61848878,  705.990083254,  2250.27
1561.45352508,  193786.0,  187464.0,  1054.61834434,  705.990158379,  2250.45
1561.47395939,  193694.0,  187373.0,  1054.61864428,  705.990092904,  2249.38
1561.49439369,  193681.0,  187361.0,  1054.61876232,  705.990033669,  2248.4
1561.514828,  193627.0,  187309.0,  1054.61872668,  705.990073163,  2248.41
1561.53526231,  193607.0,  187289.0,  1054.6184952,  705.990050585,  2247.85
1561.55569672,  193582.0,  187262.0,  1054.61868755,  705.989899864,  2245.55
1561.57613093,  193544.0,  187226.0,  1054.61881014,  705.990304662,  2246.87
1561.59656523,  193513.0,  187195.0,  1054.61859433,  705.990169066,  2244.78
1561.61699964,  193539.0,  187224.0,  1054.6187512,  705.989873212,  2246.71
1561.63743385,  193512.0,  187195.0,  1054.61850299,  705.990113224,  2246.97
1561.65786826,  193555.0,  187235.0,  1054.61844731,  705.989770662,  2244.45
1561.67830257,  193564.0,  187245.0,  1054.61876234,  705.989916831,  2244.37
1561.69873678,  193556.0,  187236.0,  1054.61866658,  705.98992988,  2242.29
1561.71917119,  193591.0,  187268.0,  1054.61854355,  705.989807479,  2242.84
1561.73960549,  193690.0,  187362.0,  1054.61860698,  705.989742828,  2246.35
1561.7600397,  193724.0,  187396.0,  1054.61857248,  705.989790962,  2239.55
1561.78047411,  193763.0,  187433.0,  1054.61881757,  705.990020722,  2239.95
1561.80090842,  193807.0,  187478.0,  1054.61871516,  705.989721428,  2240.27
1561.82134283,  193864.0,  187529.0,  1054.61847493,  705.989869968,  2241.55
1561.84177704,  193928.0,  187591.0,  1054.61861365,  705.989666037,  2238.65
1561.86221135,  193966.0,  187626.0,  1054.61871889,  705.989713283,  2242.28
1561.88264576,  193982.0,  187639.0,  1054.61858201,  705.989755339,  2240.11
1561.90307997,  194041.0,  187699.0,  1054.61864801,  705.989616613,  2241.8
1561.92351428,  194023.0,  187680.0,  1054.61884244,  705.989736158,  2238.41
1561.9439487,  194092.0,  187746.0,  1054.61864166,  705.989695424,  2239.3
1561.96438291,  194098.0,  187751.0,  1054.61881284,  705.989566854,  2237.53
1561.98481722,  194108.0,  187760.0,  1054.61858154,  705.989537944,  2239.0
1562.00525163,  194022.0,  187677.0,  1054.61878736,  705.989652894,  2237.81
1562.02568594,  194050.0,  187707.0,  1054.61872075,  705.989649205,  2236.92
1562.04612025,  194001.0,  187656.0,  1054.6186611,  705.98946051,  2238.96
1562.06655456,  193984.0,  187640.0,  1054.61862817,  705.98947264,  2234.55
1562.08698878,  193961.0,  187618.0,  1054.61872165,  705.989507056,  2240.14
1562.10742319,  193881.0,  187539.0,  1054.61878708,  705.989608295,  2234.72
1562.1278575,  193844.0,  187506.0,  1054.61873082,  705.989384551,  2236.67
1562.14829171,  193782.0,  187445.0,  1054.61864735,  705.989532422,  2233.48
1562.16872613,  193730.0,  187393.0,  1054.61881063,  705.989501328,  2237.24
1562.18916044,  193650.0,  187317.0,  1054.61873146,  705.989387904,  2235.71
1562.20959485,  193615.0,  187281.0,  1054.6187032,  705.989541194,  2235.3
1562.23002906,  193597.0,  187263.0,  1054.61866776,  705.989275394,  2236.06
1562.25046338,  193672.0,  187339.0,  1054.61715441,  705.988050591,  2235.21
1562.27089779,  193536.0,  187204.0,  1054.61852413,  705.989366353,  2235.31
1562.291332,  193497.0,  187166.0,  1054.61858129,  705.989249525,  2235.71
1562.31176632,  193513.0,  187182.0,  1054.61872299,  705.989166115,  2234.56
1562.33220073,  193506.0,  187174.0,  1054.61859559,  705.989329947,  2234.13
1562.35263495,  193518.0,  187186.0,  1054.61868233,  705.989374719,  2235.76
1562.37306936,  193612.0,  187276.0,  1054.61872404,  705.989195217,  2233.71
1562.39350368,  193619.0,  187280.0,  1054.61873517,  705.989065756,  2232.72
1562.41393789,  193677.0,  187339.0,  1054.61861862,  705.989294169,  2232.94
1562.43437231,  193736.0,  187396.0,  1054.6186519,  705.989317999,  2234.18
1562.45480662,  193727.0,  187385.0,  1054.61896397,  705.988882217,  2231.29
1562.47524084,  193779.0,  187437.0,  1054.61865227,  705.989244199,  2229.93
1562.49567525,  193813.0,  187468.0,  1054.61874777,  705.989120451,  2232.63
1562.51610957,  193867.0,  187522.0,  1054.61874972,  705.989023047,  2233.57
1562.53654388,  193889.0,  187543.0,  1054.6189413,  705.989156257,  2230.09
1562.5569782,  193913.0,  187564.0,  1054.61876601,  705.98936743,  2233.21
1562.57741251,  193916.0,  187569.0,  1054.61880458,  705.98895252,  2232.27
1562.59784693,  193945.0,  187597.0,  1054.6185734,  705.989153695,  2230.04
1562.61828115,  193949.0,  187600.0,  1054.61892647,  705.988933551,  2230.5
1562.63871546,  193937.0,  187589.0,  1054.61872828,  705.989081049,  2228.48
1562.65914988,  193920.0,  187570.0,  1054.61872549,  705.989058547,  2229.02
1562.6795842,  193835.0,  187489.0,  1054.61854034,  705.989150864,  2228.97
1562.70001841,  193798.0,  187454.0,  1054.61897839,  705.988959687,  2229.73
1562.72045283,  193777.0,  187430.0,  1054.61864011,  705.988918265,  2230.58
1562.74088705,  193733.0,  187391.0,  1054.61879622,  705.98910259,  2229.81
1562.76132146,  193660.0,  187321.0,  1054.61865155,  705.988971156,  2231.03
1562.78175578,  193638.0,  187297.0,  1054.61872608,  705.988817604,  2229.68
1562.80219,  193611.0,  187272.0,  1054.61895072,  705.988975515,  2228.2
1562.82262442,  193580.0,  187241.0,  1054.61881003,  705.988944727,  2228.16
1562.84305873,  193573.0,  187235.0,  1054.61877579,  705.989035932,  2229.52
1562.86349295,  193538.0,  187203.0,  1054.6186597,  705.988815143,  2226.68
1562.88392737,  193582.0,  187242.0,  1054.61856284,  705.989100041,  2226.06
1562.90436169,  193551.0,  187213.0,  1054.61906292,  705.988886377,  2227.6
1562.92479591,  193613.0,  187273.0,  1054.61885325,  705.988798033,  2229.13
1562.94523033,  193626.0,  187283.0,  1054.61878302,  705.988854343,  2228.78
1562.96566465,  193671.0,  187329.0,  1054.61871154,  705.988721047,  2225.29
1562.98609907,  193670.0,  187326.0,  1054.61867741,  705.988990815,  2227.25
1563.00653328,  193765.0,  187417.0,  1054.6186635,  705.988636261,  2227.38
1563.0269676,  193784.0,  187438.0,  1054.61880071,  705.988596398,  2230.51
1563.04740202,  193813.0,  187464.0,  1054.61866936,  705.988794771,  2228.07
1563.06783624,  193874.0,  187522.0,  1054.61872624,  705.988674335,  2226.73
1563.08827056,  193906.0,  187553.0,  1054.6188642,  705.988710359,  2226.26
1563.10870498,  193979.0,  187622.0,  1054.61869401,  705.988654174,  2226.71
1563.1291392,  194010.0,  187653.0,  1054.61889364,  705.988758777,  2228.0
1563.14957362,  194035.0,  187678.0,  1054.61873467,  705.98862132,  2226.65
1563.17000795,  194067.0,  187707.0,  1054.61870425,  705.988595473,  2227.4
1563.19044227,  194065.0,  187707.0,  1054.61901451,  705.988639105,  2227.23
1563.21087659,  194085.0,  187725.0,  1054.6187466,  705.988701766,  2228.54
1563.23131091,  194114.0,  187753.0,  1054.61869793,  705.988961805,  2225.6
1563.25174523,  194112.0,  187752.0,  1054.61906228,  705.988447173,  2225.07
1563.27217955,  194093.0,  187730.0,  1054.61868033,  705.988443361,  2227.66
1563.29261387,  194115.0,  187752.0,  1054.61883062,  705.988585512,  2229.5
1563.31304819,  194071.0,  187710.0,  1054.6188213,  705.988578189,  2235.89
1563.33348262,  194036.0,  187675.0,  1054.61883234,  705.988494989,  2235.49
1563.35391684,  193972.0,  187614.0,  1054.61884597,  705.988563364,  2239.32
1563.37435116,  193944.0,  187589.0,  1054.61894215,  705.988527311,  2238.5
1563.39478548,  193938.0,  187580.0,  1054.61896908,  705.988403002,  2239.78
1563.4152198,  193898.0,  187544.0,  1054.61890632,  705.988700051,  2239.53
1563.43565423,  193815.0,  187465.0,  1054.61877478,  705.98847655,  2236.3
1563.45608845,  193772.0,  187420.0,  1054.61884372,  705.988464567,  2239.62
1563.47652277,  193756.0,  187408.0,  1054.61910832,  705.988470729,  2240.01
1563.4969572,  193702.0,  187351.0,  1054.61867136,  705.988441757,  2240.04
1563.51739142,  193642.0,  187295.0,  1054.61883981,  705.988493964,  2240.78
1563.53782584,  193604.0,  187257.0,  1054.61913702,  705.988333215,  2239.38
1563.55826017,  193597.0,  187250.0,  1054.61878223,  705.988378058,  2237.88
1563.57869439,  193586.0,  187242.0,  1054.61904934,  705.988674804,  2238.45
1563.59912881,  193545.0,  187200.0,  1054.61845194,  705.988460863,  2237.42
1563.61956314,  193547.0,  187201.0,  1054.61904513,  705.988236004,  2237.21
1563.63999736,  193547.0,  187204.0,  1054.61888378,  705.988291534,  2236.86
1563.66043179,  193552.0,  187208.0,  1054.61881646,  705.988334794,  2235.94
1563.68086611,  193619.0,  187273.0,  1054.61857435,  705.988276394,  2235.04
1563.72173476,  193690.0,  187339.0,  1054.61879801,  705.988140793,  2232.06
1563.74216909,  193728.0,  187377.0,  1054.61897032,  705.988284673,  2230.07
1563.76260351,  193755.0,  187407.0,  1054.61883729,  705.98810819,  2231.72
1563.78303774,  193750.0,  187401.0,  1054.61863812,  705.987980361,  2229.72
1563.80347206,  193800.0,  187450.0,  1054.61882035,  705.988083681,  2228.48
1563.82390649,  193802.0,  187453.0,  1054.61877483,  705.988185563,  2234.1
1563.84434081,  193789.0,  187438.0,  1054.61863649,  705.987843166,  2231.58
1563.86477504,  193817.0,  187471.0,  1054.61873692,  705.987980325,  2233.01
1563.88520947,  193830.0,  187483.0,  1054.61876394,  705.98822498,  2230.8
1563.90564379,  193810.0,  187463.0,  1054.61864438,  705.987980649,  2230.5
1563.92607812,  193814.0,  187467.0,  1054.6188487,  705.988251273,  2232.28
1563.94651245,  193827.0,  187479.0,  1054.6186751,  705.987867655,  2232.11
1563.96694677,  193803.0,  187456.0,  1054.61863522,  705.987904409,  2230.28
1563.9873811,  193741.0,  187400.0,  1054.61866295,  705.988207526,  2228.74
1564.00781543,  193732.0,  187388.0,  1054.61853836,  705.987807158,  2231.36
1564.02824975,  193688.0,  187347.0,  1054.61857965,  705.988013428,  2231.75
1564.04868408,  193671.0,  187332.0,  1054.61879701,  705.988031898,  2230.25
1564.06911841,  193605.0,  187266.0,  1054.61864957,  705.987791429,  2230.66
1564.08955284,  193606.0,  187268.0,  1054.6185452,  705.987961833,  2233.34
1564.10998706,  193548.0,  187213.0,  1054.61848435,  705.98778949,  2234.61
1564.13042139,  193534.0,  187200.0,  1054.61849126,  705.987865041,  2235.71
1564.15085582,  193494.0,  187162.0,  1054.61854442,  705.987841506,  2233.63
1564.17129005,  193508.0,  187172.0,  1054.61859504,  705.987872907,  2233.57
1564.19172438,  193546.0,  187209.0,  1054.61872642,  705.987853393,  2232.2
1564.21215881,  193550.0,  187214.0,  1054.61853334,  705.987632086,  2234.38
1564.23259303,  193554.0,  187218.0,  1054.61851257,  705.987713758,  2233.42
1564.25302736,  193562.0,  187227.0,  1054.6187564,  705.987896429,  2229.8
1564.27346179,  193597.0,  187259.0,  1054.61865669,  705.987820663,  2231.29
1564.29389602,  193634.0,  187295.0,  1054.61854228,  705.987614558,  2230.2
1564.31433045,  193701.0,  187360.0,  1054.61872341,  705.987846068,  2227.48
1564.33476478,  193678.0,  187337.0,  1054.61847764,  705.987740183,  2230.91
1564.35519901,  193489.0,  187154.0,  1054.61853827,  705.987659395,  2224.85
1564.37563344,  193428.0,  187096.0,  1054.61871676,  705.987689119,  2224.74
1564.39606777,  193487.0,  187151.0,  1054.61860847,  705.98760028,  2225.46
1564.4165021,  193571.0,  187232.0,  1054.61859271,  705.987420032,  2226.06
1564.43693643,  193810.0,  187465.0,  1054.61877939,  705.987715936,  2225.9
1564.45737076,  194040.0,  187685.0,  1054.61862831,  705.98752708,  2224.8
1564.47780519,  194089.0,  187734.0,  1054.61859135,  705.98759965,  2222.68
1564.49823952,  194102.0,  187743.0,  1054.61874221,  705.987524698,  2224.32
1564.51867375,  194125.0,  187765.0,  1054.61864461,  705.987655719,  2219.75
1564.53910818,  194109.0,  187751.0,  1054.61880839,  705.987485929,  2219.29
1564.55954252,  194121.0,  187760.0,  1054.61872253,  705.987742618,  2220.0
1564.57997675,  194132.0,  187772.0,  1054.61855327,  705.987429902,  2219.72
1564.60041118,  194073.0,  187717.0,  1054.61872332,  705.987594927,  2216.79
1564.62084551,  194060.0,  187700.0,  1054.61853659,  705.987354136,  2215.89
1564.64127974,  194051.0,  187691.0,  1054.6186189,  705.98733343,  2219.81
1564.66171417,  194023.0,  187667.0,  1054.61878388,  705.987446936,  2215.33
1564.68214841,  193979.0,  187621.0,  1054.6185134,  705.987369253,  2212.33
1564.70258284,  193907.0,  187552.0,  1054.61868177,  705.987269336,  2214.24
1564.72301717,  193856.0,  187503.0,  1054.61845324,  705.987106092,  2211.79
1564.7434514,  193816.0,  187462.0,  1054.61858671,  705.987242544,  2211.14
1564.76388584,  193788.0,  187439.0,  1054.61871349,  705.987261946,  2210.58
1564.78432017,  193730.0,  187378.0,  1054.61845584,  705.987130237,  2211.46
1564.8047544,  193677.0,  187327.0,  1054.61871017,  705.987201442,  2211.09
1564.82518884,  193649.0,  187303.0,  1054.61866187,  705.987184755,  2209.32
1564.84562317,  193647.0,  187298.0,  1054.61860149,  705.98722372,  2209.83
1564.8660576,  193595.0,  187250.0,  1054.61878265,  705.987142971,  2209.26
1564.88649184,  193538.0,  187195.0,  1054.61886251,  705.987186482,  2209.27
1564.90692617,  193531.0,  187183.0,  1054.6184298,  705.987172812,  2208.07
1564.9273606,  193552.0,  187206.0,  1054.61870401,  705.986888562,  2209.2
1564.94779484,  193569.0,  187222.0,  1054.61853431,  705.987065282,  2207.83
1564.96822917,  193580.0,  187232.0,  1054.61858204,  705.986988749,  2208.26
1564.98866361,  193588.0,  187241.0,  1054.61856376,  705.987103595,  2207.55
1565.00909784,  193580.0,  187232.0,  1054.6185888,  705.986959979,  2205.06
1565.02953218,  193617.0,  187267.0,  1054.61848324,  705.986926153,  2206.5
1565.04996661,  193661.0,  187310.0,  1054.61870844,  705.98687539,  2209.47
1565.07040095,  193653.0,  187300.0,  1054.61856589,  705.986986957,  2205.82
1565.09083528,  193700.0,  187346.0,  1054.61850204,  705.98686078,  2206.28
1565.11126962,  193700.0,  187345.0,  1054.61874946,  705.986779606,  2206.04
1565.13170395,  193773.0,  187414.0,  1054.61846338,  705.986783679,  2206.39
1565.15213829,  193772.0,  187414.0,  1054.6185095,  705.986804282,  2207.59
1565.17257262,  193775.0,  187416.0,  1054.61861601,  705.986885501,  2205.74
1565.19300696,  193786.0,  187423.0,  1054.61860159,  705.986723464,  2205.65
1565.2134414,  193819.0,  187458.0,  1054.61870152,  705.986675168,  2205.81
1565.23387563,  193816.0,  187455.0,  1054.61851946,  705.986669442,  2207.31
1565.25431007,  193773.0,  187410.0,  1054.61864022,  705.986680864,  2205.13
1565.2747444,  193753.0,  187395.0,  1054.61871551,  705.98678542,  2207.55
1565.29517864,  193782.0,  187421.0,  1054.61858279,  705.986762269,  2206.81
1565.31561308,  193760.0,  187400.0,  1054.6188186,  705.986499933,  2205.84
1565.33604732,  193740.0,  187380.0,  1054.61866166,  705.9867034,  2206.02
1565.35648165,  193699.0,  187340.0,  1054.61852391,  705.986597252,  2204.93
1565.37691609,  193706.0,  187347.0,  1054.61861562,  705.986706015,  2205.72
1565.39735033,  193662.0,  187303.0,  1054.61858997,  705.986596325,  2207.03
1565.41778466,  193631.0,  187272.0,  1054.61857126,  705.986735549,  2207.66
1565.4382191,  193607.0,  187251.0,  1054.61872652,  705.986675625,  2207.86
1565.45865334,  193587.0,  187230.0,  1054.61844867,  705.98656272,  2208.71
1565.47908778,  193577.0,  187220.0,  1054.61881122,  705.986375821,  2207.97
1565.49952212,  193605.0,  187248.0,  1054.61864294,  705.986550367,  2207.59
1565.51995635,  193642.0,  187281.0,  1054.61852931,  705.986424818,  2207.29
1565.54039079,  193664.0,  187305.0,  1054.61862674,  705.986723659,  2210.89
1565.56082513,  193721.0,  187358.0,  1054.61861568,  705.986397056,  2210.6
1565.58125947,  193730.0,  187364.0,  1054.61867953,  705.986427111,  2208.4
1565.60169381,  193764.0,  187399.0,  1054.61861744,  705.986616291,  2206.69
1565.62212815,  193842.0,  187472.0,  1054.61862631,  705.986286248,  2207.83
1565.64256259,  193902.0,  187529.0,  1054.6187237,  705.986541796,  2208.25
1565.66299683,  193987.0,  187612.0,  1054.61877777,  705.98649651,  2208.97
1565.68343117,  194015.0,  187637.0,  1054.61878784,  705.986306589,  2209.08
1565.70386561,  194090.0,  187711.0,  1054.61879241,  705.986357017,  2205.42
1565.72429995,  194156.0,  187776.0,  1054.61885632,  705.986369648,  2207.09
1565.74473419,  194231.0,  187846.0,  1054.61870735,  705.986317924,  2206.21
1565.76516863,  194225.0,  187842.0,  1054.61877804,  705.9862498,  2205.55
1565.78560297,  194255.0,  187871.0,  1054.61876855,  705.986212891,  2205.91
1565.80603731,  194270.0,  187883.0,  1054.61870625,  705.986180212,  2204.33
1565.82647165,  194303.0,  187917.0,  1054.61878094,  705.986409519,  2204.0
1565.84690599,  194278.0,  187889.0,  1054.61870512,  705.986357305,  2202.95
1565.86734043,  194236.0,  187851.0,  1054.61889306,  705.986147987,  2201.13
1565.88777467,  194191.0,  187807.0,  1054.61895933,  705.986185487,  2202.75
1565.90820901,  194174.0,  187789.0,  1054.61863693,  705.986480889,  2202.14
1565.92864345,  194126.0,  187744.0,  1054.61865158,  705.98620136,  2199.75
1565.94907769,  194050.0,  187672.0,  1054.61884485,  705.986126129,  2200.81
1565.96951204,  193972.0,  187594.0,  1054.61858525,  705.986167816,  2201.82
1565.98994638,  193910.0,  187535.0,  1054.61875391,  705.986121108,  2203.55
1566.01038072,  193831.0,  187457.0,  1054.61877039,  705.986060881,  2202.95
1566.03081516,  193752.0,  187381.0,  1054.61869818,  705.986110943,  2199.95
1566.0512494,  193722.0,  187353.0,  1054.61894757,  705.985963858,  2201.26
1566.07168375,  193633.0,  187266.0,  1054.61875413,  705.98606394,  2200.42
1566.09211819,  193625.0,  187258.0,  1054.61846348,  705.986116118,  2201.01
1566.11255243,  193586.0,  187223.0,  1054.61893544,  705.985956539,  2198.91
1566.13298677,  193506.0,  187145.0,  1054.6186872,  705.985925108,  2201.53
1566.15342122,  193521.0,  187157.0,  1054.61885142,  705.986182834,  2199.35
1566.17385546,  193496.0,  187134.0,  1054.61868758,  705.9859187,  2196.6
1566.1942899,  193477.0,  187115.0,  1054.61865755,  705.985998957,  2197.01
1566.21472425,  193481.0,  187120.0,  1054.61860746,  705.985917426,  2196.93
1566.23515849,  193531.0,  187168.0,  1054.61903504,  705.985967327,  2197.06
1566.25559293,  193506.0,  187141.0,  1054.6188125,  705.985790738,  2198.05
1566.27602728,  193515.0,  187152.0,  1054.61875767,  705.985942221,  2198.11
1566.29646162,  193564.0,  187199.0,  1054.61867432,  705.985809584,  2197.37
1566.31689597,  193609.0,  187240.0,  1054.61860229,  705.985888928,  2195.28
1566.33733031,  193612.0,  187247.0,  1054.61881628,  705.985998731,  2194.98
1566.35776465,  193630.0,  187260.0,  1054.61868642,  705.985926825,  2195.25
1566.3781991,  193655.0,  187286.0,  1054.61861433,  705.985815477,  2193.83
1566.39863334,  193686.0,  187317.0,  1054.6188386,  705.985746876,  2192.82
1566.41906779,  193661.0,  187292.0,  1054.61870523,  705.985763035,  2193.93
1566.43950213,  193704.0,  187335.0,  1054.61889665,  705.98581985,  2192.55
1566.45993638,  193730.0,  187360.0,  1054.6186794,  705.985861128,  2193.46
1566.48037082,  193729.0,  187355.0,  1054.61891033,  705.985523009,  2193.71
1566.50080517,  193731.0,  187360.0,  1054.6187716,  705.985792199,  2192.88
1566.52123941,  193739.0,  187365.0,  1054.61861562,  705.985613774,  2192.82
1566.54167386,  193785.0,  187410.0,  1054.61861141,  705.985902787,  2193.22
1566.56210821,  193796.0,  187422.0,  1054.61907776,  705.985739948,  2194.2
1566.58254255,  193771.0,  187396.0,  1054.61862517,  705.985685754,  2193.58
1566.6029769,  193778.0,  187403.0,  1054.61891082,  705.985662501,  2193.25
1566.62341114,  193828.0,  187451.0,  1054.61852928,  705.985635256,  2192.38
1566.64384559,  193815.0,  187437.0,  1054.61881696,  705.985494323,  2191.68
1566.66427994,  193822.0,  187447.0,  1054.61889359,  705.985767672,  2192.26
1566.70514863,  193807.0,  187430.0,  1054.61885931,  705.985394926,  2191.01
1566.72558298,  193766.0,  187392.0,  1054.61886626,  705.985501142,  2193.7
1566.74601733,  193767.0,  187395.0,  1054.61872546,  705.985386892,  2192.52
1566.76645167,  193774.0,  187403.0,  1054.61862232,  705.98536293,  2189.95
1566.78688602,  193700.0,  187333.0,  1054.61856469,  705.985375819,  2191.29
1566.80732047,  193737.0,  187365.0,  1054.61859088,  705.985393858,  2190.36
1566.82775472,  193745.0,  187376.0,  1054.61856448,  705.985189016,  2190.91
1566.84818906,  193781.0,  187412.0,  1054.61864794,  705.985340484,  2189.01
1566.86862351,  193802.0,  187430.0,  1054.61849233,  705.985251429,  2188.94
1566.88905786,  193826.0,  187455.0,  1054.61864855,  705.985319564,  2190.99
1566.90949211,  193879.0,  187507.0,  1054.61847565,  705.985146524,  2191.05
1566.92992656,  193922.0,  187548.0,  1054.61844794,  705.985206079,  2189.49
1566.9503609,  193970.0,  187597.0,  1054.61851687,  705.985130914,  2189.98
1566.97079525,  193979.0,  187603.0,  1054.61839272,  705.985225609,  2192.39
1566.9912296,  194012.0,  187637.0,  1054.61857196,  705.985047887,  2192.85
1567.01166395,  194108.0,  187730.0,  1054.61861528,  705.985321042,  2190.28
1567.0320983,  194094.0,  187714.0,  1054.61832519,  705.985052916,  2190.02
1567.05253265,  194151.0,  187771.0,  1054.61854502,  705.985137829,  2190.1
1567.072967,  194152.0,  187771.0,  1054.61836798,  705.985198211,  2188.71
1567.09340145,  194152.0,  187770.0,  1054.61850549,  705.985113598,  2190.31
1567.1138357,  194152.0,  187774.0,  1054.61849807,  705.985050352,  2187.64
1567.13427015,  194147.0,  187768.0,  1054.61851605,  705.98506689,  2189.84
1567.1547045,  194203.0,  187821.0,  1054.61833572,  705.98500051,  2188.44
1567.17513875,  194129.0,  187752.0,  1054.618609,  705.985154182,  2188.21
1567.1955732,  194094.0,  187714.0,  1054.61841195,  705.98499834,  2190.3
1567.21600755,  194038.0,  187662.0,  1054.6186425,  705.985077561,  2189.33
1567.2364418,  193985.0,  187611.0,  1054.61853596,  705.985144716,  2187.13
1567.25687625,  193924.0,  187551.0,  1054.61840797,  705.984920603,  2187.08
1567.2773105,  193873.0,  187502.0,  1054.61832759,  705.984993997,  2187.31
1567.29774485,  193773.0,  187405.0,  1054.61842365,  705.985075499,  2187.07
1567.3181793,  193771.0,  187403.0,  1054.61831726,  705.984973612,  2188.33
1567.33861355,  193689.0,  187324.0,  1054.61849285,  705.984880539,  2186.07
1567.35904801,  193655.0,  187292.0,  1054.61854677,  705.985009728,  2187.6
1567.37948236,  193595.0,  187232.0,  1054.61834157,  705.984741058,  2187.23
1567.39991661,  193521.0,  187165.0,  1054.61837844,  705.9849755,  2186.61
1567.42035106,  193489.0,  187127.0,  1054.61833628,  705.984667935,  2187.14
1567.44078541,  193487.0,  187128.0,  1054.61846157,  705.984787668,  2185.89
1567.46121976,  193436.0,  187082.0,  1054.6185744,  705.984906737,  2187.79
1567.48165412,  193395.0,  187038.0,  1054.61832054,  705.984821889,  2186.28
1567.50208847,  193378.0,  187022.0,  1054.61847289,  705.984834695,  2187.37
1567.52252292,  193343.0,  186990.0,  1054.6184144,  705.984776216,  2201.02
1567.54295717,  193359.0,  187002.0,  1054.61842237,  705.984715305,  2188.69
1567.56339153,  193371.0,  187016.0,  1054.61842817,  705.984566308,  2185.64
1567.58382598,  193353.0,  186995.0,  1054.618427,  705.984595684,  2186.54
1567.60426033,  193378.0,  187020.0,  1054.61848973,  705.984679275,  2185.97
1567.62469459,  193427.0,  187069.0,  1054.61847045,  705.984535925,  2187.77
1567.64512904,  193451.0,  187091.0,  1054.6184019,  705.984644113,  2186.54
1567.66556339,  193504.0,  187142.0,  1054.61823829,  705.984380978,  2184.56
1567.68599765,  193534.0,  187170.0,  1054.61850311,  705.98472889,  2184.76
1567.7064321,  193563.0,  187194.0,  1054.61827111,  705.984475,  2185.91
1567.72686645,  193588.0,  187223.0,  1054.61843208,  705.984482484,  2183.74
1567.74730091,  193633.0,  187263.0,  1054.61861275,  705.984521913,  2185.26
1567.76773516,  193688.0,  187314.0,  1054.6182719,  705.984478063,  2184.79
1567.78816952,  193687.0,  187317.0,  1054.61853967,  705.984496624,  2186.22
1567.80860397,  193778.0,  187401.0,  1054.61855622,  705.984506215,  2184.27
1567.82903823,  193817.0,  187438.0,  1054.61835617,  705.98446131,  2184.7
1567.84947258,  193779.0,  187404.0,  1054.61860886,  705.984410421,  2182.96
1567.86990704,  193763.0,  187387.0,  1054.6183659,  705.984426059,  2185.02
1567.89034129,  193780.0,  187403.0,  1054.61864863,  705.984354556,  2182.93
1567.91077575,  193788.0,  187414.0,  1054.61839958,  705.984444259,  2181.21
1567.93121,  193774.0,  187396.0,  1054.61835939,  705.98430218,  2183.23
1567.95164436,  193749.0,  187371.0,  1054.61857569,  705.984338705,  2183.14
1567.97207881,  193745.0,  187368.0,  1054.61864082,  705.984260317,  2181.06
1567.99251307,  193727.0,  187350.0,  1054.618415,  705.98423269,  2181.59
1568.01294742,  193693.0,  187320.0,  1054.61856396,  705.984392393,  2182.36
1568.03338188,  193674.0,  187298.0,  1054.61828374,  705.984193413,  2182.11
1568.05381614,  193637.0,  187262.0,  1054.61847724,  705.984094286,  2183.45
1568.07425049,  193633.0,  187260.0,  1054.61858555,  705.984141942,  2180.9
1568.09468495,  193620.0,  187244.0,  1054.61833031,  705.984084187,  2181.58
1568.1151193,  193650.0,  187274.0,  1054.61837257,  705.9842077,  2180.1
1568.13555366,  193691.0,  187315.0,  1054.61847063,  705.984057607,  2183.46
1568.15598802,  193744.0,  187363.0,  1054.61831192,  705.984125899,  2180.59
1568.17642237,  193735.0,  187355.0,  1054.61857337,  705.984252582,  2181.5
1568.19685673,  193759.0,  187378.0,  1054.61843364,  705.984182598,  2182.69
1568.21729109,  193797.0,  187413.0,  1054.61858783,  705.984135224,  2182.38
1568.23772545,  193837.0,  187454.0,  1054.61852308,  705.98411045,  2181.35
1568.2581599,  193916.0,  187528.0,  1054.61853818,  705.984180305,  2180.84
1568.27859416,  193925.0,  187536.0,  1054.61854728,  705.984107649,  2180.06
1568.29902862,  193982.0,  187592.0,  1054.61844323,  705.984064718,  2179.43
1568.31946298,  194014.0,  187623.0,  1054.61842749,  705.98405841,  2180.91
1568.33989724,  194062.0,  187668.0,  1054.61854719,  705.98401143,  2182.48
1568.36033169,  194093.0,  187699.0,  1054.61858533,  705.9841887,  2181.53
1568.38076605,  194096.0,  187700.0,  1054.61857369,  705.983926354,  2182.03
1568.40120031,  194100.0,  187704.0,  1054.61862847,  705.983962825,  2181.86
1568.42163477,  194117.0,  187722.0,  1054.61853793,  705.983965045,  2180.87
1568.44206913,  194106.0,  187709.0,  1054.61864665,  705.984021317,  2179.48
1568.46250339,  194103.0,  187708.0,  1054.61881866,  705.984050099,  2180.92
1568.48293785,  194091.0,  187694.0,  1054.61865163,  705.98384168,  2182.1
1568.5033722,  194048.0,  187652.0,  1054.61852882,  705.983980144,  2181.96
1568.52380666,  194041.0,  187648.0,  1054.6186729,  705.983962359,  2180.41
1568.54424092,  194009.0,  187613.0,  1054.61859243,  705.983837518,  2181.39
1568.56467518,  193983.0,  187590.0,  1054.61850811,  705.983980774,  2179.58
1568.58510964,  193947.0,  187556.0,  1054.61859174,  705.983742455,  2181.67
1568.605544,  193911.0,  187515.0,  1054.6185298,  705.984044785,  2180.69
1568.62597836,  193856.0,  187466.0,  1054.61851143,  705.98398105,  2180.08
1568.64641272,  193808.0,  187420.0,  1054.61843194,  705.983659829,  2179.21
1568.66684708,  193758.0,  187372.0,  1054.61851434,  705.983839182,  2178.68
1568.68728154,  193648.0,  187267.0,  1054.61877536,  705.983815007,  2180.02
1568.7077158,  193667.0,  187284.0,  1054.61856151,  705.983776198,  2181.18
1568.72815016,  193614.0,  187232.0,  1054.61876347,  705.983769192,  2176.99
1568.74858462,  193578.0,  187198.0,  1054.61864342,  705.983801981,  2179.64
1568.76901898,  193570.0,  187188.0,  1054.61856991,  705.983755303,  2178.99
1568.78945325,  193536.0,  187156.0,  1054.61847524,  705.98386608,  2180.47
1568.80988771,  193551.0,  187171.0,  1054.6184231,  705.983597888,  2178.12
1568.83032207,  193539.0,  187156.0,  1054.61870143,  705.983530347,  2177.36
1568.85075643,  193531.0,  187152.0,  1054.6185778,  705.983651964,  2178.64
1568.87119079,  193554.0,  187173.0,  1054.61856946,  705.983820738,  2179.51
1568.89162515,  193541.0,  187159.0,  1054.61854241,  705.983571594,  2179.15
1568.91205961,  193610.0,  187226.0,  1054.6185493,  705.983535717,  2181.01
1568.93249388,  193598.0,  187213.0,  1054.61852403,  705.983899849,  2181.94
1568.95292824,  193679.0,  187291.0,  1054.61857195,  705.983567417,  2194.39
1568.9733627,  193691.0,  187307.0,  1054.6187825,  705.98376195,  2180.17
1568.99379696,  193722.0,  187332.0,  1054.61849924,  705.983633997,  2182.32
1569.01423133,  193797.0,  187405.0,  1054.61871544,  705.983472522,  2183.23
1569.03466579,  193817.0,  187429.0,  1054.61859222,  705.983611225,  2181.66
1569.05510005,  193865.0,  187470.0,  1054.61843341,  705.983498234,  2182.92
1569.07553451,  193895.0,  187501.0,  1054.61888151,  705.983207649,  2183.94
1569.09596888,  193927.0,  187532.0,  1054.6185053,  705.983540357,  2182.43
1569.11640314,  193966.0,  187568.0,  1054.61859626,  705.983439746,  2184.27
1569.1368376,  193952.0,  187556.0,  1054.61867808,  705.983461957,  2186.82
1569.15727197,  193878.0,  187483.0,  1054.6184725,  705.983464427,  2188.59
1569.17770623,  193904.0,  187506.0,  1054.6185592,  705.983418249,  2185.22
1569.19814069,  193889.0,  187494.0,  1054.61868937,  705.9835139,  2184.39
1569.21857496,  193859.0,  187460.0,  1054.61872925,  705.983370566,  2186.62
1569.23900942,  193814.0,  187421.0,  1054.61855464,  705.983509779,  2189.75
1569.25944379,  193721.0,  187331.0,  1054.61845467,  705.983435723,  2184.87
1569.27987805,  193695.0,  187303.0,  1054.6186649,  705.983368876,  2184.56
1569.30031251,  193674.0,  187288.0,  1054.6185773,  705.983489881,  2183.32
1569.32074688,  193597.0,  187211.0,  1054.61874017,  705.983236941,  2187.2
1569.34118124,  193610.0,  187223.0,  1054.61833659,  705.983612658,  2184.49
1569.36161561,  193577.0,  187193.0,  1054.61866409,  705.983267732,  2183.08
1569.38204997,  193564.0,  187178.0,  1054.61838853,  705.983289676,  2184.26
1569.40248434,  193537.0,  187154.0,  1054.61859961,  705.983475195,  2184.34
1569.4229187,  193567.0,  187184.0,  1054.61857017,  705.983411838,  2184.63
1569.44335307,  193550.0,  187166.0,  1054.6185934,  705.983292564,  2184.82
1569.46378753,  193562.0,  187176.0,  1054.61874651,  705.98348261,  2182.06
1569.4842219,  193593.0,  187209.0,  1054.61860451,  705.983391321,  2182.46
1569.50465616,  193626.0,  187238.0,  1054.61849719,  705.983328547,  2182.79
1569.52509063,  193669.0,  187282.0,  1054.61872189,  705.983297456,  2180.81
1569.545525,  193705.0,  187316.0,  1054.61824877,  705.983462383,  2180.75
1569.56595926,  193725.0,  187333.0,  1054.61868725,  705.98324555,  2179.72
1569.58639373,  193725.0,  187334.0,  1054.61866769,  705.983350978,  2178.05
1569.60682809,  193771.0,  187380.0,  1054.61895228,  705.983263492,  2178.06
1569.62726256,  193804.0,  187410.0,  1054.61870134,  705.983241204,  2178.3
1569.64769683,  193822.0,  187430.0,  1054.61863384,  705.983164713,  2177.18
1569.68856566,  193876.0,  187481.0,  1054.61858352,  705.983117348,  2172.87
1569.70899993,  193900.0,  187503.0,  1054.61850174,  705.983008674,  2176.29
1569.72943429,  193930.0,  187533.0,  1054.61846339,  705.982941412,  2175.75
1569.74986876,  193902.0,  187509.0,  1054.61857513,  705.982971436,  2172.89
1569.77030303,  193880.0,  187488.0,  1054.61846106,  705.982941884,  2175.09
1569.7907374,  193897.0,  187505.0,  1054.61839148,  705.982950038,  2171.95
1569.81117186,  193893.0,  187500.0,  1054.61862335,  705.982995817,  2171.67
1569.83160613,  193899.0,  187507.0,  1054.61827984,  705.982871923,  2171.1
1569.8520406,  193818.0,  187430.0,  1054.61861461,  705.982984712,  2170.74
1569.87247487,  193848.0,  187460.0,  1054.61851777,  705.982954459,  2172.07
1569.89290924,  193655.0,  187272.0,  1054.61857079,  705.982794615,  2172.55
1569.9133437,  193400.0,  187028.0,  1054.61853604,  705.983003904,  2169.36
1569.93377797,  193320.0,  186951.0,  1054.61861134,  705.982942608,  2169.54
1569.95421234,  193338.0,  186969.0,  1054.61827177,  705.982732708,  2169.09
1569.97464681,  193433.0,  187064.0,  1054.61858268,  705.98293307,  2170.03
1569.99508118,  193670.0,  187290.0,  1054.61831989,  705.982882724,  2167.0
1570.01551555,  193678.0,  187299.0,  1054.61834787,  705.982850224,  2168.56
1570.03594992,  193685.0,  187307.0,  1054.6184748,  705.982766701,  2169.28
1570.05638429,  193690.0,  187309.0,  1054.6181747,  705.982736685,  2170.26
1570.07681865,  193699.0,  187322.0,  1054.61825321,  705.9828541,  2167.42
1570.09725302,  193672.0,  187296.0,  1054.61830104,  705.982677247,  2168.8
1570.11768739,  193683.0,  187303.0,  1054.61820616,  705.982675732,  2168.82
1570.13812186,  193684.0,  187307.0,  1054.61818959,  705.982882449,  2167.63
1570.15855613,  193657.0,  187281.0,  1054.61828795,  705.982758813,  2168.83
1570.1789906,  193660.0,  187280.0,  1054.61829756,  705.982660564,  2168.56
1570.19942497,  193636.0,  187261.0,  1054.618388,  705.982735039,  2168.09
1570.21985924,  193653.0,  187276.0,  1054.61841785,  705.982635725,  2165.21
1570.24029371,  193685.0,  187307.0,  1054.61835565,  705.982778064,  2165.97
1570.26072808,  193700.0,  187324.0,  1054.61849704,  705.982707513,  2165.62
1570.28116235,  193738.0,  187358.0,  1054.61819974,  705.98268986,  2164.21
1570.30159682,  193796.0,  187415.0,  1054.61813243,  705.982710984,  2164.0
1570.3220312,  193828.0,  187444.0,  1054.61812946,  705.982383802,  2165.64
1570.34246547,  193815.0,  187431.0,  1054.61818492,  705.982555209,  2163.93
1570.36289994,  193822.0,  187438.0,  1054.61826221,  705.982539305,  2166.46
1570.38333431,  193839.0,  187453.0,  1054.61814969,  705.982651922,  2164.68
1570.40376868,  193863.0,  187475.0,  1054.61811488,  705.982574513,  2164.55
1570.42420305,  193891.0,  187505.0,  1054.61822109,  705.982564113,  2165.1
1570.44463742,  193928.0,  187537.0,  1054.61820832,  705.982469865,  2160.9
1570.46507179,  193910.0,  187522.0,  1054.61830316,  705.982482323,  2162.1
1570.48550617,  193922.0,  187536.0,  1054.61847937,  705.982450145,  2162.03
1570.50594054,  193885.0,  187495.0,  1054.61832458,  705.982450942,  2162.34
1570.52637491,  193887.0,  187498.0,  1054.61840992,  705.982570506,  2162.24
1570.54680928,  193849.0,  187461.0,  1054.61835355,  705.982507284,  2162.27
1570.56724375,  193842.0,  187450.0,  1054.61828954,  705.982421164,  2161.04
1570.58767803,  193800.0,  187415.0,  1054.61838611,  705.982420197,  2159.96
1570.6081124,  193772.0,  187384.0,  1054.61836594,  705.98248992,  2160.36
1570.62854687,  193736.0,  187350.0,  1054.61819782,  705.98222455,  2160.37
1570.64898125,  193732.0,  187349.0,  1054.61859257,  705.982598655,  2158.46
1570.66941552,  193676.0,  187292.0,  1054.61840291,  705.982334173,  2159.73
1570.68984999,  193685.0,  187300.0,  1054.61849608,  705.982475387,  2157.58
1570.71028436,  193645.0,  187262.0,  1054.6183952,  705.98229896,  2157.75
1570.73071864,  193635.0,  187249.0,  1054.61840051,  705.982302727,  2157.26
1570.75115311,  193638.0,  187252.0,  1054.61864457,  705.982543447,  2158.19
1570.77158748,  193609.0,  187226.0,  1054.61840753,  705.982273134,  2157.23
1570.79202196,  193640.0,  187254.0,  1054.61836582,  705.982260165,  2158.26
1570.81245623,  193624.0,  187241.0,  1054.61839984,  705.982233306,  2158.03
1570.83289061,  193642.0,  187257.0,  1054.61846874,  705.982325021,  2158.19
1570.85332508,  193654.0,  187265.0,  1054.61835866,  705.982184889,  2158.39
1570.87375935,  193666.0,  187281.0,  1054.61848703,  705.982260951,  2158.32
1570.89419373,  193709.0,  187318.0,  1054.61833588,  705.982292155,  2157.99
1570.9146282,  193734.0,  187343.0,  1054.6186035,  705.982251375,  2158.44
1570.93506248,  193765.0,  187374.0,  1054.61843637,  705.982304218,  2157.71
1570.95549695,  193787.0,  187390.0,  1054.61820472,  705.982232627,  2154.76
1570.97593133,  193781.0,  187388.0,  1054.61839865,  705.982094576,  2156.03
1570.9963656,  193847.0,  187451.0,  1054.61841034,  705.982166584,  2155.14
1571.01680008,  193879.0,  187481.0,  1054.61845545,  705.982121394,  2155.92
1571.03723445,  193880.0,  187482.0,  1054.61853696,  705.982106792,  2154.17
1571.05766873,  193898.0,  187499.0,  1054.61836622,  705.982270713,  2154.7
1571.0781032,  193928.0,  187525.0,  1054.61864081,  705.982116336,  2154.62
1571.09853758,  193945.0,  187544.0,  1054.6187377,  705.98216343,  2154.38
1571.11897185,  193940.0,  187536.0,  1054.61841116,  705.982033002,  2156.79
1571.13940633,  193944.0,  187541.0,  1054.61858519,  705.982058448,  2156.26
1571.15984071,  193964.0,  187564.0,  1054.61849793,  705.982095253,  2155.61
1571.18027508,  193927.0,  187524.0,  1054.61840372,  705.981908156,  2154.09
1571.20070946,  193934.0,  187533.0,  1054.61848844,  705.982031092,  2154.96
1571.22114383,  193951.0,  187547.0,  1054.61867392,  705.982079125,  2155.38
1571.24157821,  193940.0,  187535.0,  1054.61842891,  705.981708173,  2155.25
1571.26201259,  193921.0,  187516.0,  1054.61857345,  705.982010352,  2154.83
1571.28244696,  193902.0,  187499.0,  1054.61855065,  705.982031176,  2152.4
1571.30288134,  193889.0,  187486.0,  1054.61866231,  705.981923833,  2154.68
1571.32331572,  193875.0,  187475.0,  1054.61848034,  705.981905024,  2154.75
1571.34375019,  193863.0,  187459.0,  1054.61836987,  705.981812724,  2157.86
1571.36418457,  193821.0,  187421.0,  1054.61856821,  705.981883894,  2156.17
1571.38461885,  193805.0,  187407.0,  1054.61862361,  705.981916452,  2157.37
1571.40505333,  193765.0,  187365.0,  1054.61861133,  705.981805864,  2156.98
1571.4254877,  193750.0,  187352.0,  1054.61854273,  705.981959669,  2156.65
1571.44592198,  193709.0,  187311.0,  1054.618419,  705.982092643,  2156.31
1571.46635646,  193704.0,  187304.0,  1054.6188402,  705.981766976,  2156.33
1571.48679084,  193679.0,  187285.0,  1054.61863053,  705.981689151,  2157.22
1571.50722511,  193684.0,  187285.0,  1054.61847758,  705.981565502,  2156.97
1571.52765959,  193676.0,  187279.0,  1054.61855124,  705.981863752,  2157.03
1571.54809397,  193679.0,  187282.0,  1054.61853526,  705.981785782,  2157.71
1571.56852845,  193706.0,  187303.0,  1054.61868444,  705.981793535,  2158.84
1571.58896273,  193685.0,  187287.0,  1054.61865942,  705.981656439,  2159.88
1571.60939711,  193719.0,  187319.0,  1054.61871182,  705.981830575,  2160.25
1571.62983158,  193683.0,  187281.0,  1054.61830434,  705.981672986,  2160.88
1571.65026586,  193761.0,  187359.0,  1054.61883869,  705.981743398,  2161.04
1571.67070024,  193729.0,  187326.0,  1054.61839054,  705.981436691,  2159.9
1571.69113472,  193747.0,  187345.0,  1054.6185757,  705.981683449,  2160.6
1571.711569,  193789.0,  187385.0,  1054.61871746,  705.981695683,  2159.93
1571.73200348,  193810.0,  187404.0,  1054.6183521,  705.981774586,  2165.55
1571.75243786,  193812.0,  187405.0,  1054.61863423,  705.981618083,  2162.84
1571.77287214,  193859.0,  187454.0,  1054.61848787,  705.981576982,  2163.38
1571.79330662,  193820.0,  187412.0,  1054.61848795,  705.981712036,  2165.27
1571.813741,  193835.0,  187429.0,  1054.61848867,  705.981547391,  2164.83
1571.83417528,  193826.0,  187420.0,  1054.61853017,  705.981709346,  2161.2
1571.85460976,  193836.0,  187426.0,  1054.61829131,  705.981575984,  2162.42
1571.87504414,  193870.0,  187460.0,  1054.61878109,  705.981578725,  2159.22
1571.89547842,  193875.0,  187468.0,  1054.61845864,  705.981512296,  2158.85
1571.9159129,  193855.0,  187447.0,  1054.61827755,  705.981579158,  2159.52
1571.93634728,  193855.0,  187446.0,  1054.61860007,  705.981468554,  2157.92
1571.95678176,  193829.0,  187421.0,  1054.61846928,  705.981701407,  2159.23
1571.97721604,  193784.0,  187378.0,  1054.61842914,  705.981369841,  2156.47
1571.99765042,  193752.0,  187348.0,  1054.61873876,  705.981615684,  2156.58
1572.0180849,  193747.0,  187341.0,  1054.61803516,  705.981592128,  2157.74
1572.03851918,  193686.0,  187284.0,  1054.61859232,  705.981422212,  2158.25
1572.05895357,  193705.0,  187302.0,  1054.6183888,  705.981325558,  2158.23
1572.07938805,  193703.0,  187298.0,  1054.6184021,  705.98151949,  2156.65
1572.09982233,  193696.0,  187296.0,  1054.61845474,  705.981328679,  2154.88
1572.12025681,  193701.0,  187298.0,  1054.61861814,  705.981610659,  2155.11
1572.14069119,  193715.0,  187310.0,  1054.61836842,  705.98102229,  2156.7
1572.16112547,  193701.0,  187301.0,  1054.61849107,  705.981622808,  2158.41
1572.18155996,  193722.0,  187317.0,  1054.61838107,  705.981385427,  2157.1
1572.20199434,  193726.0,  187321.0,  1054.61857896,  705.981485035,  2156.09
1572.22242862,  193787.0,  187382.0,  1054.61848268,  705.981586487,  2154.66
1572.2428631,  193803.0,  187394.0,  1054.61820961,  705.98114553,  2155.03
1572.26329748,  193823.0,  187416.0,  1054.61840928,  705.981429976,  2153.66
1572.28373187,  193890.0,  187478.0,  1054.61871818,  705.981189233,  2155.33
1572.30416625,  193928.0,  187514.0,  1054.61839962,  705.981267007,  2153.19
1572.32460063,  193961.0,  187550.0,  1054.61855195,  705.981451723,  2149.15
1572.34503501,  193987.0,  187570.0,  1054.61855576,  705.981312708,  2151.31
1572.3654694,  193999.0,  187584.0,  1054.61839354,  705.981164161,  2147.86
1572.38590378,  194053.0,  187637.0,  1054.61855568,  705.981447062,  2147.54
1572.40633816,  194071.0,  187654.0,  1054.61816697,  705.981341355,  2146.61
1572.42677255,  194087.0,  187669.0,  1054.61896669,  705.98121939,  2148.23
1572.44720693,  194098.0,  187682.0,  1054.61835262,  705.981146982,  2148.68
1572.46764131,  194077.0,  187658.0,  1054.61831971,  705.981433343,  2150.94
1572.4880757,  194110.0,  187692.0,  1054.61852822,  705.981205783,  2148.67
1572.50851018,  194044.0,  187627.0,  1054.61853146,  705.981337506,  2146.43
1572.52894457,  194030.0,  187612.0,  1054.6186264,  705.981198044,  2148.68
1572.54937885,  194021.0,  187607.0,  1054.61849011,  705.981412417,  2148.74
1572.56981333,  194006.0,  187590.0,  1054.61824993,  705.981238361,  2148.53
1572.59024772,  193944.0,  187529.0,  1054.6184586,  705.981056551,  2150.08
1572.610682,  193904.0,  187494.0,  1054.61867714,  705.98126912,  2146.94
1572.63111649,  193852.0,  187441.0,  1054.61824244,  705.981210642,  2147.91
1572.67198516,  193765.0,  187359.0,  1054.61859379,  705.981032332,  2149.11
1572.69241964,  193704.0,  187299.0,  1054.61833182,  705.980907405,  2146.27
1572.71285403,  193726.0,  187323.0,  1054.61837314,  705.98114444,  2150.45
1572.73328851,  193638.0,  187240.0,  1054.61835469,  705.981135417,  2150.79
1572.7537228,  193627.0,  187228.0,  1054.6182538,  705.98079957,  2152.87
1572.77415718,  193647.0,  187252.0,  1054.61835611,  705.981220006,  2152.0
1572.79459167,  193603.0,  187208.0,  1054.61821873,  705.980904541,  2155.06
1572.81502595,  193587.0,  187193.0,  1054.61825257,  705.981012573,  2154.32
1572.83546034,  193563.0,  187172.0,  1054.61827849,  705.981129008,  2159.11
1572.85589482,  193598.0,  187205.0,  1054.61805247,  705.980759994,  2156.36
1572.87632911,  193547.0,  187158.0,  1054.61829411,  705.980865685,  2160.05
1572.8967636,  193523.0,  187136.0,  1054.61821503,  705.980820385,  2165.43
1572.91719798,  193584.0,  187193.0,  1054.61834278,  705.98095222,  2168.56
1572.93763227,  193568.0,  187180.0,  1054.61834162,  705.980892151,  2162.08
1572.95806676,  193585.0,  187195.0,  1054.61805831,  705.980960032,  2165.91
1572.97850114,  193606.0,  187216.0,  1054.61816354,  705.980644777,  2167.07
1572.99893553,  193632.0,  187242.0,  1054.61819769,  705.980730742,  2163.33
1573.01936991,  193642.0,  187252.0,  1054.61794989,  705.980775179,  2159.36
1573.0398043,  193685.0,  187294.0,  1054.61805561,  705.980840315,  2152.61
1573.06023859,  193739.0,  187350.0,  1054.61806877,  705.980731847,  2145.5
1573.08067308,  193753.0,  187359.0,  1054.61802964,  705.980719706,  2145.73
1573.10110746,  193730.0,  187338.0,  1054.61817894,  705.980816684,  2145.15
1573.12154185,  193681.0,  187292.0,  1054.61782737,  705.9806649,  2146.35
1573.14197624,  193780.0,  187385.0,  1054.61783087,  705.980811865,  2145.64
1573.16241062,  193795.0,  187403.0,  1054.61797027,  705.980771698,  2144.01
1573.18284511,  193711.0,  187318.0,  1054.61766962,  705.980553801,  2142.57
1573.2032794,  193806.0,  187409.0,  1054.61802581,  705.98063413,  2139.49
1573.22371379,  193792.0,  187399.0,  1054.61806627,  705.980710535,  2137.45
1573.24414828,  193733.0,  187340.0,  1054.61793383,  705.980578547,  2137.19
1573.26458256,  193713.0,  187321.0,  1054.61805614,  705.9805431,  2136.96
1573.28501705,  193680.0,  187290.0,  1054.61810203,  705.980862942,  2135.01
1573.30545144,  193639.0,  187246.0,  1054.61772689,  705.980539044,  2135.9
1573.32588573,  193650.0,  187261.0,  1054.61796304,  705.980667642,  2132.41
1573.34632022,  193626.0,  187236.0,  1054.61798677,  705.980653527,  2133.91
1573.36675461,  193610.0,  187221.0,  1054.6179025,  705.980644677,  2130.23
1573.38718889,  193597.0,  187209.0,  1054.61793879,  705.980602651,  2130.72
1573.40762338,  193602.0,  187213.0,  1054.61793946,  705.980613476,  2130.98
1573.42805777,  193596.0,  187204.0,  1054.61792059,  705.98056609,  2129.66
1573.44849206,  193620.0,  187231.0,  1054.61816209,  705.980663859,  2129.17
1573.46892655,  193595.0,  187205.0,  1054.61798104,  705.980522488,  2125.21
1573.48936094,  193636.0,  187247.0,  1054.61809042,  705.980485769,  2123.05
1573.50979543,  193653.0,  187260.0,  1054.61801145,  705.980581576,  2123.41
1573.53022972,  193669.0,  187273.0,  1054.61775554,  705.980370135,  2121.74
1573.55066411,  193685.0,  187293.0,  1054.61807521,  705.980508441,  2120.95
1573.5710986,  193733.0,  187335.0,  1054.61784348,  705.980439208,  2122.9
1573.59153289,  193778.0,  187379.0,  1054.6179422,  705.98043373,  2122.87
1573.61196728,  193841.0,  187441.0,  1054.61792154,  705.98052015,  2122.94
1573.63240177,  193880.0,  187474.0,  1054.61801097,  705.980502534,  2122.4
1573.65283616,  193951.0,  187544.0,  1054.61797854,  705.980304864,  2121.53
1573.67327055,  193980.0,  187574.0,  1054.61802666,  705.980452857,  2119.45
1573.69370494,  194028.0,  187619.0,  1054.61793561,  705.980261821,  2121.57
1573.71413923,  194033.0,  187623.0,  1054.61802743,  705.980386604,  2120.04
1573.73457372,  194063.0,  187655.0,  1054.61796191,  705.980386135,  2119.27
1573.75500811,  194128.0,  187713.0,  1054.61772306,  705.980374137,  2121.02
1573.7754424,  194156.0,  187740.0,  1054.61808171,  705.980342886,  2120.97
1573.79587689,  194169.0,  187753.0,  1054.61788476,  705.980154879,  2119.68
1573.81631128,  194117.0,  187701.0,  1054.61810391,  705.980413394,  2118.48
1573.83674558,  194135.0,  187719.0,  1054.61818427,  705.980309225,  2118.16
1573.85718007,  194131.0,  187713.0,  1054.61796038,  705.980165006,  2120.03
1573.87761446,  194079.0,  187664.0,  1054.61805805,  705.980280015,  2117.18
1573.89804895,  194075.0,  187662.0,  1054.61798084,  705.980103512,  2115.86
1573.91848324,  193988.0,  187573.0,  1054.61785992,  705.980282015,  2120.42
1573.93891763,  193977.0,  187565.0,  1054.61822695,  705.980234434,  2119.47
1573.95935212,  193927.0,  187516.0,  1054.61793842,  705.979969788,  2117.54
1573.97978642,  193909.0,  187494.0,  1054.61789858,  705.980230946,  2114.77
1574.00022081,  193834.0,  187429.0,  1054.6180577,  705.980120831,  2115.34
1574.0206553,  193782.0,  187373.0,  1054.61789199,  705.979969187,  2115.03
1574.04108959,  193766.0,  187358.0,  1054.61791891,  705.980292203,  2116.76
1574.06152409,  193725.0,  187320.0,  1054.61799199,  705.980060399,  2117.21
1574.08195848,  193661.0,  187256.0,  1054.61790287,  705.980144119,  2116.37
1574.10239277,  193631.0,  187228.0,  1054.61791256,  705.979854778,  2114.5
1574.12282726,  193593.0,  187194.0,  1054.61799486,  705.980179978,  2115.78
1574.14326166,  193571.0,  187170.0,  1054.61791458,  705.97998217,  2110.88
1574.16369605,  193566.0,  187165.0,  1054.61819099,  705.980043093,  2113.1
1574.18413044,  193529.0,  187129.0,  1054.61795999,  705.980045904,  2113.23
1574.20456484,  193564.0,  187162.0,  1054.61798994,  705.980082984,  2109.26
1574.22499923,  193619.0,  187216.0,  1054.61820884,  705.979799454,  2113.64
1574.24543362,  193654.0,  187248.0,  1054.61792118,  705.980223131,  2111.48
1574.26586802,  193680.0,  187272.0,  1054.61797357,  705.979919296,  2110.14
1574.28630241,  193703.0,  187297.0,  1054.61794231,  705.98000107,  2110.79
1574.3067369,  193714.0,  187303.0,  1054.61786459,  705.97982212,  2110.77
1574.3271712,  193792.0,  187383.0,  1054.61806417,  705.980021002,  2110.47
1574.34760559,  193838.0,  187427.0,  1054.61792104,  705.979810089,  2110.06
1574.36803998,  193866.0,  187450.0,  1054.61796608,  705.979864781,  2108.68
1574.38847438,  193928.0,  187512.0,  1054.61793758,  705.979968305,  2110.93
1574.40890887,  193915.0,  187500.0,  1054.61782898,  705.979729665,  2109.45
1574.42934317,  193935.0,  187517.0,  1054.6180452,  705.979989498,  2108.04
1574.44977766,  193929.0,  187514.0,  1054.61791227,  705.979805797,  2108.92
1574.47021206,  193904.0,  187486.0,  1054.61810275,  705.979747356,  2109.36
1574.49064635,  193837.0,  187425.0,  1054.61798522,  705.979651756,  2109.12
1574.51108085,  193835.0,  187423.0,  1054.61797671,  705.979871434,  2106.23
1574.53151524,  193780.0,  187368.0,  1054.61795114,  705.979679718,  2107.05
1574.55194954,  193771.0,  187358.0,  1054.61788839,  705.979838177,  2106.96
1574.57238403,  193668.0,  187258.0,  1054.61806676,  705.979616951,  2107.27
1574.59281843,  193625.0,  187216.0,  1054.61789439,  705.979766227,  2107.04
1574.61325292,  193613.0,  187209.0,  1054.61775624,  705.979682015,  2107.68
1574.63368722,  193563.0,  187157.0,  1054.61803673,  705.979891637,  2106.27
1574.65412161,  193570.0,  187164.0,  1054.61774199,  705.979718709,  2106.91
1574.67455611,  193531.0,  187128.0,  1054.61822943,  705.979731351,  2105.45
1574.6949904,  193516.0,  187112.0,  1054.61783396,  705.979848456,  2106.87
1574.7154248,  193547.0,  187141.0,  1054.6180103,  705.979666616,  2105.07
1574.7358593,  193552.0,  187148.0,  1054.61787822,  705.979721759,  2104.73
1574.75629359,  193568.0,  187162.0,  1054.61771787,  705.979958735,  2105.38
1574.77672799,  193602.0,  187197.0,  1054.61831004,  705.979489767,  2104.0
1574.79716248,  193625.0,  187217.0,  1054.61786063,  705.979905528,  2103.36
1574.81759688,  193663.0,  187254.0,  1054.61774266,  705.979651281,  2104.05
1574.83803128,  193697.0,  187288.0,  1054.61810252,  705.979744143,  2103.15
1574.85846567,  193740.0,  187327.0,  1054.61778039,  705.97972398,  2102.42
1574.87890007,  193772.0,  187359.0,  1054.61787422,  705.979645029,  2104.13
1574.89933447,  193849.0,  187435.0,  1054.61804369,  705.979633396,  2100.94
1574.91976886,  193902.0,  187484.0,  1054.61783002,  705.979675533,  2102.74
1574.94020326,  193949.0,  187531.0,  1054.61777453,  705.979804863,  2101.21
1574.96063766,  193974.0,  187555.0,  1054.61780466,  705.979612975,  2100.42
1574.98107205,  194022.0,  187600.0,  1054.61759962,  705.97969303,  2101.78
1575.00150645,  194010.0,  187591.0,  1054.61808431,  705.979918198,  2101.64
1575.02194085,  194039.0,  187616.0,  1054.617898,  705.979388635,  2099.98
1575.04237525,  194055.0,  187631.0,  1054.61798742,  705.979720097,  2101.99
1575.06280974,  194080.0,  187659.0,  1054.6177806,  705.97956421,  2099.33
1575.08324404,  194068.0,  187645.0,  1054.6179181,  705.979445995,  2098.2
1575.10367844,  194077.0,  187655.0,  1054.61773872,  705.979656906,  2101.02
1575.12411294,  194071.0,  187647.0,  1054.61784746,  705.979631508,  2100.79
1575.14454724,  194053.0,  187629.0,  1054.61792314,  705.979419735,  2099.18
1575.16498163,  194010.0,  187590.0,  1054.61765365,  705.979687498,  2099.75
1575.18541613,  193965.0,  187546.0,  1054.61782918,  705.979395808,  2098.44
1575.20585043,  193947.0,  187529.0,  1054.61764117,  705.979566598,  2100.42
1575.22628493,  193910.0,  187494.0,  1054.61775192,  705.979632991,  2097.25
1575.24671933,  193865.0,  187448.0,  1054.6176752,  705.97951136,  2099.22
1575.26715363,  193841.0,  187425.0,  1054.61789025,  705.979547311,  2099.66
1575.28758813,  193799.0,  187389.0,  1054.6179873,  705.979633976,  2099.78
1575.30802252,  193732.0,  187321.0,  1054.61770361,  705.979524197,  2098.89
1575.32845682,  193699.0,  187290.0,  1054.61786386,  705.979847418,  2097.01
1575.34889132,  193674.0,  187266.0,  1054.61766432,  705.979505252,  2097.54
1575.36932572,  193642.0,  187234.0,  1054.6177861,  705.979149485,  2098.48
1575.38976022,  193630.0,  187227.0,  1054.61767679,  705.97949165,  2097.63
1575.41019452,  193593.0,  187187.0,  1054.61795913,  705.979453408,  2096.65
1575.43062892,  193504.0,  187101.0,  1054.61757305,  705.979499606,  2094.95
1575.45106342,  193214.0,  186823.0,  1054.61813445,  705.97918313,  2094.85
1575.47149782,  193129.0,  186740.0,  1054.61767415,  705.97961438,  2098.58
1575.49193212,  193118.0,  186731.0,  1054.61795248,  705.979199165,  2094.99
1575.51236662,  193144.0,  186759.0,  1054.61762375,  705.979511165,  2095.0
1575.53280102,  193457.0,  187056.0,  1054.61815652,  705.979193926,  2095.28
1575.55323532,  193620.0,  187213.0,  1054.61783971,  705.979441329,  2092.96
1575.57366982,  193611.0,  187208.0,  1054.61783315,  705.97937303,  2095.08
1575.59410422,  193639.0,  187232.0,  1054.61760092,  705.979397312,  2094.82
1575.61453862,  193722.0,  187317.0,  1054.61780963,  705.979448975,  2094.31
1575.65540732,  193780.0,  187368.0,  1054.61773156,  705.979252493,  2097.39
1575.67584182,  193766.0,  187359.0,  1054.61780547,  705.979310588,  2093.89
1575.69627622,  193764.0,  187357.0,  1054.61750599,  705.979152474,  2093.46
1575.71671052,  193803.0,  187397.0,  1054.61754701,  705.979151373,  2094.74
1575.73714502,  193794.0,  187389.0,  1054.61756644,  705.979141374,  2092.23
1575.75757943,  193809.0,  187400.0,  1054.61746603,  705.979125009,  2092.25
1575.77801393,  193762.0,  187361.0,  1054.6177303,  705.979127872,  2094.0
1575.79844823,  193754.0,  187351.0,  1054.61755646,  705.979165404,  2094.3
1575.81888263,  193719.0,  187316.0,  1054.61742477,  705.979132352,  2091.24
1575.83931713,  193682.0,  187285.0,  1054.61754188,  705.979127455,  2094.01
1575.85975143,  193596.0,  187202.0,  1054.61732814,  705.979125549,  2089.68
1575.88018583,  193535.0,  187144.0,  1054.61746391,  705.979074091,  2092.5
1575.90062034,  193513.0,  187124.0,  1054.61748603,  705.979222108,  2090.98
1575.92105464,  193498.0,  187109.0,  1054.61730878,  705.97905282,  2089.43
1575.94148904,  193460.0,  187074.0,  1054.61748309,  705.979107892,  2091.7
1575.96192354,  193507.0,  187121.0,  1054.61739885,  705.979152016,  2092.23
1575.98235784,  193473.0,  187087.0,  1054.61728849,  705.979039562,  2092.55
1576.00279235,  193502.0,  187118.0,  1054.61733064,  705.978975312,  2089.5
1576.02322675,  193525.0,  187138.0,  1054.61727759,  705.979057511,  2088.9
1576.04366115,  193555.0,  187166.0,  1054.61727752,  705.978952891,  2090.3
1576.06409555,  193569.0,  187184.0,  1054.61736843,  705.979062904,  2089.58
1576.08452996,  193593.0,  187204.0,  1054.617236,  705.979020734,  2089.54
1576.10496436,  193665.0,  187276.0,  1054.61729111,  705.979013577,  2087.71
1576.12539876,  193728.0,  187338.0,  1054.61743886,  705.979151193,  2087.32
1576.14583317,  193764.0,  187369.0,  1054.61722168,  705.979037515,  2088.89
1576.16626757,  193804.0,  187410.0,  1054.61726148,  705.979107943,  2090.14
1576.18670207,  193879.0,  187482.0,  1054.61741809,  705.979076308,  2090.18
1576.20713638,  193896.0,  187498.0,  1054.61723665,  705.979058513,  2087.53
1576.22757088,  193993.0,  187592.0,  1054.61744621,  705.97896703,  2089.49
1576.24800528,  193980.0,  187578.0,  1054.61720952,  705.979023296,  2086.83
1576.26843959,  194026.0,  187621.0,  1054.6173122,  705.978886175,  2087.47
1576.28887409,  194014.0,  187611.0,  1054.61726575,  705.979101785,  2088.48
1576.30930839,  194056.0,  187648.0,  1054.61725042,  705.978985359,  2087.93
1576.3297428,  193987.0,  187586.0,  1054.61737277,  705.978832531,  2088.88
1576.3501773,  193999.0,  187598.0,  1054.61730174,  705.979016084,  2089.0
1576.39104611,  194029.0,  187625.0,  1054.61732994,  705.978878723,  2087.0
1576.41148052,  194026.0,  187622.0,  1054.61737614,  705.978888238,  2085.94
1576.43191482,  193988.0,  187583.0,  1054.61725699,  705.978906646,  2086.52
1576.45234932,  193933.0,  187533.0,  1054.61749332,  705.97904237,  2086.45
1576.47278373,  193921.0,  187520.0,  1054.61722102,  705.978814545,  2084.8
1576.49321803,  193900.0,  187499.0,  1054.61728724,  705.978817148,  2086.35
1576.51365254,  193895.0,  187497.0,  1054.61732848,  705.978963595,  2085.64
1576.53408694,  193885.0,  187482.0,  1054.61714727,  705.978829614,  2083.52
1576.55452135,  193855.0,  187455.0,  1054.61735732,  705.978905619,  2084.38
1576.57495575,  193820.0,  187421.0,  1054.61737113,  705.978809432,  2087.85
1576.59539016,  193831.0,  187428.0,  1054.61726339,  705.978773292,  2085.44
1576.61582466,  193768.0,  187370.0,  1054.61737779,  705.978697675,  2086.07
1576.63625897,  193794.0,  187395.0,  1054.61727666,  705.978900671,  2081.68
1576.65669337,  193735.0,  187336.0,  1054.61734657,  705.978760452,  2084.12
1576.67712788,  193706.0,  187309.0,  1054.61733389,  705.97859765,  2084.82
1576.69756229,  193711.0,  187313.0,  1054.61726817,  705.978804551,  2084.74
1576.71799659,  193690.0,  187292.0,  1054.61731525,  705.978630877,  2084.57
1576.7384311,  193682.0,  187286.0,  1054.61735587,  705.978850538,  2082.27
1576.7588655,  193671.0,  187272.0,  1054.61722827,  705.978584483,  2083.7
1576.77929991,  193702.0,  187306.0,  1054.61743421,  705.97878413,  2080.92
1576.79973432,  193663.0,  187264.0,  1054.61716031,  705.97872822,  2083.32
1576.82016872,  193649.0,  187251.0,  1054.61736868,  705.978669064,  2082.46
1576.84060323,  193696.0,  187298.0,  1054.61744661,  705.978615812,  2080.62
1576.86103753,  193703.0,  187302.0,  1054.61719469,  705.97870404,  2082.89
1576.88147194,  193708.0,  187308.0,  1054.61722492,  705.978651792,  2083.06
1576.90190645,  193701.0,  187302.0,  1054.61736834,  705.978392526,  2081.23
1576.92234075,  193747.0,  187345.0,  1054.61715363,  705.978486836,  2082.43
1576.94277516,  193729.0,  187326.0,  1054.61743526,  705.978602419,  2080.6
1576.96320957,  193742.0,  187338.0,  1054.61732463,  705.97849901,  2078.37
1576.98364398,  193728.0,  187324.0,  1054.61716673,  705.978520588,  2079.58
1577.00407848,  193747.0,  187345.0,  1054.61730841,  705.978513348,  2080.97
1577.02451279,  193747.0,  187344.0,  1054.61724386,  705.978474514,  2080.76
1577.0449472,  193705.0,  187301.0,  1054.61728218,  705.978533497,  2081.16
1577.0653817,  193710.0,  187306.0,  1054.61742844,  705.978459472,  2080.15
1577.08581601,  193719.0,  187315.0,  1054.61735877,  705.978384388,  2079.9
1577.10625042,  193708.0,  187305.0,  1054.61739477,  705.978600902,  2081.51
1577.12668493,  193690.0,  187285.0,  1054.61706075,  705.978500342,  2080.54
1577.14711924,  193641.0,  187236.0,  1054.6173524,  705.978474743,  2080.31
1577.16755374,  193644.0,  187241.0,  1054.61727195,  705.978301649,  2080.78
1577.18798815,  193651.0,  187247.0,  1054.61709717,  705.978517935,  2080.01
1577.20842246,  193625.0,  187222.0,  1054.61738646,  705.97838933,  2080.59
1577.22885697,  193600.0,  187200.0,  1054.61741443,  705.978376714,  2078.26
1577.24929138,  193625.0,  187222.0,  1054.617231,  705.978432068,  2079.39
1577.26972578,  193629.0,  187224.0,  1054.61726722,  705.978455671,  2077.59
1577.29016019,  193620.0,  187220.0,  1054.61736703,  705.978508066,  2075.92
1577.3105946,  193635.0,  187231.0,  1054.61737955,  705.978375516,  2078.93
1577.33102901,  193616.0,  187213.0,  1054.61736154,  705.978439067,  2078.69
1577.35146352,  193674.0,  187268.0,  1054.6172966,  705.978382056,  2076.81
1577.37189783,  193683.0,  187276.0,  1054.61725101,  705.978161333,  2078.15
1577.39233234,  193723.0,  187318.0,  1054.61734651,  705.978255461,  2078.84
1577.41276675,  193747.0,  187335.0,  1054.61715784,  705.978154053,  2079.13
1577.43320105,  193756.0,  187346.0,  1054.61726363,  705.978431159,  2078.07
1577.45363556,  193774.0,  187366.0,  1054.61759748,  705.978396393,  2077.73
1577.47406997,  193781.0,  187369.0,  1054.61728606,  705.978133851,  2079.32
1577.49450428,  193846.0,  187432.0,  1054.61738742,  705.978268696,  2077.2
1577.51493879,  193905.0,  187490.0,  1054.61731133,  705.978443628,  2077.93
1577.5353732,  193885.0,  187469.0,  1054.61749324,  705.978116277,  2077.24
1577.55580761,  193904.0,  187490.0,  1054.61726859,  705.978319573,  2078.08
1577.57624202,  193907.0,  187490.0,  1054.61736298,  705.978280069,  2076.77
1577.59667633,  193966.0,  187547.0,  1054.61733878,  705.978250357,  2076.93
1577.61711084,  194002.0,  187583.0,  1054.61735392,  705.97830362,  2075.85
1577.63754525,  194011.0,  187590.0,  1054.61735553,  705.978167561,  2075.18
1577.65797956,  194019.0,  187598.0,  1054.61732997,  705.978408821,  2073.85
1577.67841407,  194034.0,  187615.0,  1054.61733486,  705.978064216,  2076.95
1577.69884848,  194053.0,  187630.0,  1054.61739119,  705.978501637,  2074.26
1577.71928289,  194058.0,  187638.0,  1054.61735731,  705.977993127,  2080.89
1577.7397173,  194024.0,  187603.0,  1054.61743506,  705.978135221,  2073.48
1577.76015171,  194001.0,  187581.0,  1054.61711759,  705.97831965,  2073.27
1577.78058622,  193991.0,  187573.0,  1054.61744891,  705.978208423,  2074.35
1577.80102053,  193967.0,  187547.0,  1054.61719452,  705.978380684,  2073.26
1577.82145495,  193947.0,  187526.0,  1054.61756571,  705.978404443,  2075.23
1577.84188946,  193941.0,  187525.0,  1054.61752929,  705.97804778,  2072.93
1577.86232387,  193896.0,  187477.0,  1054.61712085,  705.978035643,  2072.08
1577.88275818,  193834.0,  187418.0,  1054.61746464,  705.978206464,  2072.6
1577.90319269,  193829.0,  187414.0,  1054.61735231,  705.978259019,  2073.59
1577.9236271,  193809.0,  187394.0,  1054.61727653,  705.978241356,  2071.65
1577.94406151,  193799.0,  187386.0,  1054.61742831,  705.978148107,  2074.18
1577.96449592,  193765.0,  187353.0,  1054.61727935,  705.978153828,  2072.07
1577.98493034,  193734.0,  187322.0,  1054.61725441,  705.97821538,  2072.81
1578.00536475,  193744.0,  187333.0,  1054.6174709,  705.977972898,  2073.88
1578.02579916,  193743.0,  187333.0,  1054.61728948,  705.97834236,  2071.29
1578.04623357,  193716.0,  187306.0,  1054.6172062,  705.978028007,  2071.28
1578.06666808,  193683.0,  187274.0,  1054.61769849,  705.978268209,  2091.11
1578.08710239,  193656.0,  187246.0,  1054.61725062,  705.978098666,  2078.71
1578.10753681,  193657.0,  187249.0,  1054.61738056,  705.97832845,  2070.73
1578.12797132,  193654.0,  187246.0,  1054.61740588,  705.978142528,  2070.47
1578.14840563,  193656.0,  187246.0,  1054.61733186,  705.978056873,  2070.02
1578.16884014,  193687.0,  187277.0,  1054.61754957,  705.978203256,  2069.01
1578.18927456,  193658.0,  187247.0,  1054.61746309,  705.977880667,  2072.79
1578.20970887,  193659.0,  187249.0,  1054.61732997,  705.97816099,  2069.12
1578.23014338,  193668.0,  187262.0,  1054.61738669,  705.978085781,  2068.91
1578.25057769,  193660.0,  187251.0,  1054.61709712,  705.978023103,  2072.91
1578.27101211,  193683.0,  187274.0,  1054.61751304,  705.977992873,  2070.22
1578.29144662,  193647.0,  187240.0,  1054.61734796,  705.977958112,  2070.98
1578.31188093,  193651.0,  187243.0,  1054.61744172,  705.977945122,  2069.94
1578.33231545,  193632.0,  187227.0,  1054.61747445,  705.978132425,  2069.09
1578.35274986,  193686.0,  187276.0,  1054.61761497,  705.977940881,  2072.63
1578.37318417,  193674.0,  187265.0,  1054.6174413,  705.97814105,  2070.55
1578.39361869,  193699.0,  187291.0,  1054.61728377,  705.977990705,  2071.68
1578.4140531,  193651.0,  187241.0,  1054.61729405,  705.977849522,  2072.37
1578.43448751,  193698.0,  187286.0,  1054.61748126,  705.978106308,  2071.92
1578.45492193,  193659.0,  187252.0,  1054.61746633,  705.978000706,  2070.93
1578.47535634,  193693.0,  187283.0,  1054.61714404,  705.97810315,  2070.12
1578.49579075,  193659.0,  187250.0,  1054.61758627,  705.977816248,  2072.84
1578.51622517,  193660.0,  187252.0,  1054.61725339,  705.977885191,  2072.66
1578.53665958,  193673.0,  187265.0,  1054.61720573,  705.978124653,  2069.69
1578.5570941,  193645.0,  187238.0,  1054.61726624,  705.977837335,  2069.54
1578.57752851,  193680.0,  187272.0,  1054.61719378,  705.977959613,  2066.78
1578.59796282,  193708.0,  187295.0,  1054.61765774,  705.97803476,  2068.1
1578.63883175,  193668.0,  187258.0,  1054.61714335,  705.977769905,  2068.19
1578.65926607,  193644.0,  187236.0,  1054.61721648,  705.977845339,  2068.65
1578.67970058,  193698.0,  187291.0,  1054.61725413,  705.977805773,  2068.94
1578.700135,  193708.0,  187301.0,  1054.6171725,  705.977803799,  2067.49
1578.72056931,  193716.0,  187310.0,  1054.617185,  705.977898398,  2069.49
1578.74100383,  193704.0,  187299.0,  1054.61714283,  705.977759301,  2064.85
1578.76143824,  193701.0,  187295.0,  1054.61706083,  705.977594687,  2068.45
1578.78187276,  193699.0,  187297.0,  1054.61731615,  705.977848214,  2067.86
1578.80230707,  193740.0,  187336.0,  1054.61711567,  705.977786076,  2068.05
1578.82274149,  193780.0,  187375.0,  1054.61718485,  705.977501683,  2065.57
1578.843176,  193809.0,  187407.0,  1054.61710121,  705.977761606,  2066.15
1578.86361032,  193803.0,  187397.0,  1054.61707308,  705.977591685,  2066.25
1578.88404473,  193843.0,  187439.0,  1054.6169311,  705.977579687,  2065.67
1578.90447915,  193909.0,  187502.0,  1054.6169698,  705.977655959,  2066.93
1578.92491356,  193924.0,  187515.0,  1054.61698572,  705.977613949,  2066.92
1578.94534808,  193948.0,  187544.0,  1054.61704372,  705.977695453,  2065.63
1578.9657824,  193950.0,  187544.0,  1054.61690241,  705.977490166,  2065.36
1578.98621681,  193977.0,  187570.0,  1054.61678665,  705.977647157,  2063.65
1579.00665133,  193970.0,  187564.0,  1054.61691478,  705.977634993,  2066.19
1579.02708564,  193969.0,  187562.0,  1054.61688382,  705.977510005,  2066.25
1579.04752006,  193952.0,  187549.0,  1054.61697133,  705.977632509,  2065.48
1579.06795458,  193958.0,  187553.0,  1054.6168871,  705.977696559,  2064.4
1579.08838899,  193931.0,  187525.0,  1054.61680919,  705.977483033,  2065.07
1579.10882331,  193919.0,  187516.0,  1054.61706705,  705.977779504,  2065.8
1579.12925783,  193892.0,  187488.0,  1054.61690639,  705.977470325,  2062.64
1579.14969224,  193925.0,  187522.0,  1054.61697529,  705.977564449,  2061.16
1579.17012666,  193861.0,  187462.0,  1054.61686381,  705.97751252,  2063.39
1579.19056108,  193856.0,  187453.0,  1054.61701697,  705.977517003,  2064.41
1579.21099549,  193820.0,  187420.0,  1054.61684482,  705.97740949,  2062.38
1579.23143001,  193810.0,  187413.0,  1054.61690231,  705.977613678,  2062.69
1579.25186433,  193754.0,  187354.0,  1054.6169036,  705.977400733,  2062.78
1579.27229874,  193694.0,  187300.0,  1054.61708576,  705.977592999,  2061.54
1579.29273326,  193657.0,  187265.0,  1054.61690043,  705.977499693,  2061.11
1579.31316758,  193647.0,  187251.0,  1054.616974,  705.977430608,  2064.11
1579.3336021,  193634.0,  187239.0,  1054.61699932,  705.977466702,  2063.81
1579.35403651,  193608.0,  187212.0,  1054.61697756,  705.977574469,  2062.47
1579.37447083,  193560.0,  187168.0,  1054.61689072,  705.977562658,  2060.58
1579.39490535,  193538.0,  187147.0,  1054.6169333,  705.977529136,  2063.43
1579.41533977,  193544.0,  187151.0,  1054.61677032,  705.977281009,  2061.64
1579.43577408,  193552.0,  187159.0,  1054.61696094,  705.977505827,  2060.8
1579.4562086,  193535.0,  187143.0,  1054.61692884,  705.977290942,  2060.39
1579.47664302,  193547.0,  187153.0,  1054.61695389,  705.977425643,  2061.76
1579.49707734,  193585.0,  187190.0,  1054.61678098,  705.977404875,  2060.87
1579.51751186,  193549.0,  187153.0,  1054.61693149,  705.977447477,  2060.5
1579.53794617,  193590.0,  187192.0,  1054.61688724,  705.977260352,  2063.06
1579.55838069,  193640.0,  187242.0,  1054.61700605,  705.977384459,  2060.63
1579.57881511,  193634.0,  187235.0,  1054.61698831,  705.977336871,  2062.2
1579.59924953,  193681.0,  187280.0,  1054.61702566,  705.977455487,  2062.11
1579.61968395,  193699.0,  187298.0,  1054.61697369,  705.977067754,  2061.8
1579.64011837,  193679.0,  187278.0,  1054.6167141,  705.977224616,  2059.99
1579.66055279,  193725.0,  187321.0,  1054.61693035,  705.977274825,  2060.48
1579.6809872,  193768.0,  187362.0,  1054.61686296,  705.977250296,  2061.83
1579.70142162,  193766.0,  187361.0,  1054.61698353,  705.977260943,  2058.16
1579.72185614,  193806.0,  187397.0,  1054.61707081,  705.977336121,  2058.93
1579.74229056,  193835.0,  187425.0,  1054.61684274,  705.977115954,  2060.62
1579.76272488,  193815.0,  187405.0,  1054.61694979,  705.977280235,  2060.65
1579.7831594,  193809.0,  187401.0,  1054.61697963,  705.977205616,  2060.17
1579.80359382,  193797.0,  187387.0,  1054.61689229,  705.977214057,  2056.87
1579.82402814,  193813.0,  187404.0,  1054.61705762,  705.97713281,  2058.22
1579.84446266,  193813.0,  187405.0,  1054.61681142,  705.977196074,  2058.8
1579.86489708,  193856.0,  187444.0,  1054.61683355,  705.97714583,  2060.63
1579.8853314,  193836.0,  187425.0,  1054.61697315,  705.977053182,  2058.03
1579.90576592,  193855.0,  187442.0,  1054.61683404,  705.977142156,  2058.76
1579.92620034,  193852.0,  187437.0,  1054.61685021,  705.977152969,  2057.72
1579.94663486,  193804.0,  187394.0,  1054.61705155,  705.977049691,  2055.23
1579.96706918,  193813.0,  187398.0,  1054.61689147,  705.97704552,  2055.43
1579.9875036,  193817.0,  187403.0,  1054.61684461,  705.977209588,  2056.4
1580.00793812,  193826.0,  187416.0,  1054.61694564,  705.976975468,  2054.58
1580.02837244,  193811.0,  187397.0,  1054.61696604,  705.977099044,  2055.93
1580.04880686,  193826.0,  187411.0,  1054.61702433,  705.977033987,  2055.48
1580.06924138,  193854.0,  187439.0,  1054.61692212,  705.976899203,  2054.41
1580.0896757,  193812.0,  187397.0,  1054.61673709,  705.977051415,  2054.02
1580.11011012,  193862.0,  187444.0,  1054.61703678,  705.976995627,  2055.15
1580.13054464,  193911.0,  187491.0,  1054.61685912,  705.977075298,  2054.3
1580.15097896,  193924.0,  187502.0,  1054.61706901,  705.977040048,  2053.5
1580.17141348,  193962.0,  187544.0,  1054.61705195,  705.977126271,  2054.07
1580.1918478,  193941.0,  187518.0,  1054.61692656,  705.976943079,  2054.42
1580.21228222,  194006.0,  187584.0,  1054.61714132,  705.976913562,  2052.23
1580.23271674,  194019.0,  187597.0,  1054.61691844,  705.97688096,  2051.15
1580.25315106,  194032.0,  187605.0,  1054.61712987,  705.97676811,  2052.13
1580.27358548,  194085.0,  187660.0,  1054.61713568,  705.97692154,  2050.46
1580.29402001,  194121.0,  187692.0,  1054.6171407,  705.976982722,  2052.02
1580.31445443,  194133.0,  187705.0,  1054.61702394,  705.976853894,  2053.49
1580.33488885,  194119.0,  187691.0,  1054.61717792,  705.976790674,  2051.09
1580.35532327,  194162.0,  187732.0,  1054.61679568,  705.976783073,  2052.11
1580.37575769,  194189.0,  187757.0,  1054.61700999,  705.976906255,  2050.27
1580.39619211,  194116.0,  187688.0,  1054.61703449,  705.976924963,  2050.48
1580.41662653,  194127.0,  187695.0,  1054.61685176,  705.976615999,  2052.18
1580.43706096,  194116.0,  187686.0,  1054.61697988,  705.976864266,  2050.25
1580.45749548,  194097.0,  187668.0,  1054.61693343,  705.976856025,  2051.04
1580.4779298,  194029.0,  187602.0,  1054.61707224,  705.976839207,  2049.67
1580.49836422,  194011.0,  187584.0,  1054.61700526,  705.976812646,  2048.54
1580.51879874,  193920.0,  187492.0,  1054.61690316,  705.97664155,  2049.45
1580.53923307,  193858.0,  187434.0,  1054.61698806,  705.976881299,  2048.15
1580.55966759,  193829.0,  187410.0,  1054.6171413,  705.976727,  2049.33
1580.58010201,  193783.0,  187362.0,  1054.61689176,  705.976750923,  2047.08
1580.60053633,  193692.0,  187277.0,  1054.61694163,  705.976807637,  2048.0
1580.62097086,  193662.0,  187247.0,  1054.61704683,  705.976652903,  2045.82
1580.64140528,  193604.0,  187188.0,  1054.616911,  705.976588245,  2049.58
1580.6618396,  193520.0,  187110.0,  1054.61727824,  705.977034713,  2048.71
1580.68227412,  193509.0,  187095.0,  1054.61701698,  705.976650768,  2047.32
1580.70270855,  193435.0,  187025.0,  1054.61689669,  705.976907704,  2046.72
1580.72314307,  193414.0,  187006.0,  1054.61738642,  705.976541284,  2048.63
1580.74357739,  193414.0,  187004.0,  1054.61677545,  705.976687144,  2045.51
1580.76401182,  193404.0,  186995.0,  1054.61706579,  705.976608215,  2045.41
1580.78444634,  193401.0,  186993.0,  1054.61705704,  705.976760248,  2047.79
1580.80488066,  193373.0,  186963.0,  1054.61675295,  705.976621049,  2047.99
1580.82531509,  193417.0,  187009.0,  1054.61676875,  705.976877801,  2047.23
1580.84574951,  193460.0,  187047.0,  1054.6170582,  705.976309272,  2047.36
1580.86618393,  193500.0,  187087.0,  1054.61708214,  705.976619396,  2043.35
1580.88661836,  193544.0,  187131.0,  1054.61693023,  705.976699071,  2044.4
1580.90705278,  193568.0,  187152.0,  1054.61694786,  705.976310662,  2043.74
1580.9274872,  193672.0,  187252.0,  1054.61703798,  705.976739203,  2045.13
1580.94792173,  193717.0,  187297.0,  1054.61697494,  705.976643723,  2046.67
1580.96835615,  193755.0,  187332.0,  1054.61699516,  705.976444901,  2044.92
1580.98879047,  193546.0,  187131.0,  1054.61683762,  705.976623402,  2044.31
1581.009225,  193401.0,  186992.0,  1054.61700724,  705.976597712,  2044.23
1581.02965942,  193400.0,  186988.0,  1054.616746,  705.976359431,  2043.99
1581.05009375,  193393.0,  186986.0,  1054.61717676,  705.976510815,  2042.36
1581.07052827,  193553.0,  187138.0,  1054.61679394,  705.976493848,  2043.04
1581.09096269,  193724.0,  187299.0,  1054.61749616,  705.97678387,  2043.05
1581.11139722,  193751.0,  187328.0,  1054.6169004,  705.976393724,  2043.66
1581.13183154,  193741.0,  187317.0,  1054.61701025,  705.976425989,  2042.59
1581.15226597,  193730.0,  187306.0,  1054.61696505,  705.976649714,  2042.57
1581.17270049,  193702.0,  187281.0,  1054.61719083,  705.976538651,  2041.01
1581.19313482,  193681.0,  187257.0,  1054.61701406,  705.976679094,  2043.44
1581.21356924,  193591.0,  187174.0,  1054.6171123,  705.976436764,  2042.7
1581.23400377,  193585.0,  187168.0,  1054.61702159,  705.976408792,  2044.6
1581.25443809,  193582.0,  187165.0,  1054.61709297,  705.976438026,  2039.67
1581.27487252,  193571.0,  187155.0,  1054.61695041,  705.976469061,  2041.51
1581.29530704,  193519.0,  187102.0,  1054.6168457,  705.97633387,  2042.02
1581.31574137,  193560.0,  187141.0,  1054.61701865,  705.976474968,  2040.82
1581.33617589,  193569.0,  187153.0,  1054.61684823,  705.976257647,  2040.5
1581.35661032,  193614.0,  187193.0,  1054.61690033,  705.976533196,  2039.11
1581.37704474,  193636.0,  187215.0,  1054.61690525,  705.976499813,  2040.57
1581.39747917,  193700.0,  187277.0,  1054.61712848,  705.976251991,  2041.74
1581.41791359,  193741.0,  187314.0,  1054.61686683,  705.976538007,  2041.5
1581.43834802,  193808.0,  187382.0,  1054.6170658,  705.976478031,  2038.34
1581.45878244,  193884.0,  187452.0,  1054.61661282,  705.976090667,  2040.47
1581.47921687,  193904.0,  187472.0,  1054.61694482,  705.976265539,  2041.34
1581.4996513,  193959.0,  187526.0,  1054.61726922,  705.976370371,  2038.29
1581.52008572,  194043.0,  187606.0,  1054.61688733,  705.97642125,  2037.51
1581.54052015,  194068.0,  187629.0,  1054.61712645,  705.976350532,  2038.65
1581.56095457,  194070.0,  187631.0,  1054.61692959,  705.97628532,  2038.13
1581.581389,  194085.0,  187651.0,  1054.61682433,  705.975981962,  2039.21
1586.83303175,  193845.0,  187001.0,  1054.62127919,  705.971674712,  1997.28
1586.85346629,  193807.0,  186966.0,  1054.62149785,  705.971488281,  1998.28
1586.87390063,  193782.0,  186941.0,  1054.62135758,  705.971387191,  1999.49
1586.89433517,  193711.0,  186872.0,  1054.62156248,  705.971634326,  1998.68
1586.91476962,  193707.0,  186871.0,  1054.62175255,  705.971671226,  1998.03
1586.93520396,  193706.0,  186868.0,  1054.62166059,  705.971501823,  1999.85
1586.9556385,  193681.0,  186845.0,  1054.62203211,  705.971782044,  1999.16
1586.97607294,  193692.0,  186858.0,  1054.62172787,  705.971465863,  1997.71
1586.99650738,  193692.0,  186857.0,  1054.62172999,  705.971494934,  1997.04
1587.01694183,  193685.0,  186855.0,  1054.62184587,  705.971573771,  1996.52
1587.03737627,  193714.0,  186884.0,  1054.62182788,  705.971595711,  1998.77
1587.05781081,  193693.0,  186862.0,  1054.62166731,  705.971259595,  1994.88
1587.07824525,  193724.0,  186898.0,  1054.62178271,  705.971422518,  1997.29
1587.0986796,  193759.0,  186931.0,  1054.6217591,  705.971458075,  1999.07
1587.11911414,  193730.0,  186905.0,  1054.62186024,  705.971247335,  1998.5
1587.13954858,  193795.0,  186973.0,  1054.62165735,  705.971126651,  1995.38
1587.15998292,  193835.0,  187009.0,  1054.62152871,  705.971050769,  1996.4
1587.18041746,  193865.0,  187043.0,  1054.62160013,  705.971131485,  1995.28
1587.20085191,  193896.0,  187077.0,  1054.62174517,  705.971045767,  1997.08
1587.22128635,  193926.0,  187107.0,  1054.62129544,  705.971077971,  1996.91
1587.24172079,  193933.0,  187115.0,  1054.62155161,  705.970982277,  1997.12
1587.26215514,  193953.0,  187137.0,  1054.62134162,  705.970863968,  1996.76
1587.28258968,  193964.0,  187152.0,  1054.62115275,  705.970927359,  1996.68
1587.30302412,  193999.0,  187189.0,  1054.62128988,  705.9710343,  1997.97
1587.32345846,  194013.0,  187204.0,  1054.62114916,  705.971215572,  1995.14
1587.34389301,  194030.0,  187225.0,  1054.62119531,  705.970623471,  1998.88
1587.36432745,  194047.0,  187246.0,  1054.62081611,  705.970694665,  1995.28
1587.38476199,  194018.0,  187217.0,  1054.62081035,  705.970659878,  1995.27
1587.40519634,  193997.0,  187204.0,  1054.62104969,  705.970780735,  1995.34
1587.42563078,  194027.0,  187231.0,  1054.62076549,  705.970617682,  1994.29
1587.44606532,  194007.0,  187217.0,  1054.62080236,  705.970858704,  1993.98
1587.46649966,  193968.0,  187185.0,  1054.62087767,  705.970496215,  1996.65
1587.50736865,  194015.0,  187234.0,  1054.62064786,  705.970765708,  1994.16
1587.52780299,  194001.0,  187225.0,  1054.62063221,  705.97067601,  1996.88
1587.54823754,  194012.0,  187237.0,  1054.62036443,  705.970760291,  1995.29
1587.56867198,  193989.0,  187218.0,  1054.62037392,  705.970771787,  1992.81
1587.58910642,  194022.0,  187252.0,  1054.62030694,  705.970795262,  1994.21
1587.60954087,  193927.0,  187162.0,  1054.62034994,  705.970724812,  1993.82
1587.62997531,  193893.0,  187135.0,  1054.62023656,  705.970628197,  1996.52
1587.65040976,  193897.0,  187143.0,  1054.6201495,  705.970870357,  1995.87
1587.6708442,  193833.0,  187081.0,  1054.62004151,  705.970650504,  1993.96
1587.69127864,  193840.0,  187095.0,  1054.62005588,  705.970934656,  1991.89
1587.71171319,  193745.0,  187002.0,  1054.61996396,  705.970870786,  1993.32
1587.73214753,  193771.0,  187030.0,  1054.61994782,  705.970921557,  1994.09
1587.75258197,  193705.0,  186974.0,  1054.62018684,  705.97107978,  1993.17
1587.77301652,  193706.0,  186973.0,  1054.61986267,  705.970983849,  1995.32
1587.79345096,  193677.0,  186951.0,  1054.61987052,  705.970950742,  1993.15
1587.81388531,  193655.0,  186932.0,  1054.61983316,  705.971050633,  1995.73
1587.83431985,  193668.0,  186948.0,  1054.61978864,  705.971081888,  1993.86
1587.85475419,  193643.0,  186927.0,  1054.61985935,  705.971345077,  1996.05
1587.87518874,  193647.0,  186932.0,  1054.61972798,  705.971041487,  1995.07
1587.89562318,  193676.0,  186964.0,  1054.61964482,  705.971071659,  1992.88
1587.91605753,  193684.0,  186977.0,  1054.61983661,  705.971291929,  1993.77
1587.93649207,  193707.0,  186998.0,  1054.61967453,  705.971331385,  1993.64
1587.95692651,  193737.0,  187032.0,  1054.61974534,  705.971623997,  1996.59
1587.97736086,  193758.0,  187056.0,  1054.61966904,  705.971404804,  1994.18
1587.9977954,  193744.0,  187043.0,  1054.61952942,  705.97163109,  1995.79
1588.01822985,  193778.0,  187082.0,  1054.61934248,  705.971404364,  1994.32
1588.03866419,  193769.0,  187073.0,  1054.61948347,  705.971589092,  1993.35
1588.05909874,  193805.0,  187111.0,  1054.61944777,  705.971436538,  1993.77
1588.07953318,  193758.0,  187069.0,  1054.61954609,  705.971710599,  1994.03
1588.09996772,  193759.0,  187073.0,  1054.61932583,  705.971620385,  1992.22
1588.12040207,  193785.0,  187099.0,  1054.61927637,  705.971617438,  1993.23
1588.14083651,  193774.0,  187094.0,  1054.61934637,  705.971699647,  1991.85
1588.16127106,  193743.0,  187062.0,  1054.61929947,  705.971726533,  1991.52
1588.1817054,  193716.0,  187042.0,  1054.61951452,  705.97184822,  1992.57
1588.20213985,  193678.0,  187009.0,  1054.61927805,  705.971874351,  1992.54
1588.22257439,  193706.0,  187036.0,  1054.61909915,  705.971582852,  1990.47
1588.24300874,  193680.0,  187015.0,  1054.61952756,  705.972000857,  1990.42
1588.26344328,  193707.0,  187043.0,  1054.6189636,  705.971793743,  1992.57
1588.28387773,  193697.0,  187037.0,  1054.61911609,  705.971789168,  1991.13
1588.30431217,  193695.0,  187037.0,  1054.6192731,  705.971882525,  1988.51
1588.32474662,  193689.0,  187030.0,  1054.61904728,  705.971925792,  1989.33
1588.34518106,  193749.0,  187092.0,  1054.61915676,  705.971854783,  1987.62
1588.36561551,  193784.0,  187131.0,  1054.6190781,  705.971994589,  1988.39
1588.38604995,  193808.0,  187154.0,  1054.61904425,  705.97186983,  1988.18
1588.4064844,  193831.0,  187178.0,  1054.618991,  705.971846531,  1989.73
1588.42691884,  193852.0,  187200.0,  1054.61916966,  705.971942843,  1990.69
1588.44735339,  193914.0,  187261.0,  1054.61898384,  705.972013038,  1985.67
1588.46778773,  193902.0,  187255.0,  1054.61905965,  705.972111201,  1988.14
1588.48822228,  193886.0,  187241.0,  1054.61886762,  705.971984325,  1987.34
1588.50865662,  193939.0,  187292.0,  1054.61892714,  705.971975826,  1986.27
1588.52909107,  193974.0,  187331.0,  1054.61897436,  705.971944281,  1985.99
1588.54952561,  193998.0,  187352.0,  1054.61877866,  705.972104104,  1984.65
1588.56995996,  194024.0,  187381.0,  1054.61874813,  705.972033971,  1985.98
1588.5903944,  194034.0,  187394.0,  1054.61879034,  705.972043628,  1985.72
1588.61082895,  194033.0,  187391.0,  1054.61888894,  705.972076881,  1986.62
1588.6312633,  194057.0,  187420.0,  1054.61875848,  705.972147007,  1985.24
1588.65169784,  194116.0,  187476.0,  1054.61865476,  705.971947412,  1986.26
1588.67213229,  194099.0,  187461.0,  1054.61872036,  705.972068158,  1983.77
1588.69256663,  194098.0,  187464.0,  1054.6187358,  705.972131067,  1986.11
1588.71300118,  194087.0,  187454.0,  1054.61855959,  705.972145222,  1985.8
1588.73343562,  194035.0,  187407.0,  1054.61852313,  705.972215485,  1984.4
1588.75386997,  194037.0,  187410.0,  1054.61859264,  705.972167973,  1981.98
1588.77430452,  194013.0,  187386.0,  1054.61838507,  705.972050188,  1983.73
1588.79473896,  194003.0,  187382.0,  1054.61859788,  705.97232712,  1984.26
1588.81517341,  193994.0,  187372.0,  1054.61835539,  705.971916587,  1982.89
1588.83560785,  193949.0,  187329.0,  1054.61850518,  705.972309972,  1982.52
1588.8560423,  193946.0,  187331.0,  1054.61850095,  705.97218089,  1983.59
1588.87647685,  193914.0,  187298.0,  1054.61832246,  705.972246976,  1984.21
1588.89691119,  193842.0,  187232.0,  1054.61843718,  705.972310833,  1981.87
1588.91734564,  193841.0,  187237.0,  1054.61828563,  705.972158394,  1983.85
1588.93778018,  193800.0,  187193.0,  1054.61839046,  705.972202694,  1981.91
1588.95821463,  193766.0,  187164.0,  1054.61848642,  705.972336436,  1983.2
1588.97864898,  193731.0,  187131.0,  1054.61824775,  705.972130388,  1982.06
1588.99908352,  193649.0,  187052.0,  1054.61845035,  705.972227924,  1981.39
1589.01951797,  193629.0,  187036.0,  1054.61823681,  705.972158045,  1981.88
1589.03995232,  193627.0,  187033.0,  1054.61810979,  705.972275395,  1980.48
1589.06038686,  193603.0,  187014.0,  1054.61820251,  705.972237666,  1979.54
1589.08082131,  193595.0,  187009.0,  1054.61809598,  705.972262027,  1982.96
1589.10125585,  193584.0,  187000.0,  1054.61819662,  705.972293786,  1981.87
1589.1216902,  193637.0,  187050.0,  1054.61787285,  705.972264429,  1981.18
1589.14212465,  193626.0,  187044.0,  1054.61831223,  705.972203972,  1981.87
1589.16255909,  193610.0,  187025.0,  1054.61798484,  705.972243235,  1979.3
1589.18299354,  193639.0,  187057.0,  1054.61824879,  705.972251992,  1981.29
1589.20342789,  193631.0,  187051.0,  1054.61787281,  705.972178166,  1980.8
1589.22386243,  193675.0,  187091.0,  1054.61802694,  705.972061188,  1978.94
1589.24429688,  193673.0,  187096.0,  1054.6181289,  705.972480626,  1979.75
1589.26473143,  193687.0,  187109.0,  1054.61772131,  705.972097721,  1979.22
1589.28516577,  193696.0,  187116.0,  1054.61791088,  705.972225237,  1978.75
1589.30560022,  193701.0,  187123.0,  1054.61799573,  705.972337942,  1981.63
1589.32603477,  193721.0,  187143.0,  1054.61785521,  705.972241688,  1978.09
1589.34646912,  193715.0,  187139.0,  1054.61798866,  705.972200069,  1981.47
1589.36690356,  193725.0,  187148.0,  1054.61772338,  705.97229311,  1977.39
1589.38733811,  193731.0,  187155.0,  1054.6179604,  705.972235364,  1980.37
1589.40777246,  193726.0,  187151.0,  1054.61775181,  705.972247421,  1977.98
1589.4282069,  193691.0,  187116.0,  1054.61791124,  705.972355167,  1978.16
1589.44864145,  193673.0,  187102.0,  1054.61752169,  705.972049729,  1978.45
1589.4690759,  193681.0,  187114.0,  1054.61795873,  705.972187419,  1978.71
1589.48951034,  193699.0,  187128.0,  1054.61765101,  705.972155486,  1977.04
1589.50994479,  193722.0,  187151.0,  1054.61766559,  705.972453953,  1975.09
1589.53037924,  193684.0,  187119.0,  1054.61773288,  705.972221079,  1976.13
1589.55081369,  193690.0,  187120.0,  1054.61763528,  705.972114523,  1976.7
1589.57124813,  193727.0,  187158.0,  1054.6179281,  705.972373066,  1975.13
1589.59168258,  193737.0,  187168.0,  1054.61765278,  705.972160923,  1979.43
1589.61211713,  193741.0,  187174.0,  1054.61774779,  705.972312389,  1977.64
1589.63255148,  193749.0,  187187.0,  1054.61781123,  705.972429955,  1977.97
1589.65298592,  193749.0,  187183.0,  1054.61750149,  705.972194201,  1975.06
1589.67342047,  193787.0,  187224.0,  1054.61782898,  705.972378773,  1974.9
1589.69385482,  193792.0,  187232.0,  1054.61769403,  705.972117066,  1978.58
1589.71428937,  193806.0,  187240.0,  1054.61747907,  705.972162738,  1975.22
1589.73472381,  193852.0,  187285.0,  1054.617815,  705.972168024,  1978.89
1589.75515816,  193848.0,  187284.0,  1054.61767629,  705.972530047,  1975.98
1589.77559271,  193858.0,  187288.0,  1054.61744205,  705.971901387,  1977.1
1589.79602716,  193895.0,  187331.0,  1054.61786743,  705.972187217,  1975.15
1589.8164615,  193940.0,  187374.0,  1054.61740438,  705.972214318,  1975.71
1589.8573304,  193935.0,  187371.0,  1054.61774985,  705.972294248,  1974.72
1589.87776495,  193982.0,  187412.0,  1054.61748172,  705.97206053,  1975.12
1589.89819939,  193970.0,  187403.0,  1054.61745937,  705.972164053,  1974.7
1589.91863374,  193992.0,  187426.0,  1054.61761981,  705.972186992,  1973.58
1589.93906829,  193971.0,  187403.0,  1054.61733978,  705.97201871,  1974.97
1589.95950274,  194001.0,  187434.0,  1054.61758336,  705.972247186,  1973.69
1589.97993709,  193984.0,  187418.0,  1054.61749548,  705.972035908,  1974.17
1590.00037163,  193986.0,  187415.0,  1054.61738371,  705.972092593,  1974.29
1590.02080608,  193979.0,  187414.0,  1054.6175789,  705.97195639,  1974.91
1590.04124053,  193926.0,  187360.0,  1054.61761087,  705.972119194,  1974.04
1590.06167498,  193886.0,  187323.0,  1054.61743307,  705.972023903,  1975.11
1590.08210943,  193844.0,  187285.0,  1054.6174418,  705.972342972,  1975.3
1590.10254398,  193861.0,  187298.0,  1054.61734161,  705.971901714,  1973.39
1590.12297832,  193807.0,  187250.0,  1054.61739707,  705.972056968,  1973.13
1590.14341277,  193766.0,  187210.0,  1054.61731378,  705.972086504,  1972.46
1590.16384732,  193762.0,  187204.0,  1054.6172398,  705.971938134,  1974.09
1590.18428177,  193725.0,  187170.0,  1054.61720563,  705.971826773,  1973.0
1590.20471612,  193688.0,  187134.0,  1054.61745535,  705.972181286,  1972.28
1590.22515066,  193676.0,  187122.0,  1054.61714408,  705.972060839,  1971.95
1590.24558511,  193627.0,  187079.0,  1054.61733669,  705.972149443,  1972.87
1590.26601946,  193609.0,  187057.0,  1054.61715994,  705.972168391,  1972.82
1590.28645401,  193560.0,  187012.0,  1054.6174451,  705.97207972,  1974.04
1590.30688846,  193561.0,  187015.0,  1054.61735321,  705.972235175,  1973.23
1590.32732301,  193541.0,  186996.0,  1054.61731226,  705.972143937,  1974.62
1590.34775736,  193678.0,  187128.0,  1054.61700668,  705.972558322,  1972.54
1590.3681918,  193560.0,  187016.0,  1054.61719175,  705.972058528,  1973.43
1590.38862635,  193570.0,  187023.0,  1054.61721328,  705.971962449,  1970.83
1590.4090607,  193576.0,  187033.0,  1054.61733427,  705.972086635,  1971.87
1590.42949515,  193567.0,  187021.0,  1054.61726312,  705.972172081,  1972.55
1590.4499296,  193636.0,  187090.0,  1054.6173151,  705.972122084,  1973.43
1590.47036405,  193632.0,  187086.0,  1054.6172965,  705.972126772,  1974.27
1590.4907986,  193649.0,  187102.0,  1054.61724947,  705.971995315,  1971.73
1590.51123295,  193673.0,  187126.0,  1054.6172512,  705.972166147,  1969.59
1590.53166739,  193671.0,  187127.0,  1054.61720629,  705.972048826,  1973.22
1590.55210194,  193696.0,  187149.0,  1054.61723028,  705.97207748,  1972.32
1590.57253629,  193694.0,  187150.0,  1054.61720358,  705.971815318,  1972.18
1590.59297074,  193715.0,  187169.0,  1054.61722934,  705.972172621,  1971.12
1590.61340529,  193684.0,  187139.0,  1054.61717243,  705.97196303,  1971.47
1590.63383964,  193676.0,  187134.0,  1054.61719295,  705.97197629,  1973.73
1590.65427409,  193716.0,  187169.0,  1054.6171582,  705.972099181,  1971.45
1590.67470864,  193696.0,  187153.0,  1054.61716398,  705.972189768,  1970.28
1590.69514309,  193692.0,  187150.0,  1054.61716929,  705.971887394,  1969.5
1590.71557754,  193688.0,  187145.0,  1054.61705747,  705.9720804,  1970.36
1590.73601198,  193705.0,  187165.0,  1054.61729502,  705.972235496,  1971.87
1590.75644643,  193713.0,  187168.0,  1054.61722157,  705.972106639,  1972.57
1590.77688088,  193714.0,  187171.0,  1054.61701761,  705.971979773,  1970.35
1590.79731533,  193701.0,  187160.0,  1054.61717329,  705.972221555,  1969.54
1590.81774978,  193716.0,  187175.0,  1054.61708753,  705.972114673,  1968.65
1590.83818433,  193699.0,  187157.0,  1054.61718534,  705.972181374,  1971.07
1590.85861868,  193751.0,  187208.0,  1054.61712547,  705.972269679,  1968.7
1590.87905313,  193790.0,  187244.0,  1054.61700983,  705.97203863,  1969.82
1590.89948768,  193809.0,  187267.0,  1054.61718742,  705.971997214,  1968.87
1590.91992203,  193820.0,  187278.0,  1054.61720211,  705.972272446,  1969.57
1590.94035658,  193839.0,  187295.0,  1054.61698993,  705.971961706,  1969.24
1590.96079103,  193838.0,  187294.0,  1054.6171193,  705.972135749,  1969.14
1590.98122538,  193844.0,  187281.0,  1054.61630824,  705.970596004,  1969.13
1591.00165993,  193915.0,  187357.0,  1054.6169803,  705.971838133,  1970.3
