Kepler I.D.-----Channel

[9278553]--------[43]

-TTYPE1--------TTYPE8------------TTYPE4-----------TTYPE15------------TTYPE17-----------TTYPE6

['TIME']---['PDCSAP_FLUX']---['SAP_FLUX']---['MOM_CENTR1']---['MOM_CENTR2']---['SAP_BKG']

['BJD - 2454833']--['e-/s']--------['e-/s']---------['pixel']---------['pixel']----------['e-/s']

CROWDSAP --- 0.9837

9278553

1559.24650519,  6505.65,  4591.08,  373.237596659,  197.115004073,  604.206
1559.26693937,  6501.06,  4588.16,  373.236559965,  197.116868815,  604.588
1559.28737365,  6502.53,  4588.21,  373.235135538,  197.115607025,  605.294
1559.30780772,  6491.92,  4580.63,  373.237862706,  197.113345601,  605.078
1559.3282419,  6493.26,  4581.89,  373.236949304,  197.112798982,  605.001
1559.34867618,  6497.59,  4584.02,  373.238373793,  197.114143963,  604.515
1559.36911026,  6493.24,  4580.67,  373.23646111,  197.115532938,  604.327
1559.38954454,  6495.38,  4582.3,  373.236250477,  197.115369036,  604.494
1559.40997872,  6490.59,  4577.75,  373.23583547,  197.115580814,  604.614
1559.4304129,  6497.4,  4582.3,  373.23725821,  197.116506956,  603.717
1559.45084708,  6495.69,  4581.16,  373.237358355,  197.114352556,  604.136
1559.47128126,  6498.07,  4581.59,  373.234591691,  197.115374917,  604.457
1559.49171544,  6496.2,  4580.36,  373.2386986,  197.116037554,  604.864
1559.51214962,  6502.66,  4584.06,  373.240069182,  197.114251437,  604.34
1559.5325838,  6495.2,  4578.38,  373.24006585,  197.115304299,  604.225
1559.55301798,  6501.94,  4583.38,  373.238597739,  197.115536069,  603.784
1559.57345216,  6502.45,  4582.77,  373.238638802,  197.116064682,  603.051
1559.59388635,  6497.04,  4578.67,  373.239249371,  197.114700858,  603.111
1559.61432053,  6495.64,  4577.91,  373.237848669,  197.114319866,  604.675
1559.63475471,  6494.1,  4575.46,  373.237860581,  197.115636943,  604.111
1559.65518889,  6497.51,  4578.05,  373.236645053,  197.116413982,  603.502
1559.67562317,  6497.27,  4577.69,  373.239469056,  197.116422904,  604.439
1559.69605726,  6502.42,  4580.29,  373.238896453,  197.114394617,  603.773
1559.71649144,  6493.2,  4574.27,  373.237078247,  197.116811108,  603.808
1559.73692572,  6503.15,  4580.55,  373.238674102,  197.11449857,  602.665
1559.7573598,  6501.66,  4579.0,  373.238205348,  197.114343868,  603.261
1559.77779409,  6503.74,  4580.59,  373.239752555,  197.11458553,  603.205
1559.79822827,  6493.06,  4572.59,  373.238930176,  197.11479295,  603.682
1559.81866235,  6501.48,  4578.09,  373.237076692,  197.116118487,  603.252
1559.83909664,  6499.43,  4576.89,  373.237821005,  197.115290215,  602.682
1559.85953082,  6494.69,  4572.98,  373.240208377,  197.114587839,  603.418
1559.8799649,  6497.23,  4574.54,  373.238180844,  197.113604075,  602.698
1559.90039919,  6505.13,  4579.67,  373.238326064,  197.115952592,  603.204
1559.92083337,  6500.41,  4575.62,  373.237948362,  197.115965023,  602.959
1559.94126766,  6499.52,  4575.72,  373.237929877,  197.115178,  603.203
1559.96170174,  6497.87,  4574.1,  373.238662732,  197.117129977,  602.282
1559.98213593,  6495.45,  4572.01,  373.237049654,  197.116401116,  603.586
1560.00257021,  6499.75,  4575.42,  373.236610134,  197.114635098,  602.627
1560.0230043,  6494.93,  4571.03,  373.237541608,  197.11596425,  602.454
1560.04343848,  6495.03,  4571.36,  373.238498359,  197.117562969,  602.064
1560.06387277,  6504.1,  4577.9,  373.239585665,  197.116294946,  601.242
1560.08430686,  6502.52,  4575.59,  373.238465914,  197.116178165,  602.533
1560.10474114,  6497.41,  4572.68,  373.238994644,  197.115200871,  601.813
1560.12517533,  6498.55,  4573.14,  373.238957678,  197.115518706,  601.17
1560.14560941,  6492.85,  4568.45,  373.238173632,  197.116426112,  602.63
1560.1660437,  6497.32,  4572.32,  373.238490292,  197.115754756,  602.455
1560.18647789,  6503.24,  4575.94,  373.238720723,  197.115918384,  602.134
1560.20691197,  6494.77,  4569.75,  373.240871762,  197.116709983,  602.172
1560.22734626,  6490.0,  4567.06,  373.238143474,  197.116161677,  601.926
1560.24778045,  6498.92,  4572.68,  373.236813475,  197.117284749,  601.51
1560.26821454,  6497.32,  4571.74,  373.239278889,  197.116240856,  601.24
1560.28864882,  6498.88,  4573.15,  373.235218547,  197.115778159,  601.331
1560.30908301,  6497.6,  4571.07,  373.237597316,  197.116367003,  601.699
1560.3295172,  6501.98,  4574.74,  373.238219125,  197.117565808,  602.096
1560.34995139,  6496.35,  4570.95,  373.236039563,  197.115709441,  600.582
1560.37038558,  6493.97,  4568.74,  373.235697127,  197.115181083,  601.739
1560.39081987,  6493.64,  4569.23,  373.239259777,  197.114083334,  601.68
1560.41125396,  6505.18,  4576.69,  373.236687529,  197.116526279,  601.55
1560.43168814,  6506.02,  4577.16,  373.240098547,  197.1188305,  601.028
1560.45212243,  6497.91,  4571.77,  373.236732034,  197.118387097,  601.632
1560.47255652,  6492.43,  4567.5,  373.240451799,  197.117345757,  600.897
1560.49299081,  6500.91,  4573.64,  373.236596968,  197.11615127,  600.511
1560.513425,  6495.65,  4570.4,  373.237824522,  197.116640695,  601.098
1560.53385909,  6501.95,  4574.15,  373.240655342,  197.116971541,  601.251
1560.55429338,  6497.81,  4571.71,  373.238023212,  197.116788671,  600.927
1560.57472757,  6503.96,  4575.83,  373.238106021,  197.116583554,  601.147
1560.59516166,  6494.64,  4568.96,  373.237582235,  197.11593844,  600.816
1560.61559596,  6493.09,  4568.27,  373.238146907,  197.11430124,  601.55
1560.63603015,  6499.56,  4572.42,  373.240583567,  197.115353641,  600.964
1560.65646434,  6494.0,  4568.53,  373.238665995,  197.116339965,  601.686
1560.67689853,  6504.32,  4576.52,  373.240734988,  197.1155819,  600.796
1560.69733272,  6495.94,  4569.88,  373.238154432,  197.119187878,  601.165
1560.7382011,  6500.07,  4573.17,  373.237932829,  197.1162423,  601.416
1560.7586353,  6500.19,  4573.12,  373.238748145,  197.117064585,  600.854
1560.77906959,  6490.83,  4567.0,  373.238358709,  197.116715123,  600.538
1560.79950368,  6492.66,  4568.24,  373.239435575,  197.11713224,  600.138
1560.81993787,  6500.96,  4573.83,  373.237390483,  197.117950031,  600.806
1560.84037217,  6509.99,  4580.63,  373.237827758,  197.122633279,  604.565
1560.96297733,  6507.83,  4580.57,  373.24044784,  197.115923477,  606.712
1560.98341142,  6514.97,  4584.57,  373.234243359,  197.116089847,  608.215
1561.00384572,  6502.12,  4576.11,  373.236129877,  197.114514169,  609.143
1561.02427991,  6490.48,  4568.19,  373.238090809,  197.114549771,  607.109
1561.0447142,  6494.21,  4571.01,  373.23991674,  197.116871508,  607.432
1561.0651483,  6480.46,  4561.76,  373.237096327,  197.117959467,  607.811
1561.08558249,  6473.46,  4556.72,  373.238098678,  197.113483632,  606.983
1561.10601679,  6511.16,  4582.05,  373.238630037,  197.115931262,  606.236
1561.12645089,  6503.34,  4577.73,  373.238929965,  197.115134892,  606.326
1561.14688508,  6485.17,  4564.76,  373.238448886,  197.11553226,  605.701
1561.16731938,  6493.35,  4570.65,  373.238707962,  197.115152658,  604.132
1561.18775347,  6503.36,  4577.81,  373.235617402,  197.116882917,  604.212
1561.20818767,  6496.81,  4572.28,  373.238105805,  197.116892782,  603.652
1561.22862197,  6493.18,  4570.22,  373.239711052,  197.115884589,  603.508
1561.24905606,  6486.06,  4564.99,  373.239995539,  197.116431044,  603.501
1561.26949036,  6499.63,  4574.08,  373.237172698,  197.116113254,  602.959
1561.28992456,  6495.76,  4571.98,  373.238094417,  197.118142225,  602.099
1561.31035875,  6502.04,  4575.9,  373.241810139,  197.113226807,  601.993
1561.33079295,  6494.07,  4570.58,  373.237323516,  197.116757322,  602.164
1561.35122715,  6493.74,  4570.95,  373.239432293,  197.117024532,  602.346
1561.37166134,  6491.46,  4568.43,  373.238167072,  197.116020322,  601.963
1561.39209554,  6491.5,  4568.67,  373.238598534,  197.119055899,  601.298
1561.41252974,  6501.83,  4575.79,  373.239169689,  197.115381525,  601.554
1561.43296404,  6499.95,  4574.27,  373.236671856,  197.116315975,  600.444
1561.45339814,  6491.0,  4568.0,  373.240208687,  197.117744297,  600.954
1561.47383234,  6508.91,  4580.45,  373.238377029,  197.117739649,  600.278
1561.49426653,  6499.14,  4573.33,  373.239194217,  197.116578496,  600.434
1561.51470073,  6505.92,  4578.4,  373.239726718,  197.116382723,  599.792
1561.53513493,  6495.56,  4570.32,  373.238032556,  197.116750484,  599.605
1561.55556923,  6499.82,  4573.52,  373.235057173,  197.11696001,  600.208
1561.57600333,  6514.66,  4584.13,  373.240051826,  197.118258362,  600.049
1561.59643753,  6491.91,  4567.82,  373.237622156,  197.11603861,  599.637
1561.61687183,  6494.55,  4569.7,  373.237026849,  197.116452625,  599.815
1561.63730593,  6500.01,  4573.43,  373.236454636,  197.118993342,  599.252
1561.65774023,  6491.93,  4567.61,  373.238611486,  197.117947078,  598.446
1561.67817443,  6498.97,  4572.66,  373.240110968,  197.121625849,  599.022
1561.69860853,  6498.39,  4571.86,  373.238753688,  197.113674082,  599.68
1561.71904283,  6483.59,  4561.45,  373.236945102,  197.114488407,  600.072
1561.73947703,  6497.52,  4571.52,  373.237527852,  197.115180035,  599.298
1561.75991113,  6501.33,  4573.21,  373.239667943,  197.115285329,  598.757
1561.78034544,  6495.87,  4569.66,  373.240731758,  197.118388511,  598.486
1561.80077964,  6500.08,  4572.92,  373.239240191,  197.116623429,  599.453
1561.82121394,  6492.72,  4567.08,  373.237852674,  197.117426781,  599.264
1561.84164804,  6513.7,  4582.17,  373.238258821,  197.116502939,  598.689
1561.86208224,  6493.58,  4567.82,  373.236550123,  197.117761437,  598.035
1561.88251655,  6491.08,  4565.42,  373.237916582,  197.11703342,  598.253
1561.90295065,  6503.78,  4574.64,  373.240198334,  197.117211938,  598.603
1561.92338485,  6505.84,  4575.72,  373.239028857,  197.118304865,  598.436
1561.94381915,  6500.83,  4571.71,  373.238361457,  197.116277399,  597.912
1561.96425326,  6499.6,  4571.55,  373.23781475,  197.117460464,  598.787
1561.98468746,  6492.65,  4566.28,  373.238282949,  197.116490305,  598.873
1562.00512176,  6505.48,  4575.15,  373.238037857,  197.116968748,  597.907
1562.02555597,  6505.04,  4575.36,  373.238551847,  197.117643349,  597.283
1562.04599017,  6499.92,  4570.71,  373.237302757,  197.118569393,  598.669
1562.06642437,  6507.26,  4576.17,  373.240708377,  197.117074895,  598.108
1562.08685848,  6499.0,  4570.55,  373.236684896,  197.118076491,  598.207
1562.10729278,  6499.65,  4570.47,  373.238597199,  197.116713002,  597.551
1562.12772699,  6501.31,  4572.12,  373.237782721,  197.116290689,  597.699
1562.14816109,  6500.53,  4571.25,  373.241474783,  197.116283192,  597.352
1562.16859539,  6501.89,  4571.95,  373.241030132,  197.115398078,  597.379
1562.1890296,  6493.57,  4566.77,  373.236568962,  197.120587555,  597.194
1562.2094639,  6495.31,  4567.01,  373.237179728,  197.116872519,  597.601
1562.22989801,  6503.96,  4573.28,  373.239421823,  197.118417208,  596.689
1562.25033222,  6496.91,  4568.89,  373.241364587,  197.117259527,  597.072
1562.27076652,  6504.15,  4573.2,  373.241073612,  197.117277116,  597.475
1562.29120063,  6500.47,  4570.93,  373.23687683,  197.118145192,  596.802
1562.31163483,  6496.13,  4567.97,  373.23669561,  197.116929511,  596.651
1562.33206914,  6501.32,  4571.12,  373.237831104,  197.116283537,  596.87
1562.35250325,  6499.93,  4570.79,  373.23996454,  197.116952838,  596.818
1562.37293755,  6501.92,  4571.67,  373.237672599,  197.118678393,  596.343
1562.39337176,  6499.31,  4569.88,  373.237627713,  197.117365508,  596.601
1562.41380587,  6492.46,  4565.33,  373.237110258,  197.117770868,  596.256
1562.43424017,  6511.04,  4577.83,  373.23882962,  197.117210024,  596.011
1562.45467438,  6495.48,  4567.16,  373.238518441,  197.118796381,  596.045
1562.47510849,  6500.78,  4571.51,  373.23805832,  197.11875988,  595.414
1562.4955428,  6512.81,  4578.86,  373.239002965,  197.118560151,  595.451
1562.515977,  6506.7,  4575.0,  373.241015906,  197.116449921,  595.637
1562.53641121,  6500.85,  4571.08,  373.240456739,  197.117591346,  595.427
1562.55684542,  6503.35,  4572.55,  373.24024026,  197.116540926,  594.538
1562.57727963,  6508.11,  4576.18,  373.239412939,  197.117209256,  595.382
1562.59771394,  6495.64,  4567.08,  373.241315299,  197.116668566,  595.033
1562.61814804,  6503.7,  4572.87,  373.238875809,  197.117802628,  595.261
1562.63858225,  6508.3,  4576.29,  373.240410412,  197.116842537,  595.874
1562.65901656,  6499.02,  4569.27,  373.237425045,  197.116352818,  595.602
1562.67945077,  6506.15,  4574.34,  373.240128797,  197.116656237,  595.438
1562.69988488,  6500.49,  4570.87,  373.239074038,  197.11684155,  595.5
1562.72031919,  6497.45,  4568.06,  373.240637995,  197.117540086,  595.574
1562.7407533,  6497.49,  4568.57,  373.239194201,  197.118756492,  595.1
1562.76118761,  6499.56,  4570.0,  373.238037269,  197.116949345,  595.139
1562.78162182,  6495.6,  4566.87,  373.240087178,  197.117016159,  595.899
1562.80205593,  6502.84,  4572.32,  373.237078919,  197.118046154,  595.657
1562.82249024,  6504.34,  4572.86,  373.239122125,  197.116457778,  595.638
1562.84292445,  6503.77,  4572.52,  373.237350753,  197.118380202,  595.957
1562.86335856,  6501.27,  4571.18,  373.238114278,  197.117816296,  594.859
1562.88379287,  6501.34,  4570.43,  373.238205285,  197.117113764,  595.548
1562.90422709,  6506.32,  4574.33,  373.239045218,  197.11711599,  595.161
1562.9246612,  6503.06,  4572.42,  373.238489494,  197.1168721,  596.139
1562.94509551,  6498.38,  4568.4,  373.238911737,  197.117634199,  594.734
1562.96552972,  6499.5,  4569.31,  373.23680101,  197.115946036,  595.811
1562.98596403,  6505.3,  4573.48,  373.239849443,  197.117098758,  594.834
1563.00639814,  6508.35,  4575.22,  373.237728753,  197.118762913,  594.751
1563.02683236,  6509.3,  4576.16,  373.237252388,  197.115964956,  595.893
1563.04726667,  6513.58,  4578.94,  373.242096687,  197.115972948,  595.364
1563.06770078,  6498.76,  4568.44,  373.23693991,  197.116768433,  595.553
1563.08813499,  6493.22,  4565.55,  373.236532944,  197.117292699,  595.182
1563.10856931,  6501.34,  4570.25,  373.24018589,  197.116136936,  595.253
1563.12900342,  6506.17,  4573.8,  373.239702509,  197.117583734,  594.854
1563.14943773,  6507.13,  4574.67,  373.23816519,  197.117162437,  594.885
1563.16987195,  6501.22,  4570.15,  373.239906563,  197.117505056,  593.591
1563.19030616,  6501.89,  4570.92,  373.240149561,  197.118364659,  594.794
1563.21074037,  6502.62,  4571.47,  373.239512639,  197.117098925,  594.669
1563.23117459,  6504.32,  4572.36,  373.238490103,  197.115503573,  595.772
1563.2516088,  6500.3,  4569.93,  373.238812028,  197.117983888,  595.489
1563.27204302,  6501.61,  4570.37,  373.239137203,  197.117676957,  595.836
1563.29247723,  6508.46,  4575.1,  373.236395268,  197.118676172,  597.278
1563.31291145,  6500.98,  4570.6,  373.237513467,  197.116400426,  598.15
1563.33334576,  6506.64,  4573.65,  373.238854562,  197.117603469,  598.288
1563.35377988,  6503.2,  4571.64,  373.240768794,  197.117306262,  598.473
1563.37421409,  6504.0,  4572.61,  373.237753061,  197.119034382,  597.499
1563.39464831,  6505.81,  4573.21,  373.237632537,  197.118251302,  597.839
1563.41508252,  6499.6,  4569.44,  373.241989412,  197.117957048,  597.315
1563.43551684,  6511.56,  4577.44,  373.239410527,  197.116289653,  597.456
1563.45595095,  6498.52,  4567.84,  373.23792487,  197.118497876,  597.549
1563.47638517,  6495.61,  4566.53,  373.241048275,  197.116801095,  597.344
1563.49681949,  6509.47,  4575.77,  373.238432106,  197.116667111,  597.007
1563.5172536,  6516.54,  4580.48,  373.240829725,  197.116725748,  597.663
1563.53768792,  6499.13,  4568.86,  373.240067227,  197.117953825,  596.81
1563.55812214,  6501.48,  4570.15,  373.237890108,  197.118239653,  597.807
1563.57855625,  6502.41,  4571.0,  373.239415111,  197.117296316,  596.975
1563.59899057,  6503.94,  4572.31,  373.23917745,  197.117324627,  597.104
1563.61942479,  6500.55,  4569.11,  373.2395852,  197.117325524,  596.682
1563.63985891,  6505.03,  4573.34,  373.240273824,  197.116609785,  595.922
1563.66029322,  6510.53,  4576.5,  373.240573143,  197.117490106,  596.488
1563.68072744,  6500.04,  4569.19,  373.240416665,  197.116879945,  594.912
1563.72159588,  6496.53,  4566.78,  373.239314164,  197.117301631,  595.653
1563.7420301,  6503.54,  4571.78,  373.239471465,  197.117723587,  595.237
1563.76246441,  6503.8,  4572.82,  373.238075607,  197.116968306,  595.53
1563.78289853,  6497.69,  4567.38,  373.23882298,  197.117825847,  596.411
1563.80333275,  6500.05,  4569.99,  373.238684367,  197.11896988,  595.653
1563.82376707,  6500.97,  4570.47,  373.240467202,  197.117804637,  596.425
1563.84420129,  6498.94,  4568.48,  373.238402784,  197.118782507,  596.476
1563.86463541,  6500.36,  4570.16,  373.239582094,  197.118420074,  595.456
1563.88506973,  6510.24,  4576.96,  373.240792071,  197.117785484,  596.214
1563.90550395,  6508.29,  4575.27,  373.23901672,  197.118133148,  595.923
1563.92593817,  6500.69,  4570.87,  373.240574312,  197.118025605,  596.255
1563.94637239,  6499.45,  4569.41,  373.238946767,  197.118466269,  596.115
1563.96680661,  6500.46,  4570.32,  373.23843813,  197.118106474,  596.793
1563.98724083,  6502.03,  4572.0,  373.239047011,  197.117155934,  596.919
1564.00767505,  6496.85,  4567.72,  373.238764923,  197.118402202,  596.052
1564.02810927,  6514.25,  4580.53,  373.241304983,  197.119583617,  596.334
1564.04854349,  6507.37,  4575.76,  373.239555234,  197.116374399,  596.118
1564.06897771,  6501.84,  4571.53,  373.239141908,  197.11644185,  596.202
1564.08941203,  6495.3,  4567.6,  373.238301339,  197.120236686,  596.695
1564.10984616,  6503.55,  4572.97,  373.242737351,  197.115592964,  596.531
1564.13028038,  6506.03,  4574.29,  373.237216105,  197.117792789,  596.831
1564.1507147,  6505.32,  4574.87,  373.23903503,  197.119499988,  595.116
1564.17114882,  6510.92,  4578.14,  373.240849957,  197.119572689,  595.718
1564.19158304,  6494.11,  4566.58,  373.240159077,  197.117204271,  596.135
1564.21201737,  6504.75,  4574.22,  373.238568076,  197.119296662,  596.995
1564.23245149,  6500.14,  4570.32,  373.23755281,  197.11790553,  595.88
1564.25288571,  6497.44,  4568.93,  373.241581819,  197.119195287,  595.639
1564.27332003,  6520.72,  4584.99,  373.24001746,  197.119146242,  595.179
1564.29375416,  6504.15,  4573.42,  373.238393797,  197.11777626,  595.302
1564.31418848,  6503.58,  4573.71,  373.238715765,  197.118121886,  594.205
1564.3346227,  6508.22,  4576.23,  373.241214088,  197.118674542,  595.783
1564.35505683,  6503.06,  4572.77,  373.237393535,  197.119955739,  595.368
1564.37549115,  6503.69,  4573.4,  373.240791069,  197.120527038,  594.897
1564.39592538,  6506.83,  4575.18,  373.239586784,  197.117814984,  594.648
1564.4163596,  6501.39,  4571.57,  373.23987008,  197.118965362,  594.53
1564.43679382,  6507.52,  4575.85,  373.238892524,  197.118622746,  594.913
1564.45722805,  6506.17,  4574.39,  373.236723706,  197.119482582,  594.129
1564.47766237,  6498.35,  4569.22,  373.237788416,  197.118835666,  594.951
1564.4980966,  6503.24,  4572.5,  373.239449299,  197.120858827,  593.201
1564.51853072,  6506.97,  4574.76,  373.238278163,  197.119141796,  594.252
1564.53896505,  6497.08,  4568.39,  373.240141316,  197.117037055,  593.215
1564.55939927,  6495.9,  4567.1,  373.238428253,  197.118172581,  594.85
1564.5798334,  6500.44,  4570.09,  373.240066282,  197.118826872,  592.409
1564.60026772,  6496.32,  4567.93,  373.240344014,  197.118328182,  591.847
1564.62070195,  6503.04,  4571.75,  373.23774494,  197.118821405,  591.502
1564.64113608,  6500.61,  4569.99,  373.238893651,  197.116840078,  591.896
1564.6615704,  6504.03,  4572.62,  373.239139225,  197.116477115,  591.551
1564.68200453,  6509.76,  4575.97,  373.240086658,  197.117279824,  591.972
1564.70243886,  6505.74,  4573.62,  373.239749513,  197.118292492,  590.991
1564.72287308,  6510.13,  4576.4,  373.23933827,  197.118906535,  591.066
1564.74330721,  6501.83,  4570.17,  373.239384154,  197.117739387,  591.434
1564.76374154,  6497.44,  4567.96,  373.239309361,  197.116915377,  590.052
1564.78417576,  6510.47,  4576.19,  373.239205367,  197.119155221,  591.276
1564.80460989,  6505.09,  4572.33,  373.241277526,  197.118457912,  590.159
1564.82504422,  6507.9,  4574.73,  373.238499965,  197.117547382,  590.624
1564.84547845,  6502.82,  4570.67,  373.239215381,  197.118243049,  590.083
1564.86591277,  6503.34,  4570.66,  373.238771939,  197.1167605,  590.221
1564.8863469,  6504.51,  4572.09,  373.239575367,  197.118516788,  589.696
1564.90678113,  6502.58,  4569.92,  373.24097662,  197.116651274,  589.753
1564.92721546,  6502.82,  4570.37,  373.240963652,  197.119160625,  589.001
1564.94764959,  6505.96,  4572.45,  373.239515695,  197.117156845,  589.738
1564.96808382,  6500.01,  4567.99,  373.236891748,  197.118532993,  590.043
1564.98851814,  6506.31,  4572.72,  373.240555512,  197.117247054,  589.513
1565.00895227,  6507.27,  4572.81,  373.237564373,  197.119333873,  589.154
1565.0293865,  6504.83,  4570.9,  373.239188074,  197.117951477,  588.732
1565.04982083,  6510.03,  4575.07,  373.237409983,  197.119160592,  588.754
1565.07025506,  6505.14,  4571.18,  373.24065916,  197.119377267,  588.545
1565.09068929,  6501.19,  4568.48,  373.239503163,  197.118529044,  588.604
1565.11112352,  6500.94,  4568.74,  373.239478135,  197.119635355,  589.113
1565.13155775,  6501.6,  4568.29,  373.239776377,  197.119276567,  589.563
1565.15199198,  6493.4,  4563.03,  373.238934584,  197.118379509,  588.747
1565.17242621,  6518.06,  4579.93,  373.242807993,  197.117868252,  590.002
1565.19286044,  6503.52,  4569.42,  373.238269603,  197.117508882,  589.344
1565.21329477,  6503.85,  4570.05,  373.239989892,  197.11775631,  589.138
1565.2337289,  6505.64,  4570.9,  373.237701395,  197.118837742,  588.659
1565.25416324,  6503.73,  4569.41,  373.240661236,  197.118890171,  588.84
1565.27459747,  6502.19,  4569.0,  373.239794521,  197.118190829,  588.654
1565.2950316,  6503.98,  4569.24,  373.237881483,  197.118578254,  589.864
1565.31546593,  6507.79,  4572.07,  373.240231496,  197.11879449,  589.266
1565.33590006,  6491.72,  4561.35,  373.239264192,  197.117199547,  588.74
1565.35633429,  6500.31,  4566.4,  373.23855001,  197.117965973,  588.956
1565.37676863,  6498.55,  4565.79,  373.237839722,  197.118465296,  589.116
1565.39720276,  6505.76,  4570.49,  373.2410444,  197.117877565,  589.628
1565.41763699,  6506.03,  4570.37,  373.240866076,  197.1186825,  589.268
1565.43807132,  6493.97,  4562.59,  373.241289976,  197.116515667,  589.418
1565.45850546,  6505.25,  4569.82,  373.238964147,  197.118051108,  589.133
1565.47893979,  6496.9,  4564.0,  373.240554088,  197.117909332,  589.793
1565.49937402,  6501.12,  4567.11,  373.239321335,  197.12044084,  588.84
1565.51980816,  6498.44,  4564.94,  373.241223398,  197.116965475,  589.138
1565.54024249,  6502.01,  4567.55,  373.23829458,  197.119265321,  589.67
1565.56067672,  6503.26,  4568.19,  373.23990846,  197.118006645,  589.365
1565.58111096,  6508.69,  4571.6,  373.239287556,  197.120184391,  589.425
1565.60154519,  6498.17,  4565.01,  373.238721994,  197.117974193,  589.918
1565.62197942,  6503.09,  4568.17,  373.240801727,  197.118367392,  588.775
1565.64241376,  6497.42,  4563.76,  373.241835356,  197.119555361,  589.323
1565.66284789,  6499.85,  4565.94,  373.239039716,  197.118283876,  589.218
1565.68328213,  6506.02,  4569.74,  373.24093956,  197.119696455,  588.879
1565.70371646,  6510.17,  4572.77,  373.239282687,  197.118742385,  588.238
1565.7241507,  6501.95,  4567.27,  373.240113941,  197.121091297,  589.134
1565.74458483,  6504.23,  4568.17,  373.240056474,  197.11926677,  588.739
1565.76501917,  6510.74,  4572.9,  373.240908166,  197.118146477,  588.533
1565.7854534,  6499.75,  4565.57,  373.24043873,  197.120806665,  589.012
1565.80588764,  6509.16,  4571.42,  373.239112671,  197.118449158,  588.539
1565.82632187,  6503.67,  4568.17,  373.239990173,  197.118648261,  588.149
1565.84675611,  6500.86,  4565.84,  373.238816919,  197.120123975,  588.885
1565.86719045,  6499.48,  4564.45,  373.241955447,  197.117753639,  588.24
1565.88762458,  6503.05,  4567.76,  373.240968063,  197.119047662,  588.053
1565.90805882,  6501.18,  4565.67,  373.239519659,  197.118335766,  588.982
1565.92849316,  6499.67,  4564.86,  373.241504567,  197.117749303,  587.232
1565.94892729,  6500.35,  4565.68,  373.237726098,  197.117888477,  588.403
1565.96936153,  6502.02,  4566.56,  373.238153333,  197.120485559,  587.633
1565.98979577,  6497.83,  4563.55,  373.240433873,  197.118766454,  588.016
1566.01023,  6510.82,  4572.61,  373.239915268,  197.119532826,  587.494
1566.03066434,  6504.61,  4568.02,  373.24083868,  197.119082092,  587.656
1566.05109848,  6505.45,  4569.19,  373.240266569,  197.119714643,  587.403
1566.07153272,  6502.58,  4566.7,  373.239326546,  197.120191921,  586.977
1566.09196705,  6504.12,  4567.73,  373.240500746,  197.119172426,  587.834
1566.11240119,  6501.23,  4566.46,  373.239523839,  197.12015327,  587.04
1566.13283543,  6503.16,  4566.91,  373.23849012,  197.118044607,  587.685
1566.15326977,  6498.96,  4564.14,  373.240486803,  197.119612105,  587.306
1566.17370391,  6502.71,  4567.12,  373.241668037,  197.119036627,  587.762
1566.19413825,  6512.04,  4573.23,  373.238484274,  197.118906064,  587.404
1566.21457249,  6508.24,  4570.74,  373.239461688,  197.118895445,  587.424
1566.23500662,  6501.43,  4566.15,  373.242026758,  197.119696923,  587.227
1566.25544096,  6492.04,  4559.09,  373.24008247,  197.118720047,  586.908
1566.2758752,  6503.06,  4567.35,  373.240116035,  197.119762975,  586.774
1566.29630944,  6504.83,  4568.07,  373.240465402,  197.120451612,  586.732
1566.31674368,  6502.52,  4566.41,  373.241783547,  197.118752593,  586.218
1566.33717792,  6508.75,  4571.32,  373.241380081,  197.120352013,  586.575
1566.35761216,  6501.4,  4565.88,  373.239913781,  197.120189368,  586.891
1566.3780465,  6505.18,  4568.5,  373.237837193,  197.12083556,  587.011
1566.39848064,  6498.41,  4564.16,  373.240456666,  197.120516731,  585.501
1566.41891498,  6505.42,  4568.19,  373.237485474,  197.119339082,  585.826
1566.43934922,  6498.28,  4563.81,  373.239080239,  197.119284363,  586.167
1566.45978337,  6501.76,  4566.41,  373.2388073,  197.118932582,  585.547
1566.48021771,  6509.53,  4571.04,  373.239731603,  197.1200482,  585.644
1566.50065195,  6501.77,  4566.49,  373.239354852,  197.118323006,  585.923
1566.52108609,  6509.79,  4571.55,  373.241790148,  197.118901897,  585.801
1566.54152043,  6511.92,  4572.74,  373.239728706,  197.118608768,  585.492
1566.56195467,  6508.36,  4571.16,  373.24029969,  197.12184825,  585.322
1566.58238891,  6502.73,  4566.46,  373.239179699,  197.12069787,  585.719
1566.60282316,  6513.55,  4573.92,  373.239007524,  197.119404237,  585.828
1566.6232573,  6504.85,  4568.43,  373.239139201,  197.117567299,  585.964
1566.64369164,  6501.43,  4565.25,  373.242435681,  197.119780879,  586.194
1566.66412588,  6504.46,  4567.89,  373.242102338,  197.119578403,  586.33
1566.70499437,  6507.41,  4569.56,  373.23915176,  197.11803511,  586.027
1566.72542861,  6506.63,  4569.71,  373.241052949,  197.118860752,  585.95
1566.74586285,  6506.33,  4569.07,  373.240349637,  197.119288844,  585.475
1566.7662971,  6509.28,  4571.07,  373.240465587,  197.121141145,  585.383
1566.78673134,  6496.83,  4562.97,  373.23931889,  197.118625332,  585.543
1566.80716569,  6507.64,  4569.86,  373.239815829,  197.120253535,  585.427
1566.82759983,  6501.27,  4565.7,  373.238605554,  197.11851983,  586.182
1566.84803407,  6497.29,  4563.53,  373.241592154,  197.119653441,  585.572
1566.86846842,  6498.78,  4563.93,  373.23919878,  197.120160782,  585.402
1566.88890266,  6505.1,  4568.87,  373.240028838,  197.118239053,  586.18
1566.90933681,  6500.78,  4565.68,  373.238767064,  197.11876647,  584.791
1566.92977115,  6506.33,  4569.24,  373.238306468,  197.118771299,  585.22
1566.9502054,  6510.61,  4573.07,  373.239858726,  197.120414944,  584.974
1566.97063964,  6495.71,  4562.12,  373.238225943,  197.119690482,  585.524
1566.99107389,  6502.95,  4567.4,  373.241564028,  197.121142719,  584.965
1567.01150813,  6493.27,  4561.03,  373.23973332,  197.119141282,  585.931
1567.03194238,  6512.33,  4573.65,  373.24183446,  197.117988377,  586.086
1567.05237662,  6499.99,  4565.46,  373.239249785,  197.118024123,  584.81
1567.07281087,  6506.33,  4570.15,  373.23927331,  197.116654988,  585.175
1567.09324521,  6499.53,  4564.84,  373.240857602,  197.119702378,  585.242
1567.11367936,  6503.33,  4568.03,  373.238707835,  197.119507888,  584.872
1567.13411371,  6495.48,  4562.62,  373.239043896,  197.118924784,  584.745
1567.15454795,  6510.51,  4572.8,  373.238889054,  197.119895092,  584.881
1567.1749821,  6498.13,  4564.78,  373.237401606,  197.117935104,  585.477
1567.19541645,  6503.22,  4567.79,  373.240629214,  197.119823615,  584.354
1567.21585069,  6498.04,  4564.05,  373.239216722,  197.118606282,  584.847
1567.23628484,  6502.0,  4567.6,  373.240228873,  197.118541488,  584.518
1567.25671919,  6503.44,  4567.63,  373.240184593,  197.122455828,  584.324
1567.27715333,  6508.46,  4571.52,  373.240039698,  197.117628569,  584.23
1567.29758758,  6502.29,  4567.2,  373.239998731,  197.119681212,  584.404
1567.31802193,  6503.51,  4567.63,  373.240881091,  197.118591113,  584.018
1567.33845608,  6500.83,  4566.35,  373.237919721,  197.121748445,  584.31
1567.35889042,  6506.41,  4569.54,  373.240836433,  197.119991218,  584.207
1567.37932467,  6501.21,  4565.97,  373.240975324,  197.117676762,  584.149
1567.39975882,  6503.36,  4567.94,  373.240435985,  197.118653089,  584.568
1567.42019317,  6500.37,  4565.24,  373.239055824,  197.120068068,  584.156
1567.44062742,  6493.13,  4560.37,  373.240577345,  197.119255349,  584.883
1567.46106167,  6492.67,  4560.58,  373.238279263,  197.119728026,  584.608
1567.48149592,  6502.52,  4566.49,  373.238209226,  197.117940812,  584.786
1567.50193017,  6501.88,  4566.32,  373.241960743,  197.118826547,  583.953
1567.52236451,  6508.63,  4570.91,  373.239601398,  197.119172594,  587.383
1567.54279866,  6497.93,  4563.04,  373.2397797,  197.121218668,  584.03
1567.56323291,  6499.69,  4564.76,  373.238643277,  197.120535016,  583.96
1567.58366726,  6504.76,  4568.08,  373.23959226,  197.116893621,  583.711
1567.60410151,  6505.92,  4568.37,  373.239615521,  197.1191889,  583.448
1567.62453566,  6499.63,  4564.53,  373.241339338,  197.119044827,  583.654
1567.64497001,  6505.46,  4567.91,  373.237447877,  197.118792887,  583.816
1567.66540426,  6498.92,  4563.35,  373.241154709,  197.119933782,  584.247
1567.68583841,  6496.55,  4562.08,  373.239397692,  197.118114794,  583.404
1567.70627277,  6506.79,  4568.32,  373.239399322,  197.119126364,  583.245
1567.72670702,  6509.71,  4571.08,  373.239615593,  197.117492671,  583.974
1567.74714137,  6498.38,  4562.95,  373.239326733,  197.120373132,  584.303
1567.76757552,  6502.97,  4565.61,  373.239565442,  197.11887366,  583.488
1567.78800977,  6500.94,  4564.61,  373.239336059,  197.117418872,  583.36
1567.80844412,  6502.77,  4565.37,  373.23848773,  197.12078728,  583.27
1567.82887827,  6504.66,  4566.62,  373.240290276,  197.118147862,  583.91
1567.84931252,  6502.03,  4565.26,  373.237802749,  197.117555311,  583.171
1567.86974688,  6506.91,  4567.98,  373.239400256,  197.119375561,  583.662
1567.89018103,  6498.16,  4562.05,  373.237809709,  197.120032511,  583.523
1567.91061538,  6502.67,  4565.4,  373.239724027,  197.120504881,  583.504
1567.93104953,  6497.47,  4560.93,  373.241434275,  197.118018786,  583.548
1567.95148379,  6506.92,  4567.9,  373.239169681,  197.11933334,  583.203
1567.97191814,  6495.87,  4560.35,  373.240500448,  197.120095366,  582.754
1567.99235229,  6495.17,  4559.31,  373.239517154,  197.11973102,  583.139
1568.01278654,  6500.22,  4563.42,  373.238055185,  197.117555729,  583.312
1568.0332209,  6508.21,  4568.26,  373.2387656,  197.120664867,  583.609
1568.05365505,  6511.41,  4570.25,  373.237794701,  197.119457772,  583.517
1568.07408931,  6503.6,  4565.46,  373.239043998,  197.120544527,  582.726
1568.09452366,  6510.48,  4569.51,  373.240083611,  197.120076296,  583.265
1568.11495791,  6498.39,  4561.3,  373.2402718,  197.120680041,  584.102
1568.13539217,  6497.91,  4561.34,  373.239961846,  197.120588622,  583.71
1568.15582642,  6503.96,  4564.66,  373.237713871,  197.120972876,  583.646
1568.17626068,  6496.07,  4559.89,  373.239481218,  197.118394206,  583.183
1568.19669493,  6502.16,  4564.1,  373.239624521,  197.120374982,  582.68
1568.21712918,  6500.14,  4562.1,  373.239869255,  197.12230898,  583.347
1568.23756344,  6509.25,  4568.85,  373.241206125,  197.11944209,  583.208
1568.25799779,  6508.34,  4567.75,  373.241022039,  197.120445432,  583.468
1568.27843195,  6494.48,  4558.15,  373.241993702,  197.119650364,  583.093
1568.2988663,  6499.69,  4562.18,  373.24089498,  197.11836711,  583.216
1568.31930056,  6503.27,  4563.83,  373.238415812,  197.118728563,  583.516
1568.33973472,  6490.23,  4555.24,  373.237677333,  197.121324049,  582.922
1568.36016907,  6505.08,  4565.77,  373.241424097,  197.119285457,  582.746
1568.38060333,  6503.76,  4564.12,  373.23978677,  197.1199945,  584.275
1568.40103748,  6505.67,  4565.94,  373.241308029,  197.119845798,  583.486
1568.42147184,  6495.92,  4558.59,  373.239767404,  197.118232522,  583.393
1568.4419061,  6513.69,  4570.59,  373.240803782,  197.121483995,  583.877
1568.46234025,  6505.38,  4565.55,  373.242830069,  197.119347956,  584.543
1568.48277461,  6501.81,  4562.69,  373.240639904,  197.119782865,  582.427
1568.50320887,  6500.46,  4561.84,  373.240468511,  197.118822524,  583.04
1568.52364322,  6496.25,  4559.46,  373.242913705,  197.119106761,  583.771
1568.54407738,  6501.33,  4562.36,  373.239052277,  197.122154294,  582.442
1568.56451154,  6515.9,  4572.16,  373.239918959,  197.119030913,  582.576
1568.58494589,  6502.68,  4563.35,  373.24228507,  197.119103217,  583.721
1568.60538015,  6502.84,  4562.9,  373.241028801,  197.119483029,  583.47
1568.62581441,  6504.13,  4564.19,  373.242054732,  197.12172238,  582.797
1568.64624867,  6502.55,  4563.17,  373.238441042,  197.121174863,  583.081
1568.66668293,  6507.64,  4566.43,  373.242756748,  197.121376528,  582.65
1568.68711728,  6499.93,  4561.45,  373.241992859,  197.123340578,  582.719
1568.70755144,  6507.41,  4565.92,  373.238616964,  197.121149709,  582.888
1568.7279857,  6501.08,  4561.63,  373.239803739,  197.119339494,  583.54
1568.74842006,  6510.88,  4568.99,  373.239591834,  197.120431447,  583.201
1568.76885432,  6506.82,  4565.31,  373.236440235,  197.120620838,  583.352
1568.78928848,  6498.66,  4560.14,  373.239340256,  197.119237047,  584.094
1568.80972284,  6500.5,  4561.55,  373.240053621,  197.119163844,  584.725
1568.8301571,  6503.36,  4562.97,  373.240588601,  197.119346032,  584.881
1568.85059136,  6503.71,  4563.53,  373.239433954,  197.121695357,  585.649
1568.87102562,  6508.07,  4566.59,  373.239473846,  197.121197885,  586.137
1568.89145988,  6497.04,  4558.34,  373.241014958,  197.119749187,  586.687
1568.91189424,  6500.36,  4561.48,  373.240440779,  197.119668227,  586.785
1568.9323284,  6499.8,  4560.4,  373.239271759,  197.120527348,  586.355
1568.95276266,  6505.55,  4564.42,  373.241907696,  197.119096441,  590.652
1568.97319702,  6498.86,  4560.54,  373.241877438,  197.119813686,  585.295
1568.99363118,  6504.89,  4563.84,  373.238667682,  197.121075993,  585.329
1569.01406544,  6504.05,  4563.55,  373.239876578,  197.120359921,  584.702
1569.0344998,  6504.96,  4564.41,  373.242568936,  197.120220322,  584.713
1569.05493396,  6497.23,  4558.32,  373.240213207,  197.119855529,  585.132
1569.07536832,  6503.74,  4563.44,  373.23976574,  197.120668767,  585.59
1569.09580258,  6511.58,  4568.76,  373.237572962,  197.119241657,  584.031
1569.11623674,  6499.37,  4560.11,  373.239475031,  197.120809252,  584.339
1569.1366711,  6503.22,  4563.11,  373.241381267,  197.119886046,  584.005
1569.15710537,  6502.83,  4562.61,  373.239892522,  197.11988564,  584.075
1569.17753953,  6503.88,  4563.19,  373.239430464,  197.12079195,  584.371
1569.19797389,  6503.88,  4563.7,  373.24044073,  197.119392795,  583.268
1569.21840805,  6504.91,  4563.82,  373.240373414,  197.118806389,  583.663
1569.23884241,  6498.8,  4559.99,  373.240444304,  197.120877893,  584.575
1569.25927668,  6502.93,  4562.81,  373.240806282,  197.121051754,  583.493
1569.27971084,  6498.94,  4559.85,  373.240785391,  197.120257278,  583.57
1569.3001452,  6502.26,  4562.74,  373.236971989,  197.120914205,  583.844
1569.32057947,  6499.89,  4560.71,  373.239677358,  197.122873411,  583.399
1569.34101373,  6503.27,  4562.81,  373.239512325,  197.12143133,  583.944
1569.36144799,  6494.14,  4557.09,  373.240613837,  197.120618252,  583.754
1569.38188226,  6506.79,  4565.26,  373.237788786,  197.121489263,  583.096
1569.40231652,  6502.65,  4562.57,  373.241328609,  197.11820834,  583.34
1569.42275078,  6504.19,  4563.88,  373.239348383,  197.121996198,  583.494
1569.44318505,  6490.74,  4554.08,  373.239316351,  197.121371646,  582.417
1569.46361941,  6504.79,  4564.25,  373.241469587,  197.119493061,  582.608
1569.48405367,  6511.46,  4568.83,  373.241621231,  197.12076375,  583.022
1569.50448784,  6498.08,  4559.0,  373.241986266,  197.119392069,  583.435
1569.5249222,  6505.67,  4565.05,  373.239474285,  197.123791667,  583.126
1569.54535647,  6505.06,  4564.12,  373.23968879,  197.121232757,  582.155
1569.56579063,  6499.2,  4560.04,  373.240319025,  197.119311337,  582.551
1569.586225,  6499.58,  4560.83,  373.241907897,  197.12157891,  582.257
1569.60665926,  6508.18,  4566.01,  373.240970113,  197.120424524,  582.146
1569.62709363,  6507.38,  4565.46,  373.241251351,  197.119484323,  581.844
1569.64752779,  6508.44,  4566.98,  373.239752967,  197.119711883,  581.875
1569.68839643,  6504.42,  4564.27,  373.239133137,  197.120171529,  581.516
1569.70883059,  6498.69,  4560.1,  373.241661258,  197.118190035,  581.574
1569.72926486,  6506.34,  4564.71,  373.241311356,  197.121399814,  581.011
1569.74969922,  6499.5,  4560.76,  373.242094366,  197.120430844,  581.082
1569.77013339,  6503.94,  4563.76,  373.241765824,  197.121836657,  581.418
1569.79056766,  6507.52,  4566.0,  373.239592457,  197.121156562,  581.466
1569.81100202,  6505.4,  4565.1,  373.24007073,  197.120732688,  581.319
1569.83143619,  6512.51,  4569.59,  373.239669221,  197.121147189,  580.718
1569.85187056,  6503.28,  4563.42,  373.239027685,  197.12000031,  581.755
1569.87230472,  6497.8,  4560.24,  373.239826353,  197.119630542,  581.13
1569.89273899,  6500.52,  4561.47,  373.24096062,  197.120751904,  581.863
1569.91317336,  6513.8,  4571.34,  373.23902086,  197.117805412,  581.456
1569.93360753,  6502.11,  4563.64,  373.240222593,  197.119815678,  580.896
1569.95404179,  6510.4,  4568.81,  373.239817846,  197.120110564,  580.84
1569.97447616,  6498.49,  4561.28,  373.240909018,  197.120057558,  581.215
1569.99491043,  6502.18,  4563.34,  373.239535285,  197.119115297,  581.401
1570.0153447,  6503.39,  4564.49,  373.242344904,  197.121340612,  579.697
1570.03577897,  6493.48,  4558.25,  373.241105817,  197.119019048,  581.582
1570.05621323,  6503.55,  4564.58,  373.240299799,  197.120122001,  581.154
1570.0766475,  6501.11,  4563.12,  373.241174364,  197.120830472,  580.641
1570.09708177,  6500.97,  4563.55,  373.241099232,  197.121728439,  580.462
1570.11751604,  6497.72,  4560.77,  373.241407712,  197.120647208,  580.923
1570.13795041,  6506.1,  4566.99,  373.242424509,  197.120282227,  580.632
1570.15838458,  6495.94,  4559.85,  373.238717764,  197.119586814,  579.623
1570.17881895,  6507.96,  4567.82,  373.241609615,  197.120255491,  580.552
1570.19925322,  6502.86,  4564.96,  373.239279798,  197.120029721,  580.539
1570.21968739,  6498.57,  4561.8,  373.23947326,  197.121152053,  580.087
1570.24012176,  6503.7,  4565.04,  373.241833336,  197.121625862,  579.903
1570.26055603,  6509.28,  4569.32,  373.238823824,  197.121316625,  580.171
1570.2809902,  6507.73,  4567.68,  373.239191954,  197.120651688,  580.105
1570.30142457,  6509.51,  4569.12,  373.239907181,  197.119874554,  580.627
1570.32185884,  6503.5,  4565.19,  373.240832833,  197.117362723,  579.897
1570.34229301,  6494.48,  4558.29,  373.240489515,  197.118561542,  579.352
1570.36272738,  6501.83,  4563.78,  373.239515021,  197.11906305,  580.97
1570.38316165,  6495.64,  4559.35,  373.240988515,  197.118211068,  579.951
1570.40359592,  6494.11,  4557.96,  373.241138773,  197.121014194,  579.688
1570.42403019,  6506.55,  4567.14,  373.238627786,  197.12145982,  579.717
1570.44446446,  6496.14,  4559.24,  373.239711176,  197.120188664,  579.628
1570.46489873,  6495.04,  4558.51,  373.240859078,  197.120534082,  580.15
1570.485333,  6501.77,  4563.57,  373.239369357,  197.12003039,  578.929
1570.50576728,  6503.47,  4563.62,  373.237760901,  197.12015598,  578.344
1570.52620155,  6500.71,  4562.42,  373.241292937,  197.119590993,  579.295
1570.54663582,  6502.46,  4563.57,  373.240628579,  197.120729608,  579.164
1570.56707019,  6500.47,  4561.68,  373.239518422,  197.122325692,  578.02
1570.58750436,  6501.31,  4562.43,  373.239408319,  197.121418736,  579.774
1570.60793864,  6500.9,  4561.89,  373.239827279,  197.119881974,  579.069
1570.62837301,  6505.83,  4565.3,  373.241253801,  197.118846538,  578.776
1570.64880728,  6500.82,  4562.18,  373.239680635,  197.121667415,  578.88
1570.66924145,  6494.72,  4557.27,  373.242090348,  197.119485037,  579.377
1570.68967583,  6496.09,  4558.48,  373.241417263,  197.119891579,  578.81
1570.7101101,  6503.04,  4563.27,  373.239742743,  197.120007441,  578.716
1570.73054427,  6503.13,  4562.74,  373.239289767,  197.120433868,  579.053
1570.75097865,  6502.29,  4562.37,  373.24414431,  197.12036366,  577.977
1570.77141292,  6500.27,  4561.05,  373.241329726,  197.120030557,  579.312
1570.79184729,  6501.02,  4561.06,  373.240330394,  197.120669209,  578.622
1570.81228147,  6496.3,  4558.23,  373.23900329,  197.120630542,  579.274
1570.83271574,  6503.36,  4562.5,  373.240580666,  197.121483672,  578.994
1570.85315012,  6500.88,  4560.48,  373.241415745,  197.120597323,  578.968
1570.87358429,  6501.58,  4561.87,  373.242353344,  197.121816863,  577.824
1570.89401857,  6503.31,  4561.99,  373.240395865,  197.120580069,  579.262
1570.91445294,  6499.03,  4559.56,  373.240000476,  197.121593482,  577.988
1570.93488711,  6508.14,  4565.97,  373.240214394,  197.121656692,  577.284
1570.95532149,  6504.42,  4562.66,  373.239737262,  197.121475966,  577.51
1570.97575576,  6509.48,  4566.6,  373.243221083,  197.11959937,  577.756
1570.99618994,  6498.95,  4559.16,  373.241099197,  197.12029935,  578.264
1571.01662431,  6498.7,  4558.21,  373.241058243,  197.121505016,  578.008
1571.03705859,  6493.1,  4555.41,  373.239992318,  197.121049328,  577.578
1571.05749277,  6503.78,  4561.83,  373.239869941,  197.121067512,  578.92
1571.07792714,  6491.97,  4553.71,  373.242014066,  197.120832441,  577.099
1571.09836142,  6511.17,  4567.48,  373.241383514,  197.122539735,  578.055
1571.11879559,  6496.06,  4556.24,  373.241091186,  197.119650546,  578.396
1571.13922997,  6509.01,  4565.13,  373.240110808,  197.122788892,  578.104
1571.15966425,  6497.08,  4557.61,  373.240055907,  197.120796937,  578.487
1571.18009852,  6508.61,  4564.67,  373.238296305,  197.120464523,  577.443
1571.2005328,  6501.33,  4560.2,  373.240848173,  197.121332403,  577.381
1571.22096708,  6497.58,  4557.38,  373.241797073,  197.119754326,  578.51
1571.24140135,  6500.0,  4558.43,  373.240938389,  197.122172054,  577.746
1571.26183563,  6504.57,  4562.54,  373.240976693,  197.120518083,  578.279
1571.28226991,  6499.77,  4558.46,  373.239434524,  197.122878449,  579.334
1571.30270418,  6505.62,  4562.52,  373.240935829,  197.121358302,  578.615
1571.32313846,  6496.91,  4557.0,  373.240219875,  197.12039457,  578.866
1571.34357284,  6502.14,  4559.92,  373.240903264,  197.121325443,  578.621
1571.36400712,  6502.33,  4560.11,  373.241527837,  197.121794802,  579.943
1571.3844413,  6501.75,  4560.2,  373.241142222,  197.121660406,  579.689
1571.40487567,  6509.54,  4564.89,  373.239160825,  197.121065483,  578.606
1571.42530995,  6500.48,  4559.32,  373.239148089,  197.119669662,  579.91
1571.44574413,  6495.79,  4555.29,  373.24122921,  197.120629179,  579.618
1571.46617851,  6500.72,  4558.61,  373.242052299,  197.120535712,  579.813
1571.48661279,  6502.42,  4560.23,  373.240690633,  197.123147588,  579.757
1571.50704697,  6502.57,  4560.14,  373.240406461,  197.121795654,  579.216
1571.52748134,  6498.65,  4557.2,  373.241309373,  197.120396502,  580.257
1571.54791562,  6507.18,  4563.53,  373.241155876,  197.12064075,  580.193
1571.56835,  6505.26,  4561.39,  373.242744185,  197.122721545,  581.219
1571.58878418,  6506.39,  4562.53,  373.240076387,  197.119961189,  580.659
1571.60921846,  6492.81,  4553.63,  373.240545117,  197.122435186,  581.039
1571.62965284,  6502.43,  4559.46,  373.240436305,  197.118953973,  580.955
1571.65008702,  6506.79,  4563.33,  373.24321937,  197.121088412,  580.823
1571.6705213,  6497.67,  4556.34,  373.240306938,  197.119519189,  581.381
1571.69095568,  6496.98,  4555.68,  373.238809198,  197.120851239,  581.223
1571.71138986,  6493.32,  4553.84,  373.239538027,  197.121590006,  581.173
1571.73182424,  6503.27,  4560.18,  373.242015111,  197.11862338,  581.025
1571.75225852,  6495.87,  4555.02,  373.242515282,  197.122509294,  580.611
1571.7726927,  6511.72,  4566.46,  373.241882039,  197.119388502,  580.529
1571.79312708,  6496.18,  4555.07,  373.241364051,  197.121161916,  581.01
1571.81356136,  6504.82,  4561.49,  373.23919543,  197.123133901,  580.217
1571.83399555,  6498.22,  4556.99,  373.239090626,  197.120652954,  580.487
1571.85442993,  6504.66,  4560.48,  373.240807331,  197.119516902,  581.359
1571.87486421,  6503.97,  4560.91,  373.240213831,  197.122134743,  581.195
1571.89529839,  6494.41,  4553.99,  373.239855584,  197.119514421,  580.547
1571.91573277,  6511.57,  4565.69,  373.242582479,  197.121037926,  579.832
1571.93616705,  6510.29,  4565.24,  373.240951653,  197.121681693,  579.444
1571.95660143,  6494.34,  4553.83,  373.242188745,  197.121919021,  579.874
1571.97703562,  6453.76,  4526.04,  373.2433291,  197.122505154,  579.211
1571.9974699,  6365.12,  4465.35,  373.241302472,  197.120872325,  579.782
1572.01790428,  6259.22,  4391.59,  373.241353632,  197.119636884,  580.412
1572.03833846,  6199.03,  4350.47,  373.242706466,  197.122056509,  579.972
1572.05877275,  6168.41,  4329.44,  373.241520313,  197.11876125,  580.062
1572.07920713,  6187.9,  4342.5,  373.244190706,  197.121040421,  579.916
1572.09964131,  6237.47,  4377.35,  373.241848377,  197.12024644,  578.64
1572.12007569,  6325.05,  4436.92,  373.241342398,  197.119741669,  579.297
1572.14050998,  6431.27,  4510.25,  373.238347357,  197.120183219,  579.599
1572.16094416,  6494.01,  4554.21,  373.238931818,  197.121828814,  578.907
1572.18137854,  6495.03,  4554.44,  373.238528488,  197.12091636,  578.673
1572.20181283,  6506.84,  4562.51,  373.240884438,  197.121674642,  578.227
1572.22224701,  6501.56,  4559.19,  373.240734276,  197.121588725,  578.607
1572.2426814,  6502.32,  4559.15,  373.24179972,  197.120411925,  577.758
1572.26311568,  6495.9,  4555.04,  373.242118229,  197.119776024,  578.366
1572.28354996,  6507.38,  4563.18,  373.240668255,  197.122203884,  577.445
1572.30398425,  6497.44,  4555.77,  373.241746869,  197.121691903,  577.767
1572.32441853,  6508.38,  4563.97,  373.243469095,  197.120589401,  577.78
1572.34485282,  6499.9,  4557.72,  373.240819983,  197.122353842,  577.193
1572.3652871,  6503.65,  4560.33,  373.240977828,  197.122159447,  578.026
1572.38572139,  6494.9,  4555.02,  373.24093902,  197.121430133,  576.841
1572.40615567,  6501.15,  4558.51,  373.240781155,  197.122325169,  577.722
1572.42658996,  6502.26,  4559.65,  373.240835379,  197.120502072,  578.13
1572.44702424,  6501.45,  4559.26,  373.240874453,  197.120805612,  576.917
1572.46745853,  6500.59,  4557.83,  373.241521469,  197.121145812,  576.923
1572.48789281,  6493.64,  4553.63,  373.240586668,  197.120038696,  576.907
1572.5083272,  6499.25,  4557.44,  373.241564597,  197.121873472,  577.6
1572.52876148,  6497.52,  4555.96,  373.240137897,  197.123008495,  577.101
1572.54919567,  6500.49,  4558.92,  373.240550728,  197.121630427,  577.045
1572.56963006,  6490.77,  4551.59,  373.240243698,  197.12239299,  577.468
1572.59006434,  6503.07,  4560.06,  373.240353548,  197.120280773,  576.904
1572.61049853,  6504.5,  4562.15,  373.242208955,  197.121008028,  577.327
1572.63093292,  6503.01,  4560.04,  373.241235422,  197.12066489,  576.975
1572.67180139,  6496.07,  4555.6,  373.240668193,  197.121514592,  578.589
1572.69223578,  6501.43,  4558.77,  373.241413169,  197.120613513,  577.657
1572.71267006,  6502.75,  4560.67,  373.243452778,  197.120427114,  577.665
1572.73310445,  6502.41,  4560.19,  373.240652194,  197.120244468,  577.549
1572.75353864,  6502.88,  4560.27,  373.239030896,  197.119448408,  577.843
1572.77397292,  6499.16,  4558.54,  373.244009418,  197.12072092,  578.132
1572.79440731,  6505.66,  4562.59,  373.240053963,  197.120609444,  578.197
1572.8148415,  6514.02,  4568.52,  373.240235601,  197.121119991,  577.867
1572.83527579,  6501.77,  4560.71,  373.241325615,  197.121647693,  578.985
1572.85571018,  6500.15,  4559.18,  373.241140546,  197.120985591,  580.138
1572.87614436,  6504.67,  4562.83,  373.242423012,  197.119608025,  581.33
1572.89657875,  6499.39,  4559.3,  373.238742632,  197.120452559,  582.734
1572.91701304,  6500.15,  4559.36,  373.241744675,  197.120221749,  581.921
1572.93744723,  6508.03,  4565.66,  373.242199947,  197.122155284,  582.034
1572.95788162,  6506.2,  4564.21,  373.241935521,  197.122222059,  580.938
1572.97831591,  6495.87,  4557.03,  373.239351244,  197.121759478,  578.246
1572.9987502,  6505.28,  4563.98,  373.241682306,  197.12136524,  576.938
1573.01918449,  6499.95,  4560.1,  373.242534117,  197.122551512,  575.767
1573.03961877,  6502.36,  4561.77,  373.241361803,  197.120958735,  575.168
1573.06005296,  6505.26,  4564.33,  373.242756498,  197.120028782,  575.431
1573.08048735,  6504.52,  4563.43,  373.241975585,  197.119730889,  574.731
1573.10092164,  6502.04,  4562.01,  373.240628833,  197.120900958,  576.457
1573.12135593,  6500.59,  4561.11,  373.239804477,  197.120759056,  576.121
1573.14179022,  6501.98,  4561.71,  373.242167135,  197.121317023,  575.388
1573.16222451,  6503.38,  4563.2,  373.237438757,  197.121282281,  575.155
1573.1826589,  6496.28,  4557.97,  373.240036559,  197.120960337,  573.476
1573.20309309,  6500.27,  4560.7,  373.238489446,  197.121755046,  573.525
1573.22352738,  6506.52,  4565.48,  373.239903407,  197.121411249,  573.304
1573.24396177,  6500.83,  4561.05,  373.240997632,  197.123432519,  573.637
1573.26439597,  6504.28,  4563.66,  373.239572326,  197.120838859,  574.253
1573.28483036,  6503.88,  4563.69,  373.240957374,  197.122906989,  573.716
1573.30526465,  6498.56,  4559.58,  373.241641479,  197.121203583,  573.312
1573.32569884,  6501.52,  4561.96,  373.240119754,  197.121076262,  573.494
1573.34613323,  6498.31,  4559.26,  373.242236316,  197.119571477,  573.552
1573.36656752,  6507.11,  4565.43,  373.239704358,  197.123818353,  572.442
1573.38700171,  6503.11,  4563.02,  373.239724273,  197.121568384,  572.255
1573.4074361,  6502.77,  4561.98,  373.238837946,  197.123355837,  573.218
1573.4278704,  6502.24,  4562.04,  373.239892234,  197.122178478,  571.071
1573.44830459,  6510.97,  4568.32,  373.242859569,  197.122235928,  571.453
1573.46873898,  6500.06,  4559.96,  373.241537004,  197.121932626,  571.075
1573.48917327,  6501.87,  4561.59,  373.239684425,  197.121738777,  570.878
1573.50960766,  6501.9,  4561.79,  373.239992336,  197.12156468,  571.688
1573.53004186,  6504.15,  4562.68,  373.239463725,  197.121725995,  571.936
1573.55047615,  6504.47,  4563.35,  373.24447945,  197.122826374,  571.321
1573.57091054,  6498.27,  4558.81,  373.241632138,  197.12176772,  571.119
1573.59134474,  6505.58,  4563.52,  373.241182838,  197.12183877,  570.944
1573.61177903,  6497.25,  4558.12,  373.24213713,  197.121857127,  571.768
1573.63221342,  6512.9,  4568.35,  373.242698352,  197.122791707,  571.413
1573.65264772,  6505.93,  4563.39,  373.242871628,  197.121203315,  571.39
1573.67308201,  6507.74,  4565.12,  373.242381608,  197.120497484,  570.58
1573.6935163,  6509.6,  4565.33,  373.238789987,  197.121830387,  571.131
1573.7139505,  6503.38,  4561.67,  373.24461262,  197.121058769,  570.916
1573.73438489,  6500.13,  4559.33,  373.241267438,  197.121532105,  570.244
1573.75481918,  6498.32,  4557.5,  373.241785059,  197.120265575,  570.472
1573.77525338,  6502.6,  4560.89,  373.241691616,  197.121380599,  570.083
1573.79568777,  6507.94,  4564.25,  373.240262208,  197.1204969,  570.159
1573.81612207,  6511.16,  4566.11,  373.240096352,  197.122671007,  570.111
1573.83655626,  6499.38,  4558.62,  373.240653789,  197.122654968,  569.916
1573.85699066,  6507.39,  4563.63,  373.240062029,  197.120301285,  571.063
1573.87742495,  6498.64,  4557.58,  373.238822012,  197.121098264,  569.947
1573.89785935,  6505.56,  4562.8,  373.239746211,  197.120854915,  569.2
1573.91829354,  6497.54,  4556.14,  373.238929106,  197.122242599,  569.841
1573.93872784,  6502.76,  4560.63,  373.241476575,  197.121645623,  569.831
1573.95916223,  6508.41,  4563.92,  373.240797114,  197.122300722,  569.191
1573.97959643,  6501.33,  4558.88,  373.241774327,  197.120966446,  568.566
1574.00003072,  6506.58,  4563.02,  373.242692038,  197.122689466,  569.352
1574.02046512,  6504.42,  4561.09,  373.241636425,  197.122701626,  570.288
1574.04089931,  6514.21,  4567.7,  373.243154355,  197.119577545,  567.864
1574.06133371,  6499.41,  4557.75,  373.242019753,  197.122471433,  568.84
1574.08176801,  6502.02,  4559.09,  373.242760369,  197.120626638,  570.323
1574.1022022,  6504.76,  4561.07,  373.24258893,  197.122187841,  568.575
1574.1226366,  6506.23,  4562.46,  373.241914364,  197.123194691,  568.76
1574.14307089,  6500.94,  4558.2,  373.242059044,  197.122323134,  568.548
1574.16350519,  6508.15,  4563.54,  373.242043984,  197.122053163,  568.332
1574.18393949,  6499.78,  4557.38,  373.239134122,  197.121220957,  569.811
1574.20437378,  6497.36,  4555.29,  373.239195611,  197.121458524,  569.231
1574.22480808,  6505.61,  4561.71,  373.240706077,  197.121447459,  569.285
1574.24524238,  6515.37,  4567.92,  373.240456882,  197.121684334,  568.455
1574.26567668,  6499.79,  4557.32,  373.242076036,  197.120971496,  568.414
1574.28611097,  6500.44,  4558.06,  373.240943676,  197.119903019,  568.775
1574.30654537,  6501.93,  4558.04,  373.241183442,  197.12237343,  568.443
1574.32697957,  6497.52,  4555.96,  373.241869903,  197.123074073,  567.309
1574.34741387,  6502.27,  4559.13,  373.242613603,  197.119444466,  567.702
1574.36784816,  6506.85,  4561.72,  373.242007095,  197.120125964,  567.986
1574.38828246,  6505.42,  4561.17,  373.240758148,  197.122647441,  568.031
1574.40871686,  6507.79,  4562.63,  373.241394222,  197.121158426,  568.652
1574.42915106,  6498.47,  4556.24,  373.242788031,  197.12033482,  568.568
1574.44958546,  6502.08,  4559.0,  373.241286499,  197.121977401,  568.557
1574.47001976,  6505.97,  4561.15,  373.243769638,  197.121816375,  568.768
1574.49045396,  6506.3,  4561.72,  373.242425334,  197.123178352,  567.002
1574.51088835,  6503.02,  4559.58,  373.240595209,  197.122595411,  567.541
1574.53132265,  6506.41,  4561.15,  373.240145357,  197.124182667,  567.573
1574.55175685,  6499.5,  4557.22,  373.239244251,  197.121721738,  566.636
1574.57219125,  6502.97,  4558.93,  373.241428335,  197.122600008,  567.391
1574.59262555,  6513.97,  4566.55,  373.241418784,  197.12121875,  567.459
1574.61305995,  6496.09,  4554.82,  373.240942142,  197.121031959,  566.749
1574.63349415,  6506.15,  4561.25,  373.240027719,  197.121687565,  567.059
1574.65392845,  6500.21,  4557.37,  373.243422066,  197.121277503,  566.437
1574.67436285,  6503.68,  4560.4,  373.242581042,  197.122086775,  566.715
1574.69479705,  6500.92,  4557.47,  373.24172521,  197.119393462,  566.501
1574.71523135,  6508.6,  4563.1,  373.240654092,  197.121122038,  568.119
1574.73566575,  6495.51,  4554.21,  373.239501398,  197.12062259,  567.15
1574.75609995,  6504.67,  4560.27,  373.241752187,  197.124321676,  566.783
1574.77653425,  6507.78,  4562.97,  373.239857299,  197.122878659,  566.695
1574.79696865,  6497.98,  4556.05,  373.241649827,  197.120004196,  566.349
1574.81740295,  6503.19,  4559.14,  373.242565998,  197.122240947,  565.668
1574.83783725,  6503.07,  4560.04,  373.238874986,  197.122139441,  566.295
1574.85827155,  6502.36,  4558.91,  373.241261994,  197.122354505,  565.626
1574.87870586,  6507.98,  4562.92,  373.240582022,  197.121407125,  565.778
1574.89914016,  6509.74,  4564.54,  373.241190088,  197.123735034,  565.789
1574.91957446,  6496.92,  4555.13,  373.239709055,  197.123851753,  565.481
1574.94000876,  6504.27,  4560.58,  373.240749654,  197.122176385,  566.201
1574.96044306,  6503.43,  4560.27,  373.241713293,  197.12213884,  565.657
1574.98087736,  6500.49,  4557.6,  373.240877931,  197.122271803,  565.687
1575.00131167,  6503.35,  4560.48,  373.242640445,  197.123407399,  566.024
1575.02174597,  6500.84,  4558.09,  373.238603619,  197.118040294,  565.438
1575.04218027,  6501.53,  4558.77,  373.240691792,  197.122268839,  565.286
1575.06261467,  6509.44,  4564.83,  373.24300472,  197.122147559,  565.59
1575.08304887,  6507.05,  4562.3,  373.242121198,  197.120646553,  564.96
1575.10348318,  6501.58,  4558.86,  373.242312415,  197.121354286,  564.578
1575.12391758,  6499.42,  4557.68,  373.240284401,  197.123356629,  565.66
1575.14435178,  6496.37,  4555.16,  373.241531113,  197.121326897,  565.329
1575.16478609,  6502.25,  4559.7,  373.238889995,  197.121736707,  565.394
1575.18522049,  6505.55,  4561.81,  373.240503447,  197.123032628,  566.201
1575.20565469,  6502.41,  4559.81,  373.240999476,  197.120983722,  565.878
1575.2260891,  6502.3,  4560.18,  373.242793932,  197.122016554,  565.431
1575.2465234,  6508.26,  4563.43,  373.242637567,  197.121764137,  564.927
1575.2669576,  6507.68,  4563.33,  373.243498919,  197.121611681,  564.769
1575.28739201,  6499.61,  4558.5,  373.241849556,  197.120243132,  564.631
1575.30782631,  6512.61,  4566.58,  373.242006988,  197.121490316,  564.905
1575.32826051,  6501.85,  4559.56,  373.241432999,  197.120609562,  564.816
1575.34869492,  6505.17,  4562.16,  373.241486456,  197.119892456,  564.889
1575.36912922,  6507.21,  4563.15,  373.240248424,  197.12278867,  564.304
1575.38956363,  6514.7,  4568.73,  373.243289816,  197.123240001,  564.853
1575.40999783,  6506.29,  4562.46,  373.241640028,  197.124829115,  565.067
1575.43043214,  6493.47,  4553.95,  373.240393789,  197.121991737,  564.763
1575.45086654,  6502.77,  4561.2,  373.241950818,  197.122535021,  564.66
1575.47130085,  6495.43,  4555.51,  373.240421908,  197.122314775,  564.116
1575.49173505,  6498.82,  4557.98,  373.240977562,  197.123782148,  563.898
1575.51216946,  6499.19,  4558.66,  373.242125186,  197.123516031,  564.321
1575.53260376,  6505.26,  4562.39,  373.241671593,  197.122049966,  564.446
1575.55303797,  6499.77,  4559.09,  373.240160633,  197.12342791,  564.702
1575.57347237,  6500.98,  4559.94,  373.239836373,  197.123732751,  564.275
1575.59390668,  6495.44,  4556.09,  373.240898031,  197.122219119,  563.476
1575.61434098,  6497.07,  4557.88,  373.241911588,  197.120809844,  564.467
1575.6552095,  6499.74,  4558.84,  373.240551603,  197.122627964,  564.447
1575.6756439,  6511.46,  4567.81,  373.240840887,  197.121753072,  563.339
1575.69607821,  6505.41,  4562.76,  373.241134887,  197.121296258,  564.32
1575.71651241,  6503.7,  4562.39,  373.239776996,  197.120811175,  562.978
1575.73694682,  6506.09,  4564.04,  373.240875817,  197.120699013,  564.326
1575.75738113,  6502.78,  4561.38,  373.239534641,  197.122989487,  563.173
1575.77781553,  6499.61,  4560.38,  373.241776435,  197.122820437,  563.635
1575.79824974,  6501.42,  4561.36,  373.241261149,  197.121487894,  562.794
1575.81868405,  6508.61,  4566.16,  373.241272684,  197.122419451,  563.042
1575.83911846,  6510.21,  4568.12,  373.238853163,  197.121145468,  563.568
1575.85955266,  6496.62,  4558.44,  373.240240446,  197.12132669,  563.484
1575.87998697,  6503.94,  4563.65,  373.240734023,  197.121032937,  562.825
1575.90042138,  6497.44,  4559.85,  373.2412102,  197.120211506,  562.533
1575.92085559,  6506.08,  4565.19,  373.240400983,  197.120573895,  561.489
1575.94128989,  6495.15,  4558.17,  373.241347567,  197.12210759,  562.12
1575.9617243,  6498.36,  4560.86,  373.241869481,  197.121067926,  562.071
1575.98215851,  6506.01,  4565.79,  373.24238457,  197.121996534,  563.545
1576.00259292,  6509.37,  4568.9,  373.241596357,  197.122967201,  562.588
1576.02302723,  6507.69,  4567.24,  373.242398481,  197.120959171,  562.784
1576.04346153,  6499.29,  4561.48,  373.241567326,  197.123270126,  561.916
1576.06389584,  6496.68,  4560.26,  373.240355555,  197.121450283,  561.706
1576.08433015,  6497.5,  4560.54,  373.240522631,  197.122153211,  562.295
1576.10476446,  6504.76,  4565.49,  373.241603284,  197.121672974,  562.929
1576.12519877,  6505.5,  4566.86,  373.240407237,  197.119902921,  562.223
1576.14563308,  6497.28,  4560.32,  373.241102345,  197.123441839,  561.644
1576.16606739,  6498.43,  4561.88,  373.240993708,  197.120212184,  562.412
1576.1865018,  6502.49,  4564.7,  373.239525188,  197.123092432,  561.902
1576.20693601,  6507.5,  4567.68,  373.242488691,  197.121848969,  562.233
1576.22737042,  6497.68,  4561.6,  373.24126083,  197.12054285,  562.367
1576.24780473,  6501.44,  4563.74,  373.242291019,  197.122175149,  561.741
1576.26823893,  6509.78,  4569.13,  373.243233277,  197.121324986,  562.698
1576.28867334,  6511.96,  4571.41,  373.24143064,  197.120598863,  561.809
1576.30910755,  6504.76,  4565.51,  373.242982208,  197.120912518,  560.971
1576.32954186,  6498.66,  4561.91,  373.241913444,  197.120902386,  562.086
1576.34997628,  6494.95,  4559.3,  373.242025647,  197.121341236,  561.262
1576.37041049,  6515.86,  4577.45,  373.244411206,  197.125014912,  570.471
1576.3908449,  6497.05,  4560.92,  373.238267372,  197.120568972,  561.883
1576.41127921,  6501.2,  4563.7,  373.240372539,  197.12197186,  560.618
1576.43171342,  6504.84,  4565.64,  373.240969129,  197.123415296,  560.556
1576.45214783,  6502.84,  4564.96,  373.241542128,  197.122726799,  560.858
1576.47258214,  6504.24,  4565.19,  373.241178902,  197.121244884,  561.283
1576.49301635,  6501.67,  4563.55,  373.243468125,  197.118882445,  561.333
1576.51345076,  6507.05,  4567.44,  373.240733988,  197.122766922,  561.993
1576.53388507,  6507.48,  4567.02,  373.242631982,  197.122722532,  561.323
1576.55431938,  6494.78,  4558.82,  373.242053544,  197.121515491,  561.806
1576.5747537,  6504.03,  4565.14,  373.242804665,  197.120573759,  560.695
1576.59518801,  6494.81,  4557.9,  373.240043829,  197.122893088,  561.422
1576.61562242,  6499.77,  4562.13,  373.240709057,  197.122859235,  561.216
1576.63605663,  6504.26,  4564.81,  373.241000225,  197.122318665,  561.583
1576.65649094,  6506.11,  4565.99,  373.241895783,  197.12251959,  561.315
1576.67692536,  6498.45,  4561.36,  373.239390634,  197.12268882,  560.877
1576.69735967,  6512.43,  4570.21,  373.241308556,  197.122077025,  560.421
1576.71779388,  6503.24,  4564.19,  373.239557056,  197.122434404,  561.249
1576.73822829,  6503.53,  4564.19,  373.24265221,  197.120314914,  560.792
1576.75866261,  6496.35,  4558.88,  373.243545416,  197.121228673,  560.207
1576.77909692,  6502.63,  4563.62,  373.243721664,  197.119763759,  560.54
1576.79953123,  6504.44,  4564.34,  373.243029319,  197.123476443,  561.387
1576.81996554,  6506.62,  4565.83,  373.241836245,  197.123666516,  560.89
1576.84039996,  6497.36,  4559.9,  373.240420182,  197.124506829,  560.48
1576.86083417,  6499.73,  4561.02,  373.240303032,  197.121096232,  559.978
1576.88126848,  6504.22,  4564.05,  373.241102757,  197.12093812,  560.031
1576.9017029,  6500.94,  4562.21,  373.241496455,  197.122399737,  559.985
1576.92213711,  6504.02,  4563.45,  373.24228402,  197.121830416,  560.504
1576.94257143,  6501.67,  4562.24,  373.241610348,  197.123450141,  560.082
1576.96300574,  6501.91,  4562.28,  373.240874793,  197.120530474,  560.392
1576.98344005,  6499.19,  4559.97,  373.241868187,  197.121432137,  559.726
1577.00387447,  6502.62,  4562.92,  373.241489897,  197.123125097,  559.676
1577.02430868,  6506.77,  4565.16,  373.241905324,  197.120540654,  559.897
1577.044743,  6501.21,  4561.29,  373.242511347,  197.122815471,  559.735
1577.06517741,  6500.96,  4561.65,  373.242303165,  197.123662697,  560.004
1577.08561162,  6507.2,  4565.41,  373.242190912,  197.121577871,  559.537
1577.10604594,  6507.86,  4565.97,  373.241156588,  197.122534966,  559.17
1577.12648035,  6504.26,  4563.71,  373.242322941,  197.120689081,  558.893
1577.14691457,  6509.35,  4566.59,  373.241976722,  197.122895672,  559.942
1577.16734898,  6505.93,  4564.52,  373.241219703,  197.1239113,  559.706
1577.1877833,  6508.95,  4566.23,  373.240677574,  197.122406133,  559.636
1577.20821752,  6500.53,  4560.33,  373.241052331,  197.12324361,  559.862
1577.22865193,  6502.22,  4562.03,  373.239250421,  197.123862425,  559.053
1577.24908625,  6493.94,  4555.9,  373.243290725,  197.122542733,  559.544
1577.26952056,  6504.66,  4563.5,  373.242767967,  197.119765575,  558.468
1577.28995488,  6502.37,  4562.07,  373.238454151,  197.12100326,  558.558
1577.31038919,  6498.58,  4558.7,  373.243375601,  197.121607799,  559.244
1577.33082351,  6507.66,  4565.57,  373.239926341,  197.122819756,  559.337
1577.35125793,  6500.3,  4560.44,  373.243033476,  197.123369838,  559.449
1577.37169214,  6501.42,  4560.6,  373.243752352,  197.123062253,  559.787
1577.39212656,  6505.9,  4564.3,  373.241227181,  197.12312359,  559.436
1577.41256087,  6512.23,  4568.13,  373.24057739,  197.121916165,  559.746
1577.43299509,  6501.02,  4560.59,  373.241354664,  197.122159616,  559.551
1577.45342951,  6505.13,  4563.84,  373.240906369,  197.120399651,  559.371
1577.47386382,  6501.4,  4560.58,  373.242887292,  197.121119612,  559.044
1577.49429804,  6499.12,  4559.46,  373.239678934,  197.121458509,  558.503
1577.51473246,  6500.2,  4560.32,  373.24175152,  197.125269687,  559.472
1577.53516678,  6513.68,  4568.62,  373.242255127,  197.122473465,  559.086
1577.55560109,  6498.75,  4559.27,  373.242364305,  197.122759903,  559.14
1577.57603541,  6499.47,  4559.3,  373.240536826,  197.122698292,  558.862
1577.59646963,  6504.79,  4562.59,  373.240697666,  197.122675403,  558.447
1577.61690405,  6491.98,  4554.52,  373.243644304,  197.122475847,  558.426
1577.63733836,  6500.58,  4560.11,  373.239977931,  197.123693908,  558.553
1577.65777258,  6499.38,  4558.95,  373.241170013,  197.123114624,  558.625
1577.678207,  6508.39,  4565.55,  373.238774405,  197.124350367,  558.802
1577.69864132,  6499.49,  4558.97,  373.240881309,  197.122580452,  558.217
1577.71907564,  6499.65,  4559.6,  373.243051961,  197.123167463,  558.979
1577.73950995,  6503.9,  4562.47,  373.24155631,  197.123356575,  558.203
1577.75994427,  6488.55,  4551.6,  373.242918294,  197.122947925,  558.349
1577.78037869,  6504.29,  4563.02,  373.242250567,  197.122755418,  558.043
1577.80081291,  6492.51,  4554.45,  373.243270434,  197.121844989,  558.211
1577.82124723,  6504.92,  4563.03,  373.243136662,  197.123541025,  558.237
1577.84168165,  6499.87,  4560.18,  373.242011176,  197.122328872,  558.287
1577.86211597,  6496.62,  4557.17,  373.2416795,  197.123376538,  557.644
1577.88255019,  6508.83,  4565.94,  373.241991537,  197.123605637,  557.807
1577.90298461,  6503.13,  4562.17,  373.240606189,  197.121797683,  558.359
1577.92341893,  6499.37,  4559.29,  373.242792832,  197.122931598,  557.474
1577.94385325,  6499.85,  4559.86,  373.242149874,  197.122004697,  558.237
1577.96428756,  6501.55,  4560.95,  373.241461878,  197.122345622,  557.653
1577.98472188,  6509.24,  4566.03,  373.241714436,  197.12161242,  556.772
1578.0051562,  6502.28,  4561.98,  373.242952006,  197.122656435,  557.35
1578.02559052,  6500.4,  4559.97,  373.240170851,  197.123637708,  558.124
1578.04602484,  6502.81,  4561.89,  373.242072879,  197.123046235,  556.959
1578.06645926,  6506.94,  4565.17,  373.242384243,  197.123323968,  560.848
1578.08689349,  6498.19,  4558.42,  373.243381867,  197.120373297,  557.322
1578.10732781,  6499.39,  4559.84,  373.24094054,  197.120687865,  556.486
1578.12776223,  6494.26,  4556.26,  373.240857978,  197.124309789,  558.671
1578.14819645,  6503.11,  4562.04,  373.241938264,  197.123100296,  557.379
1578.16863087,  6503.51,  4562.79,  373.244169507,  197.122096961,  557.527
1578.18906519,  6508.51,  4565.91,  373.239628407,  197.124926689,  557.166
1578.20949941,  6508.0,  4565.62,  373.242125038,  197.122976417,  556.987
1578.22993383,  6504.03,  4563.34,  373.241498068,  197.124651465,  558.105
1578.25036805,  6506.8,  4564.42,  373.241983742,  197.12326779,  557.975
1578.27080237,  6505.8,  4564.21,  373.24236723,  197.122327543,  557.006
1578.2912368,  6500.56,  4560.94,  373.24039308,  197.120182852,  556.902
1578.31167102,  6501.84,  4560.99,  373.242113899,  197.122790638,  556.491
1578.33210544,  6505.77,  4564.45,  373.242561502,  197.122982683,  557.171
1578.35253976,  6508.93,  4566.3,  373.241097086,  197.123209708,  557.158
1578.37297398,  6501.83,  4561.21,  373.240560326,  197.123823765,  556.608
1578.3934084,  6493.09,  4555.94,  373.241410658,  197.123438464,  557.296
1578.41384273,  6506.49,  4564.76,  373.242059959,  197.122943688,  556.949
1578.43427705,  6497.48,  4558.51,  373.242018984,  197.122525444,  557.586
1578.45471137,  6497.71,  4559.19,  373.241001947,  197.123493841,  556.627
1578.47514569,  6509.46,  4566.69,  373.241859773,  197.123374409,  556.834
1578.49558002,  6499.41,  4560.36,  373.242248059,  197.123922293,  557.391
1578.51601434,  6508.51,  4566.57,  373.240206285,  197.122942115,  556.929
1578.53644866,  6497.19,  4558.6,  373.242857779,  197.122266614,  556.896
1578.55688308,  6499.44,  4560.41,  373.242038857,  197.12340493,  556.639
1578.57731741,  6508.76,  4566.7,  373.242315741,  197.122206123,  556.476
1578.59775163,  6506.58,  4565.21,  373.241859907,  197.121900421,  556.527
1578.63862038,  6516.37,  4571.87,  373.239888262,  197.123758857,  556.36
1578.6590546,  6504.01,  4563.56,  373.242203306,  197.12283388,  556.856
1578.67948903,  6498.38,  4559.67,  373.239668718,  197.124082576,  556.459
1578.69992335,  6503.6,  4563.24,  373.241402275,  197.123115326,  556.219
1578.72035757,  6511.73,  4569.42,  373.241678433,  197.123949865,  556.421
1578.740792,  6504.5,  4564.15,  373.242810103,  197.121979678,  555.373
1578.76122632,  6496.91,  4558.9,  373.241032327,  197.123613674,  555.799
1578.78166075,  6498.35,  4560.67,  373.242929907,  197.122622464,  555.927
1578.80209497,  6489.0,  4553.98,  373.242167367,  197.123366254,  555.396
1578.82252929,  6497.79,  4560.38,  373.240690337,  197.124393723,  555.679
1578.84296372,  6499.02,  4561.62,  373.240670623,  197.121294571,  555.385
1578.86339794,  6500.4,  4562.18,  373.241809553,  197.122688217,  556.213
1578.88383227,  6500.41,  4562.68,  373.241010819,  197.121614399,  555.197
1578.90426659,  6499.52,  4562.08,  373.240238721,  197.123972852,  555.935
1578.92470092,  6493.73,  4557.91,  373.241773832,  197.124240635,  556.498
1578.94513534,  6496.33,  4560.56,  373.240612958,  197.123377928,  556.362
1578.96556957,  6501.29,  4563.54,  373.240810565,  197.12099826,  555.701
1578.98600389,  6497.86,  4561.51,  373.239424716,  197.124307391,  556.006
1579.00643832,  6506.67,  4567.89,  373.242526919,  197.12177365,  555.668
1579.02687254,  6498.49,  4561.66,  373.241199307,  197.12426767,  555.651
1579.04730687,  6503.89,  4566.04,  373.242533188,  197.124049688,  555.434
1579.0677413,  6507.72,  4568.77,  373.242581816,  197.123125506,  554.765
1579.08817562,  6508.89,  4569.22,  373.243579454,  197.123112814,  555.483
1579.10860985,  6492.91,  4558.91,  373.242165985,  197.121907195,  555.554
1579.12904427,  6504.5,  4566.39,  373.239764796,  197.123581952,  555.243
1579.1494786,  6499.18,  4562.56,  373.240725211,  197.122335363,  555.294
1579.16991293,  6495.13,  4560.41,  373.242095561,  197.123232805,  555.222
1579.19034725,  6499.77,  4563.02,  373.241496636,  197.12322493,  553.826
1579.21078158,  6500.48,  4563.61,  373.240855962,  197.1229032,  555.584
1579.23121601,  6500.33,  4563.88,  373.242053107,  197.122781767,  554.055
1579.25165023,  6498.81,  4562.45,  373.24001942,  197.123089945,  555.219
1579.27208456,  6501.3,  4564.97,  373.242965922,  197.121841984,  554.742
1579.29251899,  6499.08,  4562.45,  373.240515828,  197.12424005,  556.251
1579.31295321,  6500.83,  4563.69,  373.241795209,  197.123014623,  554.225
1579.33338764,  6502.27,  4565.41,  373.241756154,  197.121124376,  554.388
1579.35382197,  6497.58,  4561.43,  373.243201352,  197.122819233,  554.996
1579.3742562,  6494.65,  4559.6,  373.24200198,  197.122923799,  554.886
1579.39469062,  6504.99,  4567.02,  373.2423347,  197.121644047,  554.944
1579.41512495,  6495.63,  4559.6,  373.240344081,  197.123460006,  554.313
1579.43555918,  6499.16,  4562.67,  373.240766719,  197.123448335,  554.545
1579.45599361,  6499.55,  4562.79,  373.242542545,  197.123174511,  555.737
1579.47642793,  6502.25,  4563.97,  373.241930129,  197.123094951,  554.776
1579.49686216,  6496.25,  4560.67,  373.240312697,  197.124012934,  554.842
1579.51729659,  6507.48,  4567.74,  373.242683728,  197.123398383,  554.428
1579.53773082,  6486.1,  4553.01,  373.239605321,  197.122691296,  555.272
1579.55816525,  6502.87,  4565.21,  373.243916019,  197.124771634,  555.216
1579.57859958,  6499.97,  4562.66,  373.241157267,  197.123774641,  554.967
1579.5990339,  6499.63,  4562.21,  373.242721554,  197.123412772,  555.328
1579.61946823,  6503.89,  4565.63,  373.241177191,  197.121833272,  554.628
1579.63990256,  6505.7,  4565.8,  373.241119148,  197.122460122,  554.686
1579.66033689,  6497.49,  4560.77,  373.24182744,  197.12147926,  554.264
1579.68077122,  6502.36,  4563.98,  373.242755621,  197.123195434,  554.685
1579.70120555,  6501.21,  4562.89,  373.241937963,  197.125725681,  553.901
1579.72163998,  6499.87,  4562.31,  373.240057879,  197.124698864,  554.319
1579.74207431,  6505.37,  4565.55,  373.243344431,  197.123966546,  554.061
1579.76250854,  6496.06,  4559.07,  373.242328689,  197.121567662,  554.112
1579.78294297,  6503.38,  4564.4,  373.242301057,  197.124837468,  553.326
1579.8033773,  6502.85,  4563.06,  373.243572525,  197.124789082,  553.623
1579.82381153,  6499.17,  4560.74,  373.240429408,  197.122704704,  554.128
1579.84424596,  6505.66,  4565.7,  373.241872234,  197.122674278,  553.226
1579.86468029,  6499.48,  4560.84,  373.240732003,  197.123776273,  553.005
1579.88511452,  6500.0,  4561.56,  373.242696436,  197.123706878,  553.564
1579.90554895,  6507.08,  4566.0,  373.243203039,  197.123421117,  553.446
1579.92598328,  6499.12,  4560.69,  373.242147922,  197.123533239,  552.943
1579.94641771,  6505.5,  4565.12,  373.241964282,  197.123807307,  553.621
1579.96685194,  6506.54,  4565.21,  373.240742243,  197.124145473,  553.566
1579.98728627,  6500.26,  4561.03,  373.239743635,  197.124417746,  552.936
1580.0077207,  6495.21,  4557.69,  373.239576855,  197.12197118,  553.836
1580.02815493,  6504.29,  4563.2,  373.24066586,  197.125013324,  553.255
1580.04858926,  6508.19,  4566.44,  373.240958698,  197.122168324,  553.488
1580.06902369,  6512.05,  4568.93,  373.242654497,  197.12488073,  552.871
1580.08945792,  6510.02,  4567.06,  373.242598738,  197.124151363,  553.141
1580.10989226,  6501.37,  4561.78,  373.240407678,  197.123979999,  552.562
1580.13032669,  6503.22,  4562.32,  373.242894673,  197.123873207,  552.713
1580.15076092,  6498.4,  4558.97,  373.242440545,  197.123557712,  551.849
1580.17119535,  6507.48,  4565.51,  373.242288878,  197.123545466,  551.872
1580.19162958,  6505.23,  4563.19,  373.241942426,  197.123793676,  552.231
1580.21206391,  6497.01,  4557.86,  373.241915159,  197.122765615,  552.464
1580.23249835,  6500.61,  4560.63,  373.241000126,  197.123205015,  553.123
1580.25293258,  6509.74,  4566.21,  373.24019379,  197.122223259,  552.228
1580.27336691,  6503.48,  4562.46,  373.240932656,  197.123162259,  551.918
1580.29380134,  6504.44,  4562.44,  373.242085658,  197.122593432,  552.084
1580.31423567,  6503.88,  4562.12,  373.242358655,  197.125185957,  551.574
1580.33467001,  6509.87,  4566.78,  373.241658407,  197.12032123,  552.363
1580.35510434,  6504.36,  4562.54,  373.242787052,  197.123122848,  551.308
1580.37553867,  6498.71,  4558.55,  373.242796073,  197.125016361,  551.373
1580.39597301,  6499.65,  4559.64,  373.242343906,  197.122914607,  551.562
1580.41640734,  6506.07,  4563.28,  373.242229787,  197.121969012,  551.749
1580.43684167,  6504.5,  4562.6,  373.241302851,  197.124005607,  552.197
1580.4572761,  6493.51,  4555.03,  373.244345699,  197.122008038,  551.328
1580.47771034,  6499.56,  4558.66,  373.24268152,  197.123426109,  551.253
1580.49814467,  6498.12,  4558.18,  373.24319303,  197.121562897,  551.8
1580.5185791,  6497.74,  4557.24,  373.243616577,  197.121251175,  551.93
1580.53901334,  6506.72,  4563.65,  373.241299806,  197.124443221,  551.605
1580.55944777,  6502.48,  4561.05,  373.24147421,  197.12211426,  551.789
1580.57988211,  6498.71,  4557.87,  373.241720375,  197.122169711,  550.824
1580.60031634,  6510.07,  4566.29,  373.239979971,  197.124218181,  550.995
1580.62075077,  6504.03,  4562.06,  373.241724587,  197.12337479,  551.615
1580.64118511,  6508.25,  4564.61,  373.24164983,  197.123835315,  550.889
1580.66161934,  6501.5,  4560.31,  373.241713338,  197.123618079,  550.973
1580.68205378,  6498.94,  4558.07,  373.240697614,  197.122169825,  551.668
1580.70248811,  6512.38,  4566.96,  373.243884258,  197.123202801,  551.117
1580.72292254,  6498.13,  4557.9,  373.239405775,  197.124113428,  550.57
1580.74335678,  6504.08,  4561.11,  373.239421404,  197.125280217,  550.58
1580.76379111,  6503.36,  4560.97,  373.243053406,  197.121833433,  550.487
1580.78422555,  6506.11,  4563.27,  373.241068894,  197.123580882,  551.214
1580.80465978,  6500.79,  4559.04,  373.24164753,  197.123806937,  550.543
1580.82509412,  6508.81,  4564.97,  373.243399149,  197.122039145,  550.709
1580.84552845,  6509.07,  4564.72,  373.240827344,  197.123618848,  551.295
1580.86596279,  6507.75,  4563.71,  373.244363529,  197.122416225,  550.178
1580.88639712,  6502.07,  4560.56,  373.244124594,  197.122954599,  550.142
1580.90683146,  6506.17,  4562.63,  373.2426532,  197.12248906,  550.469
1580.9272658,  6500.92,  4559.17,  373.242776543,  197.122889193,  550.354
1580.94770023,  6513.88,  4568.55,  373.242187223,  197.123617938,  550.381
1580.96813457,  6503.5,  4560.63,  373.240059956,  197.121492978,  549.936
1580.9885688,  6502.5,  4560.56,  373.240791598,  197.124282274,  550.649
1581.00900324,  6506.41,  4563.23,  373.24279864,  197.123467524,  549.752
1581.02943757,  6505.0,  4561.77,  373.239201333,  197.122655334,  549.918
1581.04987181,  6506.95,  4563.67,  373.240293844,  197.123727562,  550.427
1581.07030625,  6507.58,  4563.76,  373.242130764,  197.124754354,  549.567
1581.09074058,  6503.95,  4561.0,  373.241385447,  197.124597285,  549.943
1581.11117502,  6502.97,  4561.04,  373.242080185,  197.122757818,  550.407
1581.13160926,  6501.22,  4558.59,  373.241064847,  197.123834077,  550.331
1581.15204359,  6504.33,  4561.36,  373.240389032,  197.121797522,  549.841
1581.17247803,  6509.59,  4565.42,  373.243862332,  197.123416509,  548.93
1581.19291227,  6505.69,  4562.03,  373.241341439,  197.12268426,  548.812
1581.2133466,  6504.81,  4561.98,  373.242162343,  197.125348438,  549.577
1581.23378104,  6502.24,  4560.18,  373.241233247,  197.125214923,  549.912
1581.25421528,  6498.88,  4557.37,  373.244575662,  197.124051141,  549.843
1581.27464961,  6507.12,  4563.63,  373.243750344,  197.122774634,  549.45
1581.29508405,  6496.5,  4555.64,  373.241218143,  197.123887325,  550.292
1581.31551829,  6502.4,  4559.86,  373.241019761,  197.124286563,  548.846
1581.33595273,  6491.92,  4552.98,  373.243300141,  197.123200097,  549.391
1581.35638706,  6496.8,  4555.93,  373.241917014,  197.122773096,  549.061
1581.3768214,  6500.77,  4559.02,  373.24162528,  197.125117775,  549.164
1581.39725574,  6503.6,  4560.6,  373.241727315,  197.122977799,  550.259
1581.41769008,  6490.39,  4551.62,  373.2413513,  197.122720474,  549.724
1581.43812442,  6497.02,  4556.44,  373.245111875,  197.122668418,  549.588
1581.45855875,  6495.95,  4555.12,  373.241414113,  197.123795476,  548.522
1581.47899309,  6498.34,  4556.7,  373.243532339,  197.122439996,  549.818
1581.49942743,  6507.48,  4563.49,  373.240334046,  197.124384832,  549.098
1581.51986177,  6510.43,  4565.09,  373.242077234,  197.124968131,  549.518
1581.54029611,  6496.68,  4555.8,  373.240729701,  197.123354085,  549.067
1581.56073045,  6512.07,  4566.22,  373.241808943,  197.123945702,  548.336
1581.58116479,  6502.13,  4559.11,  373.241036794,  197.123706648,  549.008
1586.83278601,  6522.96,  4457.88,  373.245669506,  197.131796141,  539.802
1586.85322047,  6532.13,  4464.18,  373.245110804,  197.131067017,  540.057
1586.87365473,  6532.92,  4464.71,  373.248061932,  197.133333853,  538.612
1586.8940892,  6535.38,  4466.41,  373.244749555,  197.133327273,  539.734
1586.91452356,  6532.83,  4465.47,  373.244623762,  197.135084616,  539.845
1586.93495782,  6531.98,  4464.58,  373.245676621,  197.13298295,  539.556
1586.95539228,  6533.22,  4465.86,  373.247548724,  197.132188688,  539.285
1586.97582664,  6521.83,  4458.71,  373.248516549,  197.133741999,  539.532
1586.99626101,  6538.64,  4469.82,  373.244427063,  197.134636852,  539.574
1587.01669537,  6525.9,  4462.36,  373.24516478,  197.133593429,  539.648
1587.03712973,  6525.26,  4462.16,  373.246160037,  197.133394915,  539.694
1587.05756419,  6519.51,  4458.15,  373.246204114,  197.133606959,  539.43
1587.07799856,  6534.99,  4469.79,  373.248573553,  197.134494125,  539.573
1587.09843282,  6534.79,  4469.47,  373.245625742,  197.134624841,  539.085
1587.11886728,  6518.57,  4459.14,  373.247943535,  197.131697118,  539.311
1587.13930164,  6522.24,  4463.03,  373.246741154,  197.131024554,  538.805
1587.15973591,  6525.55,  4465.19,  373.244933421,  197.132524912,  540.076
1587.18017037,  6533.94,  4471.96,  373.245805772,  197.133471573,  538.998
1587.20060473,  6520.35,  4463.36,  373.247347297,  197.131194173,  539.23
1587.22103909,  6527.34,  4468.25,  373.246867039,  197.131912782,  539.028
1587.24147346,  6524.59,  4467.45,  373.243732902,  197.133505491,  538.565
1587.26190772,  6519.87,  4464.88,  373.246835676,  197.13271878,  538.778
1587.28234218,  6521.87,  4467.18,  373.24662391,  197.131439227,  537.994
1587.30277655,  6530.95,  4474.76,  373.248019032,  197.131456472,  537.648
1587.32321081,  6533.86,  4476.71,  373.244749227,  197.132569076,  538.667
1587.34364527,  6522.88,  4470.11,  373.246341892,  197.131623959,  539.234
1587.36407964,  6530.72,  4477.14,  373.245866126,  197.132534477,  538.874
1587.3845141,  6519.88,  4469.6,  373.247136392,  197.131912448,  538.762
1587.40494836,  6524.88,  4474.71,  373.245763001,  197.131604974,  538.435
1587.42538273,  6523.67,  4474.41,  373.245161492,  197.1320745,  538.329
1587.44581719,  6523.46,  4474.68,  373.245169439,  197.129831013,  538.623
1587.46625146,  6530.79,  4481.46,  373.244243059,  197.130401381,  538.36
1587.50712028,  6520.67,  4475.63,  373.245935681,  197.130481527,  537.86
1587.52755455,  6525.71,  4480.26,  373.246332942,  197.131204253,  538.126
1587.54798901,  6528.53,  4482.63,  373.246721847,  197.130433785,  538.76
1587.56842338,  6529.53,  4484.46,  373.246630525,  197.130643672,  538.045
1587.58885774,  6518.39,  4477.92,  373.246179836,  197.129198047,  538.155
1587.60929211,  6523.93,  4481.58,  373.244409316,  197.129740175,  538.064
1587.62972647,  6531.46,  4488.24,  373.246191717,  197.129396282,  538.412
1587.65016083,  6520.89,  4481.56,  373.246364217,  197.131633498,  538.854
1587.6705952,  6522.56,  4483.45,  373.245422275,  197.131720876,  537.716
1587.69102956,  6525.78,  4486.97,  373.244355852,  197.130938222,  538.263
1587.71146403,  6526.96,  4488.07,  373.248612784,  197.129636376,  538.015
1587.73189829,  6521.96,  4485.39,  373.248249956,  197.130846899,  538.566
1587.75233266,  6516.79,  4483.27,  373.246042536,  197.129217944,  537.469
1587.77276712,  6513.71,  4480.98,  373.244910923,  197.129577616,  537.387
1587.79320149,  6531.55,  4494.7,  373.245678151,  197.129359784,  538.322
1587.81363575,  6516.6,  4485.4,  373.24544158,  197.129962959,  537.68
1587.83407022,  6527.83,  4493.46,  373.242512265,  197.132739589,  538.871
1587.85450448,  6519.25,  4489.08,  373.244500213,  197.130379121,  538.781
1587.87493895,  6514.69,  4486.3,  373.245495392,  197.130581496,  538.063
1587.89537332,  6520.28,  4490.58,  373.247898135,  197.128960615,  537.999
1587.91580758,  6520.5,  4492.37,  373.245178279,  197.130269936,  538.555
1587.93624205,  6509.29,  4484.84,  373.246296314,  197.130177963,  537.754
1587.95667641,  6521.66,  4494.49,  373.245149322,  197.128808245,  538.625
1587.97711068,  6518.55,  4493.25,  373.245617005,  197.133175308,  537.026
1587.99754514,  6523.53,  4496.59,  373.247423443,  197.131202205,  537.546
1588.01797951,  6515.18,  4492.6,  373.246884055,  197.127972158,  538.274
1588.03841378,  6514.77,  4492.75,  373.247134158,  197.13099526,  537.852
1588.05884824,  6514.73,  4493.38,  373.246254629,  197.13028312,  537.396
1588.07928261,  6530.4,  4505.82,  373.245270908,  197.130278225,  537.494
1588.09971707,  6513.33,  4493.71,  373.245138903,  197.12971236,  537.209
1588.12015134,  6526.3,  4503.79,  373.247558138,  197.127708789,  537.444
1588.14058571,  6518.73,  4499.74,  373.244696103,  197.129072557,  537.313
1588.16102017,  6508.52,  4492.73,  373.245730133,  197.130246591,  537.394
1588.18145444,  6520.67,  4502.41,  373.244847563,  197.129363609,  538.574
1588.20188881,  6512.47,  4497.48,  373.243935493,  197.130097688,  537.119
1588.22232327,  6521.13,  4503.62,  373.246224608,  197.130166519,  537.628
1588.24275754,  6519.95,  4503.83,  373.246175403,  197.12986439,  536.614
1588.26319201,  6520.52,  4504.81,  373.24508344,  197.12879016,  536.76
1588.28362637,  6512.18,  4499.62,  373.24357936,  197.131556356,  537.638
1588.30406074,  6515.35,  4503.14,  373.243405641,  197.131668651,  536.062
1588.32449511,  6523.95,  4509.16,  373.247427583,  197.12985071,  536.135
1588.34492947,  6516.99,  4505.16,  373.243856812,  197.132103597,  537.358
1588.36536384,  6522.34,  4509.73,  373.243155837,  197.130309859,  536.387
1588.38579821,  6513.26,  4503.58,  373.244211114,  197.12873428,  536.828
1588.40623257,  6516.08,  4506.43,  373.244438615,  197.130742708,  536.531
1588.42666694,  6512.41,  4504.47,  373.245008055,  197.130222222,  535.62
1588.44710141,  6511.9,  4504.41,  373.24307194,  197.130223075,  536.576
1588.46753568,  6513.59,  4506.9,  373.246664047,  197.128574151,  536.696
1588.48797014,  6512.39,  4506.08,  373.244203529,  197.13112034,  535.397
1588.50840441,  6512.91,  4506.81,  373.245412196,  197.129552329,  535.706
1588.52883878,  6510.64,  4506.38,  373.246167186,  197.12861859,  535.559
1588.54927325,  6514.74,  4508.7,  373.245778727,  197.130091614,  536.448
1588.56970751,  6514.96,  4510.1,  373.24403967,  197.128456517,  536.187
1588.59014188,  6508.39,  4506.4,  373.245788188,  197.12776627,  536.119
1588.61057635,  6515.01,  4511.09,  373.246133453,  197.130702958,  535.933
1588.63101062,  6507.16,  4506.53,  373.244936133,  197.127821409,  536.1
1588.65144509,  6508.1,  4507.33,  373.245498411,  197.128266497,  535.489
1588.67187945,  6516.47,  4513.38,  373.245102237,  197.12925595,  535.538
1588.69231372,  6515.56,  4514.0,  373.245525438,  197.129465908,  536.581
1588.71274819,  6507.72,  4508.2,  373.244033389,  197.130110315,  535.051
1588.73318256,  6506.95,  4508.73,  373.246141125,  197.128987514,  535.326
1588.75361683,  6522.24,  4519.84,  373.244980751,  197.130037782,  534.272
1588.7740513,  6507.84,  4509.56,  373.244934353,  197.128172769,  535.614
1588.79448566,  6517.84,  4517.81,  373.24638143,  197.128169789,  534.493
1588.81492003,  6512.23,  4513.78,  373.246171591,  197.127807609,  534.966
1588.8353544,  6507.52,  4510.83,  373.244070057,  197.130149194,  535.496
1588.85578877,  6510.36,  4513.96,  373.245610019,  197.126793719,  535.439
1588.87622324,  6514.26,  4516.55,  373.247008467,  197.129245407,  534.84
1588.89665751,  6498.9,  4506.31,  373.24494881,  197.129510784,  534.837
1588.91709188,  6510.92,  4515.66,  373.243334627,  197.130462801,  535.096
1588.93752635,  6518.07,  4520.18,  373.247570949,  197.127334288,  534.718
1588.95796072,  6510.08,  4515.67,  373.246040818,  197.127637341,  534.95
1588.97839498,  6512.78,  4517.68,  373.245368972,  197.128865776,  534.864
1588.99882945,  6516.9,  4520.64,  373.244383756,  197.129344348,  534.398
1589.01926382,  6506.27,  4514.47,  373.242439205,  197.128689809,  535.055
1589.03969809,  6510.98,  4517.68,  373.245720633,  197.128335411,  534.935
1589.06013256,  6512.1,  4518.67,  373.244185117,  197.126903775,  535.163
1589.08056693,  6508.96,  4517.62,  373.24433308,  197.127713875,  534.138
1589.1010014,  6511.48,  4518.94,  373.244786135,  197.127318424,  535.056
1589.12143567,  6517.1,  4523.28,  373.244490473,  197.127584389,  534.954
1589.14187004,  6505.39,  4516.25,  373.245588048,  197.127042141,  534.857
1589.16230441,  6510.82,  4519.46,  373.246360795,  197.128257308,  534.47
1589.18273878,  6510.19,  4520.38,  373.245898184,  197.127824385,  534.758
1589.20317305,  6508.83,  4519.09,  373.246472969,  197.127823542,  534.549
1589.22360752,  6506.59,  4517.74,  373.245974545,  197.126605642,  534.566
1589.24404189,  6508.14,  4520.36,  373.246314905,  197.128626173,  535.088
1589.26447636,  6508.57,  4519.91,  373.243903162,  197.127724115,  534.663
1589.28491063,  6508.9,  4520.51,  373.244349588,  197.128577847,  533.477
1589.305345,  6502.78,  4517.15,  373.242908413,  197.126623285,  534.441
1589.32577947,  6502.26,  4516.44,  373.244280568,  197.12561387,  533.349
1589.34621374,  6508.69,  4521.66,  373.244683075,  197.127996932,  534.692
1589.36664811,  6511.91,  4524.24,  373.244147003,  197.127045046,  534.158
1589.38708258,  6504.34,  4518.68,  373.243361571,  197.12720616,  533.844
1589.40751685,  6509.32,  4523.27,  373.246570666,  197.126741396,  533.968
1589.42795122,  6511.39,  4524.45,  373.242727492,  197.128076647,  532.667
1589.44838569,  6504.97,  4520.22,  373.244182839,  197.128248466,  533.952
1589.46882006,  6508.12,  4523.34,  373.245569595,  197.13039995,  533.392
1589.48925443,  6506.74,  4521.61,  373.245313621,  197.128730403,  534.112
1589.50968881,  6505.06,  4520.92,  373.246191341,  197.127362836,  533.7
1589.53012318,  6507.96,  4523.44,  373.242610197,  197.128924016,  534.245
1589.55055755,  6501.73,  4518.43,  373.243486797,  197.125975672,  533.891
1589.57099192,  6506.41,  4522.32,  373.244944304,  197.127260052,  534.188
1589.59142629,  6509.07,  4524.47,  373.243551437,  197.129627762,  533.809
1589.61186076,  6510.41,  4525.52,  373.244770566,  197.127391719,  534.099
1589.63229503,  6503.96,  4521.91,  373.243718451,  197.126957447,  533.686
1589.6527294,  6501.02,  4519.73,  373.242978749,  197.126871631,  533.676
1589.67316387,  6518.71,  4532.21,  373.245525729,  197.127355238,  533.405
1589.69359815,  6513.37,  4529.32,  373.244132805,  197.126359425,  533.234
1589.71403262,  6511.32,  4527.34,  373.243914245,  197.126453339,  533.909
1589.73446699,  6504.55,  4522.92,  373.243247351,  197.125934638,  533.99
1589.75490126,  6507.51,  4525.4,  373.24483591,  197.127909662,  533.034
1589.77533573,  6506.16,  4524.17,  373.244982904,  197.127122771,  534.051
1589.7957701,  6502.56,  4522.64,  373.243652149,  197.128782698,  533.799
1589.81620438,  6503.92,  4523.45,  373.245755605,  197.126978162,  532.693
1589.85707312,  6505.31,  4525.09,  373.241316574,  197.127372356,  532.912
1589.87750759,  6509.91,  4527.53,  373.245091096,  197.126056207,  532.732
1589.89794196,  6502.73,  4522.65,  373.244112052,  197.125556,  534.162
1589.91837624,  6509.91,  4528.08,  373.244029051,  197.128251207,  533.152
1589.93881071,  6506.64,  4525.27,  373.243173065,  197.12781328,  532.332
1589.95924508,  6497.12,  4519.3,  373.243533716,  197.127764218,  533.478
1589.97967935,  6510.62,  4528.78,  373.244057405,  197.127770302,  532.967
1590.00011383,  6499.01,  4520.17,  373.24428243,  197.127682351,  533.109
1590.0205482,  6513.89,  4531.39,  373.244504415,  197.126752197,  532.67
1590.04098257,  6506.79,  4525.88,  373.24361472,  197.126531913,  533.548
1590.06141694,  6504.83,  4524.63,  373.246438248,  197.128104511,  532.455
1590.08185132,  6508.77,  4528.05,  373.242774766,  197.127473046,  532.686
1590.10228579,  6497.33,  4519.65,  373.245513603,  197.127575293,  532.701
1590.12272006,  6508.76,  4528.05,  373.24251925,  197.127087788,  532.34
1590.14315443,  6529.14,  4542.11,  373.247029156,  197.127896686,  532.942
1590.16358891,  6512.97,  4530.83,  373.245308866,  197.126712686,  532.578
1590.18402328,  6504.01,  4525.16,  373.242673044,  197.128989855,  532.887
1590.20445755,  6515.25,  4532.8,  373.243849108,  197.129234896,  532.68
1590.22489203,  6511.2,  4529.94,  373.242864239,  197.128134573,  532.735
1590.2453264,  6507.56,  4528.23,  373.243637893,  197.127709058,  532.451
1590.26576067,  6499.42,  4522.02,  373.24575414,  197.12865492,  533.122
1590.28619515,  6515.95,  4533.76,  373.243400437,  197.128187031,  531.565
1590.30662952,  6499.78,  4523.17,  373.244874965,  197.128722975,  533.084
1590.32706399,  6503.86,  4525.35,  373.243008218,  197.125546709,  532.757
1590.34749827,  6505.33,  4526.88,  373.245382015,  197.12886501,  532.655
1590.36793264,  6500.52,  4523.83,  373.243720773,  197.127878536,  531.947
1590.38836711,  6504.86,  4526.61,  373.244971999,  197.127606884,  533.608
1590.40880139,  6512.83,  4532.91,  373.242506625,  197.128290379,  532.824
1590.42923576,  6504.81,  4527.19,  373.243522019,  197.126689906,  531.636
1590.44967013,  6506.55,  4528.6,  373.243956899,  197.126875302,  531.698
1590.47010451,  6504.37,  4527.66,  373.242150519,  197.13160381,  531.344
1590.49053898,  6500.1,  4524.04,  373.242135324,  197.126743283,  531.736
1590.51097326,  6510.72,  4531.8,  373.243071041,  197.128984421,  532.552
1590.53140763,  6510.47,  4531.81,  373.242942865,  197.127174109,  531.766
1590.5518421,  6506.27,  4528.57,  373.240598876,  197.129635531,  532.283
1590.57227638,  6503.93,  4527.72,  373.244931622,  197.127436765,  532.175
1590.59271075,  6439.59,  4483.37,  373.244185376,  197.127089666,  532.305
1590.61314523,  6332.86,  4409.54,  373.245909005,  197.124037333,  532.725
1590.6335795,  6237.86,  4344.87,  373.245774957,  197.125570005,  532.485
1590.65401388,  6196.74,  4315.96,  373.245331776,  197.126370197,  532.478
1590.67444835,  6169.76,  4297.62,  373.243876362,  197.127243103,  531.564
1590.69488272,  6200.07,  4319.34,  373.245443436,  197.125949977,  532.222
1590.7153171,  6271.95,  4368.21,  373.244235596,  197.124734088,  531.896
1590.73575147,  6364.74,  4432.75,  373.245882314,  197.126682473,  531.955
1590.75618585,  6451.85,  4492.94,  373.243801504,  197.128581863,  531.645
1590.77662022,  6501.48,  4526.87,  373.240649917,  197.12778478,  531.472
1590.7970546,  6501.35,  4527.27,  373.243606918,  197.127810106,  531.998
1590.81748897,  6505.96,  4530.18,  373.241276807,  197.128791178,  531.759
1590.83792345,  6496.57,  4523.58,  373.243398899,  197.126425905,  531.156
1590.85835772,  6507.48,  4532.27,  373.244650012,  197.126829532,  531.995
1590.8787921,  6514.24,  4535.89,  373.245959262,  197.126002761,  531.035
1590.89922657,  6501.99,  4528.04,  373.244040517,  197.127728959,  531.898
1590.91966085,  6505.33,  4530.86,  373.24684422,  197.126781199,  532.153
1590.94009532,  6505.03,  4529.88,  373.244369902,  197.125490596,  531.541
1590.9605297,  6510.25,  4534.25,  373.243042862,  197.126822069,  531.278
1590.98096397,  6508.73,  4529.97,  373.243589161,  197.127161542,  532.115
1591.00139845,  6509.85,  4531.52,  373.244134319,  197.127356671,  531.455
