Kepler I.D.-----Channel

[6432059]--------[47]

-TTYPE1--------TTYPE8------------TTYPE4-----------TTYPE15------------TTYPE17-----------TTYPE6

['TIME']---['PDCSAP_FLUX']---['SAP_FLUX']---['MOM_CENTR1']---['MOM_CENTR2']---['SAP_BKG']

['BJD - 2454833']--['e-/s']--------['e-/s']---------['pixel']---------['pixel']----------['e-/s']

CROWDSAP --- 0.9843

6432059

1559.24656421,  17083.5,  14781.4,  62.5736231781,  875.175179589,  1025.66
1559.26699853,  17071.2,  14772.5,  62.5738187304,  875.17511174,  1025.47
1559.28743296,  17065.3,  14766.9,  62.5737192655,  875.174951818,  1024.52
1559.30786719,  17052.3,  14755.7,  62.5739459245,  875.17535152,  1024.52
1559.32830152,  17038.5,  14744.9,  62.5737893588,  875.175349119,  1024.62
1559.34873594,  17019.7,  14727.3,  62.5733189801,  875.175691062,  1024.95
1559.36917017,  17012.9,  14722.7,  62.5729293641,  875.175264427,  1023.77
1559.3896046,  16998.8,  14711.3,  62.5735386344,  875.175706351,  1024.97
1559.41003893,  16999.4,  14710.3,  62.5739949345,  875.175755976,  1024.49
1559.43047326,  17007.1,  14717.9,  62.5735142634,  875.175810657,  1024.08
1559.45090759,  17019.5,  14728.2,  62.5735517742,  875.175358048,  1024.33
1559.47134191,  17024.5,  14732.3,  62.5736695294,  875.176222737,  1023.9
1559.49177624,  17038.6,  14745.6,  62.5733170868,  875.17558502,  1024.19
1559.51221057,  17059.0,  14761.8,  62.5738961024,  875.175905111,  1023.96
1559.5326449,  17075.4,  14776.1,  62.5736234998,  875.175885021,  1023.91
1559.55307923,  17101.3,  14799.5,  62.5744656099,  875.175698955,  1023.32
1559.57351356,  17131.7,  14823.8,  62.5738639099,  875.176441548,  1023.05
1559.59394789,  17158.3,  14847.4,  62.5734550084,  875.176289152,  1023.67
1559.61438222,  17070.1,  14772.4,  62.5744138384,  875.176133032,  1022.76
1559.63481655,  16996.0,  14708.6,  62.5741460392,  875.176831036,  1022.81
1559.65525088,  17081.9,  14782.5,  62.5736837109,  875.176039903,  1023.93
1559.67568531,  17216.4,  14896.8,  62.5741935139,  875.175885211,  1023.62
1559.69611954,  17232.3,  14909.7,  62.5744326901,  875.176410007,  1023.23
1559.71655387,  17217.6,  14898.0,  62.5743329287,  875.175946675,  1022.09
1559.73698831,  17217.1,  14897.1,  62.5742178432,  875.175420191,  1022.13
1559.75742254,  17189.0,  14873.2,  62.5742392657,  875.176504709,  1022.7
1559.77785697,  17183.8,  14869.9,  62.5737000114,  875.176113768,  1023.0
1559.7982913,  17165.4,  14852.8,  62.5738400998,  875.176527997,  1021.93
1559.81872553,  17153.4,  14842.8,  62.5737773525,  875.176444963,  1022.49
1559.83915996,  17149.6,  14840.7,  62.5740627263,  875.176361179,  1021.44
1559.8595943,  17137.3,  14829.3,  62.5740180885,  875.17630013,  1022.16
1559.88002853,  17139.2,  14831.6,  62.5739120045,  875.176620273,  1021.82
1559.90046296,  17122.4,  14817.2,  62.5742271916,  875.176968382,  1021.83
1559.92089729,  17126.3,  14820.0,  62.5743143629,  875.176900332,  1019.79
1559.94133173,  17128.0,  14822.3,  62.5746196935,  875.176797036,  1021.81
1559.96176596,  17114.8,  14810.0,  62.5743776157,  875.17645197,  1021.46
1559.98220029,  17114.5,  14810.2,  62.5739663217,  875.177508741,  1020.58
1560.00263473,  17092.1,  14791.3,  62.57385135,  875.177520462,  1021.54
1560.02306896,  17091.2,  14790.0,  62.5733591262,  875.176985315,  1021.55
1560.0435033,  17081.7,  14782.3,  62.5740954274,  875.177255054,  1019.82
1560.06393773,  17069.3,  14772.3,  62.574119843,  875.176323682,  1020.68
1560.08437196,  17056.4,  14760.4,  62.5739008406,  875.177672106,  1020.6
1560.1048064,  17036.4,  14744.7,  62.5737011149,  875.177160158,  1020.33
1560.12524073,  17026.6,  14736.1,  62.5739033436,  875.176655493,  1021.13
1560.14567497,  17014.1,  14724.6,  62.5743765967,  875.177203474,  1020.01
1560.1661094,  16997.5,  14711.6,  62.5740554621,  875.177694898,  1020.12
1560.18654374,  17002.1,  14714.6,  62.5740333528,  875.177372337,  1019.67
1560.20697797,  17013.4,  14723.9,  62.5737429079,  875.177765618,  1019.46
1560.22741241,  17015.5,  14727.3,  62.5735894732,  875.17710357,  1019.12
1560.24784674,  17034.2,  14741.5,  62.573597976,  875.17782845,  1019.6
1560.26828098,  17047.5,  14753.4,  62.5734045129,  875.177317724,  1018.55
1560.28871542,  17062.5,  14766.1,  62.5741271317,  875.177253044,  1018.91
1560.30914975,  17090.5,  14789.0,  62.5737671814,  875.177311336,  1018.78
1560.32958409,  17106.3,  14803.7,  62.5738546268,  875.17766456,  1019.9
1560.35001843,  17134.4,  14826.8,  62.5744041287,  875.1776313,  1019.48
1560.37045276,  17145.6,  14836.0,  62.5740962294,  875.177989033,  1018.97
1560.3908872,  17020.3,  14730.2,  62.574064726,  875.177345825,  1018.76
1560.41132144,  17011.3,  14721.6,  62.5735550459,  875.177846429,  1018.51
1560.43175577,  17148.0,  14838.5,  62.5739361252,  875.177736608,  1019.24
1560.45219021,  17222.8,  14903.1,  62.5741430013,  875.177042746,  1018.16
1560.47262445,  17234.5,  14912.0,  62.5740814699,  875.17760076,  1018.86
1560.49305889,  17221.7,  14901.3,  62.5744901485,  875.177710013,  1017.21
1560.51349322,  17202.8,  14885.9,  62.574128401,  875.177170825,  1018.07
1560.53392746,  17205.6,  14887.1,  62.5740527787,  875.177590326,  1018.46
1560.5543619,  17181.8,  14868.1,  62.5743626738,  875.178023864,  1017.35
1560.57479624,  17166.5,  14854.8,  62.5744895008,  875.177405117,  1018.24
1560.59523048,  17164.2,  14852.0,  62.5745659535,  875.17795988,  1018.3
1560.61566492,  17135.7,  14828.6,  62.5743120021,  875.177748664,  1018.68
1560.63609926,  17136.8,  14828.8,  62.5745324306,  875.17773179,  1017.55
1560.6565336,  17141.9,  14834.1,  62.5741692635,  875.177637997,  1016.6
1560.67696793,  17139.5,  14831.7,  62.5741732522,  875.177592685,  1017.87
1560.69740227,  17129.4,  14821.9,  62.574122761,  875.177526144,  1017.23
1560.73827095,  17130.5,  14823.2,  62.5737652408,  875.177541074,  1018.07
1560.75870529,  17117.3,  14811.6,  62.5748160335,  875.177954508,  1017.17
1560.77913973,  17108.7,  14804.6,  62.5741066289,  875.17788883,  1017.66
1560.79957398,  17085.2,  14784.4,  62.5746148206,  875.178394621,  1016.25
1560.82000832,  17073.0,  14773.7,  62.5741522668,  875.178264274,  1019.0
1560.84044276,  17082.0,  14783.4,  62.5738452359,  875.178747437,  1028.55
1560.96304881,  17008.0,  14721.7,  62.5716049438,  875.17970878,  1038.1
1560.98348305,  17038.8,  14747.9,  62.5733306101,  875.178812971,  1035.67
1561.00391749,  17028.9,  14741.3,  62.575181531,  875.178611381,  1034.21
1561.02435183,  17027.5,  14737.7,  62.5754996574,  875.178391088,  1035.38
1561.04478627,  17050.2,  14756.6,  62.5748884759,  875.177532616,  1033.55
1561.06522052,  17068.7,  14772.5,  62.5744502242,  875.178728254,  1033.6
1561.08565486,  17092.7,  14791.7,  62.5747556174,  875.177311569,  1032.06
1561.1060893,  17120.3,  14816.2,  62.5742826505,  875.177321501,  1030.13
1561.12652355,  17138.6,  14830.8,  62.5741140486,  875.178740598,  1029.19
1561.14695789,  17122.4,  14816.4,  62.5734967207,  875.178375175,  1028.63
1561.16739233,  17012.1,  14724.0,  62.5753494636,  875.178889778,  1028.7
1561.18782658,  17011.8,  14722.7,  62.5761629345,  875.180188175,  1026.9
1561.20826092,  17195.6,  14879.5,  62.5752445243,  875.178719613,  1026.32
1561.22869537,  17226.2,  14905.4,  62.5753272898,  875.178265538,  1022.87
1561.24912961,  17220.3,  14900.6,  62.5747810082,  875.178132612,  1021.24
1561.26956406,  17223.0,  14902.0,  62.574728412,  875.178701944,  1022.96
1561.2899984,  17199.9,  14882.9,  62.5733973447,  875.179448173,  1022.39
1561.31043274,  17190.1,  14872.7,  62.5745312676,  875.178577762,  1022.67
1561.33086709,  17178.2,  14863.0,  62.5733348196,  875.177308312,  1021.64
1561.35130144,  17165.1,  14852.9,  62.5743720827,  875.178005215,  1021.65
1561.37173578,  17158.1,  14846.7,  62.5752663283,  875.17956268,  1020.87
1561.39217013,  17139.6,  14831.8,  62.5751883344,  875.178566671,  1019.38
1561.41260447,  17139.7,  14831.0,  62.5751478864,  875.178885504,  1020.75
1561.43303892,  17146.6,  14836.5,  62.5755752888,  875.178202851,  1020.11
1561.45347316,  17129.1,  14822.1,  62.5744982562,  875.179123402,  1016.96
1561.47390751,  17129.3,  14823.1,  62.5744736693,  875.179781827,  1016.25
1561.49434186,  17127.3,  14820.2,  62.5745054672,  875.179573985,  1016.4
1561.5147762,  17119.7,  14813.7,  62.5743211463,  875.179321298,  1017.48
1561.53521055,  17111.0,  14805.5,  62.5754830588,  875.179168493,  1016.89
1561.555645,  17093.0,  14791.0,  62.5746290006,  875.178732698,  1017.32
1561.57607924,  17083.4,  14783.2,  62.5742823021,  875.178980522,  1016.68
1561.59651359,  17088.0,  14786.7,  62.5742350876,  875.179628494,  1015.94
1561.61694804,  17068.1,  14770.2,  62.5749731901,  875.179161501,  1014.57
1561.63738229,  17047.4,  14751.7,  62.5740895977,  875.178969626,  1015.48
1561.65781673,  17034.8,  14741.3,  62.5743139588,  875.179489632,  1015.48
1561.67825108,  17013.3,  14723.2,  62.5737669344,  875.179756703,  1016.23
1561.69868533,  17000.8,  14711.7,  62.5748638125,  875.179723654,  1014.48
1561.71911978,  17006.8,  14716.9,  62.5743725467,  875.180277551,  1014.54
1561.73955413,  17006.4,  14717.8,  62.5750329659,  875.179636106,  1014.1
1561.75998838,  17016.1,  14724.6,  62.5742581078,  875.18001986,  1014.71
1561.78042282,  17032.3,  14738.8,  62.5744246364,  875.179852843,  1013.37
1561.80085717,  17061.6,  14764.3,  62.5743483985,  875.180299926,  1013.49
1561.82129162,  17073.6,  14773.0,  62.5746603489,  875.179694689,  1013.31
1561.84172587,  17082.6,  14781.6,  62.57450593,  875.179851275,  1012.31
1561.86216022,  17108.9,  14803.5,  62.5748502145,  875.180399407,  1012.75
1561.88259467,  17131.8,  14822.3,  62.5746269298,  875.179893777,  1012.39
1561.90302892,  17147.3,  14836.7,  62.5747493973,  875.179685042,  1013.21
1561.92346327,  17085.2,  14783.7,  62.5756247186,  875.179434583,  1013.21
1561.94389772,  17009.3,  14718.6,  62.5741398935,  875.180308147,  1012.93
1561.96433197,  17085.5,  14784.2,  62.5743931752,  875.179873185,  1012.02
1561.98476632,  17218.3,  14896.3,  62.5749750127,  875.179672664,  1011.72
1562.00520077,  17229.2,  14906.0,  62.5752941878,  875.179865694,  1011.85
1562.02563512,  17233.2,  14909.6,  62.575037769,  875.179900267,  1011.72
1562.04606948,  17218.7,  14895.9,  62.5750306247,  875.17951065,  1012.68
1562.06650383,  17199.4,  14881.3,  62.575506992,  875.180035728,  1011.72
1562.08693808,  17182.0,  14866.5,  62.5757103298,  875.17984186,  1011.64
1562.10737253,  17174.2,  14858.9,  62.5751398729,  875.18042515,  1010.61
1562.12780688,  17167.9,  14854.0,  62.5743697813,  875.180181618,  1011.47
1562.14824113,  17153.2,  14841.6,  62.5743509964,  875.179832706,  1011.33
1562.16867559,  17147.9,  14836.0,  62.5749254475,  875.179938621,  1011.76
1562.18910994,  17138.5,  14829.2,  62.5748994008,  875.180284565,  1009.8
1562.20954439,  17131.8,  14822.6,  62.5745833918,  875.180201875,  1010.09
1562.22997864,  17133.9,  14824.9,  62.5749869781,  875.18039673,  1011.49
1562.250413,  17132.5,  14824.3,  62.5749603144,  875.180436937,  1009.83
1562.27084745,  17129.7,  14821.2,  62.5749673167,  875.179719781,  1010.22
1562.2912817,  17122.5,  14815.1,  62.5753630014,  875.180261463,  1010.5
1562.31171606,  17106.2,  14801.4,  62.5744237439,  875.180521558,  1009.46
1562.33215051,  17100.6,  14796.0,  62.5746110761,  875.180481514,  1009.32
1562.35258476,  17080.7,  14780.1,  62.5745981611,  875.180754997,  1009.14
1562.37301922,  17081.7,  14780.4,  62.5749233665,  875.180415609,  1009.58
1562.39345357,  17062.4,  14763.5,  62.5747833403,  875.181228634,  1009.27
1562.41388782,  17048.5,  14752.7,  62.5753385788,  875.180438737,  1008.67
1562.43432228,  17027.5,  14733.3,  62.5750113325,  875.180791669,  1009.0
1562.45475663,  17021.9,  14729.0,  62.5749207092,  875.180996615,  1008.78
1562.47519089,  17014.1,  14722.8,  62.5740109736,  875.181066686,  1008.5
1562.49562534,  17013.7,  14721.8,  62.5743905901,  875.180903223,  1008.57
1562.5160597,  17014.9,  14724.1,  62.5751886957,  875.180785169,  1007.87
1562.53649405,  17019.5,  14727.5,  62.5745416964,  875.180792773,  1006.89
1562.55692841,  17037.5,  14742.4,  62.5749280156,  875.180172801,  1008.69
1562.57736276,  17053.7,  14756.9,  62.5750295487,  875.180916553,  1007.16
1562.59779722,  17076.5,  14775.0,  62.5740571702,  875.1800524,  1007.46
1562.61823148,  17095.9,  14792.0,  62.5738973439,  875.180535447,  1007.95
1562.63866583,  17115.8,  14809.7,  62.5754235364,  875.180879267,  1006.96
1562.65910029,  17150.5,  14838.3,  62.5756862564,  875.180909126,  1008.16
1562.67953464,  17150.5,  14838.8,  62.5747202371,  875.180506716,  1007.04
1562.6999689,  17039.0,  14744.1,  62.5749913425,  875.180763957,  1007.27
1562.72040336,  17009.3,  14718.2,  62.5750582577,  875.18110787,  1007.54
1562.74083761,  17144.3,  14833.6,  62.5749816798,  875.180019706,  1006.78
1562.76127207,  17220.4,  14898.0,  62.5753352395,  875.180518172,  1007.04
1562.78170643,  17227.2,  14903.1,  62.5757380569,  875.180940378,  1006.48
1562.80214069,  17222.1,  14899.8,  62.5756000723,  875.18058743,  1005.64
1562.82257514,  17215.9,  14894.2,  62.5750512949,  875.180461963,  1006.12
1562.8430095,  17191.2,  14872.5,  62.5755622551,  875.180140166,  1005.85
1562.86344376,  17180.4,  14864.7,  62.5758493503,  875.181911929,  1005.81
1562.88387822,  17161.2,  14847.6,  62.5750058116,  875.181211265,  1005.68
1562.90431257,  17153.7,  14841.8,  62.5747712084,  875.181082188,  1006.48
1562.92474683,  17150.1,  14838.5,  62.5753352372,  875.180676515,  1006.28
1562.94518129,  17142.3,  14831.1,  62.5751434823,  875.18065941,  1005.79
1562.96561565,  17132.9,  14823.8,  62.5751620934,  875.18131814,  1005.44
1562.98605011,  17147.4,  14835.1,  62.5756454545,  875.180892952,  1005.2
1563.00648437,  17138.6,  14828.0,  62.5748290539,  875.181114962,  1006.43
1563.02691873,  17135.9,  14826.0,  62.575318287,  875.181274033,  1007.37
1563.04735319,  17127.6,  14818.0,  62.5753143438,  875.181037852,  1006.96
1563.06778745,  17114.8,  14807.3,  62.575143963,  875.180873628,  1005.96
1563.08822181,  17103.0,  14798.8,  62.5754963621,  875.181299427,  1005.85
1563.10865627,  17087.6,  14784.4,  62.5746716337,  875.181347723,  1004.41
1563.12909053,  17082.1,  14780.1,  62.5751429136,  875.181533201,  1005.2
1563.14952499,  17073.2,  14773.0,  62.574658582,  875.181754795,  1005.63
1563.16995935,  17054.0,  14755.6,  62.5748130936,  875.181343919,  1006.02
1563.19039371,  17038.0,  14742.8,  62.5751739132,  875.181228371,  1005.49
1563.21082807,  17026.9,  14733.1,  62.5746236359,  875.18116109,  1005.13
1563.23126243,  17020.3,  14727.5,  62.5747849184,  875.181626905,  1004.88
1563.25169679,  17018.1,  14726.0,  62.5753866149,  875.18166717,  1004.9
1563.27213115,  17012.7,  14720.4,  62.5753984811,  875.181783431,  1006.18
1563.29256551,  17016.3,  14723.9,  62.575085893,  875.181813262,  1008.97
1563.31299987,  17038.8,  14743.6,  62.5745228825,  875.181530563,  1009.35
1563.33343433,  17042.1,  14745.2,  62.5749956697,  875.181566481,  1011.77
1563.3538686,  17063.6,  14764.6,  62.5748310515,  875.181469183,  1010.63
1563.37430296,  17083.9,  14781.7,  62.5746980377,  875.181700556,  1011.04
1563.39473732,  17102.1,  14796.5,  62.5756841165,  875.181552742,  1011.46
1563.41517168,  17131.2,  14822.0,  62.5753684774,  875.181844822,  1009.69
1563.43560615,  17141.3,  14830.0,  62.574800587,  875.181158737,  1011.56
1563.45604041,  17125.8,  14816.5,  62.5758499163,  875.181991742,  1011.67
1563.47647477,  17005.7,  14715.9,  62.5747690062,  875.182054392,  1012.51
1563.49690923,  17036.4,  14740.4,  62.5748872684,  875.18173787,  1012.87
1563.5173435,  17194.4,  14875.5,  62.5757061713,  875.181294733,  1012.17
1563.53777796,  17224.6,  14901.4,  62.5748058948,  875.181597067,  1011.12
1563.55821232,  17227.1,  14902.6,  62.5763408089,  875.181483976,  1010.95
1563.57864659,  17211.9,  14890.2,  62.5757734438,  875.181447251,  1010.31
1563.59908105,  17210.1,  14889.2,  62.5760088694,  875.182029097,  1010.79
1563.61951542,  17192.3,  14872.9,  62.5752440063,  875.181330675,  1011.04
1563.63994968,  17174.5,  14858.8,  62.5756462249,  875.181657333,  1009.93
1563.66038414,  17167.9,  14852.5,  62.5750755474,  875.181599794,  1009.27
1563.68081851,  17153.2,  14839.7,  62.575887102,  875.181754781,  1009.19
1563.72168724,  17136.1,  14825.1,  62.5754128775,  875.181601853,  1007.39
1563.7421216,  17143.9,  14831.5,  62.5759727398,  875.181823999,  1007.88
1563.76255607,  17131.6,  14821.7,  62.5751196943,  875.181568864,  1007.71
1563.78299033,  17140.4,  14827.7,  62.5752158884,  875.182233808,  1007.64
1563.8034247,  17132.3,  14821.8,  62.5752695393,  875.181818861,  1007.22
1563.82385916,  17128.1,  14818.1,  62.5753009635,  875.181580457,  1007.49
1563.84429353,  17113.9,  14805.5,  62.5756544575,  875.181864629,  1008.83
1563.8647278,  17092.2,  14787.3,  62.5756139154,  875.182010075,  1007.71
1563.88516226,  17093.6,  14788.3,  62.5753230392,  875.181867142,  1007.01
1563.90559663,  17081.6,  14778.1,  62.5753355143,  875.181845701,  1007.64
1563.92603099,  17077.1,  14774.7,  62.5751030146,  875.182091647,  1007.7
1563.94646536,  17053.4,  14753.5,  62.5756658401,  875.182710371,  1007.09
1563.96689973,  17034.8,  14738.2,  62.5749126148,  875.182457372,  1006.76
1563.98733409,  17024.4,  14729.9,  62.5753440491,  875.182221331,  1006.73
1564.00776846,  17016.9,  14722.8,  62.5753059786,  875.182051225,  1008.38
1564.02820283,  17020.1,  14725.9,  62.5751645944,  875.182433028,  1008.3
1564.0486372,  17025.2,  14730.1,  62.57522843,  875.182349492,  1008.12
1564.06907156,  17023.9,  14728.1,  62.5753174902,  875.182807028,  1007.69
1564.08950603,  17046.3,  14748.3,  62.5757068777,  875.182936833,  1008.61
1564.1099403,  17055.5,  14754.9,  62.5752900276,  875.182224753,  1008.26
1564.13037467,  17066.9,  14764.6,  62.5754126943,  875.182137454,  1008.75
1564.15080914,  17099.4,  14793.2,  62.5757224984,  875.181547628,  1008.45
1564.1712434,  17125.5,  14814.7,  62.575202359,  875.182454709,  1007.81
1564.19167777,  17142.4,  14829.1,  62.5755427127,  875.182375793,  1007.43
1564.21211224,  17166.1,  14849.5,  62.5761912071,  875.182902961,  1007.49
1564.23254651,  17097.1,  14790.2,  62.5758990089,  875.182476704,  1006.2
1564.25298088,  16999.8,  14708.1,  62.5752505411,  875.182525566,  1005.02
1564.27341535,  17083.6,  14778.9,  62.5755023573,  875.183163182,  1006.36
1564.29384962,  17221.8,  14896.1,  62.5757242159,  875.182333863,  1005.34
1564.31428409,  17231.1,  14904.9,  62.5758753057,  875.182795009,  1004.07
1564.33471846,  17232.4,  14905.2,  62.5761117748,  875.18241309,  1008.01
1564.35515273,  17223.9,  14898.1,  62.5754405786,  875.182847731,  1004.61
1564.3755872,  17211.5,  14888.6,  62.5760813397,  875.182406748,  1003.27
1564.39602157,  17191.0,  14870.1,  62.5761165451,  875.18263906,  1005.08
1564.41645594,  17183.6,  14863.9,  62.5755772665,  875.182149865,  1003.77
1564.43689031,  17173.7,  14856.1,  62.5751332986,  875.182464851,  1003.42
1564.45732468,  17159.8,  14843.7,  62.5760054662,  875.182959383,  1002.96
1564.47775915,  17157.3,  14842.0,  62.5756735438,  875.182667219,  1003.14
1564.49819352,  17159.3,  14843.2,  62.576331711,  875.183151839,  1001.75
1564.51862779,  17154.3,  14838.9,  62.5758985129,  875.182494501,  1004.59
1564.53906226,  17144.3,  14830.9,  62.5756280524,  875.182993398,  1000.97
1564.55949663,  17148.4,  14833.9,  62.5761464625,  875.182287842,  1001.26
1564.5799309,  17147.2,  14833.2,  62.5758595901,  875.183356634,  1001.6
1564.60036538,  17147.5,  14833.7,  62.575952712,  875.18292782,  1001.81
1564.62079975,  17116.0,  14806.6,  62.5756821546,  875.182740883,  1000.73
1564.64123402,  17101.8,  14794.5,  62.5750463533,  875.182925901,  1000.18
1564.66166849,  17101.8,  14795.2,  62.575462075,  875.182722496,  999.546
1564.68210276,  17088.4,  14782.8,  62.5757815284,  875.183109016,  998.857
1564.70253724,  17071.0,  14768.5,  62.5762434855,  875.183478771,  998.908
1564.72297161,  17065.2,  14763.1,  62.5749133855,  875.18363283,  997.332
1564.74340588,  17051.0,  14750.9,  62.5762055962,  875.183281327,  997.954
1564.76384035,  17036.0,  14738.9,  62.576012864,  875.183178865,  997.795
1564.78427473,  17025.0,  14728.9,  62.5751694146,  875.1835499,  997.981
1564.804709,  17018.5,  14723.5,  62.5756876334,  875.18256621,  997.707
1564.82514347,  17021.5,  14726.7,  62.5762227097,  875.183257463,  997.619
1564.84557785,  17039.7,  14740.9,  62.5755154394,  875.183757945,  998.108
1564.86601232,  17056.9,  14756.2,  62.5751230003,  875.183580973,  995.579
1564.8864466,  17060.5,  14759.8,  62.5755762506,  875.183438951,  996.514
1564.90688097,  17086.8,  14781.5,  62.5758463808,  875.183303118,  995.968
1564.92731544,  17100.8,  14794.1,  62.5756962308,  875.184460799,  997.026
1564.94774972,  17128.1,  14816.8,  62.5755596242,  875.183819557,  995.781
1564.96818409,  17157.2,  14841.3,  62.5763181597,  875.183156121,  996.284
1564.98861857,  17167.3,  14850.6,  62.5761736388,  875.183359028,  996.188
1565.00905284,  17050.5,  14750.5,  62.5758245931,  875.183709198,  996.41
1565.02948722,  17016.6,  14721.6,  62.576188916,  875.183925277,  996.656
1565.04992169,  17157.1,  14842.1,  62.5751678249,  875.18373155,  996.447
1565.07035607,  17237.7,  14909.2,  62.5758741274,  875.183575485,  996.289
1565.09079044,  17243.2,  14914.6,  62.5762851701,  875.183371452,  996.018
1565.11122482,  17241.1,  14913.0,  62.5763523899,  875.183835025,  995.1
1565.13165919,  17206.4,  14883.1,  62.5760227578,  875.18289512,  995.544
1565.15209357,  17205.8,  14883.0,  62.5764128129,  875.184125539,  995.411
1565.17252795,  17184.1,  14864.4,  62.5760992811,  875.183619777,  995.824
1565.19296232,  17182.6,  14862.1,  62.5762289346,  875.183187876,  995.366
1565.2133968,  17173.6,  14856.0,  62.5758610407,  875.182918633,  995.213
1565.23383108,  17154.7,  14839.1,  62.5759097293,  875.183530009,  994.576
1565.25426555,  17158.0,  14841.7,  62.5761334904,  875.183708789,  995.443
1565.27469993,  17146.2,  14831.8,  62.5758516551,  875.183346087,  995.471
1565.29513421,  17155.5,  14839.4,  62.5761006513,  875.183742172,  995.282
1565.31556868,  17148.6,  14834.1,  62.5760014905,  875.183387314,  995.49
1565.33600296,  17144.6,  14830.5,  62.5762316398,  875.183743261,  995.369
1565.35643734,  17140.3,  14826.5,  62.5759594008,  875.183254333,  995.42
1565.37687182,  17141.9,  14828.3,  62.5757214029,  875.183503826,  996.154
1565.39730609,  17113.0,  14803.5,  62.5759578806,  875.183625651,  995.464
1565.41774047,  17096.1,  14788.9,  62.5758433154,  875.184193467,  995.56
1565.43817495,  17098.9,  14791.9,  62.5759068944,  875.184292917,  995.171
1565.45860923,  17091.3,  14784.9,  62.5758298179,  875.184292983,  994.851
1565.47904371,  17076.4,  14772.2,  62.5762700038,  875.184215178,  994.948
1565.49947809,  17063.2,  14761.6,  62.5755950596,  875.184224312,  994.81
1565.51991236,  17033.0,  14734.8,  62.5759621092,  875.183629082,  996.665
1565.54034684,  17036.8,  14738.4,  62.5758597568,  875.184252698,  997.472
1565.56078122,  17022.0,  14726.7,  62.5763567231,  875.184512531,  996.823
1565.5812156,  17037.6,  14738.2,  62.5760273016,  875.184118406,  996.152
1565.60164998,  17035.1,  14737.9,  62.5763413886,  875.184741731,  996.818
1565.62208436,  17041.6,  14742.5,  62.5753162245,  875.185095573,  996.458
1565.64251884,  17088.0,  14781.9,  62.5756932773,  875.184683134,  996.061
1565.66295312,  17080.4,  14776.1,  62.5759941625,  875.184349292,  995.351
1565.6833875,  17106.8,  14797.8,  62.5761960947,  875.184066083,  995.641
1565.70382198,  17119.6,  14808.8,  62.5764515148,  875.184319764,  996.481
1565.72425636,  17143.6,  14830.2,  62.5757594601,  875.184637391,  994.606
1565.74469064,  17164.3,  14846.7,  62.5761078503,  875.185138132,  994.427
1565.76512512,  17148.6,  14834.4,  62.5758195439,  875.184569191,  993.772
1565.7855595,  17014.6,  14719.8,  62.576373366,  875.185016514,  994.465
1565.80599388,  17044.2,  14744.5,  62.5766215188,  875.184928306,  993.859
1565.82642826,  17209.1,  14885.1,  62.5758920165,  875.184015585,  994.679
1565.84686264,  17247.3,  14917.3,  62.576466286,  875.184862352,  993.546
1565.86729713,  17232.0,  14904.3,  62.5752541849,  875.184459066,  993.529
1565.88773141,  17228.2,  14901.8,  62.5761633361,  875.183865279,  993.192
1565.90816579,  17219.3,  14893.6,  62.5759777379,  875.184266706,  993.783
1565.92860027,  17205.1,  14881.7,  62.576333019,  875.184304187,  992.81
1565.94903455,  17193.9,  14872.1,  62.5763956409,  875.184334472,  993.518
1565.96946894,  17187.7,  14866.1,  62.5763595027,  875.184936748,  992.542
1565.98990332,  17169.3,  14851.4,  62.5753855571,  875.184786621,  992.996
1566.0103377,  17159.0,  14842.2,  62.5766891124,  875.184949595,  991.875
1566.03077218,  17172.4,  14853.8,  62.5760708922,  875.184201849,  991.403
1566.05120647,  17158.9,  14842.8,  62.5761206143,  875.184501245,  992.232
1566.07164085,  17159.3,  14842.7,  62.5767930978,  875.184668789,  991.785
1566.09207533,  17160.3,  14843.1,  62.5768683824,  875.184674015,  991.285
1566.11250961,  17141.8,  14827.9,  62.5761267699,  875.185074908,  991.778
1566.132944,  17147.8,  14832.0,  62.5764063328,  875.185485072,  991.497
1566.15337848,  17133.6,  14821.0,  62.5762373661,  875.184767663,  991.426
1566.17381276,  17108.3,  14799.0,  62.5768251868,  875.18547713,  990.712
1566.19424725,  17100.5,  14791.8,  62.5760637298,  875.184253459,  991.688
1566.21468163,  17105.5,  14796.8,  62.5766444847,  875.185471242,  991.854
1566.23511592,  17087.5,  14781.8,  62.5762748994,  875.185102929,  990.451
1566.2555504,  17074.8,  14769.8,  62.5758207936,  875.185054085,  990.645
1566.27598479,  17060.4,  14758.7,  62.5764570158,  875.185350364,  990.546
1566.29641917,  17094.6,  14787.2,  62.5763522961,  875.185365476,  991.007
1566.31685355,  17086.7,  14781.0,  62.5761646143,  875.184765354,  990.506
1566.33728794,  17051.6,  14751.8,  62.5764767827,  875.185708238,  990.327
1566.35772232,  17053.3,  14752.1,  62.5757167303,  875.184835191,  990.098
1566.37815681,  17045.0,  14745.2,  62.57635231,  875.185632601,  989.659
1566.39859109,  17058.9,  14756.9,  62.5761190196,  875.184835587,  989.231
1566.41902558,  17073.8,  14769.6,  62.576609485,  875.185410564,  989.441
1566.43945997,  17084.6,  14779.2,  62.5764760047,  875.18518179,  989.439
1566.45989425,  17111.6,  14801.7,  62.5767308164,  875.184660352,  989.392
1566.48032874,  17134.4,  14820.6,  62.5760557672,  875.185624102,  989.475
1566.50076312,  17157.7,  14841.5,  62.5764439046,  875.18523317,  988.389
1566.52119741,  17182.0,  14861.3,  62.5763854688,  875.185533846,  988.606
1566.5416319,  17100.5,  14792.0,  62.5767707745,  875.18511596,  988.01
1566.56206628,  17013.8,  14718.9,  62.5761525164,  875.185390609,  988.425
1566.58250067,  17099.0,  14790.4,  62.5766701418,  875.185145607,  988.956
1566.60293506,  17241.3,  14912.1,  62.5763988638,  875.184542017,  988.881
1566.62336934,  17244.3,  14914.9,  62.5766583448,  875.184785401,  987.537
1566.64380383,  17237.1,  14907.7,  62.5761714171,  875.184728576,  989.443
1566.66423822,  17230.2,  14903.6,  62.5764575098,  875.184986173,  988.114
1566.70510699,  17196.5,  14873.0,  62.5764712944,  875.184973401,  989.617
1566.72554138,  17191.6,  14869.4,  62.5765016147,  875.184708043,  988.986
1566.74597577,  17182.3,  14860.8,  62.5763917691,  875.185263141,  988.327
1566.76641015,  17186.1,  14863.7,  62.5757177705,  875.185746876,  987.558
1566.78684454,  17169.6,  14850.4,  62.5765958755,  875.185494378,  987.71
1566.80727903,  17164.5,  14845.2,  62.5760397568,  875.186279837,  988.33
1566.82771332,  17149.5,  14832.6,  62.5762983524,  875.186039229,  988.841
1566.84814771,  17150.3,  14833.2,  62.5764470666,  875.185463289,  988.264
1566.8685822,  17160.0,  14840.9,  62.57711828,  875.185835862,  987.992
1566.88901659,  17156.7,  14839.2,  62.5770777582,  875.18580827,  988.482
1566.90945087,  17142.3,  14826.2,  62.5765836713,  875.186141433,  986.69
1566.92988536,  17113.9,  14801.9,  62.5768156258,  875.18563554,  987.964
1566.95031975,  17116.9,  14805.0,  62.5762065272,  875.185836625,  987.062
1566.97075414,  17098.3,  14787.8,  62.5766750323,  875.186240333,  987.908
1566.99118853,  17099.1,  14789.5,  62.5768603253,  875.185477656,  987.411
1567.01162292,  17088.7,  14781.1,  62.5765363825,  875.18592367,  986.882
1567.03205731,  17069.3,  14763.3,  62.5767911441,  875.186365874,  987.673
1567.0524917,  17051.5,  14748.7,  62.5770295128,  875.185987355,  987.146
1567.07292609,  17045.2,  14743.6,  62.5768046361,  875.186080523,  987.458
1567.09336058,  17040.0,  14738.9,  62.5767472181,  875.18623195,  986.505
1567.11379487,  17041.0,  14740.6,  62.5762540982,  875.186203207,  986.687
1567.13422936,  17047.4,  14745.0,  62.5765064308,  875.186139151,  987.237
1567.15466375,  17050.2,  14747.3,  62.5771292658,  875.18628193,  987.996
1567.17509805,  17068.6,  14764.2,  62.5769976493,  875.185939607,  986.723
1567.19553254,  17076.8,  14770.0,  62.576456595,  875.186190498,  987.361
1567.21596693,  17101.6,  14791.1,  62.5763111678,  875.186135375,  987.131
1567.23640122,  17116.4,  14804.2,  62.5767336465,  875.186020482,  987.334
1567.25683571,  17146.7,  14829.3,  62.5773861545,  875.186747896,  987.405
1567.27727,  17168.8,  14848.4,  62.5772048546,  875.186080998,  986.479
1567.29770439,  17177.6,  14856.1,  62.5774269588,  875.186045114,  986.181
1567.31813889,  17060.6,  14756.3,  62.5762537294,  875.18616742,  986.311
1567.33857318,  17038.0,  14737.6,  62.5759865989,  875.186829056,  986.17
1567.35900767,  17153.9,  14835.6,  62.5771822612,  875.186206038,  987.895
1567.37944206,  17260.9,  14926.5,  62.5769665385,  875.18567728,  987.098
1567.39987635,  17245.6,  14914.2,  62.5765798602,  875.186026528,  986.426
1567.42031085,  17238.0,  14906.3,  62.5774832222,  875.185859474,  987.082
1567.44074524,  17236.5,  14905.3,  62.5765144583,  875.185809029,  985.859
1567.46117963,  17211.7,  14885.5,  62.5772154128,  875.186642102,  986.288
1567.48161403,  17199.4,  14873.4,  62.5779355949,  875.186229359,  986.151
1567.50204842,  17187.6,  14864.3,  62.5773378995,  875.186292583,  987.263
1567.52248291,  17185.2,  14862.8,  62.5763350841,  875.186203348,  992.252
1567.54291721,  17174.6,  14852.7,  62.5767788911,  875.186810827,  986.751
1567.5633516,  17172.8,  14851.8,  62.5766523812,  875.185942929,  986.26
1567.58378609,  17152.5,  14834.2,  62.5764787461,  875.186425788,  986.66
1567.60422049,  17164.7,  14844.2,  62.5774015023,  875.186957823,  986.383
1567.62465478,  17154.7,  14836.6,  62.5764459651,  875.18649956,  986.95
1567.64508928,  17142.6,  14824.6,  62.576562041,  875.186767608,  987.182
1567.66552367,  17147.4,  14829.5,  62.5763215252,  875.186512805,  986.495
1567.68595797,  17140.2,  14824.0,  62.5759740757,  875.187182142,  985.877
1567.70639246,  17114.1,  14801.4,  62.5773186172,  875.187143412,  985.692
1567.72682685,  17119.0,  14805.9,  62.5770546059,  875.186927252,  984.336
1567.74726135,  17110.5,  14798.3,  62.5762216005,  875.186704175,  985.726
1567.76769564,  17094.7,  14784.7,  62.5774426039,  875.186545058,  984.461
1567.78813004,  17077.4,  14770.8,  62.5770147226,  875.186607124,  986.017
1567.80856454,  17067.0,  14761.2,  62.5760419995,  875.187081793,  985.39
1567.82899883,  17054.7,  14750.5,  62.5762277828,  875.186864635,  985.249
1567.84943323,  17038.8,  14738.2,  62.5769810494,  875.187008595,  985.078
1567.86986772,  17040.9,  14738.5,  62.5767042216,  875.187092733,  985.646
1567.89030202,  17032.2,  14731.4,  62.5774125367,  875.187520921,  984.396
1567.91073651,  17048.4,  14746.2,  62.5767188199,  875.18703071,  984.84
1567.93117081,  17061.2,  14755.7,  62.576885963,  875.187493291,  984.715
1567.95160521,  17072.7,  14766.3,  62.5768693476,  875.186683717,  985.467
1567.9720397,  17088.8,  14779.6,  62.5769453452,  875.186877071,  983.864
1567.992474,  17111.4,  14798.3,  62.5771350318,  875.187655128,  984.988
1568.0129084,  17134.2,  14818.8,  62.5770794538,  875.186978697,  985.442
1568.03334289,  17149.9,  14831.2,  62.5767208751,  875.187424917,  985.547
1568.05377719,  17169.7,  14847.9,  62.5770948351,  875.187354003,  984.062
1568.07421159,  17149.2,  14830.9,  62.577782916,  875.187296294,  984.406
1568.09464609,  17030.1,  14728.9,  62.5764055985,  875.187710864,  984.151
1568.11508048,  17051.2,  14747.8,  62.5770265164,  875.187660765,  983.568
1568.13551488,  17212.6,  14885.2,  62.5769347665,  875.187391161,  984.11
1568.15594928,  17252.6,  14917.8,  62.5774682214,  875.187311355,  983.831
1568.17638368,  17255.3,  14921.3,  62.577516822,  875.186947896,  984.43
1568.19681807,  17241.3,  14909.0,  62.577820588,  875.186958765,  983.512
1568.21725247,  17227.7,  14897.4,  62.5770283886,  875.186948091,  983.861
1568.23768687,  17202.1,  14876.4,  62.5773131374,  875.186855875,  984.753
1568.25812137,  17198.1,  14872.6,  62.5767000346,  875.186985244,  984.171
1568.27855567,  17181.4,  14857.8,  62.5772300323,  875.187267498,  983.342
1568.29899017,  17171.6,  14850.3,  62.5770276246,  875.187165246,  983.345
1568.31942457,  17166.1,  14844.8,  62.5775315826,  875.187511489,  983.176
1568.33985887,  17160.4,  14840.8,  62.5768194236,  875.186816708,  982.887
1568.36029336,  17154.8,  14836.0,  62.5765549479,  875.1870251,  983.809
1568.38072776,  17166.2,  14844.5,  62.5768597571,  875.187913766,  983.99
1568.40116206,  17160.8,  14840.8,  62.5769824505,  875.187299241,  983.542
1568.42159656,  17160.6,  14840.3,  62.5766387302,  875.187553659,  983.618
1568.44203096,  17141.9,  14824.0,  62.5765362768,  875.187530679,  983.477
1568.46246526,  17146.1,  14828.8,  62.577241916,  875.188123261,  982.616
1568.48289976,  17117.9,  14803.7,  62.5768621625,  875.18756784,  982.815
1568.50333416,  17109.0,  14796.4,  62.5771545836,  875.187835907,  982.178
1568.52376866,  17102.1,  14790.9,  62.5769819538,  875.188071914,  983.36
1568.54420296,  17088.6,  14778.7,  62.5766772317,  875.187606483,  982.701
1568.56463726,  17076.2,  14768.5,  62.5765369515,  875.187664877,  983.828
1568.58507177,  17059.7,  14755.2,  62.5771828457,  875.18771013,  983.082
1568.60550617,  17039.6,  14737.1,  62.5769652953,  875.188370449,  982.623
1568.62594057,  17032.1,  14731.2,  62.5768267799,  875.188032336,  982.312
1568.64637497,  17032.2,  14730.5,  62.5768760191,  875.188218373,  983.574
1568.66680937,  17040.1,  14737.7,  62.5769994445,  875.187909159,  982.861
1568.68724387,  17052.6,  14748.4,  62.5768682326,  875.187818308,  982.391
1568.70767817,  17063.2,  14757.3,  62.5775488303,  875.187628573,  982.791
1568.72811257,  17072.6,  14765.1,  62.5771971963,  875.187770036,  982.473
1568.74854708,  17098.1,  14787.7,  62.576707724,  875.188099723,  982.524
1568.76898148,  17113.1,  14799.3,  62.5770369395,  875.187682031,  981.457
1568.78941578,  17138.4,  14821.3,  62.5769127131,  875.187302594,  982.468
1568.80985028,  17145.9,  14827.8,  62.5772663075,  875.187678989,  982.013
1568.83028469,  17184.3,  14859.4,  62.5773753253,  875.188093936,  982.528
1568.85071909,  17107.6,  14795.4,  62.5770139439,  875.187681562,  981.676
1568.87115349,  17015.2,  14716.4,  62.5770504329,  875.188076321,  982.603
1568.89158789,  17113.3,  14799.2,  62.5768258637,  875.187799175,  982.353
1568.9120224,  17233.5,  14902.6,  62.5774198562,  875.187844691,  982.863
1568.9324567,  17251.4,  14916.8,  62.5770431864,  875.187024138,  983.477
1568.9528911,  17245.2,  14911.2,  62.5775091091,  875.188013568,  990.14
1568.97332561,  17224.1,  14894.8,  62.5775975167,  875.188047218,  983.06
1568.99375991,  17218.5,  14888.6,  62.5766141818,  875.188232331,  982.573
1569.01419431,  17200.2,  14873.8,  62.5773105209,  875.187873565,  982.109
1569.03462882,  17191.3,  14866.3,  62.5769206738,  875.18770097,  981.973
1569.05506312,  17185.8,  14860.7,  62.577001459,  875.188116183,  982.473
1569.07549763,  17178.1,  14855.0,  62.5773048251,  875.188110014,  983.497
1569.09593203,  17155.2,  14835.0,  62.5775414765,  875.188403116,  984.063
1569.11636633,  17155.1,  14834.6,  62.577074604,  875.18831836,  984.301
1569.13680084,  17162.3,  14841.4,  62.5772256643,  875.188074635,  984.556
1569.15723524,  17168.2,  14845.6,  62.5779845331,  875.188513199,  985.77
1569.17766955,  17154.5,  14834.4,  62.5772352388,  875.188601093,  984.42
1569.19810405,  17148.0,  14829.4,  62.5773918569,  875.188163999,  985.275
1569.21853836,  17133.8,  14816.7,  62.5768591428,  875.188458914,  985.05
1569.23897286,  17129.3,  14813.4,  62.5781181515,  875.187606354,  986.475
1569.25940727,  17116.3,  14802.1,  62.5772871784,  875.188402471,  987.368
1569.27984157,  17104.2,  14791.3,  62.5767033702,  875.188103523,  987.409
1569.30027608,  17104.2,  14792.2,  62.5772336616,  875.188060069,  985.961
1569.32071049,  17083.5,  14774.0,  62.5775328404,  875.188888044,  987.011
1569.34114489,  17070.4,  14762.5,  62.5776662604,  875.188530678,  988.225
1569.3615793,  17059.4,  14753.9,  62.5768418352,  875.18844573,  986.338
1569.3820137,  17039.1,  14736.7,  62.5775042275,  875.188448212,  987.133
1569.40244811,  17040.5,  14737.5,  62.5769287189,  875.188697528,  987.458
1569.42288252,  17039.1,  14736.2,  62.5770013529,  875.189253725,  987.841
1569.44331692,  17035.2,  14732.1,  62.5772781961,  875.188017955,  986.757
1569.46375143,  17049.7,  14745.5,  62.5775222721,  875.188192481,  985.316
1569.48418584,  17072.1,  14764.4,  62.5770714948,  875.188799105,  986.479
1569.50462014,  17084.3,  14774.2,  62.5776325403,  875.188855143,  985.285
1569.52505465,  17102.4,  14790.1,  62.577364734,  875.188363953,  985.166
1569.54548906,  17121.3,  14805.7,  62.577137147,  875.187784433,  984.72
1569.56592336,  17144.7,  14825.6,  62.5770607695,  875.189148499,  984.182
1569.58635787,  17165.0,  14843.9,  62.5775504209,  875.18827646,  984.12
1569.60679228,  17172.3,  14848.7,  62.5770782024,  875.188174411,  983.24
1569.62722679,  17072.1,  14764.8,  62.5775236334,  875.189088108,  983.143
1569.6476611,  17029.2,  14727.7,  62.5776208383,  875.188461821,  983.581
1569.68853001,  17252.2,  14917.1,  62.5775993365,  875.18842651,  981.498
1569.70896432,  17241.2,  14907.3,  62.5773481245,  875.188006973,  981.721
1569.72939873,  17242.0,  14907.1,  62.5772887431,  875.188524672,  981.235
1569.74983324,  17239.0,  14905.5,  62.5769219348,  875.188700308,  980.491
1569.77026755,  17213.1,  14882.7,  62.5779690405,  875.188977733,  980.739
1569.79070195,  17205.7,  14876.5,  62.5784471912,  875.188342595,  980.76
1569.81113646,  17187.8,  14861.8,  62.57728185,  875.189083504,  979.794
1569.83157077,  17175.5,  14850.3,  62.5771642835,  875.189188104,  980.593
1569.85200528,  17169.8,  14845.7,  62.5770942253,  875.188926832,  979.636
1569.87243959,  17163.2,  14840.4,  62.5774799293,  875.188601818,  979.094
1569.892874,  17162.6,  14838.8,  62.5772193995,  875.189114204,  979.389
1569.91330851,  17155.0,  14833.4,  62.5770839904,  875.18905402,  979.771
1569.93374282,  17158.5,  14836.1,  62.5773478787,  875.188884353,  979.388
1569.95417723,  17157.2,  14834.5,  62.5772499755,  875.189476057,  979.163
1569.97461174,  17148.7,  14827.8,  62.5774291346,  875.189176259,  977.493
1569.99504615,  17136.6,  14817.3,  62.5774025186,  875.188986331,  980.092
1570.01548056,  17121.5,  14804.8,  62.5771014811,  875.189178365,  977.855
1570.03591497,  17111.2,  14796.5,  62.5772991713,  875.188853006,  979.123
1570.05634938,  17107.6,  14792.2,  62.5773572113,  875.189107842,  978.282
1570.07678379,  17101.9,  14787.7,  62.5766151761,  875.189478774,  978.765
1570.0972182,  17084.2,  14773.4,  62.5778984281,  875.18912085,  978.925
1570.11765261,  17059.9,  14751.6,  62.5775189354,  875.189238339,  978.749
1570.13808712,  17053.8,  14747.4,  62.5774381598,  875.189287683,  976.637
1570.15852144,  17049.6,  14742.3,  62.57745286,  875.188949821,  978.431
1570.17895595,  17037.2,  14731.9,  62.5769830559,  875.18933797,  976.906
1570.19939036,  17035.6,  14731.5,  62.5777481852,  875.189745916,  977.746
1570.21982467,  17038.0,  14733.0,  62.577659569,  875.189225257,  978.339
1570.24025918,  17057.2,  14749.0,  62.5770242408,  875.189322101,  977.793
1570.26069359,  17075.3,  14765.8,  62.5773892894,  875.188974894,  976.847
1570.28112791,  17086.8,  14774.3,  62.5772347993,  875.189480957,  977.803
1570.30156242,  17107.5,  14792.2,  62.5778047242,  875.189814465,  976.713
1570.32199683,  17130.4,  14811.5,  62.5778750475,  875.189525052,  976.646
1570.34243114,  17148.9,  14826.5,  62.5777452717,  875.189448881,  976.622
1570.36286565,  17173.1,  14847.9,  62.5781201049,  875.18937724,  978.09
1570.38330007,  17157.9,  14834.5,  62.5776452669,  875.189197494,  977.73
1570.40373448,  17033.0,  14728.0,  62.5771709641,  875.189445467,  976.224
1570.42416889,  17051.7,  14745.3,  62.5777411364,  875.189447993,  976.505
1570.44460331,  17207.9,  14876.4,  62.5783779621,  875.189747505,  975.658
1570.46503772,  17256.0,  14918.1,  62.5783471327,  875.189452546,  976.414
1570.48547213,  17259.3,  14921.6,  62.5777976923,  875.18973065,  975.747
1570.50590655,  17241.2,  14905.1,  62.5777553075,  875.189027854,  975.48
1570.52634096,  17234.2,  14899.5,  62.5777827689,  875.189100158,  975.902
1570.54677537,  17214.8,  14883.4,  62.5783650343,  875.189428521,  974.85
1570.56720989,  17195.1,  14866.0,  62.5783036661,  875.189072302,  974.987
1570.5876442,  17197.4,  14868.8,  62.577555004,  875.189334919,  974.345
1570.60807862,  17173.2,  14847.1,  62.5778416474,  875.189352292,  974.571
1570.62851313,  17179.4,  14852.3,  62.5781551273,  875.18948007,  973.662
1570.64894754,  17162.7,  14839.5,  62.577495634,  875.189436442,  974.857
1570.66938186,  17161.2,  14836.8,  62.5772594583,  875.189897065,  973.906
1570.68981637,  17149.1,  14826.5,  62.5778881558,  875.189718123,  974.473
1570.71025079,  17164.3,  14839.9,  62.5782577323,  875.189767817,  974.206
1570.7306851,  17154.6,  14831.2,  62.5779141261,  875.190447227,  973.128
1570.75111962,  17144.6,  14823.8,  62.5779496978,  875.189016362,  974.437
1570.77155403,  17133.0,  14813.6,  62.5777885827,  875.189666679,  974.139
1570.79198855,  17118.8,  14800.4,  62.5773420422,  875.19033785,  974.754
1570.81242286,  17110.0,  14794.4,  62.5768101516,  875.189564439,  973.388
1570.83285728,  17101.6,  14786.6,  62.5773394623,  875.190027354,  974.037
1570.85329179,  17092.8,  14778.9,  62.5778566417,  875.190087377,  974.034
1570.87372611,  17073.1,  14762.8,  62.5770011753,  875.190276964,  972.692
1570.89416053,  17063.0,  14752.9,  62.5776428483,  875.189336955,  973.732
1570.91459504,  17048.8,  14741.4,  62.5771247383,  875.190659655,  973.522
1570.93502936,  17041.7,  14734.9,  62.5779786327,  875.190051731,  972.707
1570.95546387,  17031.6,  14726.1,  62.5783542023,  875.190320498,  972.884
1570.97589829,  17048.9,  14741.5,  62.5769018129,  875.19036402,  971.868
1570.99633261,  17050.6,  14742.8,  62.5771982206,  875.1905552,  973.113
1571.01676712,  17053.7,  14744.6,  62.5775124934,  875.190024233,  972.744
1571.03720154,  17079.5,  14767.7,  62.5782766795,  875.189844194,  972.221
1571.05763586,  17091.2,  14776.7,  62.5776924827,  875.190509484,  972.345
1571.07807037,  17111.6,  14794.3,  62.5773784085,  875.189678439,  972.924
1571.09850479,  17139.2,  14818.4,  62.5773129331,  875.189704646,  971.945
1571.11893911,  17153.7,  14829.9,  62.5782936052,  875.19026944,  972.386
1571.13937363,  17184.4,  14856.5,  62.5780997829,  875.189875437,  972.035
1571.15980804,  17111.4,  14794.6,  62.5775858783,  875.190542264,  971.226
1571.18024246,  17024.6,  14720.1,  62.5775936323,  875.190580689,  972.328
1571.20067688,  17097.9,  14783.0,  62.5781285954,  875.190462549,  972.053
1571.2211113,  17237.3,  14901.4,  62.5780340707,  875.189801474,  973.789
1571.24154572,  17247.6,  14909.4,  62.5780575344,  875.190430797,  972.63
1571.26198013,  17248.2,  14911.0,  62.578046361,  875.189980297,  973.143
1571.28241455,  17236.7,  14900.8,  62.5776651341,  875.190253798,  972.258
1571.30284897,  17227.3,  14892.9,  62.5776372775,  875.189814626,  972.511
1571.32328339,  17200.8,  14870.5,  62.5780247676,  875.190560827,  972.963
1571.34371791,  17200.0,  14869.3,  62.5780376512,  875.189992569,  972.59
1571.36415233,  17176.3,  14849.5,  62.577886374,  875.190081311,  972.334
1571.38458665,  17176.4,  14849.6,  62.5778678579,  875.19037026,  972.569
1571.40502116,  17165.2,  14839.4,  62.5778793952,  875.190565545,  972.388
1571.42545558,  17164.4,  14839.3,  62.5779635672,  875.19026573,  973.467
1571.4458899,  17155.3,  14831.4,  62.5781604511,  875.19077318,  973.286
1571.46632442,  17166.2,  14839.6,  62.5773210672,  875.190574825,  973.573
1571.48675884,  17155.3,  14831.6,  62.5784836805,  875.190604744,  973.704
1571.50719316,  17157.1,  14832.2,  62.5779564783,  875.190052559,  973.699
1571.52762768,  17150.7,  14827.0,  62.5778203227,  875.190031099,  972.93
1571.5480621,  17128.0,  14807.8,  62.5779018368,  875.190444199,  974.782
1571.56849662,  17107.1,  14789.4,  62.5781825494,  875.191025407,  972.956
1571.58893094,  17108.2,  14791.1,  62.5775447558,  875.19053857,  973.779
1571.60936536,  17107.3,  14790.4,  62.5777036508,  875.19038051,  974.526
1571.62979988,  17087.1,  14772.2,  62.5777305056,  875.190694642,  974.979
1571.6502342,  17080.6,  14767.9,  62.5772352983,  875.19045347,  974.377
1571.67066862,  17054.9,  14745.6,  62.577665314,  875.190726576,  975.792
1571.69110314,  17053.4,  14743.7,  62.577968441,  875.191143054,  974.208
1571.71153747,  17041.6,  14734.4,  62.5772763284,  875.190946195,  974.85
1571.73197199,  17032.4,  14725.6,  62.5777371968,  875.191194169,  975.241
1571.75240641,  17044.5,  14736.6,  62.578006185,  875.190980842,  975.521
1571.77284073,  17050.1,  14741.7,  62.5777824747,  875.191175017,  975.628
1571.79327525,  17070.0,  14757.6,  62.5779371979,  875.190956141,  975.994
1571.81370967,  17080.9,  14767.7,  62.5779084764,  875.191514451,  976.104
1571.83414399,  17102.3,  14785.6,  62.5785131666,  875.190927298,  975.426
1571.85457852,  17121.0,  14800.8,  62.5780700554,  875.191215831,  975.993
1571.87501294,  17150.4,  14826.6,  62.5779689327,  875.190818672,  975.833
1571.89544726,  17170.6,  14844.1,  62.5782684088,  875.190951745,  974.665
1571.91588178,  17176.6,  14848.8,  62.5781025216,  875.190466583,  974.891
1571.9363162,  17051.0,  14742.3,  62.5776774682,  875.191425751,  974.906
1571.95675073,  17033.5,  14726.6,  62.5777492018,  875.191266151,  972.727
1571.97718505,  17157.7,  14832.6,  62.5786199626,  875.190799432,  973.279
1571.99761947,  17251.1,  14912.7,  62.5782806224,  875.190462783,  973.542
1572.01805399,  17248.7,  14909.4,  62.5783140039,  875.190921425,  973.153
1572.03848832,  17243.2,  14905.3,  62.5779864282,  875.190653949,  973.14
1572.05892274,  17233.2,  14896.9,  62.5777746989,  875.191145118,  973.201
1572.07935726,  17224.2,  14888.8,  62.5774940355,  875.191185042,  973.293
1572.09979159,  17210.3,  14878.1,  62.5786350151,  875.190748669,  973.233
1572.12022611,  17193.8,  14863.0,  62.5782838816,  875.191075256,  973.248
1572.14066053,  17173.2,  14845.7,  62.577603891,  875.191726044,  972.602
1572.16109486,  17173.7,  14846.4,  62.578018519,  875.190937614,  972.526
1572.18152938,  17171.3,  14843.8,  62.5787754726,  875.191231932,  972.126
1572.2019638,  17161.3,  14835.7,  62.5778711285,  875.191053996,  972.065
1572.22239813,  17158.3,  14833.6,  62.5780686982,  875.19144653,  971.326
1572.24283265,  17164.3,  14837.5,  62.5779931711,  875.190547804,  972.581
1572.26326708,  17160.1,  14834.9,  62.5780099903,  875.190931739,  971.011
1572.2837015,  17163.0,  14836.4,  62.5782930797,  875.191585293,  971.58
1572.30413593,  17139.5,  14816.1,  62.5780786852,  875.191237136,  971.897
1572.32457035,  17125.5,  14805.3,  62.5778697351,  875.190805044,  970.804
1572.34500478,  17110.5,  14791.3,  62.5774150866,  875.191609252,  971.454
1572.3654392,  17096.6,  14780.2,  62.5781298532,  875.191397671,  970.337
1572.38587363,  17103.9,  14786.8,  62.5779927526,  875.190681751,  970.091
1572.40630805,  17091.2,  14775.0,  62.5781808458,  875.191489515,  968.173
1572.42674248,  17063.2,  14751.6,  62.5776536604,  875.191450925,  968.904
1572.4471769,  17056.6,  14746.2,  62.5780514773,  875.191707631,  968.91
1572.46761133,  17047.2,  14737.0,  62.5782710145,  875.191137916,  969.234
1572.48804575,  17037.3,  14729.9,  62.5779177601,  875.191452455,  968.479
1572.50848028,  17041.2,  14732.3,  62.5782625188,  875.191535252,  968.896
1572.5289147,  17046.2,  14736.5,  62.5782704258,  875.191438386,  968.779
1572.54934903,  17064.9,  14753.5,  62.5773664224,  875.190983186,  969.766
1572.56978356,  17077.3,  14763.3,  62.5780262933,  875.191667422,  969.577
1572.59021798,  17088.8,  14773.0,  62.5777036022,  875.191615519,  968.389
1572.61065231,  17108.7,  14791.0,  62.5775934281,  875.192333751,  970.009
1572.63108683,  17129.3,  14807.2,  62.5778987086,  875.190786369,  969.384
1572.67195559,  17168.4,  14840.5,  62.5781680108,  875.191180874,  970.053
1572.69239011,  17150.2,  14824.0,  62.5781866051,  875.191668953,  969.272
1572.71282454,  17038.3,  14729.4,  62.5784286037,  875.191500469,  970.799
1572.73325907,  17049.0,  14737.9,  62.5784250686,  875.191264298,  970.631
1572.7536934,  17208.0,  14873.0,  62.5782363546,  875.19158311,  971.402
1572.77412782,  17251.6,  14911.1,  62.5778671019,  875.191469096,  971.891
1572.79456235,  17253.2,  14911.7,  62.5788757068,  875.190912101,  972.977
1572.81499668,  17233.0,  14894.8,  62.5785854176,  875.191566182,  971.346
1572.8354311,  17217.2,  14881.6,  62.5787335089,  875.191403863,  973.27
1572.85586563,  17215.6,  14879.1,  62.5782892005,  875.191689632,  973.136
1572.87629996,  17197.9,  14864.7,  62.5787275072,  875.191532971,  975.897
1572.89673449,  17183.4,  14852.2,  62.5783773105,  875.19177055,  976.976
1572.91716892,  17185.6,  14853.9,  62.5780423221,  875.191133926,  978.77
1572.93760324,  17176.4,  14846.7,  62.5780460504,  875.191645186,  976.86
1572.95803777,  17165.3,  14836.6,  62.5785012462,  875.191762141,  976.587
1572.9784722,  17168.3,  14838.8,  62.5779717524,  875.191481673,  977.43
1572.99890663,  17168.1,  14839.4,  62.5782577404,  875.191921756,  976.778
1573.01934106,  17154.4,  14826.6,  62.5783436846,  875.192123038,  974.767
1573.03977549,  17153.4,  14827.3,  62.5784684618,  875.191232718,  971.852
1573.06020982,  17152.6,  14825.7,  62.5790996291,  875.191797806,  970.01
1573.08064435,  17131.1,  14806.2,  62.5784536043,  875.19179231,  968.089
1573.10107877,  17122.9,  14800.6,  62.5784104871,  875.192053061,  967.821
1573.1215132,  17105.7,  14784.6,  62.5787707677,  875.192043704,  968.096
1573.14194763,  17107.6,  14786.2,  62.5792649641,  875.192207319,  968.357
1573.16238206,  17098.3,  14778.9,  62.5786180718,  875.191959489,  967.123
1573.18281659,  17068.7,  14753.6,  62.5788158986,  875.191639792,  966.439
1573.20325092,  17056.6,  14743.4,  62.5781696573,  875.192545396,  965.71
1573.22368535,  17041.3,  14730.7,  62.5786568305,  875.191935953,  966.269
1573.24411988,  17041.1,  14729.7,  62.5780969812,  875.192654311,  964.56
1573.26455421,  17038.0,  14727.6,  62.5787333979,  875.192614657,  965.213
1573.28498874,  17048.7,  14736.7,  62.5786753937,  875.192179628,  964.275
1573.30542317,  17049.7,  14736.6,  62.578873947,  875.192669985,  963.631
1573.3258575,  17065.2,  14750.8,  62.5786895789,  875.192597025,  962.659
1573.34629203,  17084.0,  14766.0,  62.578190399,  875.192571168,  961.883
1573.36672646,  17100.6,  14780.1,  62.5786495075,  875.192300753,  960.938
1573.38716079,  17116.8,  14794.8,  62.5790626087,  875.192929668,  961.798
1573.40759533,  17129.4,  14804.5,  62.5784150862,  875.192490452,  961.354
1573.42802976,  17151.2,  14823.0,  62.5790066732,  875.192376804,  960.691
1573.44846409,  17185.3,  14852.7,  62.5781517283,  875.19236572,  959.934
1573.46889862,  17114.6,  14791.8,  62.5787430555,  875.192301381,  958.937
1573.48933305,  17030.1,  14720.6,  62.5787946803,  875.192602387,  958.778
1573.50976758,  17104.4,  14783.4,  62.5790575543,  875.193381014,  958.256
1573.53020191,  17239.5,  14897.4,  62.5791846235,  875.192292059,  958.528
1573.55063635,  17255.4,  14912.5,  62.5791674887,  875.192192258,  958.101
1573.57107088,  17246.7,  14904.1,  62.5794054148,  875.192325708,  957.558
1573.59150521,  17235.3,  14894.6,  62.5787806292,  875.192153325,  957.726
1573.61193964,  17227.6,  14888.8,  62.579342642,  875.1920986,  957.039
1573.63237417,  17209.0,  14871.5,  62.579274528,  875.192350983,  957.028
1573.65280861,  17189.9,  14856.1,  62.5792327596,  875.191623885,  956.215
1573.67324304,  17176.7,  14845.1,  62.5788769867,  875.192141003,  957.856
1573.69367747,  17165.1,  14833.8,  62.5787738421,  875.192829601,  956.554
1573.7141118,  17167.1,  14836.2,  62.5784225959,  875.192789226,  956.374
1573.73454634,  17160.9,  14831.2,  62.5786232329,  875.192491646,  957.025
1573.75498077,  17158.2,  14828.4,  62.5794404552,  875.191951354,  955.519
1573.7754151,  17154.6,  14826.6,  62.5791134468,  875.192653555,  955.311
1573.79584963,  17156.8,  14826.9,  62.5790895052,  875.193113392,  955.942
1573.81628407,  17151.1,  14822.1,  62.5790281878,  875.19271326,  955.928
1573.8367184,  17140.2,  14813.9,  62.5792131806,  875.192621791,  955.338
1573.85715293,  17122.3,  14797.5,  62.5788937003,  875.192874888,  955.301
1573.87758737,  17121.0,  14797.2,  62.5788386291,  875.192727242,  955.409
1573.8980219,  17105.9,  14784.5,  62.5791326986,  875.192817312,  955.63
1573.91845624,  17105.3,  14783.1,  62.5784485449,  875.192710749,  954.979
1573.93889067,  17091.9,  14772.5,  62.578348137,  875.193073426,  954.381
1573.9593252,  17070.7,  14753.7,  62.5788915073,  875.193295728,  954.977
1573.97975954,  17057.2,  14741.9,  62.5788118062,  875.193252112,  954.995
1574.00019397,  17052.8,  14739.2,  62.5787699491,  875.193533195,  952.989
1574.02062851,  17036.6,  14724.7,  62.5784699812,  875.193176055,  953.99
1574.04106284,  17042.9,  14729.7,  62.5797272346,  875.194419005,  953.603
1574.06149737,  17049.6,  14736.6,  62.5786417475,  875.193173039,  953.906
1574.08193181,  17063.7,  14747.4,  62.5784605478,  875.193285182,  954.886
1574.10236614,  17076.4,  14758.5,  62.578792464,  875.193330837,  954.026
1574.12280068,  17082.8,  14764.1,  62.5790778269,  875.193100636,  953.195
1574.14323511,  17101.3,  14779.0,  62.5792499454,  875.192900414,  953.124
1574.16366955,  17127.1,  14802.7,  62.5786744472,  875.193503812,  952.542
1574.18410398,  17144.5,  14816.0,  62.5786011833,  875.192900178,  952.095
1574.20453842,  17175.7,  14842.8,  62.5789475349,  875.194108355,  952.52
1574.22497285,  17173.2,  14840.9,  62.5790371412,  875.192982453,  952.012
1574.24540729,  17067.0,  14750.1,  62.5792595583,  875.193451456,  952.307
1574.26584173,  17038.6,  14725.7,  62.5795208499,  875.193436722,  953.249
1574.28627616,  17156.2,  14826.1,  62.5790279069,  875.193186967,  952.186
1574.3067107,  17240.4,  14897.4,  62.5794320775,  875.193257089,  952.391
1574.32714503,  17243.8,  14901.2,  62.5785185517,  875.192449421,  951.26
1574.34757947,  17237.7,  14895.6,  62.5793251945,  875.193177036,  950.801
1574.36801391,  17229.6,  14887.9,  62.5795300227,  875.193181962,  951.387
1574.38844834,  17220.5,  14881.1,  62.5789313376,  875.192625787,  950.809
1574.40888288,  17204.2,  14866.6,  62.5790086525,  875.193421427,  951.48
1574.42931722,  17189.7,  14853.9,  62.5794901944,  875.193183352,  951.176
1574.44975175,  17177.7,  14844.9,  62.5790322613,  875.192882295,  949.906
1574.47018619,  17174.5,  14840.6,  62.5786890401,  875.192990723,  951.137
1574.49062053,  17164.6,  14833.1,  62.5781264843,  875.193209171,  950.725
1574.51105506,  17161.1,  14830.2,  62.5787997938,  875.193181644,  950.964
1574.5314895,  17164.4,  14832.1,  62.5796790206,  875.192475011,  950.939
1574.55192384,  17154.3,  14824.7,  62.5788433561,  875.193345861,  949.608
1574.57235837,  17156.3,  14825.3,  62.5790034714,  875.193599437,  950.362
1574.59279281,  17152.5,  14822.2,  62.579100761,  875.193258268,  949.673
1574.61322735,  17142.6,  14814.7,  62.5801774409,  875.192863302,  950.932
1574.63366169,  17125.3,  14799.0,  62.5791862934,  875.193211001,  949.406
1574.65409612,  17117.0,  14791.9,  62.5792537644,  875.19369995,  950.189
1574.67453066,  17113.9,  14790.5,  62.5780425526,  875.193542343,  950.317
1574.694965,  17104.7,  14781.1,  62.579367345,  875.192825046,  949.169
1574.71539944,  17088.9,  14768.3,  62.5790084023,  875.193126885,  948.805
1574.73583398,  17063.9,  14746.8,  62.5790337239,  875.194186308,  949.944
1574.75626831,  17059.4,  14742.4,  62.5797678765,  875.19378873,  949.088
1574.77670275,  17048.5,  14733.9,  62.5791574525,  875.194302203,  948.41
1574.79713729,  17043.6,  14729.2,  62.5789322134,  875.193415534,  949.281
1574.81757173,  17043.4,  14728.8,  62.579062806,  875.193774307,  949.903
1574.83800617,  17055.0,  14739.5,  62.5786474389,  875.193925794,  949.47
1574.85844061,  17065.0,  14747.2,  62.5794220291,  875.194141296,  948.364
1574.87887505,  17093.5,  14771.8,  62.5797853747,  875.193713658,  948.59
1574.89930949,  17101.7,  14779.1,  62.5782737534,  875.19405158,  948.522
1574.91974393,  17159.2,  14827.2,  62.5788723388,  875.193441362,  948.215
1574.94017836,  17150.8,  14821.1,  62.5795563249,  875.193271785,  947.873
1574.9606128,  17164.9,  14832.5,  62.5787733737,  875.193697647,  947.361
1574.98104724,  17186.1,  14849.9,  62.5792495888,  875.193706095,  948.171
1575.00148168,  17216.2,  14877.3,  62.580328569,  875.191484192,  947.371
1575.02191612,  17048.3,  14732.4,  62.5789547747,  875.193994716,  947.222
1575.04235056,  17062.3,  14744.8,  62.579380576,  875.193433476,  948.065
1575.0627851,  17219.3,  14879.2,  62.5793387517,  875.193181004,  947.437
1575.08321944,  17257.9,  14911.0,  62.5798871426,  875.193884981,  947.375
1575.10365388,  17255.5,  14909.6,  62.5797404718,  875.193022184,  947.325
1575.12408842,  17246.2,  14901.4,  62.579983866,  875.193283768,  946.552
1575.14452276,  17232.2,  14888.8,  62.579306444,  875.193238752,  946.565
1575.1649572,  17216.3,  14877.0,  62.5793505209,  875.193500992,  946.033
1575.18539174,  17206.0,  14866.5,  62.5791939994,  875.193372929,  946.326
1575.20582608,  17199.5,  14861.3,  62.5793818592,  875.193670584,  947.892
1575.22626063,  17175.0,  14841.3,  62.5792935603,  875.193490613,  946.637
1575.24669507,  17175.5,  14840.5,  62.579207737,  875.19382418,  945.07
1575.26712941,  17169.7,  14836.0,  62.5791646058,  875.193431152,  945.492
1575.28756395,  17162.3,  14829.9,  62.5794957437,  875.193786981,  945.318
1575.30799839,  17156.6,  14824.4,  62.5798326545,  875.193493783,  946.137
1575.32843273,  17171.0,  14837.7,  62.5791858389,  875.193386101,  945.255
1575.34886727,  17167.4,  14833.5,  62.5794921573,  875.193726491,  946.133
1575.36930171,  17153.2,  14820.9,  62.5793326346,  875.193709067,  946.159
1575.38973626,  17147.8,  14817.9,  62.5798022915,  875.194116974,  945.142
1575.4101706,  17123.1,  14796.0,  62.5803075307,  875.19407605,  944.505
1575.43060504,  17124.7,  14796.6,  62.579934086,  875.1939917,  945.106
1575.45103958,  17112.2,  14787.2,  62.5788059536,  875.194729722,  944.711
1575.47147402,  17112.6,  14787.2,  62.5793880483,  875.194090888,  945.227
1575.49190837,  17092.3,  14770.1,  62.5793394743,  875.194179649,  943.992
1575.51234291,  17067.8,  14749.3,  62.5789920442,  875.193278322,  945.086
1575.53277735,  17051.6,  14733.9,  62.5791500736,  875.193813454,  944.829
1575.55321169,  17054.7,  14738.2,  62.579042533,  875.193881593,  944.605
1575.57364624,  17047.4,  14731.3,  62.5796726246,  875.194364728,  945.283
1575.59408068,  17054.4,  14737.2,  62.5797120766,  875.19435838,  945.416
1575.61451512,  17052.9,  14737.2,  62.5797332272,  875.193941541,  943.89
1575.65538391,  17082.9,  14761.0,  62.5790398195,  875.194032425,  944.172
1575.67581845,  17109.9,  14784.3,  62.579278558,  875.194291298,  943.525
1575.69625289,  17129.6,  14800.1,  62.5801136699,  875.194397694,  943.633
1575.71668724,  17147.7,  14815.8,  62.5795882082,  875.194204351,  944.308
1575.73712178,  17164.5,  14829.5,  62.5798034004,  875.193588023,  943.547
1575.75755622,  17181.3,  14843.5,  62.5793798372,  875.195045512,  942.521
1575.77799077,  17117.5,  14790.2,  62.5796199296,  875.194120999,  943.7
1575.79842511,  17029.3,  14714.4,  62.5799919558,  875.193821532,  943.367
1575.81885955,  17095.6,  14770.3,  62.5796886982,  875.194591551,  943.172
1575.8392941,  17240.2,  14894.4,  62.578900887,  875.194174275,  943.295
1575.85972844,  17255.8,  14907.0,  62.5798456484,  875.19429752,  943.479
1575.88016289,  17246.6,  14899.1,  62.5795517657,  875.193770586,  943.765
1575.90059743,  17240.9,  14894.7,  62.5801921388,  875.193946451,  942.909
1575.92103178,  17225.7,  14880.9,  62.5801133845,  875.194488704,  944.898
1575.94146622,  17227.5,  14882.9,  62.579682584,  875.194002175,  943.511
1575.96190076,  17204.5,  14863.3,  62.5801924233,  875.193899296,  942.678
1575.98233511,  17186.0,  14847.1,  62.5800245778,  875.194270459,  942.298
1576.00276965,  17172.6,  14836.2,  62.5800290334,  875.194005496,  943.414
1576.0232041,  17169.5,  14833.0,  62.5798497018,  875.194548547,  942.701
1576.04363854,  17171.6,  14834.3,  62.5791308096,  875.194091877,  941.89
1576.06407299,  17168.3,  14832.6,  62.5793127711,  875.194162023,  942.068
1576.08450743,  17165.5,  14829.3,  62.5799254625,  875.193989487,  940.404
1576.10494188,  17175.2,  14837.9,  62.5798896819,  875.194273182,  940.973
1576.12537632,  17165.8,  14830.5,  62.5790915726,  875.194093083,  941.747
1576.14581077,  17154.7,  14819.8,  62.5797613342,  875.194712067,  942.062
1576.16624522,  17136.5,  14805.3,  62.5794777691,  875.193899903,  941.795
1576.18667976,  17120.6,  14791.2,  62.579646416,  875.19445062,  940.555
1576.20711411,  17118.2,  14788.7,  62.5801400254,  875.194916252,  941.951
1576.22754865,  17113.0,  14785.6,  62.5798644155,  875.194431691,  941.086
1576.2479831,  17092.6,  14766.5,  62.5791858893,  875.194641678,  940.569
1576.26841744,  17082.5,  14758.8,  62.5796518918,  875.194708182,  940.959
1576.28885199,  17079.8,  14757.1,  62.5789394413,  875.194394263,  939.91
1576.30928634,  17055.2,  14734.8,  62.5792447844,  875.195036906,  941.059
1576.32972078,  17053.5,  14733.2,  62.579634088,  875.195192022,  941.951
1576.35015533,  17056.0,  14736.0,  62.5792834848,  875.194250596,  940.352
1576.39102422,  17054.6,  14735.4,  62.5795048769,  875.194493084,  940.37
1576.41145867,  17082.4,  14758.6,  62.5791960456,  875.195074966,  941.017
1576.43189302,  17099.6,  14773.0,  62.5796930098,  875.194735159,  940.045
1576.45232756,  17112.7,  14784.8,  62.5800065043,  875.195138025,  940.473
1576.47276201,  17131.4,  14799.2,  62.579856626,  875.194632882,  941.033
1576.49319636,  17144.5,  14810.8,  62.5802810325,  875.194821277,  940.058
1576.51363091,  17174.4,  14836.4,  62.5793641522,  875.194691426,  939.866
1576.53406535,  17192.5,  14851.6,  62.5799959767,  875.194882335,  939.382
1576.5544998,  17075.8,  14752.5,  62.5794152513,  875.194499587,  939.495
1576.57493425,  17039.7,  14721.7,  62.5800649825,  875.19485037,  939.824
1576.5953687,  17170.6,  14832.3,  62.5798898093,  875.1944339,  939.09
1576.61580324,  17260.6,  14909.7,  62.5798907261,  875.194496059,  939.867
1576.63623759,  17252.2,  14902.2,  62.5793436056,  875.194782421,  939.515
1576.65667204,  17250.1,  14899.7,  62.5804262475,  875.194262607,  939.591
1576.67710659,  17237.1,  14889.7,  62.5807971884,  875.194673833,  939.375
1576.69754104,  17224.1,  14877.7,  62.5801173767,  875.194454324,  939.803
1576.71797538,  17213.0,  14869.0,  62.5799137417,  875.194662629,  940.019
1576.73840993,  17201.5,  14858.5,  62.5811904879,  875.193773084,  938.961
1576.75884438,  17189.8,  14848.4,  62.5804459871,  875.194953252,  939.748
1576.77927883,  17182.5,  14842.6,  62.580197442,  875.194496115,  938.913
1576.79971328,  17175.5,  14836.0,  62.5802041428,  875.194484407,  939.101
1576.82014773,  17174.9,  14835.6,  62.5796085249,  875.194857068,  938.448
1576.84058228,  17166.8,  14829.3,  62.5797263448,  875.194485837,  939.155
1576.86101662,  17169.3,  14830.8,  62.5796589471,  875.194720897,  938.662
1576.88145107,  17171.5,  14832.8,  62.5800213784,  875.195246519,  939.796
1576.90188562,  17160.4,  14823.9,  62.579794413,  875.195387819,  938.218
1576.92231997,  17157.4,  14820.5,  62.5798577247,  875.194435491,  938.68
1576.94275442,  17137.9,  14804.5,  62.5795700675,  875.195127558,  937.377
1576.96318887,  17128.2,  14796.2,  62.5798206713,  875.19530447,  938.351
1576.98362332,  17119.7,  14788.4,  62.5799202749,  875.194839143,  937.797
1577.00405787,  17111.3,  14782.3,  62.580313784,  875.195285008,  937.432
1577.02449222,  17096.1,  14768.1,  62.5799581971,  875.194985376,  939.192
1577.04492667,  17080.4,  14755.5,  62.5802925845,  875.194692747,  938.74
1577.06536122,  17065.1,  14743.4,  62.5799766964,  875.19511361,  936.881
1577.08579557,  17054.7,  14732.8,  62.5797127472,  875.195022856,  937.47
1577.10623002,  17051.8,  14731.2,  62.5800207231,  875.194630773,  936.446
1577.12666457,  17055.2,  14734.1,  62.5797722047,  875.194861856,  936.079
1577.14709892,  17052.1,  14730.0,  62.5796791977,  875.195218592,  937.875
1577.16753347,  17069.6,  14746.7,  62.5806304442,  875.195429597,  937.827
1577.18796792,  17087.4,  14760.6,  62.5798517367,  875.194955263,  936.939
1577.20840227,  17104.5,  14775.5,  62.5800638838,  875.195314072,  937.065
1577.22883682,  17123.9,  14792.6,  62.5800875827,  875.19548307,  936.866
1577.24927127,  17141.0,  14806.7,  62.5796715154,  875.194876226,  936.295
1577.26970573,  17159.3,  14822.3,  62.5794638957,  875.195078336,  936.45
1577.29014018,  17183.3,  14843.0,  62.5793457357,  875.195337293,  936.233
1577.31057463,  17166.9,  14827.6,  62.580018412,  875.194985246,  937.095
1577.33100908,  17053.2,  14732.4,  62.57956171,  875.195217816,  936.446
1577.35144363,  17069.7,  14745.6,  62.580262342,  875.195583311,  936.963
1577.37187798,  17218.9,  14872.3,  62.5799269101,  875.194672325,  937.044
1577.39231253,  17262.2,  14910.0,  62.5802854021,  875.1948964,  937.116
1577.41274698,  17250.7,  14899.1,  62.5802647886,  875.194871171,  937.561
1577.43318134,  17242.9,  14893.0,  62.5805792391,  875.194688272,  937.369
1577.45361589,  17234.4,  14885.9,  62.5803619061,  875.195078956,  937.086
1577.47405034,  17225.2,  14877.4,  62.5798707857,  875.19546607,  936.272
1577.49448469,  17213.1,  14868.0,  62.5801189446,  875.195106545,  936.534
1577.51491924,  17190.7,  14848.6,  62.5809170312,  875.194687193,  936.113
1577.5353537,  17180.7,  14839.6,  62.5802605317,  875.196018171,  935.48
1577.55578815,  17185.2,  14844.4,  62.5796607501,  875.19540208,  935.927
1577.5762226,  17183.6,  14842.3,  62.5804107407,  875.194941135,  936.271
1577.59665695,  17186.0,  14843.8,  62.5797452148,  875.195490223,  935.926
1577.61709151,  17179.4,  14839.2,  62.5802013894,  875.195026946,  936.398
1577.63752596,  17173.3,  14833.1,  62.5798913002,  875.195700967,  935.221
1577.65796031,  17163.2,  14825.0,  62.579831982,  875.195163552,  935.613
1577.67839486,  17169.8,  14831.4,  62.5803093652,  875.195525636,  934.484
1577.69882932,  17148.0,  14811.2,  62.5809238285,  875.195764847,  935.418
1577.71926377,  17133.4,  14799.8,  62.5801284049,  875.195308108,  939.368
1577.73969822,  17114.6,  14783.5,  62.579961196,  875.195168377,  935.952
1577.76013268,  17123.6,  14790.9,  62.5801079092,  875.195538655,  934.429
1577.78056723,  17107.2,  14777.3,  62.579617591,  875.19570222,  935.435
1577.80100158,  17090.6,  14762.8,  62.5800258243,  875.195575769,  933.97
1577.82143604,  17077.4,  14751.6,  62.5794677198,  875.195925041,  933.874
1577.84187059,  17057.6,  14735.6,  62.5795369691,  875.196327193,  934.596
1577.86230504,  17056.1,  14733.4,  62.5804718077,  875.195733446,  935.533
1577.8827394,  17065.6,  14741.5,  62.5792268854,  875.195693319,  933.743
1577.90317395,  17057.7,  14734.9,  62.5805767493,  875.195860202,  934.589
1577.92360841,  17064.5,  14740.4,  62.579602093,  875.195892942,  934.261
1577.94404286,  17076.1,  14750.6,  62.5797267801,  875.195573202,  934.564
1577.96447731,  17101.2,  14771.5,  62.580218548,  875.196053768,  933.264
1577.98491177,  17121.0,  14787.8,  62.5798490651,  875.195667619,  934.141
1578.00534622,  17135.0,  14800.9,  62.5806060805,  875.196378115,  934.212
1578.02578068,  17150.2,  14812.9,  62.5808953367,  875.195519245,  934.106
1578.04621513,  17161.9,  14823.1,  62.5799969469,  875.195780292,  933.435
1578.06664969,  17194.9,  14851.8,  62.579706994,  875.195454782,  943.112
1578.08708404,  17122.8,  14789.5,  62.5796007007,  875.196052888,  935.286
1578.1075185,  17042.7,  14721.9,  62.579479141,  875.195697372,  934.645
1578.12795305,  17104.3,  14774.0,  62.5804324031,  875.195682063,  934.529
1578.14838741,  17244.5,  14893.2,  62.5799944248,  875.195613496,  933.697
1578.16882196,  17253.3,  14901.4,  62.5800846449,  875.194792741,  933.95
1578.18925642,  17257.5,  14903.9,  62.5802637806,  875.195853338,  933.04
1578.20969077,  17243.6,  14892.4,  62.5801244457,  875.195657527,  933.456
1578.23012533,  17235.8,  14886.8,  62.5803896531,  875.195635477,  933.509
1578.25055968,  17220.7,  14872.4,  62.5797537855,  875.1952562,  933.33
1578.27099414,  17199.9,  14855.4,  62.5802826162,  875.196043154,  933.078
1578.29142869,  17184.5,  14842.9,  62.5801074737,  875.195817349,  933.725
1578.31186305,  17186.7,  14843.7,  62.5800783197,  875.195408073,  933.141
1578.3322976,  17173.9,  14833.4,  62.5800323889,  875.195786271,  933.066
1578.35273206,  17178.6,  14836.3,  62.5798061961,  875.19573784,  934.127
1578.37316642,  17177.5,  14835.4,  62.5789520433,  875.195591355,  933.955
1578.39360097,  17173.2,  14832.6,  62.5803280098,  875.196749994,  933.413
1578.41403543,  17170.9,  14829.8,  62.5804661792,  875.195490035,  932.33
1578.43446988,  17176.3,  14834.9,  62.5809424984,  875.196000748,  932.127
1578.45490434,  17157.2,  14819.5,  62.5802546427,  875.19585414,  932.864
1578.4753388,  17153.8,  14815.6,  62.5796032095,  875.196017608,  933.085
1578.49577325,  17133.2,  14798.4,  62.5802513522,  875.19614466,  933.444
1578.51620771,  17120.0,  14786.8,  62.5805448679,  875.19604535,  932.652
1578.53664217,  17118.8,  14786.1,  62.5798422614,  875.195405247,  932.696
1578.55707672,  17104.8,  14774.3,  62.580752468,  875.196072934,  932.945
1578.57751118,  17090.5,  14761.4,  62.5797377908,  875.195712387,  931.973
1578.59794554,  17070.8,  14745.1,  62.5799126997,  875.196188576,  933.353
1578.63881455,  17049.2,  14725.7,  62.5802674325,  875.196145648,  933.041
1578.65924891,  17052.1,  14728.9,  62.5801351338,  875.196014765,  932.352
1578.67968347,  17059.5,  14734.1,  62.5799558614,  875.196047956,  932.57
1578.70011792,  17074.1,  14746.5,  62.580212218,  875.19666332,  932.044
1578.72055228,  17090.7,  14761.5,  62.5803168013,  875.195760669,  931.873
1578.74098684,  17097.5,  14766.1,  62.5804175853,  875.196485252,  931.657
1578.7614213,  17125.9,  14790.7,  62.5804703556,  875.196775519,  930.585
1578.78185586,  17152.0,  14813.6,  62.5800399011,  875.196080882,  931.397
1578.80229021,  17152.8,  14812.5,  62.5808298354,  875.195688136,  933.076
1578.82272467,  17184.9,  14840.8,  62.5804137157,  875.19651118,  930.182
1578.84315923,  17195.6,  14849.8,  62.580748254,  875.195674863,  931.339
1578.86359359,  17088.7,  14758.4,  62.580694513,  875.196178369,  930.502
1578.88402805,  17049.7,  14725.7,  62.5802075081,  875.196780156,  930.677
1578.9044625,  17172.7,  14830.2,  62.5805315166,  875.196379259,  930.509
1578.92489696,  17262.2,  14905.6,  62.5810922337,  875.195237594,  931.566
1578.94533152,  17260.7,  14905.2,  62.5801225238,  875.195985453,  929.963
1578.96576588,  17251.1,  14895.9,  62.5802231054,  875.196201459,  931.152
1578.98620034,  17255.9,  14900.5,  62.5808674329,  875.196051817,  930.946
1579.0066349,  17231.1,  14879.8,  62.5806471673,  875.195844697,  930.611
1579.02706926,  17208.1,  14859.2,  62.5808416822,  875.196323131,  930.172
1579.04750371,  17204.3,  14857.0,  62.5805829465,  875.195796936,  929.996
1579.06793827,  17194.8,  14848.3,  62.5806094595,  875.196382168,  930.841
1579.08837273,  17186.3,  14840.5,  62.5804082879,  875.196663515,  930.861
1579.10880709,  17187.5,  14842.6,  62.5803938958,  875.196501502,  930.703
1579.12924165,  17181.4,  14836.3,  62.5801518469,  875.196283608,  930.757
1579.14967611,  17181.2,  14836.3,  62.5806659712,  875.196105499,  930.524
1579.17011057,  17176.2,  14832.6,  62.5806140983,  875.196013696,  929.24
1579.19054503,  17176.9,  14832.2,  62.5796424901,  875.196404318,  929.771
1579.21097949,  17188.5,  14843.1,  62.5802528968,  875.19647536,  929.439
1579.23141405,  17153.1,  14813.1,  62.5803753275,  875.196779182,  929.549
1579.25184841,  17137.4,  14798.6,  62.5803446411,  875.196359351,  929.165
1579.27228287,  17138.0,  14800.4,  62.5803934065,  875.196249152,  929.169
1579.29271743,  17141.7,  14802.4,  62.5803403397,  875.196439537,  930.053
1579.31315179,  17122.6,  14786.0,  62.5802652275,  875.196747874,  929.275
1579.33358635,  17107.2,  14773.8,  62.5800761286,  875.197048755,  928.724
1579.35402081,  17086.7,  14755.4,  62.5805704695,  875.196725008,  929.175
1579.37445517,  17071.8,  14743.2,  62.5801380244,  875.196343648,  928.758
1579.39488973,  17071.8,  14743.2,  62.5797893616,  875.196263837,  928.808
1579.41532419,  17060.3,  14732.6,  62.5804543295,  875.196855366,  929.834
1579.43575855,  17053.1,  14727.3,  62.5804922242,  875.19682062,  929.145
1579.45619311,  17065.6,  14738.1,  62.5806750386,  875.196853203,  929.815
1579.47662757,  17075.6,  14746.2,  62.5800738425,  875.19704783,  928.821
1579.49706193,  17089.1,  14757.9,  62.5802524441,  875.196758008,  929.314
1579.51749649,  17107.0,  14772.9,  62.5806091891,  875.196817974,  929.27
1579.53793086,  17138.0,  14799.2,  62.5800503046,  875.196405335,  929.814
1579.55836542,  17145.9,  14806.5,  62.5803720006,  875.196672827,  928.975
1579.57879988,  17156.0,  14814.4,  62.5809689727,  875.197051759,  929.717
1579.59923434,  17186.2,  14840.2,  62.5805020829,  875.196310878,  930.061
1579.6196688,  17178.4,  14833.9,  62.5807117437,  875.196546162,  929.046
1579.64010326,  17058.7,  14730.8,  62.5802473416,  875.196788616,  929.153
1579.66053772,  17059.9,  14733.2,  62.5804966905,  875.196870328,  929.062
1579.68097218,  17219.8,  14868.8,  62.5808638044,  875.196014053,  928.7
1579.70140665,  17269.2,  14910.0,  62.5807420785,  875.196559649,  928.6
1579.72184121,  17258.2,  14901.8,  62.5805612534,  875.196875703,  928.362
1579.74227567,  17251.3,  14894.8,  62.5808443992,  875.196632302,  928.168
1579.76271003,  17247.2,  14891.8,  62.5812758717,  875.196376486,  927.587
1579.78314459,  17219.1,  14868.0,  62.5808541673,  875.196673199,  928.245
1579.80357906,  17208.9,  14858.6,  62.5809235969,  875.196360265,  928.246
1579.82401342,  17195.9,  14848.3,  62.5801389086,  875.196850226,  927.333
1579.84444798,  17210.0,  14860.1,  62.5805803286,  875.196523146,  926.822
1579.86488244,  17190.6,  14843.1,  62.5803881044,  875.196554173,  927.048
1579.88531681,  17182.9,  14837.5,  62.5810389629,  875.196861616,  927.35
1579.90575137,  17186.0,  14839.5,  62.5808744658,  875.197447172,  927.016
1579.92618583,  17189.2,  14842.4,  62.5806004732,  875.196890351,  927.291
1579.94662039,  17183.6,  14837.7,  62.5802509061,  875.196998164,  928.006
1579.96705476,  17168.2,  14824.1,  62.5806787702,  875.197044373,  926.43
1579.98748922,  17176.5,  14831.6,  62.580760965,  875.196604241,  925.112
1580.00792378,  17165.1,  14821.6,  62.5805450185,  875.197275068,  927.091
1580.02835814,  17142.6,  14802.0,  62.5807771182,  875.196256335,  926.53
1580.04879261,  17122.3,  14786.1,  62.5805967109,  875.196909053,  926.604
1580.06922717,  17128.4,  14790.8,  62.5804367131,  875.197415549,  925.357
1580.08966153,  17106.5,  14771.6,  62.5811124136,  875.197210558,  926.442
1580.110096,  17095.0,  14762.8,  62.5807760378,  875.197618464,  925.861
1580.13053056,  17071.6,  14741.9,  62.5802191438,  875.197073243,  926.255
1580.15096492,  17070.2,  14740.5,  62.580421736,  875.196859378,  925.308
1580.17139949,  17051.3,  14724.8,  62.5805617061,  875.19717429,  924.822
1580.19183385,  17054.3,  14726.5,  62.5804196507,  875.197403696,  925.762
1580.21226832,  17048.3,  14722.2,  62.5802116197,  875.197202149,  925.928
1580.23270288,  17071.4,  14741.7,  62.5804202815,  875.197135937,  925.783
1580.25313724,  17092.4,  14758.6,  62.5807994823,  875.19718079,  925.425
1580.27357171,  17095.0,  14762.0,  62.580576305,  875.197622086,  925.224
1580.29400627,  17118.5,  14781.6,  62.580459347,  875.197354196,  924.956
1580.31444074,  17140.5,  14800.2,  62.5809603915,  875.198015011,  924.264
1580.3348752,  17158.2,  14815.8,  62.5804174194,  875.197181402,  924.762
1580.35530966,  17178.4,  14832.0,  62.5803792459,  875.197143583,  924.517
1580.37574413,  17188.9,  14841.2,  62.5808528799,  875.197002978,  924.687
1580.39617859,  17130.7,  14791.8,  62.5804959929,  875.197039769,  923.527
1580.41661306,  17039.2,  14713.6,  62.5807515635,  875.197634304,  923.526
1580.43704752,  17115.8,  14779.3,  62.5806520778,  875.197704667,  924.869
1580.45748209,  17252.8,  14895.6,  62.5812305207,  875.197037293,  923.9
1580.47791645,  17270.8,  14910.6,  62.5806748652,  875.197147321,  924.535
1580.49835092,  17251.0,  14894.5,  62.5813628274,  875.19653383,  924.297
1580.51878548,  17249.4,  14891.6,  62.5806644156,  875.196794954,  923.209
1580.53921985,  17238.2,  14883.1,  62.5804680651,  875.196918421,  923.768
1580.55965441,  17219.3,  14867.5,  62.5810888745,  875.1976717,  923.384
1580.58008888,  17206.4,  14855.8,  62.5809431732,  875.197865543,  923.413
1580.60052324,  17206.0,  14855.7,  62.5805468736,  875.197353879,  923.227
1580.62095781,  17183.7,  14836.5,  62.5808495306,  875.197614583,  922.578
1580.64139227,  17188.3,  14840.1,  62.5808492671,  875.197910665,  923.493
1580.66182664,  17195.8,  14847.4,  62.580314857,  875.197371696,  923.196
1580.6822612,  17183.9,  14835.7,  62.5809627835,  875.197240445,  922.508
1580.70269567,  17184.4,  14836.9,  62.5812235784,  875.196961101,  923.741
1580.72313024,  17189.7,  14841.9,  62.5812958074,  875.197815055,  922.735
1580.7435646,  17178.0,  14831.1,  62.5807599131,  875.19746576,  922.09
1580.76399907,  17167.7,  14823.0,  62.5804308886,  875.197392521,  922.283
1580.78443363,  17144.5,  14803.3,  62.5804999155,  875.197713522,  921.257
1580.804868,  17134.7,  14794.3,  62.581383189,  875.197236048,  922.057
1580.82530247,  17131.5,  14792.6,  62.5807097968,  875.197415256,  922.169
1580.84573693,  17122.1,  14783.5,  62.5808870811,  875.198398602,  922.918
1580.8661714,  17104.0,  14768.7,  62.5804845888,  875.197580804,  922.237
1580.88660587,  17089.7,  14756.6,  62.5817040218,  875.198095913,  921.58
1580.90704033,  17074.4,  14742.8,  62.5804388923,  875.198011347,  921.625
1580.9274748,  17055.0,  14727.2,  62.5801514794,  875.197811106,  920.241
1580.94790936,  17059.1,  14730.6,  62.5808743295,  875.198086103,  921.081
1580.96834383,  17058.9,  14729.4,  62.5805549051,  875.198006567,  922.606
1580.9887782,  17059.7,  14731.7,  62.5808379279,  875.197709146,  921.347
1581.00921277,  17075.0,  14743.6,  62.5802524694,  875.197887363,  921.728
1581.02964723,  17085.3,  14752.0,  62.5804378423,  875.197553997,  921.031
1581.0500816,  17110.0,  14774.0,  62.5804359495,  875.197823494,  921.127
1581.07051617,  17130.9,  14790.7,  62.5811750497,  875.197888228,  920.483
1581.09095063,  17143.7,  14801.6,  62.5804091003,  875.197966568,  920.847
1581.1113852,  17178.7,  14831.8,  62.5811615808,  875.198387801,  920.603
1581.13181957,  17180.0,  14832.1,  62.5806700787,  875.198078413,  921.736
1581.15225404,  17191.9,  14843.2,  62.5803910171,  875.197784149,  921.118
1581.1726886,  17084.2,  14751.1,  62.5805171641,  875.197690217,  919.948
1581.19312297,  17041.5,  14714.7,  62.58100917,  875.19741009,  920.716
1581.21355744,  17169.0,  14823.5,  62.5808654606,  875.198102637,  920.975
1581.23399201,  17254.8,  14896.0,  62.5810423999,  875.197830044,  921.267
1581.25442637,  17261.4,  14902.0,  62.5815177311,  875.197704286,  920.571
1581.27486084,  17247.6,  14890.9,  62.5804807952,  875.197517404,  921.071
1581.29529541,  17238.1,  14881.5,  62.5807916686,  875.197602243,  920.515
1581.31572978,  17227.6,  14873.1,  62.5809307541,  875.197265808,  919.628
1581.33616435,  17208.9,  14857.8,  62.5810952303,  875.197989533,  921.003
1581.35659881,  17199.6,  14849.0,  62.5806021593,  875.197954628,  919.805
1581.37703328,  17189.2,  14841.2,  62.5814889599,  875.197684692,  920.327
1581.39746775,  17189.3,  14840.3,  62.5805587389,  875.19813012,  919.807
1581.41790222,  17192.4,  14842.7,  62.5811790319,  875.197315486,  919.565
1581.43833669,  17175.0,  14829.0,  62.5810327994,  875.197643889,  920.363
1581.45877116,  17190.3,  14840.4,  62.5814669686,  875.198869413,  919.509
1581.47920562,  17186.1,  14837.6,  62.5807940728,  875.197982596,  918.811
1581.49964009,  17175.2,  14828.8,  62.5809760393,  875.198058912,  919.078
1581.52007456,  17174.8,  14827.7,  62.5812186317,  875.197515441,  919.444
1581.54050903,  17169.8,  14824.4,  62.5812124385,  875.197665827,  919.681
1581.5609435,  17137.1,  14796.1,  62.5810365281,  875.198439119,  919.415
1581.58137797,  17122.4,  14782.9,  62.5807398525,  875.198362566,  920.146
1586.83303179,  17191.4,  14828.9,  62.5780231553,  875.204442744,  900.027
1586.85346637,  17187.3,  14827.1,  62.5775711394,  875.204765121,  899.916
1586.87390076,  17185.6,  14825.0,  62.577321819,  875.204221274,  901.546
1586.89433534,  17183.7,  14823.3,  62.5777228584,  875.204654498,  900.32
1586.91476983,  17173.3,  14815.6,  62.5780009912,  875.204632452,  899.927
1586.93520421,  17167.7,  14809.7,  62.5751460667,  875.203990218,  900.345
1586.9556388,  17148.4,  14793.3,  62.5779394168,  875.204350198,  899.675
1586.97607328,  17134.5,  14782.4,  62.5773284304,  875.204752374,  899.699
1586.99650777,  17131.2,  14778.7,  62.578166302,  875.204526681,  899.986
1587.01694226,  17113.0,  14764.0,  62.57805173,  875.204578392,  899.874
1587.03737674,  17098.9,  14751.5,  62.5776320184,  875.204670941,  898.993
1587.05781133,  17071.7,  14727.9,  62.5783145575,  875.205287817,  899.694
1587.07824581,  17060.5,  14719.1,  62.5780503112,  875.20444528,  899.725
1587.0986802,  17057.5,  14716.0,  62.5775867113,  875.205408236,  900.277
1587.11911478,  17052.1,  14711.6,  62.5783345921,  875.205657777,  899.194
1587.13954927,  17057.1,  14715.6,  62.5779536962,  875.205390953,  899.485
1587.15998365,  17066.8,  14724.3,  62.5783821135,  875.204892936,  898.378
1587.18041824,  17082.0,  14737.8,  62.5782772708,  875.204904677,  898.243
1587.20085272,  17096.1,  14749.2,  62.5781264022,  875.205109087,  899.411
1587.22128721,  17123.0,  14771.4,  62.5779811136,  875.20552307,  899.536
1587.2417217,  17134.0,  14781.9,  62.5778020092,  875.205570223,  898.661
1587.26215608,  17153.2,  14797.8,  62.5782955619,  875.205393987,  898.747
1587.28259067,  17182.7,  14822.8,  62.5791126628,  875.205530051,  898.637
1587.30302515,  17196.2,  14834.8,  62.5796474859,  875.205289091,  899.198
1587.32345954,  17131.7,  14779.2,  62.5791201649,  875.205308749,  899.514
1587.34389413,  17039.4,  14700.9,  62.5804381951,  875.208021091,  900.795
1587.36432861,  17113.8,  14764.6,  62.579070774,  875.205620353,  898.436
1587.3847632,  17253.7,  14883.1,  62.5793083985,  875.205376369,  899.098
1587.40519758,  17275.5,  14902.5,  62.5790445881,  875.205241872,  899.655
1587.42563207,  17262.0,  14890.6,  62.5789516986,  875.205056777,  898.948
1587.44606666,  17244.5,  14875.4,  62.5790391031,  875.205236985,  898.37
1587.46650104,  17240.4,  14873.1,  62.579487761,  875.205358572,  898.091
1587.50737012,  17205.0,  14842.4,  62.5797109468,  875.205610053,  898.782
1587.5278045,  17212.6,  14848.7,  62.5801739013,  875.205542914,  899.919
1587.54823909,  17199.7,  14837.3,  62.5795457396,  875.204964147,  898.145
1587.56867357,  17192.5,  14831.2,  62.5796213307,  875.205364356,  898.326
1587.58910806,  17196.3,  14834.9,  62.5798029739,  875.205302374,  898.697
1587.60954255,  17193.3,  14831.4,  62.580185442,  875.205685245,  897.912
1587.62997703,  17187.9,  14827.8,  62.5800020801,  875.205442066,  897.743
1587.65041152,  17186.3,  14826.4,  62.5796826038,  875.206207171,  897.358
1587.67084601,  17188.3,  14828.1,  62.580309004,  875.205380007,  898.173
1587.69128049,  17174.8,  14817.9,  62.5796069595,  875.205347423,  898.047
1587.71171508,  17151.3,  14796.4,  62.5798414146,  875.205116621,  897.748
1587.73214947,  17130.0,  14778.5,  62.5801130253,  875.205468794,  899.24
1587.75258396,  17129.6,  14779.1,  62.5805311055,  875.205210309,  898.45
1587.77301854,  17129.8,  14778.0,  62.5801297402,  875.205531994,  898.93
1587.79345303,  17114.6,  14765.6,  62.5797253886,  875.205707319,  897.995
1587.81388742,  17096.3,  14750.2,  62.5804498581,  875.20599434,  898.045
1587.834322,  17076.6,  14733.1,  62.5797594784,  875.205143033,  899.092
1587.85475639,  17059.6,  14719.3,  62.5796398176,  875.204793421,  898.807
1587.87519098,  17065.5,  14723.5,  62.5806106645,  875.205668905,  898.47
1587.89562546,  17055.3,  14715.0,  62.5799816124,  875.204879869,  897.182
1587.91605985,  17073.3,  14731.8,  62.5800420649,  875.205013386,  898.248
1587.93649444,  17084.1,  14739.5,  62.5799742805,  875.204785065,  898.372
1587.95692893,  17090.1,  14745.7,  62.5797105967,  875.205164039,  898.612
1587.97736331,  17104.4,  14757.6,  62.5802473957,  875.204875124,  897.58
1587.9977979,  17120.5,  14770.5,  62.5799187957,  875.204437741,  898.508
1588.01823239,  17143.5,  14790.9,  62.5801883733,  875.205159301,  897.943
1588.03866678,  17158.1,  14802.3,  62.5802712715,  875.204815407,  898.358
1588.05910136,  17188.0,  14828.3,  62.5803217779,  875.20462073,  896.903
1588.07953585,  17197.3,  14836.7,  62.5808251287,  875.20453433,  897.611
1588.09997044,  17085.9,  14740.9,  62.5805962169,  875.204307251,  897.633
1588.12040483,  17053.7,  14713.8,  62.5805193108,  875.204301695,  897.714
1588.14083931,  17157.1,  14802.3,  62.580433766,  875.204776423,  897.198
1588.1612739,  17270.1,  14898.0,  62.5806129286,  875.204055145,  896.947
1588.18170829,  17256.8,  14887.7,  62.5803660283,  875.203980809,  897.114
1588.20214278,  17269.5,  14897.7,  62.5809784255,  875.20355988,  896.46
1588.22257737,  17239.3,  14872.0,  62.5807243805,  875.204269945,  895.677
1588.24301175,  17231.3,  14865.7,  62.580395994,  875.203594886,  896.703
1588.26344634,  17218.9,  14854.5,  62.5809142421,  875.204382909,  897.105
1588.28388083,  17205.1,  14843.1,  62.5806646181,  875.204238036,  896.195
1588.30431532,  17198.3,  14837.8,  62.5803716054,  875.204175211,  896.181
1588.32474981,  17197.2,  14836.3,  62.5805478819,  875.204035693,  895.141
1588.34518429,  17189.9,  14829.9,  62.5803163627,  875.204034505,  895.377
1588.36561878,  17192.6,  14833.1,  62.5804731129,  875.204730529,  895.322
1588.38605327,  17191.7,  14830.7,  62.5804196282,  875.203780149,  896.067
1588.40648776,  17184.5,  14825.8,  62.5807533267,  875.20381356,  895.123
1588.42692225,  17184.9,  14825.5,  62.5813548163,  875.204479762,  896.195
1588.44735684,  17187.7,  14827.9,  62.5807116549,  875.204067839,  895.297
1588.46779122,  17172.8,  14816.0,  62.5803467518,  875.20374467,  895.246
1588.48822581,  17156.1,  14800.5,  62.5807268743,  875.20419288,  894.955
1588.5086602,  17151.2,  14797.1,  62.5801168162,  875.203604391,  894.698
1588.52909469,  17125.2,  14775.3,  62.579800272,  875.203603556,  894.762
1588.54952928,  17122.9,  14772.5,  62.5805730095,  875.204200636,  894.233
1588.56996367,  17107.1,  14759.8,  62.5805841884,  875.204170778,  894.069
1588.59039815,  17092.2,  14747.2,  62.5811286055,  875.204040163,  894.937
1588.61083274,  17086.2,  14741.2,  62.580123597,  875.203989445,  895.451
1588.63126713,  17071.8,  14729.7,  62.5802245019,  875.203960779,  895.134
1588.65170172,  17059.2,  14718.4,  62.5808215033,  875.203638239,  895.011
1588.67213621,  17068.2,  14726.0,  62.5810135825,  875.204129598,  895.138
1588.6925706,  17080.1,  14737.2,  62.5809610061,  875.204059042,  894.236
1588.71300519,  17090.3,  14744.6,  62.580632479,  875.203839837,  893.147
1588.73343968,  17106.9,  14759.7,  62.5807184552,  875.203878022,  894.202
1588.75387406,  17127.3,  14777.2,  62.5804505744,  875.203883822,  894.105
1588.77430865,  17138.2,  14785.6,  62.5817711935,  875.203854226,  894.178
1588.79474314,  17154.9,  14800.4,  62.5812033567,  875.203593358,  894.395
1588.81517763,  17175.1,  14817.2,  62.5815128441,  875.204441033,  893.989
1588.83561212,  17195.6,  14834.4,  62.5808053336,  875.203367604,  893.602
1588.85604661,  17180.5,  14822.3,  62.5808715592,  875.204355744,  893.594
1588.8764812,  17062.8,  14720.9,  62.581364501,  875.203785006,  892.734
1588.89691559,  17066.0,  14724.2,  62.581058334,  875.2036897,  893.055
1588.91735008,  17215.9,  14851.8,  62.5817845795,  875.203638048,  893.472
1588.93778467,  17273.2,  14899.7,  62.5814148605,  875.203207757,  893.606
1588.95821916,  17266.0,  14895.1,  62.5809392434,  875.202996101,  892.583
1588.97865355,  17249.4,  14880.0,  62.5809869852,  875.203111517,  892.649
1588.99908813,  17246.7,  14877.3,  62.5814852,  875.203617702,  893.401
1589.01952262,  17232.8,  14866.4,  62.5815308967,  875.204488169,  891.597
1589.03995701,  17219.8,  14854.4,  62.5814094836,  875.203435477,  892.736
1589.0603916,  17209.4,  14845.9,  62.5813897981,  875.203527047,  891.898
1589.08082609,  17195.7,  14834.4,  62.5810196396,  875.203190154,  891.724
1589.10126068,  17200.3,  14837.6,  62.5817293465,  875.203166748,  893.077
1589.12169507,  17204.1,  14841.5,  62.5810736606,  875.203655398,  891.789
1589.14212956,  17189.2,  14829.0,  62.5813317517,  875.203500035,  892.833
1589.16256405,  17197.5,  14835.0,  62.5809975633,  875.203866966,  892.229
1589.18299854,  17184.7,  14825.6,  62.5805658188,  875.203050952,  892.573
1589.20343293,  17183.4,  14823.6,  62.5813282901,  875.203336182,  891.796
1589.22386752,  17182.7,  14822.6,  62.5816531688,  875.204004287,  892.316
1589.24430201,  17175.4,  14817.8,  62.5808590794,  875.203008097,  892.173
1589.2647366,  17146.9,  14792.2,  62.5812158436,  875.203322303,  892.693
1589.28517099,  17140.7,  14786.9,  62.5817799008,  875.20342023,  891.628
1589.30560548,  17133.0,  14781.1,  62.5808055599,  875.203746719,  890.432
1589.32604007,  17116.8,  14766.5,  62.5809684517,  875.203920314,  891.914
1589.34647446,  17104.7,  14756.6,  62.5812865065,  875.204276598,  891.098
1589.36690895,  17086.0,  14740.8,  62.5812134279,  875.203646446,  891.561
1589.38734354,  17069.0,  14725.8,  62.5808332853,  875.203270301,  891.103
1589.40777793,  17064.8,  14723.2,  62.5814207673,  875.203590229,  891.591
1589.42821242,  17058.8,  14716.9,  62.5811598068,  875.203649023,  891.21
1589.44864701,  17068.2,  14724.8,  62.5807468719,  875.203189425,  891.16
1589.4690815,  17084.0,  14738.7,  62.5809850785,  875.203896688,  891.305
1589.48951599,  17089.1,  14742.1,  62.5813971571,  875.203782872,  891.331
1589.50995048,  17105.8,  14757.3,  62.5813613113,  875.202979967,  891.552
1589.53038497,  17130.5,  14778.4,  62.5812301769,  875.203145444,  890.782
1589.55081946,  17136.9,  14782.4,  62.5816980621,  875.203556801,  891.22
1589.57125395,  17174.7,  14815.2,  62.5817013796,  875.203200153,  890.923
1589.59168844,  17181.7,  14821.0,  62.5825218486,  875.203994682,  891.64
1589.61212303,  17207.7,  14842.9,  62.5821691727,  875.203333036,  889.98
1589.63255742,  17147.4,  14793.1,  62.5815191336,  875.203379532,  891.033
1589.65299191,  17059.1,  14716.5,  62.5813802233,  875.203952932,  890.76
1589.6734265,  17113.0,  14762.4,  62.5808418354,  875.203537387,  889.962
1589.6938609,  17266.4,  14894.0,  62.581961319,  875.203941168,  891.535
1589.71429549,  17277.5,  14902.5,  62.582209943,  875.203189726,  891.654
1589.73472998,  17263.1,  14891.0,  62.5813764918,  875.203506992,  890.009
1589.75516437,  17249.7,  14878.9,  62.5819687958,  875.20332878,  890.702
1589.77559896,  17245.3,  14874.8,  62.5823490527,  875.204239651,  890.925
1589.79603345,  17225.9,  14859.5,  62.5819159152,  875.20381257,  890.807
1589.81646784,  17218.5,  14852.3,  62.5806554862,  875.203821186,  890.289
1589.85733682,  17200.7,  14837.7,  62.5814792871,  875.203256123,  889.45
1589.87777141,  17194.7,  14831.5,  62.5816780358,  875.204069082,  890.159
1589.8982059,  17202.4,  14838.3,  62.5815880473,  875.203703636,  889.987
1589.91864029,  17193.3,  14830.4,  62.5817338051,  875.203420742,  890.478
1589.93907489,  17193.7,  14830.0,  62.5815822311,  875.203639984,  889.331
1589.95950938,  17184.8,  14823.4,  62.5815763783,  875.203005449,  889.69
1589.97994377,  17194.0,  14830.8,  62.5818185531,  875.203287576,  889.617
1590.00037836,  17183.0,  14821.0,  62.5817186732,  875.203633098,  889.079
1590.02081285,  17166.6,  14807.9,  62.5822028087,  875.203339661,  890.074
1590.04124734,  17154.6,  14797.0,  62.5816418222,  875.203460251,  889.418
1590.06168183,  17132.4,  14778.2,  62.5821739661,  875.204327437,  889.579
1590.08211632,  17152.8,  14795.7,  62.5813357962,  875.203419503,  888.989
1590.10255091,  17114.7,  14762.1,  62.5814707425,  875.20404573,  889.655
1590.12298531,  17105.8,  14755.8,  62.5816273117,  875.204403631,  889.186
1590.1434198,  17073.9,  14728.3,  62.5814118505,  875.203582838,  889.572
1590.16385439,  17069.0,  14723.6,  62.581691335,  875.204116373,  888.357
1590.18428888,  17064.9,  14721.0,  62.5819430278,  875.203818727,  889.937
1590.20472327,  17073.4,  14728.0,  62.5811656586,  875.203787364,  888.68
1590.22515786,  17069.8,  14724.3,  62.5817420112,  875.20400045,  888.63
1590.24559235,  17088.9,  14741.7,  62.5811086077,  875.204075275,  888.672
1590.26602675,  17097.9,  14748.2,  62.5821418977,  875.203278629,  888.907
1590.28646134,  17114.6,  14762.8,  62.5816709789,  875.204117243,  889.566
1590.30689583,  17137.6,  14783.0,  62.5815332308,  875.203570777,  888.885
1590.32733042,  17152.3,  14794.4,  62.5818864855,  875.203887433,  888.617
1590.34776481,  17174.7,  14814.5,  62.582101348,  875.204049545,  888.722
1590.3681993,  17195.6,  14831.4,  62.5819481408,  875.204188941,  887.538
1590.3886339,  17212.5,  14845.4,  62.5828785659,  875.203605139,  888.459
1590.40906829,  17096.7,  14748.2,  62.5814422163,  875.203517182,  888.591
1590.42950278,  17059.2,  14714.4,  62.5811428318,  875.203983351,  888.185
1590.44993727,  17169.4,  14808.7,  62.582511997,  875.204011487,  888.715
1590.47037176,  17270.0,  14895.1,  62.580969099,  875.203951995,  889.009
1590.49080635,  17271.2,  14894.6,  62.5816873434,  875.203229376,  889.267
1590.51124075,  17259.8,  14886.1,  62.5816299189,  875.203684207,  887.602
1590.53167524,  17249.9,  14877.2,  62.5818025378,  875.203657831,  888.502
1590.55210983,  17232.7,  14862.1,  62.5815417145,  875.203684865,  888.31
1590.57254422,  17231.8,  14861.7,  62.582724081,  875.203525337,  889.255
1590.59297871,  17222.6,  14853.9,  62.5812327727,  875.203908317,  888.64
1590.61341331,  17221.3,  14852.9,  62.5824143756,  875.204007835,  888.382
1590.6338477,  17205.5,  14840.5,  62.5822687093,  875.203414304,  886.899
1590.65428219,  17200.5,  14834.9,  62.5819673046,  875.203922715,  887.203
1590.67471678,  17206.7,  14840.4,  62.5814680165,  875.203916478,  888.205
1590.69515127,  17202.1,  14836.7,  62.5814612376,  875.204159328,  888.853
1590.71558577,  17208.9,  14841.5,  62.5817952475,  875.203679172,  888.243
1590.73602026,  17198.1,  14833.8,  62.5822234358,  875.203566468,  888.913
1590.75645475,  17186.4,  14823.5,  62.5815858507,  875.203859438,  887.931
1590.77688924,  17174.0,  14812.3,  62.5820038449,  875.203780688,  888.744
1590.79732374,  17158.3,  14799.7,  62.5819880458,  875.203511072,  887.795
1590.81775823,  17152.8,  14793.7,  62.5821654237,  875.203966017,  888.169
1590.83819282,  17144.4,  14787.2,  62.5815693356,  875.204056501,  887.076
1590.85862721,  17126.9,  14773.1,  62.5814477625,  875.203972181,  886.875
1590.8790617,  17115.2,  14761.5,  62.5814866959,  875.203504673,  887.612
1590.8994963,  17095.4,  14745.8,  62.5817168367,  875.203382311,  887.554
1590.91993069,  17076.8,  14729.2,  62.5819053231,  875.203970647,  887.527
1590.94036528,  17068.1,  14721.6,  62.5815615771,  875.204447158,  886.815
1590.96079977,  17056.7,  14713.3,  62.5816275968,  875.204244964,  887.87
1590.98123417,  17073.3,  14719.6,  62.5822664027,  875.206072717,  885.543
1591.00166876,  17068.3,  14717.6,  62.5820939347,  875.204316391,  886.75
