Kepler I.D.-----Channel

[9579192]--------[22]

-TTYPE1--------TTYPE8------------TTYPE4-----------TTYPE15------------TTYPE17-----------TTYPE6

['TIME']---['PDCSAP_FLUX']---['SAP_FLUX']---['MOM_CENTR1']---['MOM_CENTR2']---['SAP_BKG']

['BJD - 2454833']--['e-/s']--------['e-/s']---------['pixel']---------['pixel']----------['e-/s']

CROWDSAP --- 0.9959

9579192

1559.24671797,  167464.0,  162368.0,  423.824913507,  919.286840157,  3102.71
1559.26715217,  167477.0,  162384.0,  423.825011948,  919.286817364,  3102.5
1559.28758647,  167455.0,  162360.0,  423.824877591,  919.286678666,  3100.78
1559.30802056,  167477.0,  162376.0,  423.824931492,  919.286678064,  3101.18
1559.32845476,  167479.0,  162381.0,  423.824962379,  919.286830785,  3102.8
1559.34888905,  167501.0,  162394.0,  423.824906103,  919.286568572,  3101.29
1559.36932315,  167489.0,  162385.0,  423.824785839,  919.286599906,  3097.35
1559.38975745,  167492.0,  162390.0,  423.824961393,  919.286544748,  3098.66
1559.41019164,  167483.0,  162373.0,  423.825086297,  919.286460602,  3099.37
1559.43062584,  167493.0,  162385.0,  423.825038713,  919.286508687,  3098.39
1559.45106004,  167457.0,  162348.0,  423.824995444,  919.286231902,  3097.84
1559.47149424,  167465.0,  162351.0,  423.824921539,  919.286388502,  3099.9
1559.49192843,  167474.0,  162362.0,  423.825086198,  919.28611471,  3097.93
1559.51236263,  167471.0,  162358.0,  423.825234218,  919.28630616,  3099.84
1559.53279683,  167469.0,  162353.0,  423.825111847,  919.286154936,  3097.64
1559.55323103,  167492.0,  162371.0,  423.824971847,  919.286013338,  3101.0
1559.57366522,  167484.0,  162362.0,  423.824958363,  919.285984214,  3098.35
1559.59409942,  167472.0,  162352.0,  423.824977843,  919.285891832,  3096.76
1559.61453362,  167463.0,  162340.0,  423.825424154,  919.286054265,  3097.49
1559.63496782,  167480.0,  162350.0,  423.825154485,  919.285796468,  3096.59
1559.65540202,  167510.0,  162383.0,  423.825089782,  919.28567796,  3096.49
1559.67583632,  167525.0,  162394.0,  423.824901424,  919.285534938,  3096.42
1559.69627042,  167485.0,  162352.0,  423.825306474,  919.28573518,  3095.56
1559.71670462,  167469.0,  162340.0,  423.825173381,  919.285689727,  3092.9
1559.73713892,  167481.0,  162350.0,  423.825199475,  919.285664301,  3095.0
1559.75757301,  167488.0,  162351.0,  423.825123058,  919.285436937,  3092.6
1559.77800731,  167507.0,  162373.0,  423.825037799,  919.285465983,  3094.81
1559.79844151,  167486.0,  162345.0,  423.825343744,  919.28534486,  3092.15
1559.81887561,  167481.0,  162341.0,  423.825371334,  919.285349794,  3091.73
1559.83930991,  167487.0,  162348.0,  423.82531614,  919.28544305,  3093.58
1559.85974412,  167492.0,  162351.0,  423.825507898,  919.285324911,  3091.78
1559.88017822,  167506.0,  162365.0,  423.825653126,  919.285376103,  3090.37
1559.90061252,  167484.0,  162341.0,  423.825414901,  919.285177059,  3092.88
1559.92104672,  167471.0,  162327.0,  423.825538259,  919.285302588,  3088.04
1559.94148102,  167449.0,  162309.0,  423.825459073,  919.284972168,  3093.07
1559.96191512,  167470.0,  162322.0,  423.825319459,  919.285187498,  3091.49
1559.98234932,  167481.0,  162334.0,  423.8255207,  919.285019243,  3092.21
1560.00278362,  167499.0,  162353.0,  423.825509953,  919.284943007,  3090.75
1560.02321772,  167483.0,  162332.0,  423.825342491,  919.285052861,  3092.14
1560.04365193,  167479.0,  162328.0,  423.825421756,  919.284953057,  3091.67
1560.06408623,  167484.0,  162333.0,  423.825402827,  919.284889742,  3090.63
1560.08452033,  167486.0,  162331.0,  423.825571367,  919.285093046,  3087.35
1560.10495463,  167472.0,  162322.0,  423.825516114,  919.284780927,  3088.25
1560.12538884,  167462.0,  162311.0,  423.825431904,  919.285001393,  3088.33
1560.14582294,  167461.0,  162305.0,  423.825849881,  919.284828019,  3088.54
1560.16625724,  167470.0,  162320.0,  423.825273101,  919.284652379,  3085.29
1560.18669144,  167486.0,  162329.0,  423.825479554,  919.284755799,  3091.17
1560.20712555,  167438.0,  162284.0,  423.82580351,  919.284953861,  3090.57
1560.22755985,  167463.0,  162311.0,  423.825397461,  919.284661257,  3088.89
1560.24799405,  167473.0,  162318.0,  423.825613807,  919.284728454,  3087.37
1560.26842816,  167472.0,  162318.0,  423.825277828,  919.284527633,  3088.01
1560.28886246,  167459.0,  162307.0,  423.825508768,  919.284675016,  3087.42
1560.30929666,  167475.0,  162314.0,  423.825757176,  919.284488458,  3088.88
1560.32973087,  167435.0,  162280.0,  423.825679321,  919.284720733,  3085.28
1560.35016507,  167457.0,  162299.0,  423.825600983,  919.28471237,  3085.38
1560.37059928,  167484.0,  162323.0,  423.825610098,  919.284704276,  3085.43
1560.39103358,  167468.0,  162312.0,  423.825592289,  919.284370727,  3086.63
1560.41146769,  167485.0,  162323.0,  423.825639042,  919.284593892,  3084.18
1560.43190189,  167460.0,  162303.0,  423.825735555,  919.28444122,  3085.8
1560.4523362,  167462.0,  162308.0,  423.825474329,  919.28454505,  3084.72
1560.4727703,  167473.0,  162310.0,  423.825586428,  919.284474416,  3083.49
1560.49320461,  167496.0,  162335.0,  423.825880144,  919.284417684,  3085.04
1560.51363881,  167496.0,  162337.0,  423.82556772,  919.284435212,  3085.08
1560.53407292,  167474.0,  162312.0,  423.825535884,  919.284403364,  3081.58
1560.55450722,  167492.0,  162332.0,  423.825748591,  919.284477546,  3082.71
1560.57494143,  167463.0,  162305.0,  423.825741901,  919.284590473,  3083.39
1560.59537554,  167479.0,  162319.0,  423.826179161,  919.284273737,  3083.52
1560.61580984,  167466.0,  162306.0,  423.825753713,  919.284353033,  3084.48
1560.63624405,  167471.0,  162309.0,  423.825936593,  919.284347869,  3083.63
1560.65667826,  167458.0,  162299.0,  423.825656264,  919.284375882,  3083.9
1560.67711246,  167487.0,  162330.0,  423.825573162,  919.284221623,  3080.9
1560.69754667,  167480.0,  162318.0,  423.825944306,  919.28458047,  3082.23
1560.73841508,  167438.0,  162281.0,  423.825995777,  919.284191756,  3080.65
1560.75884929,  167441.0,  162279.0,  423.826009383,  919.284354975,  3079.92
1560.7792836,  167450.0,  162293.0,  423.826034349,  919.284286614,  3082.78
1560.79971771,  167469.0,  162311.0,  423.826013878,  919.284247697,  3082.72
1560.82015192,  167488.0,  162326.0,  423.826127602,  919.284244657,  3090.41
1560.84058622,  167466.0,  162310.0,  423.82610103,  919.284184957,  3137.42
1560.96319148,  167480.0,  162335.0,  423.825776212,  919.284203691,  3183.29
1560.98362558,  167456.0,  162297.0,  423.826567535,  919.284194542,  3195.7
1561.00405989,  167445.0,  162303.0,  423.82628216,  919.284160442,  3185.55
1561.0244941,  167430.0,  162283.0,  423.826034443,  919.284441264,  3170.52
1561.04492841,  167445.0,  162295.0,  423.826365841,  919.284253737,  3163.86
1561.06536252,  167464.0,  162320.0,  423.826650768,  919.284165652,  3161.87
1561.08579673,  167469.0,  162321.0,  423.826479311,  919.284101055,  3154.9
1561.10623104,  167472.0,  162323.0,  423.826246625,  919.284200063,  3150.74
1561.12666515,  167467.0,  162322.0,  423.826296837,  919.284235342,  3149.61
1561.14709936,  167477.0,  162329.0,  423.826358607,  919.284187559,  3143.77
1561.16753367,  167423.0,  162278.0,  423.826456084,  919.284332194,  3138.26
1561.18796779,  167446.0,  162301.0,  423.826147097,  919.284299757,  3132.15
1561.208402,  167470.0,  162316.0,  423.826469802,  919.283986297,  3131.05
1561.22883631,  167415.0,  162270.0,  423.826015103,  919.283892789,  3126.35
1561.24927042,  167433.0,  162279.0,  423.826603507,  919.284396965,  3127.74
1561.26970473,  167457.0,  162304.0,  423.826358359,  919.284267773,  3120.92
1561.29013894,  167483.0,  162334.0,  423.826606497,  919.283950011,  3117.59
1561.31057315,  167410.0,  162252.0,  423.826663644,  919.283956615,  3112.36
1561.33100736,  167450.0,  162295.0,  423.826496965,  919.284167339,  3108.25
1561.35144158,  167445.0,  162292.0,  423.826365627,  919.283816205,  3108.17
1561.37187579,  167442.0,  162285.0,  423.82622619,  919.284072565,  3106.31
1561.39231,  167487.0,  162332.0,  423.826064723,  919.28393223,  3105.8
1561.41274421,  167439.0,  162284.0,  423.82638699,  919.28402286,  3105.33
1561.43317853,  167414.0,  162264.0,  423.826459627,  919.284023492,  3101.33
1561.45361264,  167430.0,  162278.0,  423.826332107,  919.284030708,  3099.17
1561.47404685,  167422.0,  162266.0,  423.826508805,  919.28385456,  3099.45
1561.49448107,  167439.0,  162282.0,  423.82650074,  919.28376351,  3095.28
1561.51491528,  167435.0,  162284.0,  423.826485136,  919.283718684,  3096.76
1561.53534949,  167437.0,  162276.0,  423.826337578,  919.283726645,  3095.0
1561.55578381,  167420.0,  162266.0,  423.826553489,  919.283716874,  3091.23
1561.57621792,  167295.0,  162143.0,  423.826251447,  919.283625996,  3093.03
1561.59665213,  166925.0,  161782.0,  423.82665451,  919.283815402,  3091.56
1561.61708645,  166527.0,  161401.0,  423.826488761,  919.283410977,  3089.24
1561.63752056,  166344.0,  161222.0,  423.826678555,  919.283700289,  3087.71
1561.65795488,  166314.0,  161191.0,  423.826489914,  919.283691814,  3087.95
1561.67838909,  166324.0,  161205.0,  423.826572475,  919.283648496,  3086.33
1561.69882321,  166323.0,  161202.0,  423.826563482,  919.283455993,  3087.72
1561.71925752,  166349.0,  161225.0,  423.826489848,  919.283438585,  3086.2
1561.73969174,  166617.0,  161483.0,  423.826663354,  919.283699306,  3088.19
1561.76012585,  167033.0,  161881.0,  423.826543689,  919.283474033,  3085.36
1561.78056017,  167395.0,  162234.0,  423.826446172,  919.28348445,  3082.58
1561.80099438,  167432.0,  162273.0,  423.826672149,  919.283563504,  3083.24
1561.8214287,  167437.0,  162270.0,  423.826641527,  919.283572752,  3083.19
1561.84186281,  167457.0,  162294.0,  423.826554199,  919.283568378,  3080.94
1561.86229703,  167447.0,  162282.0,  423.826697883,  919.283581075,  3078.34
1561.88273134,  167430.0,  162259.0,  423.826646157,  919.283491392,  3076.52
1561.90316546,  167449.0,  162282.0,  423.826931723,  919.283324305,  3078.21
1561.92359968,  167449.0,  162282.0,  423.826415302,  919.283212641,  3074.54
1561.94403399,  167434.0,  162265.0,  423.826465793,  919.283172847,  3075.66
1561.96446811,  167459.0,  162291.0,  423.826507298,  919.283365579,  3076.71
1561.98490233,  167414.0,  162243.0,  423.826823089,  919.283264757,  3076.54
1562.00533664,  167426.0,  162257.0,  423.826752066,  919.283208229,  3074.16
1562.02577086,  167428.0,  162262.0,  423.826649271,  919.283332104,  3074.86
1562.04620508,  167412.0,  162242.0,  423.826733928,  919.283190684,  3074.28
1562.0666393,  167450.0,  162276.0,  423.826651783,  919.283283372,  3074.7
1562.08707341,  167409.0,  162239.0,  423.826584304,  919.283126136,  3077.27
1562.10750773,  167410.0,  162238.0,  423.826513356,  919.282992711,  3072.71
1562.12794195,  167432.0,  162265.0,  423.826757715,  919.283173962,  3074.08
1562.14837607,  167440.0,  162267.0,  423.826584299,  919.283120354,  3071.06
1562.16881039,  167409.0,  162232.0,  423.826515178,  919.283091981,  3073.01
1562.1892446,  167435.0,  162266.0,  423.826950031,  919.283162775,  3068.29
1562.20967892,  167422.0,  162244.0,  423.826709812,  919.283054688,  3069.13
1562.23011304,  167416.0,  162240.0,  423.826973527,  919.283055874,  3074.07
1562.25054726,  167404.0,  162233.0,  423.826840406,  919.282980522,  3069.46
1562.27098158,  167433.0,  162258.0,  423.826709442,  919.282880639,  3072.02
1562.2914157,  167404.0,  162231.0,  423.826694535,  919.28301812,  3070.32
1562.31184992,  167435.0,  162262.0,  423.826750396,  919.282931396,  3071.34
1562.33228424,  167433.0,  162255.0,  423.826697544,  919.282836262,  3067.71
1562.35271836,  167431.0,  162258.0,  423.826648659,  919.283046315,  3069.66
1562.37315268,  167419.0,  162244.0,  423.827095709,  919.282930057,  3065.82
1562.3935869,  167437.0,  162260.0,  423.827026431,  919.282738649,  3068.12
1562.41402102,  167424.0,  162251.0,  423.826903795,  919.282712462,  3065.7
1562.43445534,  167439.0,  162261.0,  423.82659238,  919.282939206,  3068.41
1562.45488956,  167405.0,  162229.0,  423.827040653,  919.282679242,  3066.23
1562.47532368,  167404.0,  162233.0,  423.826720905,  919.282794073,  3064.96
1562.495758,  167430.0,  162251.0,  423.826844988,  919.282824822,  3064.84
1562.51619222,  167417.0,  162243.0,  423.826950374,  919.282812094,  3065.78
1562.53662644,  167443.0,  162267.0,  423.826789172,  919.282764231,  3064.11
1562.55706066,  167441.0,  162262.0,  423.826454402,  919.282776204,  3061.9
1562.57749488,  167439.0,  162263.0,  423.826988407,  919.282633005,  3065.41
1562.5979292,  167429.0,  162250.0,  423.826580287,  919.282755626,  3061.69
1562.61836332,  167417.0,  162236.0,  423.827026491,  919.282463974,  3064.17
1562.63879755,  167418.0,  162243.0,  423.826850488,  919.282699991,  3061.72
1562.65923187,  167446.0,  162266.0,  423.826862331,  919.282458569,  3061.9
1562.67966609,  167415.0,  162239.0,  423.826712534,  919.282608135,  3062.96
1562.70010021,  167448.0,  162270.0,  423.827145606,  919.282499298,  3059.85
1562.72053453,  167412.0,  162233.0,  423.826861333,  919.282807455,  3061.49
1562.74096866,  167391.0,  162216.0,  423.826711622,  919.282451382,  3062.89
1562.76140298,  167399.0,  162221.0,  423.82689101,  919.282463433,  3060.12
1562.7818372,  167405.0,  162225.0,  423.826984793,  919.282576311,  3060.6
1562.80227133,  167408.0,  162233.0,  423.826866439,  919.282415286,  3059.52
1562.82270565,  167411.0,  162232.0,  423.827061102,  919.282645413,  3060.15
1562.84313987,  167429.0,  162247.0,  423.826827897,  919.282359112,  3059.72
1562.863574,  167399.0,  162225.0,  423.827036764,  919.282538478,  3060.87
1562.88400832,  167414.0,  162233.0,  423.826520436,  919.282418277,  3061.07
1562.90444254,  167426.0,  162245.0,  423.826974999,  919.282126557,  3058.78
1562.92487667,  167408.0,  162229.0,  423.827019101,  919.28230631,  3063.83
1562.94531099,  167408.0,  162226.0,  423.826864563,  919.282529477,  3060.6
1562.96574521,  167395.0,  162215.0,  423.827051416,  919.282383919,  3062.48
1562.98617954,  167414.0,  162234.0,  423.826661152,  919.282337082,  3059.1
1563.00661366,  167397.0,  162214.0,  423.827046534,  919.28231009,  3060.61
1563.02704789,  167395.0,  162219.0,  423.826949559,  919.282295504,  3063.11
1563.04748221,  167408.0,  162225.0,  423.826913257,  919.282386646,  3060.57
1563.06791634,  167408.0,  162224.0,  423.826926585,  919.282301297,  3058.31
1563.08835056,  167428.0,  162245.0,  423.8268838,  919.282147205,  3060.34
1563.10878489,  167415.0,  162232.0,  423.82702615,  919.28231899,  3059.37
1563.12921901,  167443.0,  162258.0,  423.826718426,  919.282134995,  3061.45
1563.14965334,  167437.0,  162256.0,  423.827058003,  919.282083735,  3059.42
1563.17008756,  167422.0,  162235.0,  423.827039329,  919.28218447,  3058.76
1563.19052179,  167403.0,  162224.0,  423.826840965,  919.282170094,  3059.13
1563.21095602,  167395.0,  162214.0,  423.826990171,  919.282038927,  3061.36
1563.23139024,  167420.0,  162235.0,  423.826759015,  919.282298976,  3055.88
1563.25182447,  167397.0,  162215.0,  423.827067624,  919.282010293,  3060.97
1563.27225869,  167421.0,  162235.0,  423.827292741,  919.282171101,  3060.25
1563.29269292,  167398.0,  162216.0,  423.826912632,  919.282098749,  3059.12
1563.31312715,  167378.0,  162201.0,  423.826943072,  919.282079313,  3063.27
1563.33356147,  167418.0,  162232.0,  423.826962735,  919.28220608,  3069.17
1563.3539956,  167414.0,  162229.0,  423.827020418,  919.282082494,  3074.79
1563.37442983,  167414.0,  162229.0,  423.827007726,  919.281942973,  3077.3
1563.39486406,  167410.0,  162224.0,  423.827046438,  919.281752997,  3079.01
1563.41529828,  167388.0,  162209.0,  423.826861052,  919.281871417,  3076.14
1563.43573261,  167403.0,  162218.0,  423.826891925,  919.281911225,  3078.17
1563.45616674,  167394.0,  162209.0,  423.826979276,  919.281972984,  3076.8
1563.47660097,  167378.0,  162197.0,  423.82708606,  919.28187649,  3076.52
1563.49703529,  167417.0,  162233.0,  423.827033791,  919.281842904,  3077.89
1563.51746942,  167393.0,  162207.0,  423.826841291,  919.281836287,  3077.28
1563.53790375,  167421.0,  162238.0,  423.827092539,  919.281596115,  3074.46
1563.55833798,  167380.0,  162196.0,  423.826950796,  919.281738679,  3073.51
1563.57877211,  167403.0,  162216.0,  423.826778267,  919.281620806,  3074.39
1563.59920644,  167390.0,  162208.0,  423.82696387,  919.28219627,  3074.17
1563.61964067,  167394.0,  162207.0,  423.827101887,  919.281584329,  3070.68
1563.64007479,  167396.0,  162212.0,  423.827369501,  919.28176782,  3072.65
1563.66050912,  167401.0,  162216.0,  423.827112887,  919.281645567,  3068.46
1563.68094335,  167398.0,  162210.0,  423.827180373,  919.281890633,  3068.07
1563.72181181,  167427.0,  162237.0,  423.827276612,  919.281619446,  3065.96
1563.74224604,  167399.0,  162212.0,  423.826866887,  919.281778489,  3063.54
1563.76268037,  167434.0,  162250.0,  423.827115441,  919.281602377,  3065.57
1563.7831145,  167413.0,  162224.0,  423.82736256,  919.281775177,  3065.79
1563.80354873,  167408.0,  162224.0,  423.827451219,  919.281647594,  3064.14
1563.82398306,  167421.0,  162240.0,  423.827140607,  919.281604828,  3063.89
1563.84441729,  167388.0,  162200.0,  423.827501942,  919.281732464,  3066.97
1563.86485142,  167390.0,  162208.0,  423.827438866,  919.281603965,  3065.67
1563.88528575,  167415.0,  162231.0,  423.827326789,  919.281506105,  3066.0
1563.90571999,  167417.0,  162232.0,  423.82745479,  919.281802516,  3067.12
1563.92615422,  167402.0,  162221.0,  423.827063427,  919.281612027,  3065.75
1563.94658845,  167384.0,  162202.0,  423.827625644,  919.281803826,  3069.26
1563.96702268,  167415.0,  162232.0,  423.827391107,  919.28179519,  3072.66
1563.98745691,  167427.0,  162248.0,  423.82726942,  919.281623803,  3072.61
1564.00789114,  167420.0,  162235.0,  423.827512696,  919.281742878,  3070.3
1564.02832537,  167418.0,  162237.0,  423.827355175,  919.281662596,  3067.01
1564.04875961,  167407.0,  162226.0,  423.827372541,  919.281661586,  3069.81
1564.06919384,  167423.0,  162241.0,  423.827643052,  919.281756781,  3067.03
1564.08962817,  167408.0,  162229.0,  423.827593054,  919.281600884,  3070.66
1564.1100623,  167443.0,  162260.0,  423.827545439,  919.281726015,  3069.96
1564.13049654,  167446.0,  162265.0,  423.827621518,  919.281776077,  3071.0
1564.15093087,  167395.0,  162218.0,  423.827391372,  919.281462238,  3069.88
1564.171365,  167401.0,  162221.0,  423.827603265,  919.281522134,  3068.1
1564.19179923,  167402.0,  162222.0,  423.827440023,  919.28157227,  3068.55
1564.21223357,  167405.0,  162227.0,  423.827698052,  919.281792384,  3066.69
1564.2326677,  167418.0,  162236.0,  423.827649471,  919.281571885,  3067.6
1564.25310193,  167418.0,  162238.0,  423.827300074,  919.281439173,  3064.91
1564.27353627,  167402.0,  162221.0,  423.827494227,  919.281430279,  3065.98
1564.2939704,  167409.0,  162224.0,  423.827733305,  919.281471936,  3063.44
1564.31440473,  167419.0,  162234.0,  423.827262575,  919.281493195,  3063.97
1564.33483897,  167431.0,  162246.0,  423.827585868,  919.281562624,  3072.85
1564.3552731,  167419.0,  162233.0,  423.827724661,  919.281458646,  3061.89
1564.37570744,  167428.0,  162246.0,  423.827740514,  919.28132434,  3060.28
1564.39614167,  167434.0,  162246.0,  423.827785511,  919.281466213,  3064.09
1564.41657591,  167425.0,  162239.0,  423.827725597,  919.281407863,  3062.68
1564.43701014,  167398.0,  162216.0,  423.827639576,  919.281205521,  3061.03
1564.45744438,  167434.0,  162248.0,  423.827605368,  919.281453143,  3064.22
1564.47787871,  167429.0,  162241.0,  423.827647552,  919.281208026,  3060.06
1564.49831295,  167398.0,  162213.0,  423.827819834,  919.281391865,  3057.56
1564.51874708,  167400.0,  162211.0,  423.82754459,  919.281169705,  3060.34
1564.53918142,  167405.0,  162220.0,  423.827902319,  919.281299367,  3054.74
1564.55961565,  167445.0,  162256.0,  423.827553169,  919.281205503,  3051.93
1564.58004979,  167418.0,  162231.0,  423.828046909,  919.281252777,  3051.94
1564.60048412,  167423.0,  162238.0,  423.827754515,  919.281331336,  3051.74
1564.62091836,  167442.0,  162250.0,  423.827655259,  919.281194464,  3052.84
1564.6413525,  167428.0,  162238.0,  423.827870183,  919.281102074,  3048.49
1564.66178683,  167398.0,  162210.0,  423.827769209,  919.281219563,  3048.43
1564.68222097,  167419.0,  162226.0,  423.827871708,  919.281047645,  3044.98
1564.70265531,  167415.0,  162227.0,  423.827883349,  919.281017754,  3042.96
1564.72308954,  167432.0,  162242.0,  423.827718229,  919.281150627,  3041.88
1564.74352368,  167418.0,  162225.0,  423.827934277,  919.281045723,  3044.09
1564.76395802,  167380.0,  162193.0,  423.827932997,  919.280866926,  3041.42
1564.78439225,  167412.0,  162220.0,  423.827995396,  919.281137922,  3038.63
1564.80482639,  167418.0,  162227.0,  423.827744797,  919.280958122,  3040.92
1564.82526073,  167431.0,  162240.0,  423.827984587,  919.280899723,  3040.06
1564.84569497,  167420.0,  162222.0,  423.827672353,  919.28096387,  3040.46
1564.8661293,  167397.0,  162205.0,  423.828139002,  919.281094781,  3037.65
1564.88656344,  167391.0,  162199.0,  423.827702535,  919.280927073,  3039.14
1564.90699768,  167405.0,  162207.0,  423.827674794,  919.280996793,  3035.77
1564.92743202,  167430.0,  162236.0,  423.828144043,  919.280950402,  3038.2
1564.94786616,  167416.0,  162219.0,  423.827849728,  919.28095318,  3038.68
1564.96830039,  167410.0,  162212.0,  423.827863716,  919.281007668,  3035.14
1564.98873473,  167426.0,  162230.0,  423.827855713,  919.280802977,  3034.55
1565.00916887,  167429.0,  162230.0,  423.828137616,  919.28082257,  3032.66
1565.02960311,  167400.0,  162201.0,  423.828049661,  919.280975249,  3033.28
1565.05003745,  167434.0,  162239.0,  423.828147748,  919.280656216,  3034.61
1565.07047169,  167411.0,  162212.0,  423.827897643,  919.280728244,  3034.23
1565.09090593,  167401.0,  162204.0,  423.82804851,  919.281064207,  3033.14
1565.11134017,  167420.0,  162224.0,  423.828059624,  919.28076231,  3034.91
1565.13177441,  167409.0,  162208.0,  423.828019668,  919.28079582,  3033.47
1565.15220865,  167388.0,  162190.0,  423.82826012,  919.280777552,  3032.25
1565.17264289,  167412.0,  162214.0,  423.827952701,  919.280505975,  3031.43
1565.19307713,  167408.0,  162205.0,  423.828291827,  919.280663709,  3034.76
1565.21351147,  167387.0,  162191.0,  423.828302586,  919.28064503,  3033.4
1565.23394561,  167396.0,  162196.0,  423.82795903,  919.280669551,  3030.61
1565.25437995,  167421.0,  162216.0,  423.828308501,  919.280676712,  3032.78
1565.27481419,  167405.0,  162206.0,  423.827945565,  919.280447366,  3030.71
1565.29524833,  167390.0,  162187.0,  423.828048303,  919.280673557,  3031.64
1565.31568267,  167069.0,  161879.0,  423.828356234,  919.280359536,  3033.87
1565.33611681,  166132.0,  160976.0,  423.828064961,  919.280559149,  3032.45
1565.35655105,  164718.0,  159609.0,  423.828227058,  919.280613872,  3029.98
1565.37698539,  163151.0,  158099.0,  423.828056803,  919.280383206,  3033.1
1565.39741953,  161665.0,  156663.0,  423.828159256,  919.280408134,  3031.34
1565.41785378,  160693.0,  155724.0,  423.828146287,  919.28049275,  3033.98
1565.43828812,  160335.0,  155384.0,  423.828072492,  919.280490729,  3032.81
1565.45872226,  160195.0,  155247.0,  423.828138382,  919.280615951,  3032.99
1565.4791566,  160184.0,  155233.0,  423.828262932,  919.280446254,  3032.01
1565.49959084,  160286.0,  155338.0,  423.828252839,  919.280417393,  3033.95
1565.52002499,  160515.0,  155552.0,  423.828238272,  919.280392215,  3031.59
1565.54045933,  161161.0,  156179.0,  423.828069773,  919.280203259,  3033.06
1565.56089357,  162575.0,  157541.0,  423.82827877,  919.280275931,  3034.37
1565.58132781,  164125.0,  159034.0,  423.828417853,  919.280279003,  3035.98
1565.60176206,  165606.0,  160463.0,  423.827759556,  919.280140645,  3035.74
1565.6221963,  166757.0,  161572.0,  423.828467248,  919.280267902,  3035.59
1565.64263064,  167370.0,  162160.0,  423.828083329,  919.280140205,  3035.18
1565.66306479,  167429.0,  162221.0,  423.828128381,  919.280131373,  3035.34
1565.68349903,  167424.0,  162214.0,  423.828151488,  919.280159536,  3033.77
1565.70393337,  167447.0,  162236.0,  423.828252178,  919.280253497,  3034.64
1565.72436762,  167423.0,  162216.0,  423.828256775,  919.279962973,  3032.99
1565.74480176,  167411.0,  162199.0,  423.828359096,  919.280081209,  3032.05
1565.7652361,  167435.0,  162226.0,  423.828213434,  919.280099454,  3030.89
1565.78567035,  167416.0,  162208.0,  423.828197542,  919.280053417,  3030.42
1565.80610459,  167402.0,  162192.0,  423.828512387,  919.280099448,  3028.21
1565.82653884,  167418.0,  162209.0,  423.828088136,  919.280044704,  3029.79
1565.84697308,  167426.0,  162215.0,  423.82809601,  919.279984595,  3027.05
1565.86740743,  167428.0,  162212.0,  423.828330504,  919.279838768,  3030.43
1565.88784157,  167423.0,  162213.0,  423.828389521,  919.279915855,  3028.11
1565.90827581,  167439.0,  162222.0,  423.828151056,  919.280137784,  3028.07
1565.92871016,  167408.0,  162194.0,  423.828139724,  919.279942891,  3027.59
1565.9491443,  167434.0,  162222.0,  423.828442447,  919.279947078,  3026.83
1565.96957855,  167453.0,  162235.0,  423.828288744,  919.280103772,  3028.5
1565.9900128,  167414.0,  162201.0,  423.828202113,  919.279794703,  3028.55
1566.01044704,  167417.0,  162203.0,  423.828518945,  919.279877517,  3026.35
1566.03088139,  167429.0,  162212.0,  423.828291533,  919.279975526,  3026.31
1566.05131553,  167386.0,  162173.0,  423.828350809,  919.279739118,  3025.28
1566.07174978,  167431.0,  162213.0,  423.828326188,  919.279791052,  3027.98
1566.09218413,  167438.0,  162220.0,  423.828321613,  919.279960496,  3023.47
1566.11261827,  167429.0,  162215.0,  423.82840168,  919.279606064,  3021.94
1566.13305252,  167397.0,  162181.0,  423.828602366,  919.279788362,  3025.1
1566.15348686,  167422.0,  162209.0,  423.828126504,  919.279784915,  3026.28
1566.17392101,  167441.0,  162229.0,  423.828658728,  919.279735864,  3024.6
1566.19435536,  167443.0,  162225.0,  423.828259511,  919.279712615,  3023.66
1566.2147896,  167435.0,  162220.0,  423.828643295,  919.279871343,  3022.77
1566.23522375,  167403.0,  162191.0,  423.828383022,  919.279570138,  3020.59
1566.2556581,  167411.0,  162191.0,  423.828582328,  919.279445189,  3021.88
1566.27609235,  167426.0,  162210.0,  423.828272277,  919.279718812,  3021.09
1566.29652659,  167414.0,  162195.0,  423.828602457,  919.279693903,  3022.77
1566.31696084,  167419.0,  162204.0,  423.82834811,  919.279594527,  3021.01
1566.33739509,  167421.0,  162208.0,  423.828411024,  919.279712124,  3020.04
1566.35782934,  167431.0,  162211.0,  423.828491789,  919.27972055,  3018.35
1566.37826369,  167435.0,  162218.0,  423.828427313,  919.279749024,  3019.48
1566.39869783,  167409.0,  162194.0,  423.828435901,  919.279498862,  3018.89
1566.41913218,  167407.0,  162190.0,  423.828488772,  919.279557728,  3018.75
1566.43956643,  167432.0,  162216.0,  423.828360714,  919.279518904,  3017.55
1566.46000058,  167416.0,  162201.0,  423.828300059,  919.279670692,  3015.76
1566.48043493,  167404.0,  162187.0,  423.828851396,  919.279496412,  3019.0
1566.50086918,  167414.0,  162199.0,  423.828651312,  919.279542729,  3017.53
1566.52130333,  167399.0,  162181.0,  423.828578478,  919.279505661,  3016.72
1566.54173767,  167429.0,  162211.0,  423.82832062,  919.279611024,  3018.75
1566.56217192,  167445.0,  162226.0,  423.828596917,  919.279163799,  3016.49
1566.58260617,  167439.0,  162217.0,  423.828523374,  919.279758851,  3016.23
1566.60304042,  167424.0,  162209.0,  423.828719027,  919.279338039,  3015.63
1566.62347457,  167427.0,  162210.0,  423.828497417,  919.279537009,  3016.0
1566.64390892,  167418.0,  162198.0,  423.828822066,  919.279407349,  3018.35
1566.66434317,  167454.0,  162236.0,  423.828665803,  919.279695875,  3018.42
1566.70521167,  167397.0,  162177.0,  423.828928483,  919.279398099,  3016.81
1566.72564592,  167405.0,  162191.0,  423.828674583,  919.279372,  3015.59
1566.74608017,  167429.0,  162209.0,  423.828735793,  919.279486038,  3014.19
1566.76651442,  167422.0,  162204.0,  423.828807109,  919.279277925,  3013.48
1566.78694868,  167416.0,  162201.0,  423.828921323,  919.279524487,  3015.79
1566.80738303,  167413.0,  162195.0,  423.828625815,  919.279544432,  3016.63
1566.82781718,  167424.0,  162208.0,  423.829126466,  919.279462172,  3016.16
1566.84825143,  167385.0,  162174.0,  423.828794795,  919.279592389,  3016.16
1566.86868578,  167403.0,  162185.0,  423.828844236,  919.279484907,  3014.32
1566.88912003,  167415.0,  162200.0,  423.828849944,  919.279395457,  3015.38
1566.90955418,  167401.0,  162185.0,  423.829065122,  919.279456967,  3015.32
1566.92998853,  167410.0,  162193.0,  423.828970432,  919.279458237,  3016.06
1566.95042279,  167423.0,  162211.0,  423.829106474,  919.279542346,  3012.6
1566.97085704,  167435.0,  162217.0,  423.828918757,  919.279454469,  3016.49
1566.99129129,  167415.0,  162197.0,  423.829171117,  919.279571951,  3013.11
1567.01172554,  167432.0,  162217.0,  423.828954887,  919.27946151,  3013.37
1567.03215979,  167428.0,  162208.0,  423.829102151,  919.279555727,  3014.49
1567.05259405,  167423.0,  162209.0,  423.829068122,  919.279415106,  3013.16
1567.0730283,  167414.0,  162202.0,  423.828897735,  919.279649833,  3013.34
1567.09346265,  167422.0,  162206.0,  423.828942101,  919.279545961,  3012.95
1567.11389681,  167420.0,  162206.0,  423.829394623,  919.279317608,  3013.48
1567.13433116,  167424.0,  162209.0,  423.829049543,  919.279219953,  3014.36
1567.15476541,  167423.0,  162208.0,  423.829259426,  919.279360305,  3012.2
1567.17519957,  167417.0,  162203.0,  423.829027355,  919.279178279,  3010.78
1567.19563392,  167415.0,  162198.0,  423.829165507,  919.279431096,  3013.4
1567.21606817,  167419.0,  162201.0,  423.828983662,  919.279273845,  3012.03
1567.23650233,  167412.0,  162200.0,  423.829247889,  919.279202008,  3010.07
1567.25693668,  167401.0,  162184.0,  423.829172408,  919.279158801,  3009.11
1567.27737083,  167413.0,  162197.0,  423.829104306,  919.279316974,  3008.38
1567.29780509,  167451.0,  162233.0,  423.829026051,  919.279166414,  3008.56
1567.31823944,  167439.0,  162218.0,  423.82894065,  919.279216157,  3008.99
1567.3386736,  167402.0,  162187.0,  423.828969359,  919.279063128,  3007.94
1567.35910795,  167402.0,  162184.0,  423.829116601,  919.27919105,  3007.68
1567.37954221,  167411.0,  162190.0,  423.829109566,  919.279276382,  3007.36
1567.39997636,  167421.0,  162205.0,  423.828979645,  919.279238458,  3005.05
1567.42041072,  167400.0,  162180.0,  423.829399002,  919.279302456,  3007.25
1567.44084497,  167422.0,  162203.0,  423.829223963,  919.279088426,  3008.0
1567.46127923,  167434.0,  162217.0,  423.829210698,  919.27903726,  3005.47
1567.48171348,  167439.0,  162216.0,  423.829061363,  919.27932904,  3006.2
1567.50214774,  167438.0,  162217.0,  423.829256321,  919.279041558,  3008.61
1567.52258209,  167422.0,  162203.0,  423.829201745,  919.279080893,  3031.21
1567.54301625,  167426.0,  162201.0,  423.829303372,  919.279074373,  3007.63
1567.5634505,  167443.0,  162218.0,  423.829296023,  919.278950083,  3007.82
1567.58388486,  167421.0,  162201.0,  423.829248468,  919.279002829,  3007.42
1567.60431912,  167410.0,  162190.0,  423.82925844,  919.278836366,  3003.67
1567.62475327,  167405.0,  162186.0,  423.829413895,  919.278986244,  3007.27
1567.64518763,  167417.0,  162191.0,  423.829237785,  919.278874823,  3005.64
1567.66562188,  167389.0,  162165.0,  423.829430026,  919.279118575,  3006.25
1567.68605604,  167394.0,  162172.0,  423.829208453,  919.278820277,  3004.43
1567.7064904,  167390.0,  162162.0,  423.829397209,  919.278990538,  3004.79
1567.72692466,  167412.0,  162189.0,  423.829395394,  919.278886337,  3002.73
1567.74735901,  167433.0,  162207.0,  423.829396254,  919.278847787,  3004.07
1567.76779317,  167396.0,  162167.0,  423.829430355,  919.27899518,  3004.51
1567.78822743,  167415.0,  162190.0,  423.829238161,  919.278766694,  3004.91
1567.80866178,  167415.0,  162186.0,  423.829531119,  919.278739699,  3005.2
1567.82909594,  167423.0,  162192.0,  423.829424844,  919.278666122,  3003.19
1567.8495302,  167412.0,  162185.0,  423.829525198,  919.278721324,  3001.27
1567.86996456,  167408.0,  162177.0,  423.829307192,  919.278824975,  3003.04
1567.89039872,  167437.0,  162208.0,  423.829372519,  919.278705291,  3000.36
1567.91083307,  167420.0,  162193.0,  423.829473681,  919.278714473,  3003.0
1567.93126723,  167434.0,  162202.0,  423.82963933,  919.27867644,  3004.42
1567.95170149,  167412.0,  162183.0,  423.829364372,  919.278471471,  3000.76
1567.97213585,  167428.0,  162197.0,  423.829431665,  919.278505456,  3003.17
1567.99257001,  167443.0,  162207.0,  423.829475288,  919.278671994,  3001.5
1568.01300427,  167402.0,  162175.0,  423.829341053,  919.278494002,  3001.77
1568.03343862,  167426.0,  162194.0,  423.829493144,  919.27875598,  3003.27
1568.05387278,  167445.0,  162212.0,  423.829335552,  919.278546679,  3001.61
1568.07430704,  167455.0,  162224.0,  423.829469262,  919.278552834,  3001.17
1568.0947414,  167416.0,  162181.0,  423.829412438,  919.27871538,  3002.23
1568.11517566,  167425.0,  162189.0,  423.829189823,  919.278446979,  3005.39
1568.13560992,  167422.0,  162189.0,  423.829501493,  919.278461006,  2998.88
1568.15604418,  167416.0,  162181.0,  423.829527936,  919.27855717,  3002.6
1568.17647844,  167425.0,  162192.0,  423.829360338,  919.278448683,  3002.53
1568.1969127,  167434.0,  162203.0,  423.829365358,  919.278515744,  2999.87
1568.21734696,  167422.0,  162184.0,  423.829300111,  919.278479578,  3002.62
1568.23778122,  167455.0,  162224.0,  423.829569066,  919.278280674,  3002.13
1568.25821558,  167420.0,  162182.0,  423.829549233,  919.278416267,  3000.55
1568.27864974,  167450.0,  162211.0,  423.829581432,  919.27838383,  3000.17
1568.2990841,  167414.0,  162181.0,  423.829683606,  919.27837227,  2996.2
1568.31951836,  167421.0,  162180.0,  423.829580757,  919.27844574,  2999.86
1568.33995252,  167439.0,  162203.0,  423.829414621,  919.278198294,  2998.93
1568.36038688,  167420.0,  162184.0,  423.829521654,  919.278141647,  2998.82
1568.38082114,  167436.0,  162199.0,  423.829825551,  919.278049027,  3000.89
1568.40125531,  167421.0,  162186.0,  423.829462156,  919.278244274,  3001.43
1568.42168967,  167430.0,  162192.0,  423.829697375,  919.278176601,  2999.64
1568.44212393,  167407.0,  162166.0,  423.829620453,  919.278284653,  3002.91
1568.46255809,  167432.0,  162195.0,  423.829383299,  919.278160988,  3001.99
1568.48299245,  167396.0,  162158.0,  423.82953963,  919.278287288,  3001.78
1568.50342671,  167434.0,  162193.0,  423.829514724,  919.278104387,  3000.25
1568.52386108,  167429.0,  162192.0,  423.829323777,  919.278269518,  3001.24
1568.54429524,  167437.0,  162193.0,  423.829492438,  919.278054253,  3000.24
1568.5647294,  167408.0,  162168.0,  423.829414346,  919.278218934,  3004.26
1568.58516376,  167449.0,  162209.0,  423.829761553,  919.278132828,  3003.12
1568.60559802,  167413.0,  162170.0,  423.829489617,  919.278021781,  3000.8
1568.62603229,  167425.0,  162183.0,  423.829416737,  919.278031084,  3001.71
1568.64646655,  167402.0,  162162.0,  423.829801648,  919.278130017,  3003.28
1568.66690081,  167451.0,  162206.0,  423.829660683,  919.278158625,  3003.51
1568.68733518,  167418.0,  162180.0,  423.829622106,  919.277840202,  2998.77
1568.70776934,  167426.0,  162182.0,  423.829597354,  919.278138854,  2999.59
1568.7282036,  167426.0,  162182.0,  423.829511168,  919.277817737,  2996.31
1568.74863797,  167454.0,  162214.0,  423.829680171,  919.278022718,  2999.54
1568.76907223,  167438.0,  162188.0,  423.829711726,  919.277874249,  3000.14
1568.78950639,  167408.0,  162166.0,  423.829656015,  919.277885561,  2998.56
1568.80994076,  167402.0,  162160.0,  423.829929468,  919.278107994,  3001.07
1568.83037502,  167410.0,  162162.0,  423.829846662,  919.277690956,  3000.51
1568.85080928,  167467.0,  162223.0,  423.829869426,  919.277800085,  3003.26
1568.87124355,  167430.0,  162186.0,  423.829895872,  919.277933061,  3001.38
1568.89167781,  167447.0,  162202.0,  423.829534068,  919.277801029,  3003.51
1568.91211218,  167469.0,  162226.0,  423.82985997,  919.277845039,  3005.65
1568.93254634,  167395.0,  162150.0,  423.829368288,  919.277803801,  3006.84
1568.95298061,  167455.0,  162209.0,  423.829717652,  919.277770368,  3034.8
1568.97341497,  167444.0,  162202.0,  423.829670013,  919.27787385,  3013.59
1568.99384914,  167414.0,  162165.0,  423.829713224,  919.277838235,  3012.38
1569.0142834,  167418.0,  162172.0,  423.829850076,  919.277624237,  3010.0
1569.03471777,  167444.0,  162200.0,  423.829477076,  919.277809679,  3009.94
1569.05515193,  167438.0,  162191.0,  423.829800616,  919.277854278,  3013.19
1569.0755863,  167456.0,  162212.0,  423.830250356,  919.277595056,  3009.17
1569.09602056,  167441.0,  162195.0,  423.829935317,  919.277790033,  3008.19
1569.11645473,  167441.0,  162194.0,  423.829901861,  919.277581717,  3005.83
1569.13688909,  167445.0,  162199.0,  423.829787768,  919.27765286,  3004.33
1569.15732336,  167427.0,  162180.0,  423.829855085,  919.27773704,  3003.18
1569.17775752,  167437.0,  162187.0,  423.829944703,  919.277637778,  3005.46
1569.19819189,  167464.0,  162220.0,  423.829905556,  919.277555802,  3006.13
1569.21862606,  167441.0,  162192.0,  423.829783025,  919.277481875,  3002.68
1569.23906042,  167439.0,  162197.0,  423.829589734,  919.277508898,  3003.93
1569.25949469,  167445.0,  162200.0,  423.829910806,  919.277680761,  3004.02
1569.27992886,  167451.0,  162203.0,  423.829820279,  919.277603533,  3003.54
1569.30036322,  167421.0,  162176.0,  423.82959447,  919.277430051,  3002.4
1569.32079749,  167453.0,  162204.0,  423.830204012,  919.277482576,  3001.69
1569.34123176,  167406.0,  162159.0,  423.829589694,  919.277781188,  2998.93
1569.36166602,  167457.0,  162212.0,  423.829943729,  919.277549026,  2999.04
1569.38210029,  167440.0,  162190.0,  423.829858092,  919.277643939,  2998.13
1569.40253456,  167441.0,  162191.0,  423.829769975,  919.277587566,  2998.12
1569.42296883,  167434.0,  162189.0,  423.829780252,  919.277503574,  3000.0
1569.44340309,  167448.0,  162197.0,  423.829996981,  919.277518777,  3000.08
1569.46383746,  167439.0,  162194.0,  423.829718605,  919.27743019,  2997.59
1569.48427173,  167453.0,  162204.0,  423.829744149,  919.277341011,  2998.41
1569.5047059,  167418.0,  162169.0,  423.829716075,  919.277636576,  3000.49
1569.52514027,  167416.0,  162171.0,  423.829897077,  919.277298829,  2997.25
1569.54557453,  167435.0,  162188.0,  423.829714999,  919.277625312,  2998.61
1569.5660087,  167419.0,  162169.0,  423.830002976,  919.277345621,  2998.25
1569.58644307,  167444.0,  162199.0,  423.829591061,  919.27744917,  2995.45
1569.60687734,  167438.0,  162186.0,  423.829903843,  919.276987728,  2995.24
1569.62731171,  167456.0,  162206.0,  423.829987343,  919.277373511,  2997.09
1569.64774588,  167418.0,  162171.0,  423.829819106,  919.277466299,  2991.49
1569.68861451,  167452.0,  162205.0,  423.830166109,  919.277442012,  2990.14
1569.70904868,  167420.0,  162170.0,  423.830150889,  919.277408894,  2992.79
1569.72948295,  167419.0,  162167.0,  423.830142558,  919.27733061,  2986.64
1569.74991732,  167446.0,  162198.0,  423.830130254,  919.277365077,  2990.75
1569.77035149,  167424.0,  162176.0,  423.830110203,  919.277542296,  2989.12
1569.79078576,  167409.0,  162160.0,  423.830195991,  919.277458953,  2987.4
1569.81122013,  167447.0,  162200.0,  423.830159633,  919.277319424,  2989.56
1569.8316543,  167414.0,  162165.0,  423.830269846,  919.277453758,  2987.33
1569.85208867,  167431.0,  162184.0,  423.830128679,  919.277391917,  2987.88
1569.87252284,  167424.0,  162180.0,  423.830305383,  919.277316813,  2984.9
1569.89295711,  167395.0,  162149.0,  423.830271845,  919.277366986,  2987.93
1569.91339148,  167446.0,  162202.0,  423.830317315,  919.27722285,  2986.79
1569.93382565,  167420.0,  162176.0,  423.830108007,  919.277545437,  2985.44
1569.95425992,  167432.0,  162184.0,  423.830557116,  919.27765804,  2984.58
1569.9746943,  167475.0,  162232.0,  423.830142508,  919.277249358,  2984.65
1569.99512857,  167445.0,  162199.0,  423.8303511,  919.277459639,  2983.61
1570.01556284,  167453.0,  162209.0,  423.830265085,  919.277444345,  2983.44
1570.03599711,  167416.0,  162173.0,  423.830174598,  919.277421772,  2983.77
1570.05643138,  167441.0,  162194.0,  423.83031484,  919.277388774,  2982.84
1570.07686565,  167478.0,  162234.0,  423.830475413,  919.277362404,  2982.5
1570.09729992,  167413.0,  162171.0,  423.830249338,  919.277602462,  2980.0
1570.11773419,  167449.0,  162203.0,  423.830292016,  919.277422823,  2982.29
1570.13816857,  167425.0,  162187.0,  423.830276979,  919.27753702,  2980.25
1570.15860274,  167445.0,  162201.0,  423.830314705,  919.277426891,  2978.71
1570.17903711,  167443.0,  162197.0,  423.830502507,  919.277476956,  2977.23
1570.19947138,  167427.0,  162189.0,  423.830319992,  919.277412808,  2977.45
1570.21990555,  167445.0,  162200.0,  423.830326895,  919.277448846,  2980.78
1570.24033993,  167434.0,  162188.0,  423.830399479,  919.277291933,  2979.1
1570.2607742,  167435.0,  162196.0,  423.830376827,  919.27720438,  2978.98
1570.28120837,  167439.0,  162190.0,  423.830259865,  919.277314363,  2977.74
1570.30164274,  167413.0,  162171.0,  423.830250241,  919.277239943,  2976.4
1570.32207702,  167424.0,  162180.0,  423.830786171,  919.27743034,  2977.91
1570.34251119,  167433.0,  162185.0,  423.830254535,  919.277456862,  2975.35
1570.36294556,  167421.0,  162178.0,  423.830603099,  919.277321747,  2973.97
1570.38337984,  167429.0,  162183.0,  423.830395415,  919.277196351,  2977.86
1570.40381411,  167432.0,  162184.0,  423.830484632,  919.277266542,  2973.71
1570.42424838,  167432.0,  162188.0,  423.830689567,  919.277140474,  2974.54
1570.44468266,  167428.0,  162181.0,  423.830308289,  919.2772853,  2974.77
1570.46511693,  167450.0,  162201.0,  423.830461874,  919.277231588,  2975.46
1570.4855512,  167432.0,  162187.0,  423.830390099,  919.277187551,  2971.43
1570.50598548,  167442.0,  162187.0,  423.830511491,  919.277127509,  2970.66
1570.52641975,  167459.0,  162211.0,  423.830357611,  919.277097808,  2974.97
1570.54685403,  167421.0,  162171.0,  423.830586404,  919.277125523,  2972.18
1570.5672884,  167441.0,  162189.0,  423.83055976,  919.277232134,  2973.41
1570.58772258,  167427.0,  162178.0,  423.830191975,  919.276927766,  2971.01
1570.60815685,  167428.0,  162176.0,  423.830353057,  919.277094925,  2969.97
1570.62859123,  167462.0,  162207.0,  423.830727553,  919.277108299,  2969.74
1570.6490255,  167430.0,  162181.0,  423.830012666,  919.276881263,  2970.69
1570.66945967,  167431.0,  162176.0,  423.830636771,  919.276948106,  2967.88
1570.68989405,  167450.0,  162196.0,  423.830329098,  919.276756693,  2969.53
1570.71032832,  167438.0,  162189.0,  423.830254792,  919.276996696,  2969.92
1570.7307625,  167442.0,  162183.0,  423.83050886,  919.276845154,  2970.27
1570.75119688,  167421.0,  162169.0,  423.830325792,  919.276676083,  2967.49
1570.77163115,  167434.0,  162181.0,  423.830560281,  919.276933239,  2967.84
1570.79206553,  167446.0,  162187.0,  423.83061,  919.276956005,  2966.74
1570.8124997,  167419.0,  162167.0,  423.830346379,  919.276606284,  2969.34
1570.83293398,  167430.0,  162173.0,  423.830640829,  919.276653123,  2966.92
1570.85336835,  167461.0,  162200.0,  423.830559383,  919.276876425,  2969.19
1570.87380253,  167473.0,  162215.0,  423.830384562,  919.276511485,  2965.75
1570.89423681,  167466.0,  162203.0,  423.830457585,  919.27681797,  2964.93
1570.91467118,  167428.0,  162169.0,  423.830382254,  919.276632548,  2966.16
1570.93510536,  167452.0,  162193.0,  423.830404478,  919.276548565,  2967.15
1570.95553974,  167453.0,  162190.0,  423.830521183,  919.27671185,  2965.22
1570.97597401,  167456.0,  162196.0,  423.830501615,  919.276675477,  2963.83
1570.99640819,  167428.0,  162166.0,  423.830752147,  919.276654651,  2964.24
1571.01684257,  167444.0,  162180.0,  423.830564724,  919.276755089,  2964.48
1571.03727684,  167435.0,  162176.0,  423.830698074,  919.276641877,  2963.53
1571.05771102,  167422.0,  162159.0,  423.830511556,  919.27657466,  2965.83
1571.0781454,  167438.0,  162173.0,  423.830339207,  919.27646167,  2965.28
1571.09857968,  167416.0,  162160.0,  423.830638979,  919.276429134,  2963.79
1571.11901385,  167429.0,  162161.0,  423.830502476,  919.276570915,  2961.41
1571.13944823,  167416.0,  162156.0,  423.8305309,  919.276399747,  2963.61
1571.15988251,  167453.0,  162191.0,  423.830618774,  919.276580016,  2963.7
1571.18031679,  167414.0,  162150.0,  423.830864468,  919.276532455,  2967.43
1571.20075106,  167427.0,  162165.0,  423.830629351,  919.276529225,  2963.38
1571.22118534,  167414.0,  162152.0,  423.830677211,  919.276122768,  2966.3
1571.24161962,  167450.0,  162184.0,  423.83103594,  919.276508047,  2963.2
1571.2620539,  167417.0,  162154.0,  423.830458453,  919.276253484,  2965.5
1571.28248818,  167454.0,  162187.0,  423.830683071,  919.276415875,  2967.41
1571.30292246,  167442.0,  162173.0,  423.830734766,  919.276165509,  2965.48
1571.32335673,  167460.0,  162195.0,  423.830687451,  919.276331605,  2965.21
1571.34379111,  167448.0,  162180.0,  423.830689534,  919.276399342,  2965.31
1571.36422539,  167456.0,  162189.0,  423.830727836,  919.276366456,  2968.98
1571.38465957,  167456.0,  162189.0,  423.830578755,  919.27626572,  2970.83
1571.40509395,  167462.0,  162190.0,  423.830778195,  919.276138472,  2970.54
1571.42552823,  167444.0,  162179.0,  423.830674099,  919.276271744,  2971.33
1571.44596241,  167435.0,  162167.0,  423.830503236,  919.276355748,  2973.96
1571.46639679,  167446.0,  162171.0,  423.831098671,  919.276073142,  2972.51
1571.48683107,  167438.0,  162175.0,  423.830729574,  919.276330981,  2975.56
1571.50726525,  167423.0,  162153.0,  423.830960853,  919.276012789,  2975.22
1571.52769963,  167461.0,  162187.0,  423.830617445,  919.27617753,  2973.65
1571.54813391,  167473.0,  162206.0,  423.830624521,  919.275970326,  2972.65
1571.56856829,  167484.0,  162208.0,  423.830770733,  919.276271639,  2976.13
1571.58900247,  167473.0,  162202.0,  423.830729034,  919.276144252,  2975.02
1571.60943675,  167436.0,  162169.0,  423.830698382,  919.275901881,  2977.34
1571.62987113,  167445.0,  162172.0,  423.831032335,  919.27617922,  2974.65
1571.65030531,  167454.0,  162185.0,  423.830823029,  919.275986032,  2977.76
1571.67073959,  167436.0,  162166.0,  423.83087844,  919.276154184,  2977.44
1571.69117397,  167425.0,  162155.0,  423.830813321,  919.276170628,  2980.33
1571.71160815,  167438.0,  162169.0,  423.830778792,  919.275812052,  2979.67
1571.73204253,  167438.0,  162163.0,  423.830598608,  919.276200178,  2983.12
1571.75247681,  167451.0,  162178.0,  423.830957106,  919.275837448,  2979.61
1571.77291099,  167446.0,  162178.0,  423.830878947,  919.275972986,  2975.86
1571.79334538,  167466.0,  162190.0,  423.830807236,  919.275910311,  2975.04
1571.81377966,  167442.0,  162170.0,  423.830933013,  919.275971119,  2972.23
1571.83421384,  167453.0,  162180.0,  423.830717214,  919.275944049,  2973.78
1571.85464822,  167464.0,  162187.0,  423.830774632,  919.276116644,  2973.48
1571.8750825,  167427.0,  162158.0,  423.830797916,  919.275748339,  2977.15
1571.89551668,  167447.0,  162175.0,  423.831088745,  919.276026672,  2970.38
1571.91595107,  167450.0,  162177.0,  423.830933479,  919.276024269,  2969.52
1571.93638535,  167448.0,  162178.0,  423.831127534,  919.275866137,  2969.26
1571.95681973,  167437.0,  162161.0,  423.830704089,  919.276159882,  2969.55
1571.97725391,  167458.0,  162185.0,  423.830785314,  919.276039301,  2967.42
1571.9976882,  167431.0,  162157.0,  423.830815666,  919.275716258,  2970.13
1572.01812258,  167439.0,  162159.0,  423.830843632,  919.275995079,  2969.98
1572.03855676,  167448.0,  162174.0,  423.830910942,  919.275674646,  2970.71
1572.05899104,  167437.0,  162163.0,  423.830977772,  919.276126754,  2968.38
1572.07942543,  167429.0,  162150.0,  423.830710475,  919.275926493,  2970.34
1572.09985961,  167445.0,  162172.0,  423.83089892,  919.275969346,  2968.83
1572.12029399,  167449.0,  162171.0,  423.830810447,  919.275772998,  2967.7
1572.14072828,  167452.0,  162172.0,  423.831410176,  919.275965845,  2969.87
1572.16116246,  167432.0,  162161.0,  423.830684735,  919.275679954,  2967.51
1572.18159684,  167432.0,  162151.0,  423.830891362,  919.275949436,  2966.18
1572.20203113,  167453.0,  162175.0,  423.830741374,  919.275706755,  2966.72
1572.22246531,  167420.0,  162151.0,  423.830709967,  919.275967244,  2966.47
1572.24289969,  167439.0,  162157.0,  423.831296794,  919.275969169,  2964.01
1572.26333398,  167438.0,  162161.0,  423.831220685,  919.275744865,  2964.2
1572.28376826,  167419.0,  162144.0,  423.831192884,  919.275632669,  2962.66
1572.30420255,  167426.0,  162147.0,  423.830840181,  919.27567746,  2961.7
1572.32463683,  167438.0,  162164.0,  423.830834333,  919.275747802,  2960.77
1572.34507112,  167403.0,  162127.0,  423.830763411,  919.275864289,  2960.05
1572.3655054,  167431.0,  162154.0,  423.831120841,  919.275865476,  2961.9
1572.38593968,  167436.0,  162164.0,  423.830733602,  919.275647997,  2962.99
1572.40637397,  167450.0,  162171.0,  423.830573572,  919.275809065,  2960.65
1572.42680825,  167451.0,  162173.0,  423.830844861,  919.27549769,  2962.3
1572.44724254,  167414.0,  162141.0,  423.831188551,  919.275791422,  2960.61
1572.46767682,  167451.0,  162171.0,  423.830894979,  919.27580989,  2958.5
1572.48811111,  167456.0,  162180.0,  423.831056066,  919.275737749,  2959.09
1572.50854549,  167442.0,  162163.0,  423.830786811,  919.275542498,  2962.49
1572.52897978,  167435.0,  162156.0,  423.830919568,  919.275575721,  2957.86
1572.54941397,  167527.0,  162249.0,  423.830765172,  919.275410974,  2959.15
1572.56984835,  167468.0,  162188.0,  423.830931881,  919.275814613,  2956.11
1572.59028264,  167446.0,  162168.0,  423.831229911,  919.275506481,  2957.13
1572.61071682,  167473.0,  162196.0,  423.831052091,  919.275440059,  2958.03
1572.63115121,  167463.0,  162182.0,  423.831023666,  919.275728233,  2957.85
1572.67201968,  167464.0,  162185.0,  423.831081516,  919.275463818,  2959.13
1572.69245407,  167429.0,  162146.0,  423.831275217,  919.275613549,  2959.58
1572.71288835,  167455.0,  162177.0,  423.831150236,  919.275613031,  2959.02
1572.73332274,  167437.0,  162160.0,  423.831116125,  919.275710457,  2957.99
1572.75375693,  167467.0,  162187.0,  423.831383929,  919.275586516,  2963.16
1572.77419121,  167441.0,  162165.0,  423.831135779,  919.27552079,  2964.61
1572.7946256,  167439.0,  162161.0,  423.831335848,  919.275746672,  2965.23
1572.81505979,  167405.0,  162129.0,  423.831130586,  919.275606048,  2959.81
1572.83549407,  167428.0,  162157.0,  423.831159342,  919.275579915,  2964.18
1572.85592846,  167416.0,  162141.0,  423.831317842,  919.275691842,  2965.76
1572.87636265,  167425.0,  162153.0,  423.831294201,  919.275644616,  2972.42
1572.89679704,  167407.0,  162135.0,  423.83134191,  919.275647202,  2978.58
1572.91723132,  167406.0,  162132.0,  423.831207889,  919.275573203,  2977.18
1572.93766551,  167438.0,  162167.0,  423.831404545,  919.275471174,  2972.64
1572.9580999,  167447.0,  162174.0,  423.831367105,  919.275761301,  2980.61
1572.97853419,  167449.0,  162176.0,  423.831338184,  919.275629171,  2975.9
1572.99896847,  167454.0,  162185.0,  423.831586763,  919.275813579,  2967.81
1573.01940276,  167431.0,  162157.0,  423.831297697,  919.275768105,  2960.97
1573.03983705,  167492.0,  162219.0,  423.831541664,  919.275821989,  2954.35
1573.06027124,  167443.0,  162178.0,  423.831534552,  919.27566217,  2951.35
1573.08070563,  167418.0,  162149.0,  423.831514084,  919.275748208,  2951.06
1573.10113992,  167440.0,  162173.0,  423.831380261,  919.275746295,  2948.9
1573.1215742,  167420.0,  162152.0,  423.83171998,  919.275780501,  2949.97
1573.14200849,  167436.0,  162164.0,  423.831460387,  919.275669376,  2947.95
1573.16244278,  167438.0,  162169.0,  423.83148259,  919.275752957,  2948.19
1573.18287717,  167462.0,  162189.0,  423.83154324,  919.275755907,  2945.88
1573.20331136,  167451.0,  162181.0,  423.831536942,  919.275713214,  2941.97
1573.22374565,  167441.0,  162173.0,  423.831394548,  919.275665737,  2940.01
1573.24418004,  167404.0,  162135.0,  423.83134689,  919.275609609,  2940.39
1573.26461423,  167413.0,  162143.0,  423.831593688,  919.275821126,  2937.69
1573.28504862,  167418.0,  162151.0,  423.831303046,  919.275746071,  2938.19
1573.30548291,  167425.0,  162151.0,  423.831621782,  919.275783997,  2936.65
1573.3259171,  167431.0,  162163.0,  423.83147458,  919.275782835,  2933.79
1573.34635149,  167423.0,  162153.0,  423.831298603,  919.275683063,  2934.67
1573.36678578,  167414.0,  162141.0,  423.831512486,  919.275669915,  2932.48
1573.38721997,  167430.0,  162161.0,  423.831706216,  919.275822116,  2931.3
1573.40765436,  167391.0,  162117.0,  423.831306473,  919.275615348,  2931.22
1573.42808865,  167407.0,  162134.0,  423.831441262,  919.275559348,  2927.66
1573.44852284,  167424.0,  162154.0,  423.831426564,  919.275400802,  2930.81
1573.46895723,  167414.0,  162136.0,  423.83149529,  919.275610182,  2923.59
1573.48939152,  167421.0,  162148.0,  423.831411646,  919.275408406,  2924.52
1573.50982591,  167410.0,  162136.0,  423.831520426,  919.275471751,  2923.23
1573.5302601,  167420.0,  162142.0,  423.831826973,  919.275595864,  2923.33
1573.55069439,  167428.0,  162151.0,  423.831524728,  919.275314963,  2923.92
1573.57112878,  167402.0,  162124.0,  423.831573243,  919.275486912,  2921.32
1573.59156297,  167425.0,  162147.0,  423.831449469,  919.275472771,  2923.05
1573.61199726,  167414.0,  162141.0,  423.831689096,  919.275439901,  2923.27
1573.63243165,  167422.0,  162141.0,  423.831466253,  919.275453648,  2922.88
1573.65286595,  167380.0,  162105.0,  423.83157615,  919.275580334,  2922.42
1573.67330024,  167075.0,  161809.0,  423.831515802,  919.275343138,  2921.55
1573.69373453,  166610.0,  161358.0,  423.831617824,  919.275464745,  2921.56
1573.71416872,  166318.0,  161078.0,  423.831648565,  919.275497129,  2920.57
1573.73460311,  166306.0,  161068.0,  423.831673842,  919.275319527,  2920.48
1573.7550374,  166298.0,  161055.0,  423.831625621,  919.275395474,  2920.69
1573.7754716,  166291.0,  161050.0,  423.831678199,  919.275345785,  2920.38
1573.79590599,  166307.0,  161062.0,  423.831818739,  919.275522713,  2918.06
1573.81634028,  166477.0,  161227.0,  423.831586916,  919.275144076,  2921.5
1573.83677447,  166884.0,  161624.0,  423.831705061,  919.27522373,  2918.2
1573.85720887,  167281.0,  161998.0,  423.831609131,  919.275474282,  2920.35
1573.87764316,  167418.0,  162134.0,  423.831687319,  919.275246919,  2919.26
1573.89807755,  167420.0,  162137.0,  423.831801441,  919.275181769,  2916.46
1573.91851174,  167408.0,  162121.0,  423.83166947,  919.275306575,  2916.2
1573.93894604,  167397.0,  162114.0,  423.83180503,  919.27508765,  2916.71
1573.95938043,  167397.0,  162114.0,  423.831864384,  919.275326891,  2915.44
1573.97981462,  167433.0,  162143.0,  423.831651098,  919.275323356,  2915.87
1574.00024892,  167391.0,  162107.0,  423.831756256,  919.275000501,  2918.04
1574.02068331,  167416.0,  162128.0,  423.832003597,  919.275161546,  2913.4
1574.0411175,  167369.0,  162084.0,  423.831734689,  919.275078959,  2914.29
1574.0615519,  167405.0,  162121.0,  423.831858657,  919.275078883,  2917.95
1574.08198619,  167425.0,  162134.0,  423.831581996,  919.275076829,  2925.03
1574.10242038,  167413.0,  162126.0,  423.83189438,  919.275221245,  2912.73
1574.12285478,  167394.0,  162106.0,  423.831650951,  919.275132526,  2914.57
1574.14328907,  167414.0,  162123.0,  423.831730498,  919.275151948,  2915.51
1574.16372337,  167437.0,  162147.0,  423.831966302,  919.274924084,  2913.81
1574.18415766,  167389.0,  162098.0,  423.831798538,  919.275089261,  2912.39
1574.20459195,  167427.0,  162133.0,  423.831809773,  919.274964194,  2914.36
1574.22502625,  167430.0,  162139.0,  423.831892643,  919.274872962,  2909.53
1574.24546054,  167416.0,  162122.0,  423.831800127,  919.275287403,  2909.83
1574.26589484,  167422.0,  162131.0,  423.831946462,  919.275025235,  2910.01
1574.28632913,  167424.0,  162137.0,  423.832029676,  919.274989849,  2912.34
1574.30676353,  167417.0,  162121.0,  423.832133561,  919.274980552,  2910.87
1574.32719772,  167430.0,  162138.0,  423.831918567,  919.274810489,  2910.76
1574.34763202,  167408.0,  162116.0,  423.83186267,  919.275062141,  2909.49
1574.36806631,  167421.0,  162126.0,  423.831866552,  919.274990254,  2907.76
1574.38850061,  167418.0,  162127.0,  423.831765282,  919.274902527,  2905.89
1574.408935,  167416.0,  162124.0,  423.831900885,  919.27482652,  2907.15
1574.4293692,  167429.0,  162135.0,  423.831845519,  919.274765379,  2908.07
1574.44980359,  167395.0,  162106.0,  423.832036907,  919.275035862,  2905.3
1574.47023789,  167406.0,  162113.0,  423.832033594,  919.274755798,  2911.51
1574.49067208,  167401.0,  162109.0,  423.831935219,  919.274833987,  2904.54
1574.51110648,  167417.0,  162124.0,  423.831905596,  919.275058493,  2906.23
1574.53154078,  167420.0,  162121.0,  423.831866602,  919.274716934,  2908.24
1574.55197497,  167390.0,  162101.0,  423.83186828,  919.274920703,  2905.31
1574.57240937,  167410.0,  162115.0,  423.832045275,  919.274790784,  2906.15
1574.59284367,  167418.0,  162122.0,  423.831784879,  919.274894687,  2905.39
1574.61327806,  167410.0,  162118.0,  423.832011432,  919.274911287,  2905.27
1574.63371226,  167397.0,  162103.0,  423.831789652,  919.274865149,  2906.98
1574.65414655,  167393.0,  162100.0,  423.832163125,  919.274882053,  2905.42
1574.67458095,  167387.0,  162097.0,  423.831837855,  919.274438753,  2904.93
1574.69501515,  167405.0,  162109.0,  423.831883386,  919.274810384,  2902.1
1574.71544944,  167425.0,  162129.0,  423.831797442,  919.274887106,  2902.19
1574.73588384,  167406.0,  162115.0,  423.832060611,  919.27476755,  2903.15
1574.75631804,  167403.0,  162108.0,  423.831783249,  919.27469647,  2903.15
1574.77675234,  167406.0,  162114.0,  423.832080901,  919.274490371,  2900.23
1574.79718673,  167386.0,  162091.0,  423.831809697,  919.274801508,  2900.64
1574.81762103,  167398.0,  162104.0,  423.831940155,  919.274852701,  2900.97
1574.83805533,  167394.0,  162101.0,  423.832024511,  919.27461338,  2899.77
1574.85848963,  167412.0,  162116.0,  423.831882944,  919.274910529,  2901.58
1574.87892392,  167386.0,  162095.0,  423.831994748,  919.274650083,  2902.77
1574.89935822,  167411.0,  162117.0,  423.831973305,  919.274741366,  2897.63
1574.91979252,  167405.0,  162110.0,  423.831928535,  919.274771004,  2901.53
1574.94022682,  167403.0,  162108.0,  423.831812815,  919.274745878,  2901.17
1574.96066111,  167430.0,  162135.0,  423.8319915,  919.274776146,  2898.57
1574.98109541,  167436.0,  162137.0,  423.831936908,  919.274876509,  2897.16
1575.00152971,  167428.0,  162137.0,  423.83176956,  919.27459675,  2895.99
1575.02196401,  167394.0,  162098.0,  423.832306114,  919.274800425,  2895.87
1575.04239831,  167413.0,  162117.0,  423.831960828,  919.274582731,  2897.83
1575.06283271,  167410.0,  162119.0,  423.832308348,  919.274796007,  2898.69
1575.08326691,  167416.0,  162118.0,  423.832270809,  919.274662279,  2897.55
1575.1037012,  167430.0,  162133.0,  423.831923389,  919.274717432,  2895.28
1575.1241356,  167425.0,  162130.0,  423.831927746,  919.274630765,  2897.07
1575.1445698,  167402.0,  162105.0,  423.832217679,  919.274663936,  2894.86
1575.1650041,  167416.0,  162122.0,  423.832085533,  919.274671338,  2893.27
1575.1854385,  167411.0,  162116.0,  423.832211757,  919.274707772,  2892.94
1575.2058727,  167423.0,  162127.0,  423.832200109,  919.274706214,  2897.59
1575.2263071,  167418.0,  162126.0,  423.832008696,  919.274695835,  2893.57
1575.2467414,  167408.0,  162110.0,  423.832013576,  919.274584275,  2895.18
1575.2671756,  167425.0,  162130.0,  423.831975604,  919.274509986,  2892.14
1575.28761,  167436.0,  162144.0,  423.832003182,  919.274397251,  2890.6
1575.3080443,  167411.0,  162114.0,  423.832165921,  919.274566137,  2894.32
1575.3284785,  167410.0,  162116.0,  423.831904646,  919.274400956,  2894.56
1575.3489129,  167415.0,  162124.0,  423.832395435,  919.274710565,  2891.93
1575.3693472,  167408.0,  162110.0,  423.83237908,  919.274531026,  2891.34
1575.3897816,  167396.0,  162105.0,  423.832097404,  919.274729569,  2891.85
1575.4102158,  167417.0,  162126.0,  423.832183795,  919.274680832,  2890.87
1575.4306501,  167413.0,  162119.0,  423.831954752,  919.274680924,  2891.68
1575.4510845,  167399.0,  162107.0,  423.832299524,  919.274368984,  2888.53
1575.4715188,  167427.0,  162136.0,  423.83204775,  919.27464521,  2891.22
1575.491953,  167417.0,  162125.0,  423.832472931,  919.274513778,  2889.7
1575.5123874,  167397.0,  162108.0,  423.832029315,  919.274741162,  2889.96
1575.5328217,  167404.0,  162107.0,  423.83233539,  919.274298248,  2890.66
1575.5532559,  167408.0,  162116.0,  423.832004961,  919.274435382,  2891.13
1575.5736903,  167393.0,  162103.0,  423.83222581,  919.274661826,  2890.94
1575.5941246,  167417.0,  162123.0,  423.832244565,  919.274548778,  2889.4
1575.61455891,  167411.0,  162122.0,  423.832099901,  919.274550438,  2889.23
1575.65542741,  167409.0,  162116.0,  423.832391816,  919.274453719,  2892.9
1575.67586181,  167414.0,  162124.0,  423.832246668,  919.274572362,  2885.41
1575.69629611,  167374.0,  162083.0,  423.832576723,  919.274692908,  2888.94
1575.71673031,  167397.0,  162106.0,  423.83227134,  919.274696527,  2886.41
1575.73716472,  167386.0,  162097.0,  423.83226954,  919.2746572,  2887.43
1575.75759902,  167405.0,  162111.0,  423.832653334,  919.274670624,  2890.28
1575.77803342,  167406.0,  162120.0,  423.832497064,  919.274506165,  2889.63
1575.79846762,  167399.0,  162110.0,  423.832576136,  919.274574065,  2889.08
1575.81890192,  167399.0,  162108.0,  423.832593145,  919.274633461,  2886.97
1575.83933633,  167424.0,  162139.0,  423.832447258,  919.274575454,  2888.9
1575.85977053,  167423.0,  162131.0,  423.832521404,  919.27465339,  2887.65
1575.88020483,  167388.0,  162104.0,  423.832581829,  919.27459271,  2882.68
1575.90063923,  167366.0,  162084.0,  423.832470985,  919.274698521,  2886.0
1575.92107344,  167378.0,  162092.0,  423.832555439,  919.274702198,  2886.4
1575.94150774,  167416.0,  162132.0,  423.832562161,  919.274705321,  2886.03
1575.96194214,  167383.0,  162102.0,  423.832535134,  919.274749563,  2883.68
1575.98237635,  167415.0,  162130.0,  423.832677841,  919.274788,  2884.01
1576.00281075,  167417.0,  162137.0,  423.832739351,  919.274746057,  2884.21
1576.02324505,  167367.0,  162087.0,  423.832608483,  919.274869114,  2884.57
1576.04367936,  167418.0,  162138.0,  423.832652665,  919.274755506,  2883.07
1576.06411366,  167402.0,  162121.0,  423.832615698,  919.274742325,  2882.03
1576.08454796,  167411.0,  162126.0,  423.832511286,  919.274793209,  2881.98
1576.10498227,  167376.0,  162099.0,  423.832735066,  919.274903834,  2880.72
1576.12541657,  167401.0,  162123.0,  423.83279795,  919.274656029,  2882.11
1576.14585087,  167409.0,  162127.0,  423.832542211,  919.274734217,  2881.87
1576.16628518,  167399.0,  162122.0,  423.832666543,  919.274735828,  2883.4
1576.18671958,  167405.0,  162124.0,  423.832540407,  919.274685101,  2880.75
1576.20715379,  167387.0,  162107.0,  423.832493824,  919.274692618,  2879.52
1576.22758819,  167394.0,  162118.0,  423.832608689,  919.274687412,  2881.74
1576.24802249,  167400.0,  162116.0,  423.832603007,  919.274724482,  2881.27
1576.2684567,  167380.0,  162101.0,  423.832653218,  919.274695569,  2883.05
1576.2888911,  167397.0,  162119.0,  423.832414741,  919.274673229,  2879.58
1576.30932531,  167398.0,  162115.0,  423.832524501,  919.274648354,  2879.23
1576.32975961,  167397.0,  162116.0,  423.832779821,  919.2745629,  2878.36
1576.35019402,  167430.0,  162152.0,  423.83257216,  919.274625787,  2880.28
1576.39106263,  167377.0,  162097.0,  423.83277595,  919.274580829,  2881.66
1576.41149693,  167390.0,  162107.0,  423.83283435,  919.274785876,  2881.59
1576.43193114,  167387.0,  162103.0,  423.832849162,  919.274568564,  2880.19
1576.45236554,  167370.0,  162090.0,  423.832588747,  919.274423498,  2878.84
1576.47279985,  167397.0,  162113.0,  423.832565159,  919.274621798,  2877.86
1576.49323405,  167398.0,  162114.0,  423.832440298,  919.274580464,  2880.86
1576.51366846,  167421.0,  162137.0,  423.832807533,  919.274313593,  2879.06
1576.53410276,  167385.0,  162100.0,  423.832530307,  919.274626635,  2877.91
1576.55453707,  167400.0,  162117.0,  423.83261504,  919.274654956,  2878.07
1576.57497138,  167390.0,  162105.0,  423.832832906,  919.274643297,  2876.68
1576.59540568,  167379.0,  162093.0,  423.832743307,  919.274551613,  2879.23
1576.61584009,  167421.0,  162137.0,  423.832971461,  919.274542715,  2875.17
1576.63627429,  167400.0,  162112.0,  423.832383095,  919.274467721,  2881.65
1576.6567086,  167399.0,  162109.0,  423.832604517,  919.27446369,  2878.85
1576.67714301,  167400.0,  162115.0,  423.832697906,  919.274496136,  2876.85
1576.69757731,  167386.0,  162097.0,  423.832582623,  919.274366218,  2879.37
1576.71801152,  167382.0,  162097.0,  423.832811388,  919.274456602,  2879.52
1576.73844593,  167408.0,  162121.0,  423.832546134,  919.274192477,  2875.81
1576.75888023,  167380.0,  162088.0,  423.833002167,  919.274454177,  2877.41
1576.77931454,  167405.0,  162117.0,  423.832417807,  919.274445461,  2873.71
1576.79974885,  167396.0,  162107.0,  423.832769308,  919.274370265,  2873.85
1576.82018315,  167399.0,  162108.0,  423.832645219,  919.274278662,  2875.64
1576.84061756,  167406.0,  162118.0,  423.832509685,  919.274333462,  2875.92
1576.86105177,  167388.0,  162096.0,  423.832814042,  919.27432823,  2875.33
1576.88148607,  167419.0,  162127.0,  423.832771236,  919.274247443,  2877.73
1576.90192048,  167371.0,  162084.0,  423.832944159,  919.274200454,  2872.11
1576.92235469,  167401.0,  162106.0,  423.832703488,  919.274366062,  2875.47
1576.942789,  167388.0,  162096.0,  423.83263452,  919.274107053,  2875.83
1576.9632233,  167403.0,  162110.0,  423.832859746,  919.274287038,  2873.06
1576.98365761,  167387.0,  162093.0,  423.832775046,  919.274251342,  2870.28
1577.00409202,  167417.0,  162125.0,  423.832853424,  919.274383164,  2874.13
1577.02452623,  167402.0,  162105.0,  423.832679517,  919.27434342,  2873.11
1577.04496054,  167404.0,  162108.0,  423.832859452,  919.274344996,  2875.44
1577.06539494,  167386.0,  162093.0,  423.832828491,  919.274026111,  2869.57
1577.08582915,  167404.0,  162105.0,  423.832909269,  919.274188704,  2871.23
1577.10626346,  167375.0,  162080.0,  423.832787705,  919.274136432,  2871.53
1577.12669787,  167408.0,  162112.0,  423.83279797,  919.274185395,  2874.24
1577.14713208,  167392.0,  162091.0,  423.832872464,  919.274057569,  2871.52
1577.16756649,  167400.0,  162106.0,  423.832666643,  919.274086789,  2870.83
1577.18800079,  167385.0,  162090.0,  423.832768228,  919.274227949,  2869.93
1577.208435,  167407.0,  162108.0,  423.832789018,  919.274103523,  2873.25
1577.22886941,  167381.0,  162086.0,  423.832830727,  919.27414207,  2869.21
1577.24930372,  167415.0,  162116.0,  423.832728516,  919.274020931,  2873.42
1577.26973803,  167380.0,  162084.0,  423.832858831,  919.274140244,  2870.33
1577.29017234,  167398.0,  162103.0,  423.8328083,  919.27385529,  2870.96
1577.31060665,  167420.0,  162118.0,  423.83289398,  919.274173574,  2869.19
1577.33104096,  167395.0,  162099.0,  423.832652666,  919.27408555,  2871.7
1577.35147537,  167406.0,  162105.0,  423.832990776,  919.274002206,  2870.91
1577.37190958,  167400.0,  162099.0,  423.833121034,  919.273978041,  2865.69
1577.39234398,  167280.0,  161987.0,  423.832938329,  919.274043189,  2867.9
1577.41277829,  166482.0,  161213.0,  423.833138967,  919.273977851,  2869.06
1577.4332125,  165228.0,  160007.0,  423.832596815,  919.274219494,  2869.01
1577.45364691,  163720.0,  158555.0,  423.832663291,  919.273832159,  2867.07
1577.47408122,  162152.0,  157039.0,  423.833221697,  919.274158184,  2866.64
1577.49451543,  160902.0,  155833.0,  423.833037273,  919.273965945,  2869.83
1577.51494984,  160435.0,  155381.0,  423.832642346,  919.273895668,  2868.77
1577.53538415,  160237.0,  155189.0,  423.833094271,  919.27386389,  2866.73
1577.55581846,  160167.0,  155127.0,  423.832982939,  919.274160671,  2868.67
1577.57625277,  160212.0,  155169.0,  423.832941427,  919.273967677,  2868.08
1577.59668699,  160416.0,  155361.0,  423.832899419,  919.273973382,  2866.36
1577.6171214,  160863.0,  155797.0,  423.832888471,  919.273965534,  2866.36
1577.63755571,  162054.0,  156942.0,  423.833070778,  919.274050251,  2864.87
1577.65798992,  163628.0,  158461.0,  423.832680612,  919.273712187,  2865.1
1577.67842433,  165130.0,  159912.0,  423.833150714,  919.273824133,  2865.93
1577.69885864,  166395.0,  161126.0,  423.832746648,  919.273984597,  2865.22
1577.71929295,  167237.0,  161943.0,  423.833187059,  919.27365031,  2871.43
1577.73972726,  167396.0,  162094.0,  423.832950325,  919.273800046,  2864.89
1577.76016157,  167416.0,  162111.0,  423.832949801,  919.273746166,  2864.93
1577.78059598,  167400.0,  162100.0,  423.83287691,  919.273823762,  2865.59
1577.80103019,  167401.0,  162099.0,  423.832892394,  919.273763754,  2866.69
1577.82146451,  167431.0,  162122.0,  423.832599475,  919.273603507,  2865.17
1577.84189892,  167428.0,  162124.0,  423.832910544,  919.273604946,  2865.74
1577.86233323,  167416.0,  162110.0,  423.833126062,  919.273823898,  2863.69
1577.88276744,  167425.0,  162123.0,  423.832829612,  919.273685934,  2864.28
1577.90320185,  167432.0,  162130.0,  423.83289234,  919.273894822,  2862.12
1577.92363616,  167413.0,  162105.0,  423.832887975,  919.273729786,  2863.53
1577.94407048,  167412.0,  162112.0,  423.832932154,  919.27358307,  2858.66
1577.96450479,  167401.0,  162099.0,  423.833097127,  919.273552491,  2862.52
1577.9849391,  167406.0,  162102.0,  423.832849629,  919.273848638,  2861.09
1578.00537341,  167397.0,  162096.0,  423.833142114,  919.273646562,  2860.59
1578.02580773,  167413.0,  162106.0,  423.832676236,  919.273898134,  2863.03
1578.04624204,  167402.0,  162098.0,  423.832794566,  919.27370403,  2860.86
1578.06667645,  167434.0,  162130.0,  423.832782058,  919.273502761,  2881.83
1578.08711066,  167417.0,  162109.0,  423.833102186,  919.273781185,  2860.14
1578.10754498,  167421.0,  162118.0,  423.832902504,  919.273443449,  2863.26
1578.12797939,  167418.0,  162112.0,  423.833014438,  919.273614292,  2861.97
1578.1484136,  167438.0,  162130.0,  423.83300278,  919.273687167,  2858.68
1578.16884801,  167428.0,  162125.0,  423.832826976,  919.273664313,  2858.54
1578.18928233,  167420.0,  162115.0,  423.833090365,  919.273532332,  2860.49
1578.20971654,  167401.0,  162098.0,  423.83291949,  919.27355462,  2858.66
1578.23015095,  167395.0,  162091.0,  423.833117463,  919.273571972,  2860.73
1578.25058517,  167420.0,  162115.0,  423.832902294,  919.273665613,  2861.73
1578.27101948,  167400.0,  162096.0,  423.833287241,  919.273413937,  2860.36
1578.29145389,  167413.0,  162109.0,  423.833181665,  919.27355125,  2859.52
1578.31188811,  167442.0,  162132.0,  423.833119991,  919.273493102,  2859.1
1578.33232252,  167411.0,  162110.0,  423.832708839,  919.273534873,  2860.37
1578.35275683,  167398.0,  162092.0,  423.833049954,  919.27328146,  2859.03
1578.37319105,  167408.0,  162101.0,  423.832837713,  919.273492413,  2862.17
1578.39362546,  167413.0,  162113.0,  423.833053985,  919.273597408,  2861.89
1578.41405978,  167411.0,  162103.0,  423.833007846,  919.273545231,  2860.53
1578.43449409,  167411.0,  162107.0,  423.832925563,  919.273412196,  2857.73
1578.4549284,  167404.0,  162103.0,  423.833041164,  919.27364773,  2857.69
1578.47536272,  167420.0,  162115.0,  423.833132749,  919.273675899,  2858.84
1578.49579703,  167413.0,  162110.0,  423.83315947,  919.273224072,  2863.57
1578.51623135,  167422.0,  162117.0,  423.832921799,  919.27353515,  2857.88
1578.53666566,  167402.0,  162099.0,  423.832675407,  919.273650053,  2857.99
1578.55710008,  167411.0,  162111.0,  423.833434218,  919.273612789,  2858.39
1578.57753439,  167439.0,  162134.0,  423.832988049,  919.273599042,  2856.07
1578.59796861,  167420.0,  162116.0,  423.832789814,  919.273383513,  2858.14
1578.63883734,  167395.0,  162092.0,  423.833303332,  919.273729477,  2855.56
1578.65927155,  167424.0,  162119.0,  423.833183314,  919.273503024,  2857.09
1578.67970597,  167412.0,  162107.0,  423.833123774,  919.273593826,  2856.13
1578.70014028,  167430.0,  162126.0,  423.833313569,  919.273499394,  2856.08
1578.7205745,  167416.0,  162113.0,  423.833166991,  919.273355187,  2855.03
1578.74100891,  167414.0,  162112.0,  423.833169219,  919.273563735,  2856.31
1578.76144323,  167429.0,  162125.0,  423.833334942,  919.273552096,  2857.22
1578.78187764,  167423.0,  162126.0,  423.833226884,  919.27333793,  2854.24
1578.80231186,  167427.0,  162124.0,  423.833255381,  919.273558049,  2853.03
1578.82274617,  167400.0,  162100.0,  423.833427673,  919.273602738,  2853.75
1578.84318059,  167383.0,  162088.0,  423.833150095,  919.273788333,  2856.4
1578.86361481,  167423.0,  162121.0,  423.833185186,  919.273684322,  2853.0
1578.88404912,  167386.0,  162091.0,  423.833325173,  919.273715523,  2854.09
1578.90448344,  167416.0,  162120.0,  423.833308151,  919.273636276,  2856.47
1578.92491775,  167440.0,  162140.0,  423.833347819,  919.273661445,  2852.69
1578.94535217,  167418.0,  162126.0,  423.833299166,  919.273708106,  2854.46
1578.96578639,  167434.0,  162138.0,  423.833443004,  919.273713726,  2852.73
1578.9862207,  167397.0,  162103.0,  423.833406534,  919.273641003,  2851.88
1579.00665512,  167413.0,  162121.0,  423.83341832,  919.273758204,  2853.73
1579.02708934,  167423.0,  162125.0,  423.833495718,  919.273868767,  2851.14
1579.04752365,  167420.0,  162129.0,  423.833497012,  919.273739568,  2853.11
1579.06795807,  167433.0,  162140.0,  423.833465836,  919.273677336,  2851.4
1579.08839239,  167422.0,  162126.0,  423.833517157,  919.27392222,  2853.38
1579.1088266,  167430.0,  162136.0,  423.83347959,  919.273624568,  2851.37
1579.12926102,  167413.0,  162120.0,  423.833363831,  919.273685094,  2851.92
1579.14969534,  167409.0,  162117.0,  423.833652042,  919.273663177,  2851.73
1579.17012965,  167431.0,  162139.0,  423.833243107,  919.273825531,  2847.68
1579.19056397,  167439.0,  162141.0,  423.833509985,  919.273777334,  2849.93
1579.21099829,  167426.0,  162131.0,  423.833606736,  919.273775064,  2848.7
1579.23143271,  167455.0,  162161.0,  423.833309818,  919.273487095,  2849.39
1579.25186692,  167438.0,  162141.0,  423.833525968,  919.273650553,  2849.04
1579.27230124,  167412.0,  162119.0,  423.83357003,  919.273679718,  2848.79
1579.29273566,  167438.0,  162142.0,  423.833432193,  919.273622538,  2850.26
1579.31316988,  167459.0,  162160.0,  423.833765273,  919.273676071,  2848.71
1579.33360429,  167450.0,  162155.0,  423.833449989,  919.273704428,  2847.24
1579.35403861,  167429.0,  162131.0,  423.833570473,  919.273655852,  2847.76
1579.37447283,  167424.0,  162129.0,  423.833279082,  919.273458571,  2848.0
1579.39490725,  167436.0,  162143.0,  423.833587896,  919.273434189,  2850.66
1579.41534157,  167436.0,  162137.0,  423.833687869,  919.273635258,  2848.61
1579.43577578,  167453.0,  162156.0,  423.833451212,  919.273550992,  2846.59
1579.4562102,  167412.0,  162117.0,  423.833542549,  919.273546107,  2849.01
1579.47664452,  167425.0,  162123.0,  423.833482519,  919.273520169,  2849.47
1579.49707874,  167429.0,  162132.0,  423.833482026,  919.273686882,  2849.17
1579.51751316,  167390.0,  162093.0,  423.833768062,  919.273514646,  2849.22
1579.53794738,  167439.0,  162137.0,  423.83363746,  919.273605234,  2846.49
1579.5583818,  167397.0,  162098.0,  423.833575299,  919.27354781,  2847.68
1579.57881611,  167398.0,  162096.0,  423.833399801,  919.273368352,  2849.25
1579.59925043,  167436.0,  162134.0,  423.833388085,  919.273420195,  2847.77
1579.61968475,  167439.0,  162141.0,  423.833899811,  919.273445527,  2850.33
1579.64011907,  167445.0,  162140.0,  423.833839974,  919.273447731,  2848.2
1579.66055339,  167437.0,  162136.0,  423.83359385,  919.273544808,  2847.98
1579.68098771,  167426.0,  162124.0,  423.833688671,  919.27347102,  2846.26
1579.70142203,  167409.0,  162107.0,  423.833507992,  919.273437192,  2846.57
1579.72185645,  167411.0,  162112.0,  423.833644252,  919.273399215,  2845.59
1579.74229077,  167410.0,  162104.0,  423.833611401,  919.27332593,  2844.96
1579.76272499,  167425.0,  162120.0,  423.833692363,  919.273377108,  2843.76
1579.78315941,  167428.0,  162126.0,  423.833753405,  919.273252409,  2843.72
1579.80359373,  167434.0,  162128.0,  423.833590584,  919.273516384,  2842.35
1579.82402795,  167427.0,  162121.0,  423.833696775,  919.273071224,  2845.08
1579.84446237,  167436.0,  162129.0,  423.833839582,  919.273382546,  2843.8
1579.86489669,  167412.0,  162103.0,  423.83365275,  919.273279,  2845.05
1579.88533091,  167439.0,  162133.0,  423.833615183,  919.27304742,  2844.75
1579.90576533,  167441.0,  162129.0,  423.833711247,  919.273432466,  2844.66
1579.92619965,  167448.0,  162138.0,  423.83351405,  919.27322452,  2841.2
1579.94663407,  167435.0,  162130.0,  423.833819392,  919.273347871,  2840.02
1579.96706829,  167404.0,  162093.0,  423.833635814,  919.273161785,  2840.18
1579.98750261,  167433.0,  162123.0,  423.833697583,  919.273324359,  2841.72
1580.00793703,  167414.0,  162105.0,  423.833751938,  919.273209473,  2840.14
1580.02837125,  167415.0,  162100.0,  423.833576431,  919.273189736,  2839.27
1580.04880557,  167423.0,  162113.0,  423.833465928,  919.27324262,  2840.69
1580.06923999,  167416.0,  162103.0,  423.833789442,  919.273278154,  2837.55
1580.08967421,  167425.0,  162113.0,  423.833524133,  919.273299813,  2840.79
1580.11010853,  167420.0,  162111.0,  423.833804681,  919.273048146,  2842.73
1580.13054295,  167435.0,  162120.0,  423.83374199,  919.273080441,  2837.9
1580.15097717,  167433.0,  162117.0,  423.833813741,  919.27311645,  2837.26
1580.17141159,  167436.0,  162122.0,  423.833726731,  919.273096474,  2836.75
1580.19184582,  167432.0,  162117.0,  423.833744116,  919.273173445,  2836.46
1580.21228014,  167410.0,  162095.0,  423.833672345,  919.272951655,  2837.68
1580.23271456,  167389.0,  162075.0,  423.83382098,  919.273187116,  2836.97
1580.25314878,  167428.0,  162108.0,  423.833891887,  919.273070807,  2835.98
1580.2735831,  167419.0,  162107.0,  423.833776429,  919.27291248,  2833.09
1580.29401752,  167397.0,  162081.0,  423.833592675,  919.27289911,  2835.68
1580.31445185,  167419.0,  162101.0,  423.833748336,  919.272885294,  2834.09
1580.33488617,  167419.0,  162104.0,  423.833967184,  919.272779389,  2833.7
1580.35532049,  167420.0,  162100.0,  423.833743313,  919.27294654,  2837.21
1580.37575481,  167416.0,  162099.0,  423.833789842,  919.272938634,  2835.89
1580.39618913,  167445.0,  162128.0,  423.833727229,  919.273049923,  2834.54
1580.41662345,  167426.0,  162104.0,  423.834056666,  919.272982321,  2831.47
1580.43705778,  167449.0,  162127.0,  423.833830267,  919.272904912,  2834.07
1580.4574922,  167403.0,  162085.0,  423.83384723,  919.2729307,  2833.51
1580.47792642,  167430.0,  162108.0,  423.83375541,  919.272867864,  2831.71
1580.49836074,  167414.0,  162097.0,  423.833941181,  919.272944333,  2830.83
1580.51879517,  167425.0,  162103.0,  423.833946776,  919.272867146,  2831.92
1580.53922939,  167448.0,  162127.0,  423.833741775,  919.272789654,  2831.84
1580.55966381,  167427.0,  162109.0,  423.833917535,  919.272792483,  2833.34
1580.58009813,  167434.0,  162110.0,  423.833768269,  919.272869999,  2832.65
1580.60053236,  167411.0,  162094.0,  423.833547796,  919.27294162,  2831.19
1580.62096678,  167449.0,  162125.0,  423.834068111,  919.272704153,  2829.83
1580.6414011,  167420.0,  162096.0,  423.834032892,  919.272885609,  2828.04
1580.66183533,  167440.0,  162122.0,  423.833669668,  919.272829257,  2831.8
1580.68226975,  167435.0,  162112.0,  423.834016237,  919.272830091,  2832.18
1580.70270407,  167418.0,  162097.0,  423.833510195,  919.272861094,  2832.15
1580.7231385,  167440.0,  162119.0,  423.834134096,  919.272462901,  2828.44
1580.74357272,  167435.0,  162113.0,  423.833900569,  919.272954571,  2829.41
1580.76400704,  167426.0,  162106.0,  423.834099771,  919.272796338,  2830.28
1580.78444147,  167437.0,  162114.0,  423.833737529,  919.272597745,  2827.5
1580.80487569,  167424.0,  162099.0,  423.833822266,  919.272926467,  2831.36
1580.82531001,  167433.0,  162110.0,  423.833794962,  919.272863071,  2828.69
1580.84574434,  167432.0,  162108.0,  423.834154798,  919.272762464,  2830.78
1580.86617866,  167431.0,  162109.0,  423.833846386,  919.27255673,  2827.5
1580.88661298,  167421.0,  162104.0,  423.833927867,  919.272685664,  2828.03
1580.90704731,  167436.0,  162111.0,  423.834437739,  919.272670585,  2825.55
1580.92748163,  167420.0,  162099.0,  423.83366851,  919.272656511,  2829.44
1580.94791606,  167430.0,  162109.0,  423.833925782,  919.27274914,  2826.11
1580.96835038,  167415.0,  162089.0,  423.834178875,  919.272656167,  2827.54
1580.98878461,  167446.0,  162124.0,  423.834056182,  919.272613234,  2828.08
1581.00921903,  167464.0,  162141.0,  423.833924998,  919.272731048,  2825.31
1581.02965335,  167416.0,  162090.0,  423.834041723,  919.272864712,  2824.17
1581.05008758,  167443.0,  162120.0,  423.833894718,  919.272596443,  2829.63
1581.070522,  167448.0,  162122.0,  423.834006121,  919.272989688,  2823.46
1581.09095633,  167438.0,  162112.0,  423.833681857,  919.272313687,  2827.12
1581.11139075,  167392.0,  162074.0,  423.834151247,  919.272864756,  2822.6
1581.13182498,  167411.0,  162085.0,  423.834077175,  919.272509963,  2826.02
1581.1522593,  167433.0,  162107.0,  423.83389871,  919.272532802,  2824.06
1581.17269373,  167441.0,  162115.0,  423.833905533,  919.272471918,  2821.96
1581.19312795,  167430.0,  162105.0,  423.83389259,  919.272717076,  2824.57
1581.21356228,  167428.0,  162104.0,  423.834029724,  919.272470953,  2822.22
1581.2339967,  167428.0,  162103.0,  423.834157623,  919.272620249,  2826.94
1581.25443093,  167435.0,  162110.0,  423.834167961,  919.272536366,  2821.99
1581.27486525,  167431.0,  162106.0,  423.833926573,  919.272461293,  2821.47
1581.29529968,  167432.0,  162104.0,  423.833893508,  919.272639045,  2824.45
1581.3157339,  167414.0,  162088.0,  423.833942878,  919.272557789,  2822.09
1581.33616833,  167450.0,  162126.0,  423.834119592,  919.272808197,  2820.7
1581.35660265,  167445.0,  162116.0,  423.833850367,  919.272623288,  2819.49
1581.37703698,  167430.0,  162106.0,  423.83407762,  919.272673724,  2820.37
1581.39747131,  167404.0,  162079.0,  423.834348337,  919.272388101,  2820.52
1581.41790563,  167443.0,  162114.0,  423.833802631,  919.272591873,  2822.2
1581.43833996,  167440.0,  162113.0,  423.833943958,  919.272486582,  2821.55
1581.45877428,  167475.0,  162144.0,  423.834691021,  919.272854916,  2816.58
1581.47920861,  167438.0,  162111.0,  423.834253293,  919.272576484,  2819.57
1581.49964294,  167451.0,  162122.0,  423.834277631,  919.272325871,  2821.74
1581.52007726,  167457.0,  162126.0,  423.833907344,  919.272452739,  2820.53
1581.54051159,  167439.0,  162114.0,  423.834032357,  919.272530678,  2819.66
1581.56094591,  167448.0,  162123.0,  423.834259285,  919.272494412,  2818.74
1581.58138024,  167473.0,  162147.0,  423.834300626,  919.27253984,  2820.51
1586.83299743,  167480.0,  161638.0,  423.836138296,  919.267003553,  2769.69
1586.85343187,  167463.0,  161639.0,  423.836460361,  919.266773873,  2773.44
1586.87386611,  167488.0,  161652.0,  423.836390908,  919.266785826,  2769.58
1586.89430055,  167495.0,  161660.0,  423.836124571,  919.266769708,  2771.19
1586.9147349,  167493.0,  161663.0,  423.836179895,  919.266306346,  2769.37
1586.93516914,  167498.0,  161663.0,  423.836339841,  919.266290106,  2769.63
1586.95560358,  167493.0,  161658.0,  423.836028075,  919.266286578,  2768.66
1586.97603793,  167503.0,  161675.0,  423.836240934,  919.266253161,  2769.9
1586.99647227,  167469.0,  161634.0,  423.836193118,  919.26615725,  2767.5
1587.01690661,  167491.0,  161662.0,  423.836180432,  919.266141543,  2767.96
1587.03734095,  167472.0,  161642.0,  423.836135768,  919.265969237,  2767.74
1587.0577754,  167508.0,  161676.0,  423.836502297,  919.265982427,  2768.08
1587.07820974,  167467.0,  161646.0,  423.836369559,  919.265966417,  2769.21
1587.09864398,  167452.0,  161629.0,  423.836152681,  919.265848811,  2768.28
1587.11907843,  167461.0,  161640.0,  423.83658151,  919.265973934,  2768.43
1587.13951277,  167475.0,  161659.0,  423.836615755,  919.266000258,  2768.81
1587.15994701,  167454.0,  161637.0,  423.836518357,  919.265888108,  2769.19
1587.18038146,  167490.0,  161677.0,  423.836708907,  919.265915014,  2769.22
1587.2008158,  167472.0,  161662.0,  423.836491065,  919.265817542,  2767.08
1587.22125014,  167448.0,  161640.0,  423.836583663,  919.266048611,  2766.92
1587.24168449,  167484.0,  161681.0,  423.836677294,  919.265843527,  2765.3
1587.26211873,  167456.0,  161655.0,  423.837076335,  919.26594772,  2766.76
1587.28255317,  167482.0,  161682.0,  423.836884167,  919.266036657,  2770.51
1587.30298752,  167464.0,  161672.0,  423.836855814,  919.265986929,  2765.15
1587.32342176,  167454.0,  161660.0,  423.836335455,  919.266087732,  2767.52
1587.3438562,  167477.0,  161685.0,  423.837256451,  919.266050692,  2770.73
1587.36429055,  167483.0,  161701.0,  423.837249444,  919.266202381,  2764.13
1587.38472499,  167509.0,  161721.0,  423.837068158,  919.266363494,  2766.48
1587.40515924,  167473.0,  161698.0,  423.837075063,  919.266184903,  2765.38
1587.42559358,  167476.0,  161697.0,  423.837219185,  919.266277715,  2765.09
1587.44602802,  167487.0,  161713.0,  423.836650339,  919.266164036,  2764.75
1587.46646227,  167474.0,  161711.0,  423.837505256,  919.266445659,  2768.63
1587.50733106,  167484.0,  161718.0,  423.837187733,  919.266255588,  2765.72
1587.5277653,  167461.0,  161707.0,  423.837341596,  919.266341799,  2767.15
1587.54819975,  167474.0,  161715.0,  423.837085788,  919.266590851,  2766.87
1587.56863409,  167478.0,  161726.0,  423.837253168,  919.266515275,  2764.73
1587.58906843,  167477.0,  161732.0,  423.837369048,  919.266525038,  2762.95
1587.60950278,  167486.0,  161734.0,  423.83733717,  919.266522222,  2766.87
1587.62993712,  167473.0,  161728.0,  423.837601892,  919.266569174,  2768.21
1587.65037147,  167452.0,  161711.0,  423.83722132,  919.266583273,  2764.85
1587.67080581,  167484.0,  161744.0,  423.837454656,  919.266657574,  2765.62
1587.69124016,  167475.0,  161745.0,  423.837193574,  919.266628133,  2763.25
1587.7116746,  167460.0,  161727.0,  423.836972489,  919.266680681,  2764.15
1587.73210885,  167452.0,  161722.0,  423.837247538,  919.266837809,  2762.31
1587.75254319,  167480.0,  161754.0,  423.837121416,  919.266587259,  2765.09
1587.77297763,  167461.0,  161738.0,  423.837275144,  919.26691915,  2763.16
1587.79341198,  167475.0,  161759.0,  423.837282502,  919.266776091,  2760.93
1587.81384622,  167479.0,  161765.0,  423.8370747,  919.266923278,  2764.44
1587.83428067,  167461.0,  161747.0,  423.837109503,  919.26690804,  2764.26
1587.85471491,  167486.0,  161781.0,  423.836864252,  919.266707244,  2764.15
1587.87514936,  167468.0,  161763.0,  423.83724752,  919.266821421,  2763.09
1587.8955837,  167475.0,  161770.0,  423.837242568,  919.267130817,  2761.56
1587.91601795,  167481.0,  161782.0,  423.836979943,  919.26703395,  2766.8
1587.93645239,  167469.0,  161771.0,  423.836730674,  919.266878441,  2763.94
1587.95688674,  167487.0,  161792.0,  423.836692959,  919.266916912,  2763.07
1587.97732098,  167450.0,  161765.0,  423.837101758,  919.267015233,  2762.38
1587.99775543,  167472.0,  161781.0,  423.836834244,  919.2670206,  2760.09
1588.01818978,  167467.0,  161789.0,  423.837191281,  919.267174967,  2762.15
1588.03862402,  167463.0,  161784.0,  423.836719492,  919.267090107,  2759.3
1588.05905847,  167483.0,  161803.0,  423.836662403,  919.267119225,  2761.95
1588.07949281,  167461.0,  161792.0,  423.83685107,  919.267052862,  2763.21
1588.09992726,  167467.0,  161793.0,  423.836726531,  919.267142651,  2760.31
1588.1203615,  167459.0,  161789.0,  423.836779203,  919.267252921,  2762.0
1588.14079585,  167439.0,  161776.0,  423.836915017,  919.267246206,  2760.71
1588.16123029,  167437.0,  161771.0,  423.836637329,  919.267080919,  2760.14
1588.18166454,  167476.0,  161818.0,  423.836400007,  919.267122711,  2760.84
1588.20209889,  167446.0,  161790.0,  423.836526795,  919.267165257,  2759.48
1588.22253333,  167455.0,  161803.0,  423.836878722,  919.267468277,  2758.95
1588.24296758,  167460.0,  161813.0,  423.83640125,  919.267183501,  2756.89
1588.26340202,  167438.0,  161789.0,  423.836871796,  919.267665601,  2758.79
1588.28383637,  167464.0,  161819.0,  423.836714223,  919.267363634,  2757.34
1588.30427071,  167470.0,  161830.0,  423.836543549,  919.267288433,  2756.89
1588.32470506,  167432.0,  161791.0,  423.83662296,  919.26758555,  2756.74
1588.34513941,  167445.0,  161807.0,  423.836617314,  919.267253216,  2758.19
1588.36557375,  167422.0,  161792.0,  423.836635173,  919.267420439,  2759.91
1588.3860081,  167468.0,  161832.0,  423.836831433,  919.267396547,  2757.74
1588.40644245,  167453.0,  161824.0,  423.836860833,  919.267512818,  2754.09
1588.42687679,  167475.0,  161844.0,  423.836578457,  919.267375037,  2757.65
1588.44731124,  167464.0,  161837.0,  423.836632271,  919.267571215,  2755.01
1588.46774548,  167477.0,  161856.0,  423.836723951,  919.267536649,  2755.83
1588.48817993,  167464.0,  161841.0,  423.836667113,  919.2676078,  2752.45
1588.50861418,  167474.0,  161855.0,  423.83665094,  919.267705017,  2753.26
1588.52904852,  167457.0,  161843.0,  423.836734086,  919.267608425,  2756.23
1588.54948297,  167465.0,  161846.0,  423.83678518,  919.267644413,  2751.54
1588.56991722,  167448.0,  161837.0,  423.8368698,  919.267664784,  2753.39
1588.59035156,  167440.0,  161833.0,  423.836664928,  919.267714316,  2752.05
1588.61078601,  167487.0,  161875.0,  423.83667075,  919.267828483,  2751.34
1588.63122026,  167468.0,  161863.0,  423.836714805,  919.267685977,  2752.13
1588.6516547,  167454.0,  161848.0,  423.836866505,  919.267757301,  2751.62
1588.67208905,  167454.0,  161854.0,  423.83648414,  919.26775918,  2753.19
1588.6925233,  167469.0,  161872.0,  423.836528709,  919.267777772,  2748.55
1588.71295774,  167469.0,  161867.0,  423.836815719,  919.267912997,  2749.74
1588.73339209,  167453.0,  161857.0,  423.836797749,  919.268027564,  2752.1
1588.75382634,  167467.0,  161874.0,  423.836693626,  919.267884121,  2750.7
1588.77426078,  167456.0,  161861.0,  423.83704628,  919.267908107,  2749.94
1588.79469513,  167458.0,  161873.0,  423.836747117,  919.267763216,  2751.58
1588.81512948,  167443.0,  161854.0,  423.836982286,  919.267864586,  2750.4
1588.83556382,  167470.0,  161881.0,  423.836563871,  919.267988218,  2750.61
1588.85599817,  167482.0,  161901.0,  423.836622702,  919.267894229,  2750.5
1588.87643262,  167445.0,  161860.0,  423.83671221,  919.267957894,  2750.68
1588.89686687,  167444.0,  161863.0,  423.836517076,  919.268099561,  2748.18
1588.91730121,  167493.0,  161914.0,  423.836786786,  919.267997556,  2744.14
1588.93773566,  167476.0,  161891.0,  423.836706459,  919.268145901,  2746.38
1588.95817001,  167439.0,  161863.0,  423.836651922,  919.268007104,  2749.99
1588.97860426,  167447.0,  161871.0,  423.83665938,  919.268199739,  2746.08
1588.9990387,  167449.0,  161873.0,  423.83671032,  919.267938632,  2745.03
1589.01947305,  167457.0,  161886.0,  423.836699864,  919.268153543,  2748.41
1589.0399073,  167446.0,  161874.0,  423.836853072,  919.268276862,  2745.42
1589.06034175,  167469.0,  161899.0,  423.836685684,  919.26832264,  2746.13
1589.08077609,  167445.0,  161882.0,  423.836804251,  919.26833301,  2747.44
1589.10121054,  167474.0,  161906.0,  423.83662147,  919.268273968,  2746.93
1589.12164479,  167440.0,  161874.0,  423.836785563,  919.268324988,  2746.32
1589.14207914,  167462.0,  161901.0,  423.836717187,  919.268324421,  2746.5
1589.16251348,  167492.0,  161927.0,  423.83658353,  919.26848557,  2745.2
1589.18294783,  167442.0,  161886.0,  423.836652684,  919.268200283,  2744.57
1589.20338208,  167450.0,  161891.0,  423.836670012,  919.268473213,  2745.78
1589.22381653,  167436.0,  161878.0,  423.837059237,  919.268484492,  2746.79
1589.24425088,  167458.0,  161906.0,  423.836784481,  919.268345251,  2743.26
1589.26468532,  167431.0,  161875.0,  423.836936856,  919.26855237,  2746.97
1589.28511957,  167426.0,  161874.0,  423.836874211,  919.268623073,  2743.86
1589.30555392,  167449.0,  161900.0,  423.836721575,  919.268420785,  2744.43
1589.32598837,  167447.0,  161897.0,  423.836988028,  919.268411498,  2743.78
1589.34642262,  167441.0,  161894.0,  423.837004217,  919.268523207,  2742.54
1589.36685696,  167456.0,  161911.0,  423.836775088,  919.268678191,  2745.09
1589.38729141,  167464.0,  161914.0,  423.836799169,  919.268597044,  2745.67
1589.40772566,  167468.0,  161924.0,  423.837042776,  919.26849039,  2741.74
1589.42816001,  167465.0,  161919.0,  423.836883626,  919.268670515,  2741.83
1589.44859446,  167468.0,  161923.0,  423.836947763,  919.268799667,  2742.23
1589.46902881,  167430.0,  161892.0,  423.837003235,  919.268304889,  2744.2
1589.48946315,  166844.0,  161321.0,  423.838495507,  919.269336261,  2740.2
1589.5098975,  165716.0,  160236.0,  423.8367431,  919.268640569,  2741.84
1589.53033185,  164271.0,  158847.0,  423.836885739,  919.268688981,  2741.12
1589.5507662,  162707.0,  157332.0,  423.836646183,  919.268789576,  2742.36
1589.57120055,  161241.0,  155925.0,  423.836753186,  919.26870259,  2742.15
1589.5916349,  160548.0,  155256.0,  423.837164714,  919.268883493,  2741.66
1589.61206935,  160324.0,  155038.0,  423.83691054,  919.268864155,  2738.94
1589.63250359,  160183.0,  154909.0,  423.836654855,  919.268790378,  2741.69
1589.65293794,  160225.0,  154946.0,  423.83693454,  919.269040101,  2741.08
1589.67337239,  160354.0,  155071.0,  423.836507311,  919.268652024,  2742.09
1589.69380664,  160689.0,  155400.0,  423.836894872,  919.269046534,  2741.11
1589.71424109,  161603.0,  156277.0,  423.836934407,  919.268921258,  2740.27
1589.73467544,  163123.0,  157743.0,  423.836915525,  919.268747954,  2738.31
1589.75510969,  164701.0,  159269.0,  423.836673191,  919.26875153,  2740.68
1589.77554414,  166076.0,  160591.0,  423.837410841,  919.268956298,  2739.44
1589.79597849,  167081.0,  161566.0,  423.837221213,  919.268682084,  2738.61
1589.81641273,  167454.0,  161922.0,  423.836991038,  919.268977784,  2738.99
1589.85728143,  167461.0,  161933.0,  423.836842419,  919.268681704,  2736.31
1589.87771588,  167480.0,  161945.0,  423.837252325,  919.268948094,  2738.82
1589.89815023,  167457.0,  161928.0,  423.836975408,  919.268768317,  2741.69
1589.91858448,  167466.0,  161937.0,  423.837143161,  919.268736617,  2736.75
1589.93901893,  167446.0,  161912.0,  423.837317112,  919.268921686,  2739.81
1589.95945328,  167467.0,  161936.0,  423.836871699,  919.268807454,  2738.62
1589.97988753,  167462.0,  161932.0,  423.837181122,  919.268760435,  2737.32
1590.00032198,  167442.0,  161912.0,  423.837314427,  919.268868863,  2736.41
1590.02075633,  167454.0,  161926.0,  423.837223568,  919.268608012,  2739.58
1590.04119068,  167472.0,  161942.0,  423.837062686,  919.268919097,  2739.51
1590.06162503,  167481.0,  161951.0,  423.837338442,  919.268918703,  2738.79
1590.08205938,  167464.0,  161938.0,  423.836859357,  919.268706735,  2738.57
1590.10249383,  167434.0,  161900.0,  423.837240173,  919.26889025,  2738.42
1590.12292807,  167444.0,  161919.0,  423.83709653,  919.268895006,  2736.72
1590.14336242,  167475.0,  161947.0,  423.836970422,  919.268855556,  2737.24
1590.16379687,  167444.0,  161912.0,  423.837442145,  919.268930971,  2737.02
1590.18423122,  167486.0,  161958.0,  423.837500653,  919.268735005,  2739.25
1590.20466547,  167445.0,  161916.0,  423.836996184,  919.26882216,  2739.74
1590.22509992,  167454.0,  161927.0,  423.837153218,  919.268793299,  2738.23
1590.24553427,  167481.0,  161957.0,  423.837156634,  919.268793848,  2737.48
1590.26596852,  167443.0,  161917.0,  423.837083226,  919.268894226,  2734.89
1590.28640297,  167449.0,  161924.0,  423.837116229,  919.268743073,  2734.05
1590.30683732,  167435.0,  161912.0,  423.837121567,  919.269019113,  2735.99
1590.32727177,  167463.0,  161937.0,  423.837071271,  919.268943328,  2737.86
1590.34770602,  167439.0,  161920.0,  423.837161803,  919.268814672,  2735.08
1590.36814037,  167441.0,  161917.0,  423.837153621,  919.268907668,  2736.5
1590.38857482,  167440.0,  161917.0,  423.837403013,  919.269087222,  2735.8
1590.40900907,  167457.0,  161940.0,  423.837123516,  919.268923031,  2737.42
1590.42944342,  167439.0,  161918.0,  423.836918082,  919.2688733,  2737.24
1590.44987777,  167476.0,  161952.0,  423.837050561,  919.268914649,  2734.82
1590.47031212,  167481.0,  161962.0,  423.837275175,  919.268833398,  2734.7
1590.49074657,  167456.0,  161936.0,  423.837233242,  919.269032311,  2736.48
1590.51118082,  167472.0,  161954.0,  423.837144175,  919.268829713,  2734.26
1590.53161518,  167446.0,  161932.0,  423.837222887,  919.269009712,  2734.35
1590.55204963,  167470.0,  161948.0,  423.837324835,  919.268875297,  2732.55
1590.57248388,  167434.0,  161919.0,  423.83733035,  919.268923512,  2733.53
1590.59291823,  167467.0,  161950.0,  423.837260075,  919.268853539,  2735.9
1590.61335268,  167583.0,  162063.0,  423.835621744,  919.270059004,  2734.24
1590.63378693,  167473.0,  161959.0,  423.837443511,  919.269042872,  2735.31
1590.65422128,  167477.0,  161958.0,  423.837135937,  919.269063439,  2735.68
1590.67465573,  167468.0,  161950.0,  423.837105095,  919.268897383,  2732.02
1590.69509008,  167444.0,  161933.0,  423.837446547,  919.269031146,  2733.71
1590.71552443,  167441.0,  161925.0,  423.837242893,  919.268996456,  2733.28
1590.73595878,  167465.0,  161953.0,  423.837143239,  919.269079055,  2735.1
1590.75639313,  167433.0,  161920.0,  423.837340747,  919.269030461,  2736.38
1590.77682748,  167454.0,  161940.0,  423.837336664,  919.268988202,  2730.67
1590.79726183,  167456.0,  161946.0,  423.837130873,  919.269042885,  2736.22
1590.81769618,  167471.0,  161956.0,  423.837229783,  919.268854009,  2733.62
1590.83813063,  167464.0,  161949.0,  423.837201557,  919.2690234,  2731.02
1590.85856489,  167457.0,  161951.0,  423.837086569,  919.269046874,  2731.22
1590.87899924,  167426.0,  161915.0,  423.837398806,  919.269102226,  2733.28
1590.89943369,  167454.0,  161947.0,  423.837321336,  919.268919766,  2729.37
1590.91986794,  167456.0,  161947.0,  423.837083121,  919.268846369,  2731.72
1590.94030239,  167444.0,  161934.0,  423.83729156,  919.269291263,  2731.63
1590.96073674,  167460.0,  161952.0,  423.837314913,  919.268952298,  2729.94
1590.98117099,  167425.0,  161912.0,  423.838474594,  919.269716948,  2732.05
1591.00160544,  167453.0,  161939.0,  423.837172875,  919.269267677,  2734.29
