Kepler I.D.-----Channel

[7511416]--------[48]

-TTYPE1--------TTYPE8------------TTYPE4-----------TTYPE15------------TTYPE17-----------TTYPE6

['TIME']---['PDCSAP_FLUX']---['SAP_FLUX']---['MOM_CENTR1']---['MOM_CENTR2']---['SAP_BKG']

['BJD - 2454833']--['e-/s']--------['e-/s']---------['pixel']---------['pixel']----------['e-/s']

CROWDSAP --- 0.9886

7511416

1559.24674025,  99374.1,  95630.5,  400.186650894,  506.870459109,  1599.54
1559.26717455,  99392.1,  95649.8,  400.18681473,  506.870531372,  1601.33
1559.28760896,  99383.0,  95639.6,  400.186866224,  506.870450799,  1600.2
1559.30804317,  99356.5,  95613.4,  400.18693586,  506.870806415,  1600.87
1559.32847747,  99366.4,  95624.1,  400.186767302,  506.870687588,  1601.28
1559.34891188,  99357.7,  95614.2,  400.186811798,  506.870775469,  1599.74
1559.36934609,  99363.1,  95619.8,  400.186781637,  506.870911758,  1599.37
1559.3897805,  99367.7,  95625.7,  400.186643792,  506.870790261,  1600.29
1559.4102148,  99344.6,  95601.9,  400.186792253,  506.871156954,  1599.09
1559.43064911,  99360.7,  95617.1,  400.186823218,  506.871190632,  1599.97
1559.45108342,  99360.5,  95616.7,  400.187202641,  506.87127693,  1599.08
1559.47151773,  99362.4,  95617.5,  400.186649536,  506.871489076,  1600.35
1559.49195204,  99356.7,  95613.6,  400.186942207,  506.871435878,  1597.85
1559.51238634,  99346.5,  95603.2,  400.186982516,  506.871670147,  1598.6
1559.53282065,  99362.1,  95616.4,  400.186753628,  506.871797363,  1598.21
1559.55325496,  99375.0,  95630.1,  400.186841049,  506.871674221,  1598.67
1559.57368927,  99349.1,  95605.8,  400.187037267,  506.871675654,  1598.64
1559.59412358,  99363.0,  95618.2,  400.186798143,  506.871633937,  1598.07
1559.61455789,  99346.3,  95602.7,  400.187054005,  506.8719477,  1598.64
1559.6349922,  99348.2,  95603.5,  400.186991027,  506.872325255,  1596.66
1559.65542651,  99340.8,  95598.0,  400.187156032,  506.872049199,  1597.59
1559.67586092,  99359.8,  95614.8,  400.187422987,  506.872100695,  1596.95
1559.69629513,  99364.4,  95618.2,  400.186984815,  506.872295567,  1597.5
1559.71672944,  99357.3,  95613.1,  400.187228771,  506.872448704,  1596.81
1559.73716385,  99362.6,  95618.2,  400.187306925,  506.872582987,  1595.39
1559.75759806,  99351.9,  95607.4,  400.187106631,  506.872482188,  1597.22
1559.77803247,  99373.1,  95628.3,  400.187205505,  506.872503807,  1595.04
1559.79846678,  99375.3,  95628.5,  400.18717459,  506.872741384,  1595.64
1559.81890099,  99361.5,  95616.7,  400.187128741,  506.872847615,  1596.62
1559.8393354,  99372.2,  95627.4,  400.187364459,  506.872850792,  1596.03
1559.85976971,  99385.6,  95639.5,  400.187337181,  506.8727224,  1594.81
1559.88020392,  99371.7,  95626.2,  400.187354929,  506.873048105,  1596.71
1559.90063834,  99364.8,  95618.3,  400.187103945,  506.873107983,  1595.19
1559.92107265,  99388.8,  95639.9,  400.187461906,  506.873199529,  1595.03
1559.94150706,  99392.5,  95646.0,  400.187217776,  506.873135769,  1595.82
1559.96194127,  99373.5,  95626.4,  400.187301079,  506.873455889,  1594.21
1559.98237558,  99372.8,  95625.8,  400.187232809,  506.873284862,  1595.15
1560.00281,  99400.9,  95653.1,  400.18745962,  506.873250539,  1594.9
1560.02324421,  99386.8,  95637.9,  400.187194333,  506.873257575,  1594.17
1560.04367852,  99386.0,  95639.1,  400.187403419,  506.873352713,  1593.26
1560.06411293,  99406.2,  95656.9,  400.187375139,  506.873363071,  1593.49
1560.08454715,  99397.5,  95647.9,  400.187270169,  506.873472896,  1594.25
1560.10498156,  99409.0,  95660.9,  400.187452862,  506.873382925,  1594.18
1560.12541587,  99390.8,  95643.0,  400.186957388,  506.873244826,  1594.25
1560.14585009,  99376.2,  95626.8,  400.187584212,  506.873814985,  1593.77
1560.1662845,  99377.0,  95630.1,  400.187547818,  506.873366108,  1594.01
1560.18671881,  99382.5,  95634.2,  400.187572181,  506.873603741,  1594.6
1560.20715303,  99397.9,  95648.4,  400.187242792,  506.873812883,  1592.88
1560.22758744,  99389.3,  95640.8,  400.187658439,  506.873789692,  1594.96
1560.24802176,  99397.4,  95647.6,  400.187410237,  506.87363227,  1592.45
1560.26845597,  99386.7,  95638.1,  400.18765684,  506.873770318,  1593.64
1560.28889039,  99398.9,  95650.3,  400.187653884,  506.873841597,  1593.81
1560.3093247,  99405.2,  95654.2,  400.187575787,  506.873761788,  1592.77
1560.32975902,  99409.1,  95658.7,  400.187426372,  506.873850949,  1592.98
1560.35019333,  99399.2,  95649.4,  400.187192024,  506.873861786,  1592.47
1560.37062765,  99398.1,  95648.2,  400.187580596,  506.874032478,  1593.13
1560.39106206,  99396.2,  95647.5,  400.187491707,  506.874062204,  1592.83
1560.41149628,  99390.1,  95638.6,  400.187711189,  506.874199311,  1592.59
1560.43193059,  99380.2,  95631.4,  400.187359814,  506.874056453,  1592.57
1560.45236501,  99402.6,  95651.9,  400.187598815,  506.873830568,  1591.58
1560.47279922,  99389.2,  95639.4,  400.187327222,  506.874146187,  1592.14
1560.49323364,  99407.2,  95657.3,  400.187468431,  506.87415032,  1590.8
1560.51366796,  99399.0,  95649.9,  400.187388938,  506.874186918,  1592.62
1560.53410217,  99405.6,  95654.5,  400.187565487,  506.874360822,  1591.59
1560.55453659,  99396.9,  95647.0,  400.1875531,  506.874535903,  1590.4
1560.57497091,  99405.0,  95653.5,  400.187328801,  506.8742355,  1591.58
1560.59540512,  99394.4,  95642.6,  400.187568808,  506.874548603,  1591.86
1560.61583954,  99399.8,  95649.5,  400.187494696,  506.874301818,  1590.34
1560.63627386,  99388.6,  95637.3,  400.187349055,  506.87462374,  1590.51
1560.65670817,  99392.1,  95639.9,  400.187558829,  506.874453585,  1589.64
1560.67714249,  99381.3,  95631.8,  400.187517731,  506.874211686,  1589.63
1560.69757681,  99389.1,  95637.4,  400.187467751,  506.874532911,  1588.82
1560.73844545,  99384.6,  95634.8,  400.187739258,  506.874541696,  1590.12
1560.75887976,  99385.2,  95634.2,  400.187503198,  506.874679998,  1590.5
1560.77931418,  99383.5,  95633.7,  400.187574197,  506.874528971,  1589.03
1560.7997484,  99388.1,  95635.6,  400.187667457,  506.874727345,  1590.15
1560.82018272,  99380.6,  95629.3,  400.187564712,  506.874682898,  1590.89
1560.84061714,  99347.3,  95601.5,  400.187685385,  506.874589028,  1606.59
1560.96322305,  99447.6,  95702.6,  400.187749768,  506.875077622,  1624.16
1560.98365727,  99379.4,  95634.3,  400.187561245,  506.875351867,  1622.66
1561.00409169,  99430.7,  95685.5,  400.187530797,  506.874233687,  1619.67
1561.02452601,  99402.4,  95658.4,  400.187295463,  506.874690432,  1612.51
1561.04496043,  99386.2,  95639.8,  400.187567072,  506.874983729,  1613.83
1561.06539465,  99380.2,  95635.2,  400.187655364,  506.874721005,  1614.82
1561.08582898,  99370.7,  95625.0,  400.187635372,  506.875085173,  1614.02
1561.1062634,  99373.8,  95624.6,  400.187116228,  506.874822723,  1613.11
1561.12669762,  99403.9,  95654.3,  400.187338623,  506.874558807,  1613.15
1561.14713194,  99394.9,  95645.3,  400.187929473,  506.874790452,  1610.97
1561.16756636,  99397.0,  95647.1,  400.18745308,  506.875146809,  1607.75
1561.18800058,  99399.1,  95649.9,  400.187759761,  506.874896288,  1604.75
1561.2084349,  99399.5,  95648.4,  400.187359316,  506.875532695,  1605.1
1561.22886932,  99392.9,  95645.3,  400.187525943,  506.874873348,  1602.88
1561.24930355,  99413.1,  95659.6,  400.187684142,  506.875345234,  1602.23
1561.26973797,  99412.2,  95660.6,  400.187896526,  506.875225905,  1600.08
1561.29017229,  99415.7,  95663.5,  400.187793366,  506.875406592,  1600.63
1561.31060661,  99397.5,  95643.2,  400.187711509,  506.875623881,  1596.85
1561.33104094,  99413.9,  95659.1,  400.187802566,  506.875282847,  1597.3
1561.35147526,  99399.7,  95647.0,  400.187501516,  506.875268496,  1598.78
1561.37190958,  99412.2,  95657.9,  400.187312277,  506.875315986,  1595.97
1561.3923439,  99417.1,  95663.5,  400.1878032,  506.874791073,  1595.5
1561.41277823,  99424.5,  95671.1,  400.187578421,  506.875547765,  1595.32
1561.43321265,  99413.0,  95658.3,  400.187583648,  506.875411813,  1593.77
1561.45364687,  99418.6,  95664.1,  400.187582756,  506.875613187,  1593.92
1561.4740812,  99413.3,  95657.0,  400.187583289,  506.875566409,  1591.84
1561.49451552,  99412.5,  95657.8,  400.187802903,  506.875835268,  1592.6
1561.51494984,  99427.1,  95671.9,  400.187718935,  506.875700125,  1594.27
1561.53538417,  99432.1,  95676.1,  400.187526588,  506.875653858,  1592.49
1561.55581859,  99406.5,  95650.7,  400.187685395,  506.875817964,  1589.16
1561.57625282,  99409.4,  95655.1,  400.187796095,  506.875559632,  1591.2
1561.59668714,  99425.3,  95668.1,  400.187735874,  506.875719199,  1588.94
1561.61712157,  99415.6,  95659.4,  400.187828175,  506.875796633,  1591.38
1561.63755579,  99422.3,  95667.9,  400.187866616,  506.875756985,  1588.43
1561.65799022,  99409.9,  95653.5,  400.187791123,  506.875986174,  1590.41
1561.67842454,  99402.9,  95648.7,  400.187587929,  506.875917686,  1589.41
1561.69885877,  99440.6,  95683.0,  400.187826637,  506.875873577,  1588.05
1561.71929319,  99406.3,  95649.2,  400.187770191,  506.876103274,  1588.26
1561.73972752,  99409.8,  95653.3,  400.187731369,  506.876250935,  1590.82
1561.76016174,  99413.7,  95655.3,  400.187827866,  506.876037351,  1588.73
1561.78059617,  99416.2,  95658.7,  400.187828504,  506.875929861,  1587.88
1561.80103049,  99428.4,  95672.4,  400.187869076,  506.876243567,  1588.62
1561.82146492,  99423.0,  95664.4,  400.187711668,  506.876204166,  1586.65
1561.84189915,  99422.7,  95666.1,  400.187851381,  506.876196469,  1587.07
1561.86233347,  99430.4,  95672.0,  400.188002592,  506.876516832,  1587.55
1561.8827679,  99414.5,  95656.1,  400.187904781,  506.876201492,  1586.83
1561.90320213,  99437.7,  95678.9,  400.187674941,  506.876441266,  1585.64
1561.92363645,  99411.6,  95654.7,  400.187957099,  506.876263199,  1585.46
1561.94407088,  99415.1,  95655.9,  400.187856763,  506.876108341,  1583.48
1561.96450511,  99429.6,  95670.3,  400.187824806,  506.876441769,  1584.89
1561.98493944,  99406.2,  95647.7,  400.187711557,  506.876570603,  1585.78
1562.00537386,  99412.6,  95654.4,  400.187851,  506.876559027,  1585.52
1562.02580819,  99426.9,  95668.5,  400.187939421,  506.876399106,  1584.23
1562.04624252,  99420.3,  95659.9,  400.187921636,  506.876629783,  1584.0
1562.06667685,  99406.4,  95649.0,  400.187654345,  506.876629246,  1584.2
1562.08711107,  99409.5,  95651.5,  400.187858799,  506.876592964,  1586.32
1562.1075455,  99399.4,  95641.0,  400.188062834,  506.876411906,  1583.57
1562.12797983,  99419.1,  95660.4,  400.187867211,  506.876839796,  1583.01
1562.14841406,  99404.0,  95645.5,  400.187829676,  506.87672587,  1583.86
1562.16884849,  99402.2,  95643.0,  400.188008217,  506.876843526,  1582.34
1562.18928282,  99393.2,  95635.4,  400.188059247,  506.876839168,  1582.01
1562.20971725,  99414.6,  95653.8,  400.188111385,  506.876888086,  1583.68
1562.23015148,  99384.1,  95625.1,  400.187904525,  506.876964516,  1584.57
1562.2505858,  99375.7,  95618.2,  400.188177443,  506.876637487,  1583.33
1562.27102023,  99375.0,  95615.8,  400.187846988,  506.876856296,  1583.23
1562.29145446,  99385.4,  95626.7,  400.187864414,  506.876992177,  1581.59
1562.31188879,  99367.2,  95608.8,  400.188025269,  506.876895396,  1582.01
1562.33232322,  99357.5,  95599.7,  400.187775329,  506.877029953,  1581.94
1562.35275745,  99337.2,  95582.6,  400.188235699,  506.876777275,  1581.5
1562.37319188,  99365.0,  95606.4,  400.187708271,  506.877299554,  1581.81
1562.39362621,  99357.6,  95598.4,  400.187955092,  506.877216184,  1580.0
1562.41406044,  99339.7,  95582.2,  400.188100222,  506.877205061,  1582.55
1562.43449487,  99338.8,  95580.4,  400.187812646,  506.877009195,  1580.99
1562.45492921,  99334.6,  95577.0,  400.18841101,  506.877562177,  1580.88
1562.47536344,  99336.2,  95578.8,  400.188086054,  506.877073584,  1582.26
1562.49579787,  99325.6,  95567.8,  400.187893978,  506.877092599,  1580.34
1562.5162322,  99316.6,  95560.2,  400.187932645,  506.877331187,  1579.49
1562.53666653,  99328.8,  95571.5,  400.188105125,  506.877295969,  1580.51
1562.55710086,  99318.6,  95562.0,  400.188137929,  506.877186664,  1580.16
1562.57753519,  99334.9,  95578.4,  400.188151815,  506.877280708,  1578.33
1562.59796963,  99309.1,  95551.9,  400.188017093,  506.877080266,  1580.67
1562.61840386,  99326.8,  95567.4,  400.188321352,  506.877384209,  1581.15
1562.63883819,  99312.4,  95555.5,  400.187985868,  506.877297297,  1580.57
1562.65927262,  99306.6,  95549.3,  400.188210616,  506.877277528,  1578.03
1562.67970695,  99307.5,  95551.3,  400.187922414,  506.877532004,  1579.58
1562.70014119,  99327.9,  95568.9,  400.188333965,  506.877646502,  1577.35
1562.72057562,  99324.4,  95565.6,  400.18816583,  506.877769974,  1577.97
1562.74100985,  99313.6,  95557.6,  400.188070864,  506.877356999,  1577.89
1562.76144428,  99305.6,  95548.6,  400.188323461,  506.877492994,  1578.65
1562.78187862,  99318.0,  95559.0,  400.188077533,  506.877668451,  1579.79
1562.80231285,  99288.4,  95531.3,  400.188347611,  506.877548814,  1578.73
1562.82274728,  99294.4,  95536.6,  400.188184692,  506.877407614,  1578.19
1562.84318162,  99325.5,  95567.5,  400.188281742,  506.877514908,  1578.68
1562.86361585,  99306.8,  95550.0,  400.18827352,  506.877867868,  1577.56
1562.88405029,  99309.2,  95552.4,  400.188091552,  506.877618686,  1577.84
1562.90448462,  99316.9,  95557.3,  400.188560683,  506.877715512,  1578.15
1562.92491885,  99319.2,  95559.9,  400.188242965,  506.877748769,  1577.29
1562.94535329,  99317.4,  95557.7,  400.188427913,  506.877843487,  1577.01
1562.96578762,  99313.0,  95554.8,  400.188156301,  506.877897098,  1577.8
1562.98622206,  99337.6,  95576.8,  400.187690622,  506.877196041,  1577.37
1563.00665629,  99317.6,  95557.3,  400.188267344,  506.877896604,  1577.14
1563.02709063,  99315.5,  95557.7,  400.188311026,  506.877996277,  1579.62
1563.04752506,  99307.3,  95547.9,  400.188058862,  506.877784901,  1577.01
1563.0679593,  99323.7,  95564.1,  400.188368094,  506.877991134,  1577.47
1563.08839363,  99323.4,  95564.6,  400.188207535,  506.8780973,  1575.37
1563.10882807,  99317.1,  95557.7,  400.187941794,  506.878120858,  1576.82
1563.1292623,  99341.5,  95582.1,  400.188311067,  506.877800734,  1576.44
1563.14969674,  99348.4,  95586.8,  400.188182494,  506.878008273,  1576.2
1563.17013108,  99335.4,  95575.5,  400.188321756,  506.877948303,  1576.78
1563.19056541,  99327.8,  95567.9,  400.188537539,  506.878105479,  1575.33
1563.21099975,  99334.4,  95572.8,  400.188212662,  506.877965422,  1576.84
1563.23143408,  99314.5,  95554.7,  400.188061206,  506.877834426,  1575.82
1563.25186842,  99327.2,  95566.8,  400.188535007,  506.878193875,  1576.62
1563.27230276,  99326.4,  95566.0,  400.188362748,  506.878347035,  1577.04
1563.29273709,  99327.2,  95565.4,  400.188241824,  506.878143336,  1578.49
1563.31317143,  99353.4,  95593.3,  400.18813819,  506.878093923,  1578.91
1563.33360587,  99342.1,  95579.0,  400.188222522,  506.878370018,  1581.13
1563.35404011,  99354.6,  95592.4,  400.188507038,  506.878277092,  1583.64
1563.37447444,  99336.8,  95574.7,  400.188516103,  506.878224125,  1584.41
1563.39490878,  99325.2,  95564.1,  400.188424685,  506.878414717,  1584.82
1563.41534312,  99339.1,  95578.7,  400.188497218,  506.877966033,  1584.38
1563.43577756,  99353.5,  95590.2,  400.188389311,  506.87846559,  1585.99
1563.45621179,  99332.4,  95570.1,  400.188315049,  506.878373412,  1585.92
1563.47664613,  99339.7,  95578.0,  400.188473466,  506.878241605,  1585.07
1563.49708057,  99338.5,  95576.0,  400.188065621,  506.878215296,  1586.27
1563.51751481,  99330.1,  95569.0,  400.188446934,  506.878124797,  1586.13
1563.53794925,  99343.4,  95581.1,  400.188512346,  506.878534387,  1587.67
1563.55838359,  99354.3,  95591.2,  400.188440516,  506.878369533,  1587.16
1563.57881782,  99345.4,  95584.1,  400.188471415,  506.878140079,  1587.16
1563.59925226,  99341.7,  95581.6,  400.187984476,  506.878400732,  1585.08
1563.6196866,  99349.8,  95585.9,  400.188745378,  506.878708355,  1585.23
1563.64012084,  99336.0,  95574.8,  400.188346576,  506.878540323,  1584.43
1563.66055528,  99360.9,  95596.7,  400.188473974,  506.878491564,  1583.29
1563.68098962,  99333.0,  95569.4,  400.188157242,  506.878659104,  1584.58
1563.7218583,  99347.5,  95582.2,  400.188571256,  506.878895473,  1583.05
1563.74229264,  99358.6,  95594.4,  400.188664623,  506.878546833,  1582.28
1563.76272708,  99345.1,  95580.5,  400.188612691,  506.878791078,  1583.75
1563.78316132,  99363.3,  95597.9,  400.188375706,  506.878900721,  1581.28
1563.80359566,  99377.9,  95611.8,  400.188557974,  506.878827941,  1581.9
1563.8240301,  99361.8,  95597.4,  400.18856711,  506.878605686,  1581.32
1563.84446444,  99347.6,  95581.8,  400.188425975,  506.879044192,  1581.52
1563.86489868,  99359.8,  95595.4,  400.18857813,  506.878902349,  1581.24
1563.88533312,  99373.5,  95607.3,  400.188545903,  506.878558315,  1580.95
1563.90576746,  99381.1,  95613.6,  400.188538762,  506.878935958,  1580.35
1563.92620181,  99384.2,  95618.0,  400.188591598,  506.878532787,  1581.24
1563.94663615,  99355.9,  95590.1,  400.188353092,  506.879018723,  1580.97
1563.96707049,  99362.6,  95597.5,  400.188401686,  506.879026844,  1581.68
1563.98750483,  99396.5,  95630.4,  400.188619566,  506.878613045,  1581.87
1564.00793917,  99401.9,  95634.5,  400.188320509,  506.879048241,  1579.49
1564.02837351,  99398.7,  95631.5,  400.188436826,  506.878880163,  1581.61
1564.04880786,  99386.0,  95619.0,  400.188512174,  506.878866044,  1578.95
1564.0692422,  99403.2,  95634.5,  400.188528895,  506.87921814,  1580.75
1564.08967664,  99396.9,  95630.7,  400.188587968,  506.878931482,  1580.99
1564.11011088,  99390.5,  95623.0,  400.188493292,  506.87893122,  1582.91
1564.13054523,  99392.4,  95622.8,  400.188560316,  506.879076428,  1582.79
1564.15097967,  99390.8,  95623.2,  400.188436951,  506.878921498,  1581.68
1564.17141391,  99390.7,  95622.5,  400.188469507,  506.879078484,  1580.54
1564.19184825,  99399.0,  95630.3,  400.188615404,  506.878887747,  1581.08
1564.2122827,  99408.5,  95639.4,  400.18853992,  506.879373553,  1581.05
1564.23271694,  99416.7,  95646.3,  400.188548917,  506.87917448,  1581.37
1564.25315128,  99420.2,  95650.8,  400.188755431,  506.87908027,  1580.57
1564.27358573,  99410.8,  95642.3,  400.188684964,  506.879048188,  1579.72
1564.29401997,  99420.3,  95649.0,  400.188550105,  506.879308827,  1580.35
1564.31445442,  99433.3,  95663.2,  400.188641976,  506.879102179,  1578.83
1564.33488876,  99416.3,  95645.9,  400.188642332,  506.879342414,  1582.92
1564.355323,  99435.8,  95663.8,  400.188705546,  506.879525482,  1576.61
1564.37575745,  99445.1,  95674.4,  400.188560652,  506.879391782,  1576.42
1564.39619179,  99437.2,  95665.1,  400.188604728,  506.879565641,  1577.52
1564.41662614,  99432.1,  95659.7,  400.18860445,  506.879450263,  1577.89
1564.43706048,  99429.6,  95658.6,  400.188759454,  506.879336603,  1577.94
1564.45749483,  99427.9,  95656.0,  400.188644004,  506.879593094,  1577.6
1564.47792927,  99445.1,  95673.7,  400.188765618,  506.879344506,  1577.0
1564.49836362,  99435.3,  95663.1,  400.188798377,  506.879514943,  1575.72
1564.51879786,  99421.1,  95649.2,  400.18882421,  506.879419054,  1577.19
1564.53923231,  99440.4,  95668.6,  400.188715181,  506.879558643,  1573.93
1564.55966665,  99454.8,  95681.7,  400.188656482,  506.879448387,  1573.35
1564.5801009,  99443.1,  95670.4,  400.188496249,  506.879737907,  1572.45
1564.60053534,  99441.6,  95670.2,  400.188812684,  506.879603886,  1571.25
1564.62096969,  99424.7,  95651.2,  400.188489122,  506.879825389,  1570.62
1564.64140394,  99439.1,  95665.2,  400.188955872,  506.879835364,  1570.41
1564.66183838,  99422.1,  95649.6,  400.188625977,  506.879835937,  1571.18
1564.68227263,  99433.2,  95659.8,  400.188793306,  506.879962698,  1569.26
1564.70270708,  99441.6,  95668.3,  400.188776476,  506.879890636,  1569.94
1564.72314142,  99442.2,  95667.5,  400.188614319,  506.880085573,  1567.41
1564.74357567,  99432.4,  95658.1,  400.188849471,  506.879990562,  1567.46
1564.76401012,  99459.6,  95685.5,  400.188859889,  506.879965386,  1565.96
1564.78444446,  99441.4,  95666.2,  400.188800409,  506.880133986,  1566.15
1564.80487871,  99460.9,  95686.2,  400.188937098,  506.880067587,  1565.76
1564.82531316,  99442.5,  95668.4,  400.188742625,  506.880037841,  1567.34
1564.84574751,  99456.8,  95680.3,  400.188676019,  506.880092271,  1566.19
1564.86618195,  99443.2,  95667.6,  400.188717415,  506.880211344,  1566.11
1564.8866162,  99458.7,  95683.9,  400.188766454,  506.880176673,  1566.6
1564.90705055,  99454.3,  95678.5,  400.188570429,  506.880165997,  1564.75
1564.927485,  99448.0,  95673.4,  400.188855926,  506.880381758,  1564.74
1564.94791925,  99456.2,  95680.2,  400.188781153,  506.880135003,  1564.96
1564.96835359,  99443.7,  95666.9,  400.188629402,  506.880213263,  1565.07
1564.98878804,  99430.4,  95656.1,  400.188818935,  506.880295817,  1563.75
1565.00922229,  99436.8,  95661.5,  400.18873507,  506.880604402,  1563.41
1565.02965664,  99429.9,  95654.7,  400.188750613,  506.880494272,  1562.51
1565.05009109,  99432.3,  95657.9,  400.188796664,  506.880378659,  1563.97
1565.07052544,  99438.1,  95661.7,  400.188674392,  506.880559464,  1564.76
1565.09095979,  99447.6,  95671.8,  400.188611139,  506.880680297,  1563.19
1565.11139414,  99455.2,  95679.3,  400.188786037,  506.880590224,  1563.62
1565.13182848,  99445.6,  95669.7,  400.188670538,  506.880466937,  1563.11
1565.15226283,  99433.7,  95658.5,  400.188777959,  506.880908306,  1563.1
1565.17269718,  99435.1,  95659.0,  400.188946814,  506.880595841,  1563.53
1565.19313153,  99434.2,  95656.9,  400.188562778,  506.880934938,  1564.29
1565.21356598,  99432.4,  95656.6,  400.188831273,  506.880896467,  1563.52
1565.23400023,  99452.2,  95675.6,  400.188687871,  506.880951575,  1562.69
1565.25443468,  99432.7,  95655.6,  400.188859367,  506.880972592,  1563.36
1565.27486903,  99454.4,  95677.6,  400.188881542,  506.880809155,  1563.76
1565.29530329,  99437.2,  95659.9,  400.188723972,  506.880776725,  1562.85
1565.31573774,  99438.0,  95661.6,  400.189077378,  506.881057289,  1564.14
1565.33617199,  99432.2,  95655.8,  400.188796236,  506.880822424,  1563.33
1565.35660634,  99464.3,  95685.4,  400.188622947,  506.881088733,  1560.92
1565.37704079,  99433.9,  95658.4,  400.188918272,  506.880911563,  1563.15
1565.39747504,  99438.6,  95660.5,  400.188926758,  506.881025919,  1562.53
1565.41790939,  99420.8,  95643.7,  400.188965594,  506.880889726,  1564.64
1565.43834384,  99412.3,  95636.8,  400.188904824,  506.881000918,  1563.62
1565.45877809,  99415.0,  95637.9,  400.188659972,  506.880804986,  1562.41
1565.47921255,  99422.7,  95644.6,  400.18884767,  506.881040704,  1562.96
1565.4996469,  99420.8,  95644.2,  400.188902322,  506.88122201,  1563.19
1565.52008115,  99443.4,  95664.3,  400.188925459,  506.881392957,  1561.89
1565.5405156,  99414.3,  95637.5,  400.188928868,  506.88095832,  1562.97
1565.56094995,  99417.4,  95640.9,  400.18897226,  506.881418418,  1564.35
1565.58138431,  99419.9,  95641.7,  400.189034721,  506.881302434,  1565.29
1565.60181866,  99414.6,  95638.5,  400.189156292,  506.881232894,  1564.46
1565.62225301,  99414.3,  95636.2,  400.188923359,  506.881406395,  1562.94
1565.64268746,  99422.7,  95645.6,  400.189100358,  506.881278707,  1562.55
1565.66312172,  99417.7,  95640.0,  400.189137955,  506.881484218,  1564.31
1565.68355607,  99418.7,  95641.0,  400.189196375,  506.881402535,  1564.14
1565.70399052,  99411.9,  95634.1,  400.188958557,  506.881603035,  1563.17
1565.72442488,  99425.5,  95647.4,  400.189089519,  506.881528081,  1563.79
1565.74485913,  99406.7,  95628.6,  400.189030085,  506.881580547,  1564.39
1565.76529358,  99417.6,  95640.0,  400.189269704,  506.881540683,  1562.55
1565.78572794,  99403.6,  95626.5,  400.189151468,  506.881574423,  1563.84
1565.80616229,  99404.6,  95625.8,  400.188806596,  506.881550562,  1561.44
1565.82659665,  99406.6,  95629.6,  400.189004125,  506.881419198,  1562.53
1565.847031,  99406.0,  95627.5,  400.188848065,  506.881662747,  1562.18
1565.86746545,  99397.3,  95619.7,  400.189326313,  506.881689877,  1561.05
1565.88789971,  99425.8,  95647.2,  400.18922678,  506.881787705,  1559.58
1565.90833406,  99412.0,  95632.1,  400.188988737,  506.881559252,  1560.36
1565.92876852,  99412.5,  95634.2,  400.189031508,  506.881596598,  1560.3
1565.94920277,  99395.0,  95618.7,  400.189141066,  506.881819607,  1559.7
1565.96963713,  99408.8,  95628.8,  400.188768658,  506.881791632,  1560.13
1565.99007148,  99407.8,  95630.3,  400.189369562,  506.881718274,  1560.17
1566.01050584,  99407.5,  95629.6,  400.189220436,  506.881981459,  1559.0
1566.03094029,  99400.1,  95621.1,  400.189258429,  506.88171955,  1559.98
1566.05137455,  99409.9,  95632.4,  400.189269721,  506.88193533,  1558.44
1566.0718089,  99400.5,  95621.2,  400.189089207,  506.881969733,  1559.16
1566.09224336,  99421.9,  95642.1,  400.189088294,  506.881785112,  1558.05
1566.11267761,  99414.4,  95635.7,  400.189330753,  506.881984741,  1558.16
1566.13311197,  99434.3,  95652.3,  400.189201682,  506.882113076,  1558.12
1566.15354643,  99420.6,  95640.7,  400.189208677,  506.881854445,  1557.0
1566.17398068,  99447.0,  95664.9,  400.189318257,  506.882107509,  1558.7
1566.19441514,  99439.5,  95658.0,  400.189235029,  506.882017284,  1555.81
1566.2148495,  99413.8,  95635.2,  400.189047437,  506.882308357,  1556.71
1566.23528375,  99424.3,  95643.8,  400.189292644,  506.882012788,  1556.36
1566.25571821,  99418.8,  95637.3,  400.189162689,  506.882359472,  1556.75
1566.27615257,  99418.8,  95639.7,  400.189147041,  506.882260051,  1555.38
1566.29658692,  99423.7,  95642.9,  400.189065147,  506.882456637,  1556.1
1566.31702128,  99401.8,  95622.8,  400.189017454,  506.882160277,  1556.32
1566.33745564,  99409.6,  95631.6,  400.189038874,  506.882151402,  1554.23
1566.35788999,  99410.3,  95629.9,  400.18927672,  506.882116774,  1555.63
1566.37832445,  99409.2,  95628.2,  400.189130794,  506.882334751,  1554.16
1566.39875871,  99414.0,  95633.2,  400.189532992,  506.882358089,  1555.67
1566.41919317,  99416.4,  95634.4,  400.189036836,  506.882287288,  1556.19
1566.43962753,  99418.4,  95638.3,  400.189327046,  506.88230649,  1554.25
1566.46006178,  99405.6,  95625.9,  400.189199724,  506.882074205,  1554.51
1566.48049624,  99408.9,  95626.3,  400.189571804,  506.882567725,  1553.67
1566.5009306,  99411.8,  95632.6,  400.189281882,  506.882454234,  1553.89
1566.52136486,  99421.5,  95640.4,  400.189127733,  506.882478275,  1554.16
1566.54179932,  99389.8,  95610.1,  400.18913722,  506.882423318,  1552.58
1566.56223368,  99397.2,  95617.6,  400.189883777,  506.882298627,  1551.41
1566.58266803,  99389.6,  95609.1,  400.189042809,  506.882425166,  1553.08
1566.60310239,  99396.2,  95614.6,  400.189547421,  506.882784123,  1553.42
1566.62353665,  99396.3,  95616.1,  400.189143799,  506.882418881,  1551.83
1566.64397111,  99392.4,  95611.4,  400.189467421,  506.882769476,  1552.23
1566.66440547,  99389.4,  95609.8,  400.189318384,  506.882631153,  1553.22
1566.70527419,  99382.5,  95601.2,  400.189379877,  506.882832501,  1553.47
1566.72570855,  99413.3,  95632.2,  400.189228413,  506.882597334,  1553.25
1566.74614291,  99378.0,  95596.9,  400.189369027,  506.882863999,  1551.8
1566.76657727,  99399.8,  95617.6,  400.189465142,  506.882799676,  1552.79
1566.78701163,  99388.2,  95607.3,  400.189419951,  506.882750737,  1552.65
1566.80744609,  99395.4,  95612.7,  400.189139424,  506.882888442,  1553.26
1566.82788035,  99385.7,  95604.2,  400.189195657,  506.883006151,  1551.41
1566.84831471,  99389.1,  95607.1,  400.189236658,  506.882707251,  1551.65
1566.86874917,  99385.6,  95603.4,  400.189064648,  506.882848719,  1552.16
1566.88918353,  99377.2,  95596.3,  400.189211537,  506.882808623,  1550.86
1566.90961779,  99391.9,  95609.1,  400.189135252,  506.883098509,  1550.27
1566.93005225,  99386.7,  95603.9,  400.189147784,  506.882949569,  1550.64
1566.95048662,  99385.3,  95603.9,  400.189256379,  506.883038013,  1550.43
1566.97092098,  99390.0,  95607.4,  400.189205725,  506.882805636,  1549.1
1566.99135534,  99403.4,  95619.9,  400.189273953,  506.883189645,  1550.85
1567.0117897,  99375.9,  95594.7,  400.189339339,  506.882937375,  1550.89
1567.03222406,  99379.3,  95595.6,  400.189119871,  506.88317207,  1550.74
1567.05265842,  99363.8,  95582.1,  400.189420641,  506.883100314,  1550.79
1567.07309279,  99373.2,  95590.8,  400.189281827,  506.882944541,  1550.97
1567.09352725,  99387.0,  95603.1,  400.189114073,  506.882903522,  1549.66
1567.11396151,  99377.5,  95594.2,  400.189317404,  506.883246386,  1550.65
1567.13439597,  99385.1,  95601.5,  400.18922197,  506.883255533,  1549.52
1567.15483033,  99374.4,  95590.9,  400.189095612,  506.883215128,  1549.2
1567.1752646,  99371.5,  95589.9,  400.189329147,  506.883274558,  1548.59
1567.19569906,  99372.7,  95588.6,  400.189169347,  506.883295753,  1550.99
1567.21613342,  99378.2,  95595.5,  400.189433254,  506.883025955,  1549.31
1567.23656769,  99377.3,  95594.8,  400.189325208,  506.883251508,  1550.18
1567.25700215,  99387.8,  95602.6,  400.189270261,  506.883263956,  1549.2
1567.27743641,  99386.7,  95602.8,  400.189393087,  506.88324761,  1548.51
1567.29787077,  99369.9,  95587.2,  400.189335458,  506.883045511,  1548.47
1567.31830524,  99381.9,  95598.1,  400.189269595,  506.883235182,  1548.66
1567.3387395,  99385.5,  95601.9,  400.189293079,  506.883424246,  1547.26
1567.35917397,  99377.0,  95592.2,  400.18925224,  506.883382319,  1548.85
1567.37960833,  99381.9,  95597.3,  400.189320489,  506.88355713,  1547.93
1567.40004259,  99378.2,  95594.2,  400.189262102,  506.883363253,  1547.88
1567.42047706,  99381.8,  95596.0,  400.189123606,  506.883660403,  1549.14
1567.44091142,  99385.4,  95600.6,  400.189410625,  506.88365586,  1547.85
1567.46134579,  99378.0,  95594.8,  400.189395011,  506.883506301,  1546.98
1567.48178015,  99379.5,  95593.5,  400.189367643,  506.883621449,  1548.04
1567.50221451,  99383.1,  95598.4,  400.189483604,  506.88355859,  1545.56
1567.52264898,  99389.3,  95603.7,  400.189299436,  506.883639026,  1558.72
1567.54308324,  99393.3,  95606.2,  400.189451426,  506.883635992,  1547.59
1567.56351761,  99390.2,  95604.8,  400.189498195,  506.883705121,  1545.01
1567.58395207,  99386.0,  95601.0,  400.189305561,  506.883613268,  1546.74
1567.60438644,  99358.4,  95573.5,  400.189488641,  506.883697001,  1547.83
1567.6248207,  99378.0,  95592.8,  400.189328819,  506.883856087,  1547.51
1567.64525517,  99370.4,  95583.2,  400.189190162,  506.883852631,  1546.34
1567.66568954,  99379.8,  95593.3,  400.189283224,  506.883881486,  1547.94
1567.6861238,  99407.9,  95620.8,  400.189578443,  506.883796915,  1546.08
1567.70655827,  99367.4,  95580.5,  400.189342168,  506.88392946,  1547.16
1567.72699263,  99386.6,  95601.0,  400.189552271,  506.883983386,  1547.17
1567.7474271,  99368.3,  95581.9,  400.189491026,  506.88400309,  1546.62
1567.76786137,  99370.5,  95583.4,  400.189305991,  506.884126617,  1546.3
1567.78829573,  99365.6,  95580.6,  400.18948937,  506.884120068,  1546.67
1567.8087302,  99366.9,  95581.2,  400.189374422,  506.884064932,  1544.56
1567.82916446,  99363.1,  95576.0,  400.189477861,  506.883917882,  1547.04
1567.84959883,  99371.5,  95585.2,  400.189574113,  506.884095214,  1544.2
1567.8700333,  99374.9,  95586.4,  400.189364756,  506.884104794,  1545.22
1567.89046756,  99351.9,  95564.7,  400.189446574,  506.884192989,  1545.67
1567.91090203,  99351.4,  95566.9,  400.189551726,  506.884290935,  1545.8
1567.9313363,  99346.7,  95560.2,  400.189391851,  506.884182026,  1544.27
1567.95177067,  99366.7,  95579.5,  400.1896183,  506.884062742,  1544.92
1567.97220513,  99347.8,  95561.7,  400.189632149,  506.884241334,  1546.12
1567.9926394,  99343.5,  95556.9,  400.189526268,  506.884476223,  1544.92
1568.01307377,  99362.6,  95576.5,  400.189607613,  506.884184014,  1544.67
1568.03350824,  99369.2,  95581.0,  400.189469082,  506.88459433,  1544.12
1568.0539425,  99359.2,  95572.4,  400.189639511,  506.884509459,  1543.99
1568.07437687,  99345.1,  95558.4,  400.189600758,  506.884603754,  1544.79
1568.09481134,  99361.0,  95573.4,  400.189283195,  506.884540191,  1542.72
1568.11524571,  99344.2,  95557.5,  400.189669026,  506.884547949,  1545.14
1568.13568008,  99342.2,  95556.3,  400.189466677,  506.884456819,  1543.7
1568.15611445,  99362.6,  95573.7,  400.189367755,  506.884677967,  1544.85
1568.17654881,  99345.5,  95558.4,  400.189501695,  506.884547132,  1543.19
1568.19698318,  99333.2,  95546.5,  400.189415833,  506.884573451,  1542.52
1568.21741755,  99350.5,  95563.3,  400.189661698,  506.884669184,  1542.14
1568.23785192,  99361.8,  95575.9,  400.189536058,  506.884636449,  1541.5
1568.25828639,  99353.2,  95565.1,  400.189699941,  506.884866156,  1544.28
1568.27872066,  99347.5,  95559.7,  400.189626464,  506.88477456,  1542.24
1568.29915513,  99347.8,  95561.9,  400.189573477,  506.884742378,  1542.53
1568.3195895,  99349.2,  95560.5,  400.189417844,  506.884945646,  1543.72
1568.34002377,  99344.0,  95556.9,  400.18980535,  506.884875716,  1541.86
1568.36045824,  99347.9,  95561.2,  400.189520495,  506.884745348,  1542.63
1568.38089261,  99355.8,  95566.2,  400.189476992,  506.885067748,  1543.55
1568.40132688,  99341.0,  95555.2,  400.189583152,  506.885157128,  1541.78
1568.42176135,  99334.5,  95546.8,  400.189560583,  506.884958242,  1543.22
1568.44219572,  99341.2,  95552.2,  400.189686209,  506.884913472,  1543.54
1568.46262999,  99356.9,  95569.0,  400.189704873,  506.884729506,  1541.84
1568.48306446,  99341.6,  95553.1,  400.18976259,  506.885055547,  1542.93
1568.50349883,  99349.5,  95561.6,  400.1896289,  506.884882398,  1541.38
1568.5239333,  99356.5,  95568.8,  400.189748426,  506.885001373,  1539.14
1568.54436757,  99356.1,  95566.4,  400.18988189,  506.885102975,  1541.31
1568.56480184,  99348.3,  95558.8,  400.189586086,  506.884844649,  1541.57
1568.58523631,  99352.2,  95562.8,  400.189778877,  506.88512584,  1541.34
1568.60567068,  99338.7,  95550.1,  400.189690804,  506.884773994,  1542.15
1568.62610506,  99375.3,  95584.8,  400.189539206,  506.884978637,  1541.97
1568.64653943,  99367.8,  95576.7,  400.189674708,  506.885192378,  1542.16
1568.6669738,  99353.3,  95563.1,  400.189767695,  506.885072243,  1541.54
1568.68740827,  99348.4,  95560.1,  400.189684179,  506.885033983,  1541.97
1568.70784254,  99346.5,  95557.5,  400.189609376,  506.885158125,  1539.98
1568.72827691,  99367.4,  95577.2,  400.189980672,  506.885324934,  1540.68
1568.74871139,  99355.1,  95566.6,  400.189794785,  506.885259431,  1540.04
1568.76914576,  99366.3,  95574.8,  400.189682297,  506.885328247,  1540.32
1568.78958003,  99362.2,  95571.6,  400.18960465,  506.885214906,  1539.73
1568.8100145,  99371.5,  95580.6,  400.189502007,  506.885469623,  1539.92
1568.83044887,  99354.9,  95561.6,  400.19002375,  506.885620109,  1541.83
1568.85088325,  99358.3,  95569.1,  400.18951555,  506.885405514,  1539.94
1568.87131762,  99355.6,  95566.1,  400.18979052,  506.88531333,  1538.99
1568.89175199,  99364.7,  95573.5,  400.189690719,  506.885389438,  1539.54
1568.91218647,  99368.2,  95577.2,  400.18966617,  506.88546677,  1540.94
1568.93262074,  99368.6,  95577.0,  400.189802934,  506.885183561,  1539.48
1568.95305511,  99387.4,  95595.1,  400.189762657,  506.885769688,  1555.29
1568.97348959,  99353.8,  95565.7,  400.189757518,  506.885457123,  1541.71
1568.99392386,  99355.7,  95564.4,  400.189479433,  506.885398012,  1542.25
1569.01435823,  99379.7,  95587.0,  400.189963585,  506.885610855,  1540.75
1569.03479271,  99367.6,  95577.0,  400.189778393,  506.885522901,  1541.42
1569.05522698,  99375.5,  95581.5,  400.189502559,  506.885592321,  1541.15
1569.07566145,  99375.2,  95582.4,  400.190034379,  506.885826764,  1541.73
1569.09609583,  99364.3,  95573.1,  400.189779911,  506.885825626,  1542.2
1569.1165301,  99366.1,  95574.4,  400.189804719,  506.885772512,  1543.63
1569.13696458,  99378.3,  95586.8,  400.18989339,  506.885569367,  1542.91
1569.15739895,  99372.0,  95578.2,  400.189810008,  506.885645066,  1544.13
1569.17783322,  99361.8,  95568.9,  400.189846921,  506.885851271,  1542.51
1569.1982677,  99360.8,  95569.9,  400.190056557,  506.885810476,  1543.0
1569.21870197,  99361.0,  95568.2,  400.189930903,  506.885906389,  1544.84
1569.23913645,  99367.2,  95575.8,  400.189763638,  506.885748978,  1545.29
1569.25957082,  99370.4,  95578.7,  400.189538395,  506.88578551,  1545.32
1569.2800051,  99357.1,  95564.4,  400.189743641,  506.885930325,  1546.46
1569.30043957,  99348.5,  95558.4,  400.18973963,  506.885792273,  1544.72
1569.32087395,  99360.3,  95567.9,  400.189987992,  506.886069471,  1544.91
1569.34130832,  99382.7,  95590.3,  400.18986023,  506.885696137,  1542.86
1569.3617427,  99359.1,  95568.7,  400.190080017,  506.885739512,  1545.19
1569.38217708,  99371.9,  95578.4,  400.189722711,  506.886036843,  1542.34
1569.40261145,  99359.8,  95567.6,  400.189908911,  506.88583375,  1543.33
1569.42304583,  99355.4,  95563.4,  400.189899838,  506.885825744,  1542.55
1569.4434802,  99344.9,  95552.4,  400.190014181,  506.886000701,  1543.2
1569.46391468,  99354.5,  95563.2,  400.189855331,  506.885846678,  1543.81
1569.48434906,  99365.4,  95572.6,  400.189875589,  506.885809543,  1545.76
1569.50478333,  99376.3,  95581.5,  400.189793053,  506.886148046,  1544.2
1569.52521781,  99365.6,  95573.3,  400.190192457,  506.886073791,  1541.73
1569.54565219,  99350.3,  95557.8,  400.189724977,  506.885787099,  1542.36
1569.56608646,  99351.8,  95557.9,  400.189890307,  506.886210199,  1542.7
1569.58652094,  99365.8,  95572.7,  400.190005931,  506.885825474,  1541.22
1569.60695532,  99370.3,  95574.7,  400.190335338,  506.886096377,  1541.04
1569.62738979,  99381.2,  95587.2,  400.189993742,  506.886113563,  1539.63
1569.64782407,  99345.9,  95553.5,  400.189974842,  506.886056192,  1539.67
1569.68869292,  99356.3,  95564.0,  400.190041547,  506.88619868,  1537.73
1569.7091272,  99360.4,  95566.7,  400.189982194,  506.886317619,  1538.65
1569.72956158,  99372.7,  95576.2,  400.189834095,  506.886479354,  1538.25
1569.74999606,  99362.7,  95569.5,  400.190035233,  506.886183479,  1537.75
1569.77043034,  99360.1,  95565.2,  400.189894229,  506.886295033,  1536.44
1569.79086471,  99362.2,  95565.8,  400.189688419,  506.886256592,  1536.57
1569.81129919,  99367.4,  95571.6,  400.189870347,  506.886177017,  1536.79
1569.83173347,  99361.5,  95565.4,  400.189957034,  506.886411239,  1534.45
1569.85216795,  99367.9,  95573.3,  400.18998528,  506.886531144,  1534.72
1569.87260223,  99371.7,  95575.3,  400.190067953,  506.886367419,  1534.39
1569.89303661,  99373.5,  95575.1,  400.190008251,  506.886621194,  1533.91
1569.91347108,  99400.2,  95603.3,  400.190105972,  506.886219088,  1534.29
1569.93390536,  99384.5,  95587.3,  400.190085473,  506.886242196,  1535.49
1569.95433974,  99368.5,  95571.3,  400.189967965,  506.886602892,  1534.65
1569.97477422,  99379.7,  95582.8,  400.190153697,  506.886415337,  1534.62
1569.9952086,  99383.9,  95587.2,  400.18973186,  506.886482278,  1532.71
1570.01564298,  99374.0,  95576.6,  400.189880088,  506.886321084,  1531.69
1570.03607736,  99369.4,  95574.2,  400.189875191,  506.886495986,  1532.83
1570.05651174,  99371.4,  95574.3,  400.189927216,  506.886647304,  1533.27
1570.07694612,  99339.6,  95545.8,  400.18992359,  506.886406012,  1532.39
1570.0973805,  99358.0,  95561.6,  400.189963517,  506.886523295,  1533.41
1570.11781488,  99368.6,  95571.8,  400.189813123,  506.886407372,  1532.08
1570.13824936,  99341.9,  95546.9,  400.189999965,  506.886429122,  1532.28
1570.15868364,  99347.9,  95552.0,  400.189921511,  506.886584676,  1531.01
1570.17911812,  99370.7,  95572.5,  400.189919542,  506.886593699,  1530.76
1570.1995525,  99355.1,  95559.8,  400.189967033,  506.8863232,  1530.82
1570.21998678,  99366.6,  95569.7,  400.18994168,  506.88659255,  1531.27
1570.24042126,  99364.6,  95567.1,  400.190188932,  506.886551177,  1531.48
1570.26085564,  99368.2,  95570.9,  400.190067257,  506.886637226,  1531.36
1570.28128992,  99368.4,  95569.9,  400.190033878,  506.886645882,  1530.46
1570.3017244,  99355.6,  95559.1,  400.189835857,  506.886445,  1529.6
1570.32215878,  99368.9,  95570.3,  400.190004114,  506.886860247,  1529.1
1570.34259306,  99381.0,  95581.6,  400.189826125,  506.886665554,  1528.43
1570.36302754,  99338.3,  95542.0,  400.190091094,  506.88688083,  1529.6
1570.38346192,  99345.0,  95548.6,  400.189974305,  506.886824372,  1528.78
1570.40389631,  99358.3,  95559.7,  400.190037993,  506.887114562,  1530.21
1570.42433069,  99362.1,  95564.7,  400.189892936,  506.886876254,  1530.17
1570.44476507,  99368.9,  95569.4,  400.189662014,  506.886951076,  1529.33
1570.46519945,  99353.9,  95556.2,  400.190120418,  506.886817192,  1528.98
1570.48563383,  99362.7,  95564.5,  400.190075516,  506.886724803,  1527.43
1570.50606821,  99343.6,  95545.4,  400.190070072,  506.886963124,  1527.36
1570.5265026,  99347.5,  95551.0,  400.190269511,  506.886836953,  1526.53
1570.54693698,  99357.0,  95558.7,  400.189947504,  506.887042248,  1524.94
1570.56737146,  99373.6,  95574.6,  400.190042793,  506.886881588,  1526.04
1570.58780574,  99368.5,  95570.5,  400.190168903,  506.886888545,  1526.88
1570.60824012,  99351.9,  95553.4,  400.190111616,  506.887087411,  1527.56
1570.62867461,  99359.4,  95559.8,  400.190007844,  506.887171155,  1526.07
1570.64910899,  99385.4,  95586.0,  400.190278107,  506.886823788,  1525.48
1570.66954327,  99374.6,  95573.6,  400.189871694,  506.887169135,  1525.64
1570.68997776,  99372.5,  95572.5,  400.190168755,  506.887010935,  1525.62
1570.71041214,  99377.7,  95579.1,  400.19004406,  506.887313228,  1524.43
1570.73084642,  99360.3,  95560.1,  400.190170636,  506.887215448,  1524.51
1570.75128091,  99382.8,  95581.9,  400.190261736,  506.887070939,  1524.34
1570.77171529,  99375.5,  95574.2,  400.18998131,  506.887268829,  1524.61
1570.79214977,  99363.4,  95563.1,  400.190061463,  506.887363075,  1524.49
1570.81258406,  99373.1,  95573.9,  400.190228176,  506.887197146,  1524.2
1570.83301844,  99386.2,  95585.5,  400.190163266,  506.887331638,  1525.0
1570.85345292,  99402.9,  95600.8,  400.190099153,  506.887437983,  1526.16
1570.87388721,  99389.6,  95589.6,  400.190222765,  506.887183217,  1525.25
1570.89432159,  99391.3,  95589.3,  400.190064504,  506.887239233,  1524.76
1570.91475607,  99405.2,  95603.1,  400.190288026,  506.887374852,  1524.95
1570.93519036,  99371.6,  95572.0,  400.190198585,  506.887422244,  1524.94
1570.95562484,  99374.4,  95573.3,  400.190024867,  506.887533256,  1524.0
1570.97605923,  99389.6,  95588.3,  400.190370913,  506.887499136,  1523.51
1570.99649351,  99383.1,  95580.9,  400.190116782,  506.887560632,  1524.69
1571.016928,  99383.5,  95581.0,  400.190384033,  506.887499016,  1524.1
1571.03736238,  99362.3,  95562.2,  400.190273032,  506.887558966,  1523.4
1571.05779667,  99387.8,  95585.1,  400.190241661,  506.887613435,  1522.71
1571.07823115,  99388.6,  95586.1,  400.190387891,  506.887653733,  1522.83
1571.09866554,  99389.1,  95587.6,  400.190379386,  506.88771732,  1523.68
1571.11909982,  99399.2,  95596.7,  400.190305302,  506.887772696,  1522.9
1571.13953431,  99370.6,  95568.5,  400.190448332,  506.887948186,  1523.15
1571.15996869,  99397.6,  95595.4,  400.19046858,  506.887736237,  1521.58
1571.18040308,  99385.6,  95582.0,  400.190062841,  506.887829248,  1523.8
1571.20083746,  99371.8,  95569.8,  400.190214776,  506.887688482,  1523.1
1571.22127185,  99390.8,  95586.8,  400.190586852,  506.887825723,  1523.15
1571.24170624,  99361.0,  95557.7,  400.190185071,  506.888124557,  1523.73
1571.26214062,  99386.5,  95583.7,  400.190455845,  506.887735644,  1522.53
1571.28257501,  99402.4,  95598.6,  400.190413205,  506.887813916,  1522.71
1571.30300939,  99383.0,  95579.0,  400.190532208,  506.888057103,  1524.21
1571.32344378,  99392.4,  95589.9,  400.190449288,  506.887920438,  1523.21
1571.34387827,  99370.2,  95567.9,  400.19032871,  506.888028483,  1522.58
1571.36431265,  99379.0,  95575.4,  400.19033029,  506.888070864,  1523.35
1571.38474694,  99389.6,  95585.9,  400.190321454,  506.887859291,  1523.2
1571.40518143,  99392.2,  95587.1,  400.190455812,  506.888010007,  1524.71
1571.42561581,  99391.8,  95588.3,  400.190484557,  506.888157194,  1524.39
1571.4460501,  99369.9,  95567.0,  400.190287325,  506.887756895,  1523.76
1571.46648459,  99365.2,  95560.5,  400.190729548,  506.888444698,  1525.78
1571.48691897,  99377.4,  95575.5,  400.190335098,  506.888256705,  1524.23
1571.50735326,  99385.1,  95580.5,  400.190418132,  506.888383948,  1524.08
1571.52778775,  99375.3,  95570.3,  400.190299579,  506.887992983,  1525.09
1571.54822214,  99396.9,  95592.0,  400.190451495,  506.888205021,  1527.34
1571.56865662,  99370.6,  95565.3,  400.190328565,  506.888135772,  1526.14
1571.58909091,  99377.1,  95573.1,  400.190362174,  506.888239075,  1527.21
1571.6095253,  99384.4,  95579.7,  400.190529902,  506.888107036,  1525.12
1571.62995979,  99372.4,  95567.6,  400.190296137,  506.888536066,  1526.32
1571.65039407,  99362.7,  95559.5,  400.190626805,  506.888276544,  1525.24
1571.67082846,  99397.1,  95591.9,  400.190463179,  506.888309909,  1526.24
1571.69126295,  99392.5,  95586.1,  400.190319622,  506.888551895,  1527.0
1571.71169724,  99386.9,  95582.1,  400.190551811,  506.888271033,  1528.29
1571.73213173,  99376.5,  95570.8,  400.190123598,  506.888331699,  1527.41
1571.75256612,  99377.2,  95571.7,  400.190738164,  506.888600278,  1528.05
1571.7730004,  99380.6,  95575.7,  400.190702843,  506.888297131,  1528.29
1571.79343489,  99372.9,  95567.2,  400.190556651,  506.888308308,  1530.9
1571.81386928,  99376.6,  95571.1,  400.190545359,  506.888539812,  1529.68
1571.83430357,  99382.1,  95576.5,  400.190696634,  506.888378853,  1527.06
1571.85473806,  99372.5,  95566.4,  400.190248854,  506.888430091,  1528.8
1571.87517245,  99384.5,  95578.7,  400.190748105,  506.888368315,  1530.46
1571.89560674,  99369.5,  95563.3,  400.190399724,  506.888565922,  1527.14
1571.91604123,  99377.9,  95570.9,  400.190144481,  506.888422089,  1526.2
1571.93647562,  99379.8,  95574.3,  400.190669063,  506.888608582,  1528.08
1571.95691011,  99377.9,  95571.9,  400.190286727,  506.888360336,  1525.71
1571.9773444,  99376.8,  95570.2,  400.19052817,  506.888760783,  1524.98
1571.99777879,  99383.6,  95578.3,  400.190834422,  506.888454314,  1524.74
1572.01821328,  99388.0,  95579.6,  400.190254826,  506.8884103,  1526.14
1572.03864757,  99383.0,  95576.5,  400.190663019,  506.88868143,  1525.63
1572.05908196,  99379.2,  95572.3,  400.190654857,  506.888756019,  1525.89
1572.07951645,  99384.1,  95577.0,  400.190506625,  506.888500585,  1524.9
1572.09995074,  99376.8,  95571.5,  400.190524809,  506.888899932,  1524.56
1572.12038523,  99375.3,  95569.4,  400.190577213,  506.888560321,  1525.73
1572.14081962,  99378.1,  95570.1,  400.190241627,  506.889145502,  1524.81
1572.16125391,  99386.9,  95580.8,  400.190598777,  506.888584955,  1524.17
1572.1816884,  99376.0,  95569.5,  400.190470597,  506.888703026,  1524.93
1572.20212279,  99395.1,  95588.2,  400.190632029,  506.88863285,  1524.19
1572.22255708,  99388.1,  95582.1,  400.190359928,  506.888518313,  1523.58
1572.24299157,  99377.7,  95568.8,  400.190420771,  506.888988413,  1523.91
1572.26342596,  99385.3,  95577.7,  400.190446679,  506.888474677,  1524.47
1572.28386035,  99382.7,  95574.4,  400.190764533,  506.889189213,  1523.15
1572.30429475,  99393.2,  95584.7,  400.190494608,  506.888851033,  1522.77
1572.32472914,  99397.5,  95589.5,  400.190613994,  506.888732954,  1522.26
1572.34516353,  99388.5,  95579.9,  400.190573151,  506.888831365,  1520.23
1572.36559792,  99397.6,  95587.6,  400.190461919,  506.889223398,  1521.47
1572.38603231,  99375.0,  95569.0,  400.190622196,  506.888939208,  1520.37
1572.4064667,  99385.5,  95577.6,  400.190190672,  506.888823049,  1520.69
1572.4269011,  99375.2,  95567.4,  400.190884682,  506.889117742,  1519.96
1572.44733549,  99382.6,  95574.2,  400.190396881,  506.888971514,  1519.68
1572.46776988,  99370.8,  95562.2,  400.190352819,  506.888989699,  1520.46
1572.48820427,  99397.8,  95589.0,  400.190592367,  506.889025384,  1520.17
1572.50863876,  99402.1,  95592.3,  400.190631311,  506.888937848,  1518.51
1572.52907316,  99392.1,  95581.3,  400.190587822,  506.889211884,  1519.77
1572.54950745,  99395.0,  95587.1,  400.190613269,  506.889026981,  1520.15
1572.56994194,  99390.6,  95581.0,  400.190442085,  506.889179404,  1520.31
1572.59037633,  99396.6,  95586.4,  400.190772536,  506.889247976,  1520.64
1572.61081063,  99387.5,  95579.7,  400.19074644,  506.88905859,  1519.58
1572.63124512,  99384.6,  95575.6,  400.190572648,  506.889036194,  1520.13
1572.67211381,  99381.9,  95571.9,  400.190757635,  506.889204102,  1521.18
1572.6925483,  99370.2,  95560.3,  400.190523809,  506.88929253,  1520.6
1572.71298269,  99367.6,  95559.4,  400.190502387,  506.889052094,  1519.47
1572.73341719,  99383.6,  95573.3,  400.190415878,  506.889332626,  1520.15
1572.75385148,  99354.5,  95544.0,  400.190582681,  506.889334079,  1521.41
1572.77428587,  99386.4,  95576.9,  400.190654988,  506.8888967,  1522.04
1572.79472037,  99385.3,  95572.8,  400.190482667,  506.889300704,  1522.88
1572.81515466,  99382.5,  95570.8,  400.190513174,  506.889238713,  1524.54
1572.83558905,  99390.0,  95579.4,  400.190587107,  506.8890849,  1524.37
1572.85602355,  99381.5,  95570.1,  400.190591542,  506.889303909,  1526.67
1572.87645784,  99390.9,  95579.5,  400.190548741,  506.889280111,  1529.72
1572.89689234,  99401.5,  95590.6,  400.190600958,  506.889160672,  1530.88
1572.91732673,  99410.4,  95597.7,  400.190564253,  506.888978228,  1533.36
1572.93776103,  99404.0,  95592.6,  400.190553547,  506.889261174,  1532.39
1572.95819552,  99363.4,  95553.0,  400.190550959,  506.889340352,  1532.06
1572.97862992,  99378.2,  95566.5,  400.190636712,  506.889350644,  1532.48
1572.99906431,  99374.8,  95565.6,  400.190438432,  506.889325806,  1531.31
1573.0194987,  99393.8,  95581.5,  400.190520671,  506.88918459,  1529.93
1573.0399331,  99396.9,  95584.9,  400.190482725,  506.889201249,  1525.12
1573.06036739,  99394.4,  95582.2,  400.190499824,  506.889345183,  1522.22
1573.08080189,  99390.0,  95576.4,  400.190150267,  506.889323967,  1517.63
1573.10123629,  99363.2,  95553.2,  400.190506861,  506.889305365,  1518.67
1573.12167068,  99366.8,  95554.1,  400.190569504,  506.889402687,  1517.88
1573.14210508,  99377.1,  95564.7,  400.190336807,  506.889485081,  1517.24
1573.16253947,  99390.1,  95577.6,  400.190579098,  506.889338337,  1518.57
1573.18297397,  99377.0,  95565.0,  400.190309665,  506.889613479,  1517.13
1573.20340826,  99381.9,  95569.1,  400.190464218,  506.889448288,  1515.99
1573.22384266,  99385.7,  95573.2,  400.190432221,  506.889426279,  1514.56
1573.24427715,  99400.1,  95585.5,  400.190635992,  506.889444349,  1513.06
1573.26471145,  99375.7,  95562.4,  400.190452908,  506.889622859,  1514.92
1573.28514595,  99373.7,  95563.2,  400.190464563,  506.889252031,  1511.77
1573.30558034,  99356.4,  95544.0,  400.1903381,  506.889569903,  1511.95
1573.32601464,  99371.6,  95560.0,  400.190478393,  506.889592005,  1509.98
1573.34644914,  99358.1,  95544.7,  400.190342421,  506.889508639,  1511.13
1573.36688353,  99368.2,  95554.6,  400.190319776,  506.88957576,  1510.21
1573.38731783,  99364.5,  95552.6,  400.190694995,  506.889596434,  1508.65
1573.40775233,  99386.4,  95571.4,  400.190423137,  506.889452423,  1509.69
1573.42818672,  99368.7,  95555.3,  400.190324808,  506.88978596,  1507.15
1573.44862102,  99362.1,  95549.6,  400.190695965,  506.889494168,  1506.95
1573.46905552,  99354.9,  95541.3,  400.19045136,  506.88963009,  1506.93
1573.48948991,  99359.0,  95545.7,  400.190768028,  506.889703413,  1505.86
1573.50992441,  99358.0,  95545.7,  400.190484191,  506.889631902,  1503.04
1573.53035871,  99375.5,  95560.9,  400.190542783,  506.889870372,  1504.33
1573.55079311,  99348.1,  95535.2,  400.190539606,  506.889668387,  1503.96
1573.5712276,  99366.6,  95552.1,  400.190598961,  506.889598404,  1502.48
1573.5916619,  99346.2,  95531.7,  400.190530752,  506.889865343,  1503.19
1573.6120963,  99349.3,  95535.8,  400.190501521,  506.88981768,  1502.84
1573.6325308,  99332.4,  95518.3,  400.190403007,  506.889817321,  1502.46
1573.65296519,  99355.6,  95540.4,  400.190587315,  506.889934232,  1502.92
1573.67339959,  99335.9,  95522.8,  400.190747799,  506.889866434,  1502.53
1573.69383399,  99342.0,  95527.0,  400.190334884,  506.89010054,  1502.99
1573.71426829,  99328.5,  95515.5,  400.190414775,  506.889951068,  1500.97
1573.73470279,  99337.3,  95524.4,  400.19054221,  506.890006929,  1501.11
1573.75513718,  99321.2,  95507.7,  400.190385771,  506.890050427,  1501.84
1573.77557148,  99332.8,  95519.8,  400.190432261,  506.890043773,  1501.01
1573.79600598,  99328.9,  95513.8,  400.190552346,  506.890323203,  1501.41
1573.81644038,  99327.8,  95514.1,  400.190706553,  506.889984305,  1501.26
1573.83687468,  99326.3,  95512.6,  400.190654763,  506.890275286,  1501.58
1573.85730918,  99335.7,  95520.5,  400.190569661,  506.890278973,  1501.27
1573.87774358,  99331.7,  95518.0,  400.19046126,  506.890279377,  1502.58
1573.89817808,  99310.1,  95498.2,  400.190574869,  506.890250104,  1499.01
1573.91861237,  99324.8,  95509.7,  400.19072485,  506.89016325,  1500.23
1573.93904677,  99321.6,  95507.5,  400.19078834,  506.890175832,  1498.57
1573.95948127,  99340.8,  95525.4,  400.190475597,  506.890508404,  1499.66
1573.97991557,  99326.2,  95510.5,  400.190307425,  506.890289866,  1498.33
1574.00034997,  99325.1,  95510.5,  400.190680268,  506.890556036,  1498.88
1574.02078447,  99343.4,  95527.6,  400.190355128,  506.890453646,  1499.67
1574.04121877,  99346.1,  95530.5,  400.190629234,  506.890395742,  1497.6
1574.06165327,  99319.2,  95504.8,  400.190357425,  506.890487104,  1498.25
1574.08208767,  99338.6,  95522.0,  400.190645866,  506.890388877,  1499.74
1574.10252197,  99349.3,  95532.7,  400.190379839,  506.890642476,  1498.65
1574.12295647,  99324.9,  95510.1,  400.190416999,  506.890523615,  1498.22
1574.14339087,  99360.0,  95541.7,  400.190571358,  506.890544583,  1496.62
1574.16382527,  99361.7,  95544.4,  400.19083052,  506.890516004,  1495.72
1574.18425967,  99358.5,  95539.9,  400.190591324,  506.890714911,  1496.23
1574.20469407,  99353.7,  95535.6,  400.190643781,  506.890424301,  1496.88
1574.22512847,  99355.8,  95539.0,  400.190862648,  506.890801089,  1495.47
1574.24556287,  99374.6,  95556.0,  400.190606766,  506.890305112,  1494.44
1574.26599727,  99373.6,  95554.7,  400.190456391,  506.890716982,  1495.59
1574.28643167,  99363.2,  95546.6,  400.190580393,  506.890576725,  1494.0
1574.30686618,  99358.2,  95538.7,  400.190650349,  506.890697098,  1495.39
1574.32730048,  99370.3,  95551.8,  400.190687064,  506.890580714,  1496.19
1574.34773488,  99377.6,  95558.2,  400.190429842,  506.890786295,  1494.88
1574.36816928,  99364.1,  95545.3,  400.190597936,  506.890763198,  1495.45
1574.38860368,  99368.2,  95549.8,  400.190713709,  506.890651109,  1494.62
1574.40903818,  99378.5,  95557.9,  400.190590256,  506.890838935,  1493.85
1574.42947248,  99381.6,  95560.7,  400.190625688,  506.890714007,  1493.55
1574.44990698,  99399.7,  95580.2,  400.190689041,  506.89104754,  1494.02
1574.47034139,  99367.4,  95545.9,  400.190776231,  506.890908381,  1494.17
1574.49077569,  99379.5,  95559.0,  400.190751612,  506.890953728,  1494.1
1574.51121019,  99352.3,  95535.7,  400.190698513,  506.890812986,  1493.07
1574.53164459,  99380.3,  95558.0,  400.190642388,  506.890899829,  1493.45
1574.55207889,  99373.3,  95553.1,  400.190515142,  506.890750368,  1492.6
1574.5725134,  99379.3,  95556.7,  400.190713232,  506.890871961,  1493.35
1574.5929478,  99370.3,  95549.5,  400.190513604,  506.890989987,  1493.04
1574.6133823,  99367.0,  95546.9,  400.190453988,  506.890827683,  1491.74
1574.6338166,  99366.7,  95546.4,  400.190891577,  506.890814499,  1491.12
1574.654251,  99372.4,  95552.2,  400.190304035,  506.89103794,  1493.29
1574.67468551,  99376.1,  95555.2,  400.191052945,  506.890985293,  1491.82
1574.69511981,  99373.5,  95552.5,  400.190641722,  506.890847285,  1492.34
1574.71555421,  99366.3,  95546.6,  400.190828916,  506.891025407,  1489.25
1574.73598872,  99366.2,  95544.7,  400.190576283,  506.891132339,  1492.22
1574.75642302,  99376.0,  95553.5,  400.190589985,  506.890564965,  1491.82
1574.77685742,  99372.4,  95549.9,  400.190865261,  506.891392428,  1491.39
1574.79729192,  99371.7,  95551.3,  400.190703978,  506.890938037,  1492.19
1574.81772633,  99367.6,  95546.8,  400.190518816,  506.890962572,  1491.15
1574.83816073,  99375.8,  95556.1,  400.19093715,  506.89122151,  1490.36
1574.85859513,  99373.4,  95551.9,  400.190733168,  506.891217635,  1489.9
1574.87902954,  99382.4,  95560.7,  400.19060637,  506.890994042,  1489.89
1574.89946394,  99383.7,  95562.0,  400.190619616,  506.891153841,  1489.73
1574.91989834,  99380.8,  95557.3,  400.190760343,  506.89113416,  1489.74
1574.94033275,  99381.0,  95558.6,  400.190724255,  506.891070858,  1490.7
1574.96076715,  99359.5,  95538.0,  400.190553254,  506.89104864,  1489.95
1574.98120156,  99371.8,  95551.0,  400.190586507,  506.891245404,  1488.74
1575.00163596,  99366.3,  95546.4,  400.190905305,  506.890834349,  1489.1
1575.02207036,  99352.3,  95530.3,  400.190563483,  506.891407522,  1488.87
1575.04250477,  99351.1,  95528.9,  400.19095025,  506.89102947,  1489.13
1575.06293927,  99373.6,  95552.4,  400.190501516,  506.891322982,  1489.48
1575.08337358,  99370.5,  95547.0,  400.190955366,  506.891455383,  1487.32
1575.10380798,  99359.3,  95537.7,  400.190757241,  506.891194062,  1489.18
1575.12424249,  99358.0,  95537.3,  400.190738884,  506.891022906,  1489.37
1575.14467679,  99352.5,  95530.1,  400.190702492,  506.891267921,  1487.02
1575.1651112,  99363.0,  95541.8,  400.190536451,  506.89133578,  1487.3
1575.1855457,  99375.5,  95551.4,  400.19056376,  506.891310804,  1486.65
1575.20598001,  99346.0,  95524.7,  400.190615147,  506.891202514,  1488.53
1575.22641451,  99369.0,  95547.4,  400.190635293,  506.891197649,  1487.18
1575.24684892,  99349.8,  95527.5,  400.190617377,  506.891262793,  1486.86
1575.26728322,  99378.6,  95555.4,  400.190870124,  506.891328965,  1486.76
1575.28771773,  99370.6,  95548.4,  400.190795694,  506.891008552,  1489.01
1575.30815213,  99365.4,  95542.1,  400.190637999,  506.891543466,  1486.91
1575.32858644,  99354.8,  95533.0,  400.190943117,  506.891071178,  1486.1
1575.34902094,  99356.5,  95535.4,  400.190294364,  506.891422265,  1486.81
1575.36945535,  99362.6,  95538.5,  400.190761405,  506.891618226,  1485.51
1575.38988985,  99368.4,  95545.7,  400.190493381,  506.891252914,  1486.7
1575.41032416,  99358.0,  95535.6,  400.190644336,  506.891423468,  1486.13
1575.43075856,  99348.9,  95525.9,  400.190520016,  506.891517686,  1485.28
1575.45119307,  99352.1,  95529.3,  400.191148017,  506.891624251,  1485.39
1575.47162748,  99359.5,  95535.8,  400.190314587,  506.891394064,  1485.73
1575.49206178,  99350.2,  95527.9,  400.1908758,  506.891712353,  1485.13
1575.51249629,  99366.5,  95544.8,  400.190750283,  506.891293691,  1484.88
1575.5329307,  99344.5,  95519.2,  400.19094619,  506.891696074,  1486.28
1575.553365,  99346.6,  95524.7,  400.190795955,  506.891559413,  1484.23
1575.57379951,  99351.9,  95528.5,  400.190850785,  506.89162779,  1486.24
1575.59423391,  99356.4,  95533.5,  400.190476489,  506.891387686,  1485.09
1575.61466832,  99379.2,  95556.8,  400.190848509,  506.891458534,  1484.3
1575.65553704,  99338.9,  95515.9,  400.19081285,  506.891526547,  1485.82
1575.67597154,  99348.8,  95526.2,  400.19085017,  506.891453949,  1483.09
1575.69640595,  99353.9,  95527.5,  400.190471841,  506.891601414,  1484.22
1575.71684026,  99342.0,  95518.1,  400.190652551,  506.891662096,  1481.98
1575.73727476,  99382.0,  95554.8,  400.190858215,  506.891652606,  1482.54
1575.75770917,  99373.2,  95546.6,  400.19066473,  506.891725051,  1482.59
1575.77814368,  99345.8,  95522.0,  400.190604764,  506.891439923,  1481.39
1575.79857799,  99352.2,  95526.9,  400.190667498,  506.891423852,  1482.88
1575.81901239,  99370.6,  95543.7,  400.190544424,  506.891636158,  1482.85
1575.8394469,  99348.6,  95524.4,  400.19087652,  506.891664541,  1481.96
1575.85988121,  99353.4,  95528.5,  400.190451807,  506.891538374,  1481.46
1575.88031562,  99360.0,  95535.0,  400.190534106,  506.891633134,  1482.51
1575.90075012,  99361.6,  95536.6,  400.190654632,  506.891648688,  1482.53
1575.92118443,  99361.4,  95534.7,  400.190600865,  506.891655993,  1486.27
1575.94161884,  99377.1,  95549.0,  400.190531199,  506.891521728,  1483.85
1575.96205335,  99362.7,  95536.5,  400.190593433,  506.891538772,  1481.7
1575.98248766,  99363.5,  95537.2,  400.190470699,  506.891597013,  1483.49
1576.00292216,  99364.3,  95537.9,  400.190622773,  506.89164749,  1482.8
1576.02335657,  99338.2,  95513.2,  400.19043019,  506.891544712,  1482.66
1576.04379098,  99362.4,  95534.9,  400.190508808,  506.891548319,  1482.44
1576.06422539,  99374.8,  95548.3,  400.190850761,  506.891542729,  1481.93
1576.0846598,  99321.4,  95495.9,  400.190415595,  506.891566637,  1480.51
1576.10509421,  99384.4,  95556.5,  400.19055837,  506.89171901,  1480.07
1576.12552862,  99374.2,  95547.3,  400.190680205,  506.891673009,  1480.47
1576.14596302,  99398.2,  95567.2,  400.190671474,  506.891721547,  1481.13
1576.16639743,  99372.8,  95545.0,  400.190732773,  506.89154762,  1482.79
1576.18683194,  99386.2,  95557.9,  400.190557942,  506.891507918,  1480.4
1576.20726625,  99381.4,  95552.6,  400.19072536,  506.891604592,  1480.35
1576.22770076,  99352.0,  95526.2,  400.190566056,  506.891717731,  1480.01
1576.24813517,  99366.7,  95538.2,  400.190598536,  506.891682888,  1480.22
1576.26856948,  99376.4,  95547.4,  400.190551709,  506.891679909,  1480.87
1576.28900399,  99373.6,  95545.9,  400.190602914,  506.891688054,  1480.44
1576.3094383,  99353.9,  95525.9,  400.190678267,  506.891620779,  1480.64
1576.32987271,  99404.1,  95574.4,  400.190658103,  506.892117497,  1480.12
1576.35030722,  99367.6,  95538.5,  400.190596937,  506.891640278,  1481.43
1576.39117604,  99361.1,  95533.8,  400.190596183,  506.891654539,  1480.26
1576.41161045,  99365.3,  95535.8,  400.190586341,  506.891723645,  1481.62
1576.43204476,  99362.7,  95533.6,  400.190807213,  506.89174624,  1478.81
1576.45247927,  99384.6,  95555.4,  400.190682094,  506.89174426,  1478.4
1576.47291368,  99365.7,  95536.2,  400.190613816,  506.891861466,  1478.53
1576.49334799,  99365.3,  95536.2,  400.190633745,  506.891986366,  1478.05
1576.5137825,  99372.9,  95542.9,  400.190658458,  506.891834156,  1479.76
1576.53421691,  99385.3,  95554.0,  400.190705913,  506.891801544,  1478.04
1576.55465132,  99374.1,  95544.5,  400.190581685,  506.891884279,  1478.7
1576.57508573,  99381.7,  95550.1,  400.190872972,  506.891922719,  1479.18
1576.59552014,  99370.8,  95540.1,  400.190435693,  506.892067646,  1478.09
1576.61595465,  99371.5,  95541.4,  400.190593285,  506.892060045,  1479.29
1576.63638896,  99386.8,  95555.7,  400.190664495,  506.891877911,  1478.05
1576.65682337,  99367.0,  95535.7,  400.190636755,  506.891977786,  1478.8
1576.67725788,  99370.6,  95540.5,  400.190576699,  506.892257946,  1476.98
1576.6976923,  99375.4,  95544.0,  400.190660445,  506.891981371,  1477.41
1576.71812661,  99381.7,  95550.6,  400.19077439,  506.892034194,  1477.32
1576.73856112,  99394.6,  95563.1,  400.190664492,  506.892013416,  1476.12
1576.75899553,  99376.7,  95544.5,  400.190654318,  506.892303335,  1476.98
1576.77942994,  99400.4,  95568.3,  400.190736578,  506.892078905,  1476.51
1576.79986435,  99371.8,  95540.1,  400.19068999,  506.892285083,  1478.51
1576.82029876,  99367.7,  95536.8,  400.190685188,  506.892165641,  1477.0
1576.84073328,  99372.9,  95542.6,  400.190926811,  506.892216106,  1477.68
1576.86116759,  99374.6,  95542.8,  400.190692437,  506.892118336,  1475.52
1576.881602,  99372.1,  95540.7,  400.190684011,  506.892281321,  1476.48
1576.90203651,  99377.8,  95544.9,  400.190608646,  506.892459859,  1478.2
1576.92247082,  99389.9,  95557.3,  400.190691114,  506.892289461,  1476.27
1576.94290524,  99391.9,  95559.4,  400.190745632,  506.892219347,  1476.11
1576.96333965,  99380.6,  95547.0,  400.19046848,  506.89223694,  1477.06
1576.98377406,  99380.3,  95547.0,  400.190620959,  506.892380578,  1474.81
1577.00420857,  99376.8,  95544.1,  400.190730953,  506.892430777,  1475.78
1577.02464288,  99379.9,  95546.0,  400.190571604,  506.892550855,  1476.52
1577.0450773,  99377.2,  95543.0,  400.190726658,  506.892558667,  1476.94
1577.06551181,  99396.6,  95563.6,  400.190926305,  506.892564642,  1475.77
1577.08594612,  99386.6,  95551.6,  400.190778666,  506.892609418,  1475.55
1577.10638054,  99389.6,  95555.2,  400.190810839,  506.892462064,  1475.22
1577.12681505,  99375.9,  95542.9,  400.190491272,  506.892548982,  1475.46
1577.14724936,  99378.8,  95543.8,  400.190613477,  506.892526451,  1476.13
1577.16768387,  99392.3,  95558.2,  400.190824229,  506.892586913,  1475.02
1577.18811829,  99370.0,  95536.1,  400.190790094,  506.892354508,  1475.77
1577.2085526,  99393.7,  95558.5,  400.190906338,  506.892526564,  1476.1
1577.22898711,  99378.8,  95545.8,  400.19088388,  506.892656559,  1474.09
1577.24942153,  99371.7,  95537.9,  400.190893442,  506.892601597,  1474.85
1577.26985594,  99358.8,  95524.9,  400.190826583,  506.892537188,  1475.05
1577.29029035,  99369.7,  95535.8,  400.19080736,  506.892788956,  1474.09
1577.31072477,  99377.0,  95541.2,  400.190736296,  506.892718755,  1473.47
1577.33115918,  99374.3,  95540.5,  400.190909735,  506.89254301,  1474.94
1577.35159369,  99388.4,  95553.5,  400.190794394,  506.892608462,  1474.03
1577.37202801,  99381.8,  95546.0,  400.190733127,  506.892953332,  1473.63
1577.39246252,  99390.4,  95556.6,  400.190684332,  506.892806617,  1473.8
1577.41289694,  99366.8,  95531.0,  400.190705649,  506.892891708,  1474.72
1577.43333125,  99368.2,  95533.8,  400.190656478,  506.892663514,  1472.45
1577.45376576,  99374.9,  95540.4,  400.190815018,  506.892695227,  1474.11
1577.47420018,  99330.1,  95495.9,  400.190704273,  506.892924955,  1473.12
1577.49463449,  99372.4,  95536.8,  400.190779471,  506.892786357,  1471.38
1577.51506901,  99347.8,  95514.9,  400.190877985,  506.892547077,  1473.31
1577.53550342,  99343.3,  95507.0,  400.191064671,  506.89305261,  1471.72
1577.55593784,  99338.0,  95504.9,  400.190857534,  506.892887831,  1473.5
1577.57637225,  99354.6,  95520.5,  400.190741914,  506.892818236,  1472.83
1577.59680656,  99335.2,  95501.0,  400.190842092,  506.892813749,  1473.33
1577.61724108,  99345.3,  95510.4,  400.190782431,  506.892618483,  1471.79
1577.63767549,  99330.4,  95495.4,  400.190929864,  506.892732025,  1472.05
1577.65810981,  99332.9,  95499.9,  400.190936835,  506.892704339,  1472.93
1577.67854432,  99336.5,  95501.8,  400.190822988,  506.893039483,  1473.02
1577.69897874,  99338.2,  95502.8,  400.190849609,  506.89286168,  1471.56
1577.71941315,  99340.9,  95505.8,  400.191049405,  506.893252717,  1476.2
1577.73984757,  99325.5,  95491.7,  400.19080658,  506.893006218,  1471.58
1577.76028198,  99334.5,  95500.6,  400.190832749,  506.892861148,  1470.47
1577.7807165,  99334.3,  95500.5,  400.190827017,  506.893042198,  1471.12
1577.80115081,  99330.1,  95496.1,  400.190890718,  506.89287281,  1472.7
1577.82158523,  99341.3,  95505.8,  400.191053156,  506.892638661,  1471.36
1577.84201975,  99341.3,  95506.8,  400.191002735,  506.892992649,  1469.8
1577.86245416,  99340.0,  95504.1,  400.190726661,  506.89314094,  1471.35
1577.88288848,  99341.5,  95507.2,  400.190939239,  506.892859756,  1471.38
1577.90332299,  99333.9,  95499.9,  400.190922291,  506.892946857,  1470.9
1577.92375741,  99324.5,  95490.2,  400.190918707,  506.89278843,  1470.5
1577.94419182,  99333.2,  95498.9,  400.190834878,  506.893072676,  1470.19
1577.96462624,  99345.6,  95508.8,  400.191103145,  506.893156799,  1471.31
1577.98506066,  99334.3,  95498.3,  400.190677889,  506.892825339,  1470.47
1578.00549507,  99338.4,  95503.4,  400.191117007,  506.893341454,  1471.17
1578.02592949,  99329.8,  95494.8,  400.191030715,  506.892908174,  1471.77
1578.04636391,  99338.6,  95502.7,  400.191046829,  506.893188784,  1470.35
1578.06679842,  99358.3,  95523.2,  400.191206037,  506.892982983,  1488.08
1578.08723274,  99358.9,  95522.3,  400.191073872,  506.893125713,  1473.42
1578.10766715,  99364.2,  95528.2,  400.190924383,  506.893060798,  1470.93
1578.12810167,  99357.3,  95520.2,  400.190922117,  506.893083737,  1469.34
1578.14853599,  99349.8,  95513.2,  400.190983631,  506.8931964,  1470.47
1578.1689705,  99375.7,  95538.5,  400.190985521,  506.893162373,  1469.18
1578.18940492,  99352.5,  95514.2,  400.191129472,  506.893394197,  1470.02
1578.20983924,  99358.8,  95522.1,  400.191136822,  506.893145431,  1468.78
1578.23027376,  99354.3,  95518.4,  400.191094479,  506.893036366,  1469.32
1578.25070807,  99363.4,  95525.5,  400.190876419,  506.893103529,  1469.7
1578.27114249,  99362.9,  95524.8,  400.191061626,  506.89326475,  1469.41
1578.29157701,  99373.7,  95536.2,  400.190953697,  506.893249251,  1468.42
1578.31201132,  99369.3,  95529.9,  400.191065579,  506.893285527,  1468.35
1578.33244584,  99378.8,  95541.5,  400.191230597,  506.89308641,  1468.81
1578.35288026,  99375.2,  95537.0,  400.191276883,  506.893263901,  1468.72
1578.37331458,  99361.5,  95523.6,  400.191066363,  506.893132043,  1468.69
1578.39374909,  99371.7,  95532.6,  400.191025448,  506.893307912,  1469.8
1578.41418351,  99367.9,  95528.1,  400.191074196,  506.89343624,  1469.9
1578.43461793,  99365.8,  95528.1,  400.190889493,  506.893138677,  1468.92
1578.45505235,  99380.9,  95543.0,  400.190682472,  506.893153206,  1468.45
1578.47548676,  99389.9,  95549.5,  400.190378906,  506.893083868,  1470.12
1578.49592118,  99372.7,  95534.2,  400.191190473,  506.893480545,  1470.51
1578.5163556,  99356.8,  95518.8,  400.191173415,  506.893434803,  1469.83
1578.53679002,  99386.0,  95547.4,  400.191003591,  506.893045844,  1467.13
1578.55722454,  99426.1,  95585.6,  400.190940025,  506.893175055,  1468.31
1578.57765896,  99392.7,  95551.9,  400.190845816,  506.89333876,  1467.82
1578.59809327,  99399.8,  95560.3,  400.191356119,  506.893322356,  1468.37
1578.63896221,  99386.8,  95545.5,  400.191088414,  506.893273717,  1467.88
1578.65939653,  99396.4,  95555.9,  400.190935971,  506.893303923,  1465.98
1578.67983105,  99395.5,  95553.6,  400.191175278,  506.893411851,  1466.85
1578.70026547,  99416.1,  95572.7,  400.19094909,  506.893628257,  1466.33
1578.72069978,  99395.9,  95554.3,  400.191105229,  506.893375879,  1467.29
1578.7411343,  99382.6,  95538.7,  400.190770257,  506.893410785,  1466.64
1578.76156872,  99408.7,  95565.6,  400.190855452,  506.893546163,  1466.44
1578.78200324,  99405.3,  95562.9,  400.19108113,  506.893258789,  1468.01
1578.80243756,  99409.9,  95565.6,  400.191054921,  506.893343608,  1465.94
1578.82287198,  99408.5,  95564.2,  400.190992089,  506.893622955,  1465.2
1578.8433065,  99420.0,  95576.4,  400.190896992,  506.89353476,  1465.7
1578.86374082,  99391.1,  95548.0,  400.190744788,  506.893335227,  1466.36
1578.88417524,  99408.6,  95565.2,  400.190900594,  506.893515251,  1465.99
1578.90460966,  99399.7,  95556.2,  400.190915669,  506.893262584,  1464.26
1578.92504408,  99411.0,  95567.0,  400.190874187,  506.893456106,  1466.13
1578.9454786,  99394.4,  95552.6,  400.191009309,  506.893461897,  1465.96
1578.96591291,  99385.2,  95541.3,  400.190850314,  506.893514702,  1466.42
1578.98634733,  99400.0,  95555.8,  400.190904113,  506.893483798,  1465.68
1579.00678185,  99382.0,  95541.1,  400.190789928,  506.893357965,  1463.8
1579.02721617,  99378.6,  95535.9,  400.190775485,  506.89358566,  1463.76
1579.04765059,  99385.8,  95542.8,  400.19077124,  506.893454616,  1465.99
1579.06808511,  99375.0,  95532.6,  400.190814093,  506.893244649,  1465.82
1579.08851953,  99371.2,  95528.1,  400.190825936,  506.893515049,  1466.03
1579.10895385,  99392.5,  95550.0,  400.191061718,  506.893537498,  1464.52
1579.12938837,  99368.7,  95524.8,  400.190702701,  506.893673852,  1464.77
1579.14982279,  99357.9,  95514.9,  400.190781851,  506.89356764,  1465.02
1579.17025721,  99347.3,  95506.4,  400.190967995,  506.893423186,  1464.79
1579.19069164,  99366.9,  95523.2,  400.190678874,  506.893768131,  1463.9
1579.21112606,  99369.3,  95526.3,  400.190957702,  506.89378213,  1465.96
1579.23156058,  99366.3,  95524.0,  400.191041233,  506.893411631,  1463.36
1579.2519949,  99362.2,  95516.8,  400.190935623,  506.893688551,  1465.01
1579.27242932,  99342.7,  95502.0,  400.191036979,  506.893423323,  1463.1
1579.29286384,  99355.5,  95511.4,  400.190954405,  506.893694408,  1463.49
1579.31329816,  99349.8,  95506.2,  400.191064094,  506.893505356,  1464.23
1579.33373268,  99349.0,  95507.2,  400.190996575,  506.893820697,  1462.64
1579.3541671,  99355.4,  95511.4,  400.190815274,  506.893736532,  1462.43
1579.37460142,  99331.3,  95489.9,  400.190962342,  506.893579814,  1462.51
1579.39503594,  99319.0,  95477.2,  400.190828814,  506.893664848,  1463.88
1579.41547036,  99342.1,  95497.7,  400.190694813,  506.89380733,  1463.97
1579.43590468,  99338.1,  95495.4,  400.191039674,  506.893636263,  1463.21
1579.45633921,  99318.8,  95476.8,  400.190874628,  506.893870479,  1463.65
1579.47677363,  99313.3,  95470.9,  400.191013206,  506.893684898,  1464.44
1579.49720795,  99292.7,  95453.3,  400.190839097,  506.893910504,  1464.84
1579.51764247,  99347.6,  95503.2,  400.191031901,  506.893839582,  1462.51
1579.53807679,  99319.5,  95477.3,  400.190919046,  506.893798613,  1461.22
1579.55851131,  99296.9,  95456.1,  400.190976293,  506.893721157,  1464.28
1579.57894573,  99304.1,  95462.7,  400.190902966,  506.893869693,  1461.53
1579.59938016,  99308.0,  95465.7,  400.191222149,  506.893631917,  1463.96
1579.61981458,  99306.4,  95464.1,  400.191021615,  506.894051963,  1463.04
1579.640249,  99321.7,  95478.3,  400.190946239,  506.89405295,  1462.9
1579.66068342,  99326.1,  95484.9,  400.19093086,  506.894014216,  1460.69
1579.68111784,  99320.5,  95477.8,  400.191062453,  506.893996153,  1462.34
1579.70155227,  99320.4,  95476.2,  400.190925676,  506.894020535,  1462.2
1579.72198679,  99327.2,  95484.9,  400.191144621,  506.893960607,  1462.73
1579.74242121,  99324.3,  95479.7,  400.190970569,  506.893944484,  1461.53
1579.76285553,  99319.7,  95475.7,  400.191056297,  506.894258015,  1461.98
1579.78329006,  99331.9,  95488.4,  400.19103948,  506.894008622,  1462.03
1579.80372448,  99333.3,  95486.7,  400.191018571,  506.894086026,  1461.21
1579.8241588,  99334.8,  95489.5,  400.19101312,  506.894165043,  1461.22
1579.84459332,  99342.4,  95496.5,  400.190819107,  506.894197896,  1459.85
1579.86502775,  99345.6,  95498.9,  400.190887351,  506.893992963,  1459.63
1579.88546207,  99337.7,  95493.2,  400.190942972,  506.894313321,  1460.46
1579.90589659,  99345.9,  95500.3,  400.19091541,  506.894187567,  1460.66
1579.92633101,  99347.5,  95501.1,  400.190920224,  506.894188999,  1459.88
1579.94676554,  99338.9,  95493.5,  400.191314146,  506.894271827,  1458.9
1579.96719986,  99328.0,  95481.4,  400.191027356,  506.894378473,  1458.66
1579.98763428,  99339.2,  95492.3,  400.191123721,  506.894266124,  1459.13
1580.00806881,  99358.5,  95510.8,  400.191170456,  506.894383294,  1458.31
1580.02850313,  99382.4,  95531.9,  400.191111837,  506.89430872,  1458.71
1580.04893755,  99354.2,  95507.8,  400.191164971,  506.89430045,  1458.79
1580.06937208,  99380.0,  95532.0,  400.191569311,  506.894447887,  1459.09
1580.0898064,  99375.4,  95527.0,  400.190829637,  506.894228406,  1459.53
1580.11024082,  99368.7,  95520.8,  400.191281349,  506.894517833,  1457.34
1580.13067535,  99344.4,  95496.3,  400.191079523,  506.894184556,  1459.06
1580.15110967,  99374.8,  95526.5,  400.191122885,  506.894515689,  1458.33
1580.17154419,  99369.1,  95521.0,  400.191424896,  506.894314083,  1457.69
1580.19197852,  99386.4,  95535.9,  400.190806315,  506.894466668,  1457.4
1580.21241294,  99370.6,  95521.9,  400.191206938,  506.894384436,  1457.59
1580.23284746,  99388.5,  95538.5,  400.190915576,  506.894547325,  1456.93
1580.25328179,  99386.0,  95535.6,  400.191196303,  506.894714319,  1456.72
1580.27371621,  99389.5,  95540.9,  400.191309961,  506.894748322,  1457.33
1580.29415074,  99389.2,  95539.0,  400.191204995,  506.894461694,  1457.92
1580.31458516,  99389.1,  95538.9,  400.190997033,  506.894704247,  1455.61
1580.33501958,  99387.4,  95537.0,  400.191406261,  506.89474285,  1456.48
1580.35545401,  99396.1,  95543.5,  400.191108203,  506.894711975,  1456.48
1580.37588843,  99376.1,  95526.2,  400.191116844,  506.894837165,  1456.06
1580.39632286,  99372.4,  95524.4,  400.191113719,  506.894324234,  1457.74
1580.41675728,  99396.9,  95543.6,  400.190999436,  506.894875337,  1456.05
1580.43719171,  99393.1,  95542.6,  400.191116029,  506.894800313,  1456.3
1580.45762623,  99368.6,  95518.9,  400.19092267,  506.894530403,  1456.77
1580.47806055,  99382.5,  95531.2,  400.191129876,  506.894717263,  1455.38
1580.49849498,  99375.1,  95525.7,  400.191121217,  506.894699945,  1455.4
1580.5189295,  99377.7,  95524.9,  400.191054449,  506.894731208,  1454.9
1580.53936383,  99383.7,  95532.4,  400.191086129,  506.894666324,  1454.45
1580.55979835,  99383.7,  95532.7,  400.191303573,  506.895006849,  1454.61
1580.58023278,  99391.1,  95539.0,  400.191084364,  506.894776215,  1453.79
1580.6006671,  99377.4,  95527.3,  400.190993476,  506.894777346,  1453.81
1580.62110163,  99397.7,  95545.7,  400.191389978,  506.894950975,  1455.03
1580.64153605,  99376.9,  95525.0,  400.191005142,  506.89491103,  1453.87
1580.66197038,  99381.4,  95531.6,  400.191407429,  506.894663792,  1452.52
1580.6824049,  99374.9,  95523.8,  400.191236223,  506.89499241,  1454.52
1580.70283933,  99388.8,  95535.9,  400.190992995,  506.894704336,  1455.26
1580.72327385,  99374.1,  95522.5,  400.191652902,  506.895012366,  1452.56
1580.74370818,  99372.3,  95520.0,  400.191042193,  506.894803002,  1454.67
1580.7641426,  99370.4,  95518.7,  400.191079226,  506.894857073,  1455.21
1580.78457713,  99359.3,  95508.6,  400.191341056,  506.894728773,  1453.64
1580.80501146,  99392.1,  95539.7,  400.190893501,  506.894902799,  1453.37
1580.82544588,  99383.2,  95531.6,  400.191204478,  506.894715657,  1454.62
1580.84588031,  99370.4,  95518.0,  400.191310733,  506.895194418,  1452.26
1580.86631473,  99380.8,  95528.8,  400.191173087,  506.894978589,  1454.72
1580.88674916,  99389.7,  95538.8,  400.191168752,  506.894843464,  1452.25
1580.90718358,  99379.1,  95525.4,  400.191280283,  506.895134274,  1453.18
1580.92761801,  99381.9,  95531.8,  400.191065251,  506.895003345,  1452.83
1580.94805254,  99390.8,  95539.0,  400.191113606,  506.894980343,  1452.68
1580.96848696,  99379.2,  95524.9,  400.19123305,  506.895139308,  1452.72
1580.98892129,  99374.2,  95521.5,  400.191221849,  506.895014017,  1452.24
1581.00935581,  99376.4,  95524.2,  400.191177356,  506.895074351,  1451.73
1581.02979024,  99376.7,  95524.2,  400.191039561,  506.895142567,  1450.58
1581.05022457,  99371.0,  95520.2,  400.191298302,  506.895092684,  1451.74
1581.07065909,  99367.7,  95515.0,  400.190948853,  506.895109365,  1451.19
1581.09109352,  99373.6,  95520.5,  400.191729604,  506.894867386,  1451.23
1581.11152805,  99365.2,  95512.8,  400.190998907,  506.895102586,  1451.84
1581.13196237,  99362.6,  95509.1,  400.191441619,  506.895392161,  1450.12
1581.1523968,  99352.1,  95501.0,  400.191354898,  506.895182591,  1449.26
1581.17283133,  99356.5,  95504.6,  400.191199731,  506.895222205,  1451.35
1581.19326565,  99357.7,  95504.6,  400.19115131,  506.895158763,  1451.75
1581.21370008,  99373.2,  95520.6,  400.191268863,  506.895123477,  1452.02
1581.23413461,  99390.4,  95536.8,  400.191318082,  506.895392494,  1450.37
1581.25456893,  99368.3,  95514.1,  400.191260198,  506.895463804,  1449.58
1581.27500336,  99356.7,  95505.5,  400.191249453,  506.895209402,  1450.11
1581.29543789,  99398.7,  95543.8,  400.191122799,  506.895316742,  1449.76
1581.31587221,  99368.4,  95514.9,  400.191355115,  506.895283914,  1451.79
1581.33630674,  99370.6,  95517.8,  400.191181249,  506.895264241,  1450.04
1581.35674117,  99383.2,  95528.9,  400.191448797,  506.895238734,  1449.73
1581.3771756,  99362.9,  95511.0,  400.191171935,  506.895367126,  1449.37
1581.39761002,  99381.2,  95526.1,  400.191570629,  506.89555369,  1450.38
1581.41804445,  99369.0,  95516.3,  400.191168709,  506.894971121,  1449.45
1581.43847888,  99387.6,  95535.4,  400.191300304,  506.89508185,  1448.83
1581.45891331,  99376.6,  95521.1,  400.190888708,  506.895739411,  1448.97
1581.47934773,  99371.8,  95518.1,  400.191166342,  506.895476931,  1449.17
1581.49978216,  99377.6,  95524.0,  400.191366327,  506.895349511,  1448.14
1581.52021659,  99372.0,  95517.1,  400.191316459,  506.895350048,  1448.8
1581.54065102,  99385.3,  95531.4,  400.191179058,  506.89536893,  1448.47
1581.56108544,  99368.8,  95513.8,  400.191375317,  506.895444857,  1449.64
1581.58151987,  99381.9,  95526.7,  400.191142219,  506.895775733,  1448.44
1586.83316259,  99366.6,  95445.3,  400.194064288,  506.904562255,  1425.04
1586.85359713,  99358.1,  95437.9,  400.194355832,  506.904913742,  1423.12
1586.87403147,  99343.9,  95422.7,  400.194152676,  506.904821709,  1424.58
1586.89446601,  99342.4,  95421.1,  400.194245864,  506.904751557,  1423.91
1586.91490045,  99363.6,  95442.2,  400.19442185,  506.904884822,  1424.41
1586.93533479,  99339.9,  95418.9,  400.194527802,  506.904763535,  1424.36
1586.95576933,  99355.9,  95436.2,  400.194635122,  506.904716585,  1423.56
1586.97620377,  99353.8,  95433.2,  400.194495038,  506.904964727,  1423.45
1586.99663821,  99352.3,  95431.2,  400.194607036,  506.905088794,  1422.25
1587.01707265,  99339.0,  95419.5,  400.194788552,  506.90499465,  1422.92
1587.03750709,  99338.2,  95418.1,  400.194695664,  506.904902249,  1422.51
1587.05794163,  99336.6,  95415.4,  400.194735171,  506.905375281,  1421.77
1587.07837607,  99348.4,  95428.2,  400.194648838,  506.905281879,  1421.2
1587.09881041,  99352.8,  95431.1,  400.194814644,  506.905338129,  1421.2
1587.11924495,  99353.9,  95433.1,  400.194660514,  506.905386331,  1422.29
1587.13967939,  99335.5,  95416.0,  400.19454761,  506.905609559,  1423.55
1587.16011373,  99344.0,  95424.1,  400.194536006,  506.905613817,  1422.12
1587.18054827,  99357.6,  95437.4,  400.194615627,  506.905534634,  1421.29
1587.20098271,  99342.5,  95422.9,  400.194582149,  506.905548624,  1421.79
1587.22141715,  99331.5,  95411.7,  400.194606697,  506.905597968,  1420.69
1587.24185159,  99319.6,  95401.6,  400.194415001,  506.905815807,  1420.45
1587.26228593,  99347.5,  95427.7,  400.194291853,  506.905776058,  1422.39
1587.28272047,  99333.9,  95416.5,  400.194056657,  506.905725899,  1420.13
1587.30315491,  99337.8,  95420.4,  400.194545092,  506.905674084,  1421.47
1587.32358925,  99317.1,  95400.5,  400.1942954,  506.905346634,  1421.12
1587.34402379,  99331.1,  95414.0,  400.194441603,  506.905975046,  1422.36
1587.36445823,  99339.5,  95423.5,  400.194341759,  506.905867776,  1421.59
1587.38489277,  99334.5,  95417.7,  400.19414122,  506.905820473,  1420.84
1587.40532711,  99324.0,  95409.1,  400.194439637,  506.905717553,  1421.68
1587.42576156,  99346.1,  95429.9,  400.194057813,  506.905930304,  1419.6
1587.4461961,  99345.4,  95430.3,  400.193997992,  506.905590619,  1421.46
1587.46663044,  99346.5,  95431.6,  400.194199955,  506.905890092,  1420.53
1587.50749942,  99337.4,  95422.7,  400.194183576,  506.905685307,  1421.19
1587.52793376,  99330.6,  95417.8,  400.19400642,  506.905691873,  1419.19
1587.5483683,  99326.9,  95412.5,  400.193817232,  506.905582104,  1420.23
1587.56880274,  99334.0,  95421.6,  400.193845371,  506.905687011,  1419.74
1587.58923718,  99345.5,  95431.7,  400.193782436,  506.905735192,  1419.5
1587.60967162,  99349.2,  95436.4,  400.193773652,  506.905604391,  1418.64
1587.63010606,  99318.8,  95407.6,  400.19353537,  506.90566445,  1420.95
1587.6505405,  99345.5,  95433.2,  400.193639362,  506.905351398,  1419.5
1587.67097494,  99343.3,  95429.9,  400.19368744,  506.905806637,  1420.05
1587.69140939,  99336.8,  95427.1,  400.19362722,  506.905149217,  1419.52
1587.71184393,  99343.0,  95431.9,  400.193507528,  506.905279872,  1419.22
1587.73227827,  99330.6,  95420.6,  400.19358153,  506.905184495,  1417.78
1587.75271271,  99341.9,  95433.1,  400.193665606,  506.90483224,  1419.72
1587.77314725,  99335.9,  95426.4,  400.193398776,  506.905238545,  1418.36
1587.79358169,  99346.7,  95437.8,  400.193692506,  506.905371053,  1419.26
1587.81401603,  99335.3,  95426.2,  400.193506476,  506.904960408,  1418.63
1587.83445057,  99345.5,  95436.9,  400.193210557,  506.905177703,  1418.94
1587.85488491,  99360.2,  95451.9,  400.193662837,  506.904587073,  1419.45
1587.87531946,  99357.3,  95448.9,  400.193314974,  506.904988962,  1418.83
1587.8957539,  99337.5,  95430.6,  400.193381348,  506.904963543,  1419.42
1587.91618824,  99349.4,  95443.9,  400.1934809,  506.904586898,  1419.66
1587.93662278,  99354.8,  95447.7,  400.193378046,  506.904420883,  1418.77
1587.95705722,  99364.5,  95459.2,  400.193376478,  506.904180946,  1420.01
1587.97749156,  99374.9,  95468.6,  400.193365027,  506.904548714,  1418.82
1587.9979261,  99359.9,  95453.2,  400.193123657,  506.904309391,  1419.07
1588.01836054,  99377.8,  95471.1,  400.19306354,  506.904609957,  1419.31
1588.03879489,  99371.1,  95465.0,  400.193469976,  506.903952081,  1418.93
1588.05922943,  99344.3,  95440.2,  400.19320281,  506.904211248,  1418.6
1588.07966387,  99384.3,  95479.8,  400.193564796,  506.90386621,  1419.81
1588.10009841,  99401.7,  95495.2,  400.193323302,  506.903982297,  1417.53
1588.12053275,  99374.9,  95469.8,  400.19336208,  506.903929123,  1418.48
1588.14096719,  99382.3,  95479.0,  400.193376242,  506.903998213,  1417.91
1588.16140174,  99390.5,  95485.5,  400.193298268,  506.903837684,  1418.32
1588.18183608,  99377.6,  95475.1,  400.193371843,  506.903594346,  1419.2
1588.20227052,  99392.8,  95489.4,  400.193405112,  506.903641254,  1416.7
1588.22270506,  99395.1,  95490.0,  400.193194537,  506.903893633,  1415.8
1588.2431394,  99379.6,  95477.7,  400.193413806,  506.903490685,  1417.92
1588.26357394,  99403.2,  95497.9,  400.193057104,  506.903437435,  1417.09
1588.28400839,  99383.8,  95480.2,  400.193170701,  506.903624295,  1416.81
1588.30444283,  99389.3,  95488.8,  400.193319954,  506.903416829,  1415.07
1588.32487727,  99384.4,  95481.7,  400.193431927,  506.903359368,  1416.77
1588.34531171,  99396.6,  95494.2,  400.193337631,  506.903318031,  1415.77
1588.36574615,  99377.2,  95476.9,  400.193427233,  506.903247623,  1415.7
1588.3861806,  99389.8,  95487.2,  400.193178279,  506.903217557,  1414.01
1588.40661504,  99413.1,  95511.6,  400.193087282,  506.903251235,  1414.06
1588.42704948,  99403.8,  95501.9,  400.193291994,  506.903174526,  1415.22
1588.44748402,  99392.9,  95492.1,  400.192950188,  506.903036062,  1414.04
1588.46791836,  99401.5,  95501.0,  400.193156314,  506.902974716,  1413.49
1588.48835291,  99398.0,  95496.0,  400.19313065,  506.903149012,  1414.66
1588.50878725,  99395.7,  95494.3,  400.193265702,  506.902980804,  1414.68
1588.52922169,  99391.3,  95492.2,  400.193133527,  506.903068207,  1413.83
1588.54965623,  99400.6,  95499.1,  400.19300137,  506.902985634,  1413.89
1588.57009057,  99396.8,  95497.5,  400.193497843,  506.902607137,  1413.99
1588.59052502,  99399.4,  95500.1,  400.19297212,  506.903015771,  1413.16
1588.61095956,  99388.0,  95488.2,  400.193067295,  506.902818513,  1414.02
1588.6313939,  99390.6,  95492.6,  400.193091639,  506.902844018,  1413.39
1588.65182844,  99395.5,  95495.1,  400.19287445,  506.902942225,  1413.72
1588.67226288,  99378.7,  95480.1,  400.192928449,  506.902806047,  1413.63
1588.69269723,  99391.9,  95493.0,  400.193113022,  506.90281902,  1412.9
1588.71313177,  99381.3,  95482.2,  400.192975365,  506.902813869,  1412.05
1588.73356621,  99390.1,  95491.2,  400.193090473,  506.902865068,  1412.48
1588.75400055,  99401.1,  95502.2,  400.193108259,  506.902662917,  1412.45
1588.7744351,  99393.6,  95492.4,  400.192919771,  506.902891283,  1413.19
1588.79486954,  99380.9,  95483.5,  400.193085076,  506.902481186,  1413.79
1588.81530398,  99406.0,  95505.4,  400.192950331,  506.902803342,  1411.54
1588.83573842,  99383.3,  95484.0,  400.192934701,  506.902538276,  1411.79
1588.85617287,  99404.1,  95505.8,  400.192934247,  506.902691902,  1411.66
1588.87660741,  99397.0,  95498.0,  400.192992432,  506.902490849,  1411.1
1588.89704175,  99385.4,  95487.7,  400.192999342,  506.902563893,  1410.21
1588.91747619,  99400.0,  95502.7,  400.192934579,  506.902590951,  1410.17
1588.93791074,  99393.4,  95494.2,  400.192805285,  506.902532577,  1409.89
1588.95834518,  99385.1,  95488.1,  400.192660921,  506.902326997,  1411.46
1588.97877952,  99397.3,  95499.7,  400.192733451,  506.902468424,  1410.51
1588.99921406,  99407.2,  95508.3,  400.192942642,  506.902593558,  1410.65
1589.01964851,  99390.5,  95493.8,  400.192771983,  506.902456149,  1410.23
1589.04008285,  99376.6,  95478.5,  400.192668113,  506.902263042,  1409.7
1589.06051739,  99403.5,  95505.5,  400.192674498,  506.902250337,  1411.43
1589.08095183,  99395.7,  95500.1,  400.192737248,  506.902511654,  1409.89
1589.10138638,  99403.9,  95505.9,  400.19257392,  506.902260286,  1410.76
1589.12182072,  99399.4,  95503.1,  400.192664625,  506.902331751,  1411.24
1589.14225516,  99398.3,  95501.2,  400.192663281,  506.902251909,  1408.9
1589.16268961,  99400.2,  95502.5,  400.192524574,  506.902346433,  1409.34
1589.18312405,  99406.0,  95509.4,  400.192756737,  506.902279421,  1409.59
1589.20355839,  99403.7,  95506.0,  400.192549799,  506.902185291,  1409.57
1589.22399293,  99396.2,  95498.9,  400.192838965,  506.90251604,  1409.81
1589.24442738,  99409.3,  95513.2,  400.192496485,  506.902023881,  1409.4
1589.26486192,  99400.1,  95502.3,  400.192428063,  506.902279722,  1409.22
1589.28529626,  99399.1,  95501.4,  400.192501807,  506.902173057,  1409.58
1589.30573071,  99386.6,  95491.7,  400.192842458,  506.902227753,  1409.45
1589.32616525,  99407.3,  95509.2,  400.192541739,  506.902276844,  1408.57
1589.34659959,  99415.9,  95518.8,  400.192648123,  506.902278047,  1408.98
1589.36703404,  99410.3,  95512.7,  400.19232491,  506.902141122,  1407.9
1589.38746858,  99411.6,  95514.1,  400.19261302,  506.902198569,  1407.33
1589.40790292,  99406.0,  95508.3,  400.192782067,  506.902096378,  1407.99
1589.42833736,  99394.2,  95497.6,  400.192701191,  506.902022274,  1408.16
1589.44877191,  99393.3,  95496.7,  400.192283103,  506.902135095,  1407.02
1589.46920635,  99417.3,  95519.4,  400.192829316,  506.902078789,  1407.16
1589.48964079,  99430.1,  95531.3,  400.192258256,  506.902029094,  1407.5
1589.51007524,  99414.4,  95519.0,  400.192671447,  506.90201447,  1406.87
1589.53050968,  99418.1,  95521.1,  400.192624492,  506.901992111,  1408.25
1589.55094412,  99410.2,  95510.7,  400.192453411,  506.901976335,  1407.68
1589.57137857,  99419.6,  95520.9,  400.192655953,  506.901939851,  1407.47
1589.59181301,  99416.0,  95518.8,  400.192439857,  506.902134913,  1406.46
1589.61224755,  99432.7,  95534.0,  400.192496514,  506.901984286,  1409.09
1589.6326819,  99430.8,  95533.6,  400.192680816,  506.901945411,  1407.69
1589.65311634,  99410.4,  95512.4,  400.192279064,  506.902023385,  1407.46
1589.67355088,  99431.2,  95532.9,  400.192744255,  506.901692287,  1408.0
1589.69398523,  99444.4,  95546.4,  400.192476983,  506.901977974,  1405.87
1589.71441977,  99438.7,  95539.2,  400.192188856,  506.902188618,  1407.11
1589.73485421,  99423.1,  95525.8,  400.192753925,  506.902003058,  1406.24
1589.75528856,  99420.1,  95523.4,  400.192371123,  506.901507218,  1407.47
1589.7757231,  99437.8,  95537.8,  400.192447634,  506.902259027,  1406.37
1589.79615754,  99455.2,  95554.9,  400.192819485,  506.902021369,  1407.88
1589.81659189,  99442.5,  95543.4,  400.19214252,  506.90182879,  1407.74
1589.85746077,  99421.7,  95524.2,  400.192668974,  506.901874011,  1406.18
1589.87789532,  99445.6,  95545.5,  400.192294639,  506.90199877,  1405.73
1589.89832976,  99439.4,  95540.8,  400.192468122,  506.902012768,  1406.88
1589.91876411,  99438.1,  95537.6,  400.192562947,  506.90209271,  1407.5
1589.93919865,  99454.4,  95552.9,  400.19233282,  506.902133481,  1405.72
1589.95963309,  99437.0,  95537.3,  400.192529106,  506.901893655,  1405.22
1589.98006744,  99446.2,  95546.1,  400.192067031,  506.902084589,  1406.32
1590.00050198,  99435.4,  95535.0,  400.19234391,  506.90199426,  1405.46
1590.02093642,  99427.8,  95530.4,  400.192483497,  506.902313411,  1405.58
1590.04137087,  99439.9,  95539.6,  400.1925171,  506.901874896,  1406.11
1590.06180531,  99443.8,  95543.3,  400.192250878,  506.902120518,  1404.7
1590.08223975,  99425.1,  95527.1,  400.19227504,  506.901627587,  1405.83
1590.1026743,  99427.0,  95527.4,  400.192309612,  506.902082205,  1405.92
1590.12310864,  99429.4,  95530.2,  400.192486105,  506.901951847,  1406.19
1590.14354309,  99428.0,  95528.6,  400.192405089,  506.901832614,  1405.39
1590.16397763,  99454.6,  95553.2,  400.192351193,  506.90210505,  1406.11
1590.18441207,  99412.3,  95512.8,  400.192350129,  506.902321778,  1404.67
1590.20484642,  99413.1,  95514.4,  400.192280174,  506.901868944,  1406.06
1590.22528096,  99421.7,  95522.1,  400.192171573,  506.901993798,  1406.22
1590.24571541,  99418.1,  95519.8,  400.19248412,  506.902088154,  1405.44
1590.26614975,  99412.1,  95512.3,  400.192307599,  506.902058506,  1405.01
1590.28658429,  99421.6,  95522.0,  400.192380863,  506.901999297,  1403.22
1590.30701874,  99391.7,  95494.7,  400.192474675,  506.901768208,  1406.9
1590.32745328,  99418.2,  95518.4,  400.192272672,  506.901911524,  1404.17
1590.34788763,  99391.9,  95494.9,  400.192458173,  506.902017618,  1405.55
1590.36832207,  99398.4,  95500.1,  400.192176702,  506.901819442,  1404.8
1590.38875661,  99394.4,  95495.1,  400.192045171,  506.90213041,  1404.5
1590.40919096,  99399.4,  95502.3,  400.192352681,  506.901905663,  1404.54
1590.4296254,  99395.5,  95497.5,  400.192317322,  506.901703613,  1405.3
1590.45005985,  99397.4,  95499.9,  400.192317429,  506.901975613,  1403.55
1590.47049429,  99392.6,  95494.6,  400.192200653,  506.901852283,  1404.87
1590.49092883,  99370.2,  95471.5,  400.192208079,  506.901816246,  1403.6
1590.51136318,  99384.4,  95486.7,  400.192466105,  506.901771592,  1405.58
1590.53179762,  99379.9,  95483.0,  400.192374736,  506.901793119,  1403.74
1590.55223217,  99380.3,  95481.7,  400.192340004,  506.901967721,  1404.59
1590.57266651,  99368.2,  95471.0,  400.192061764,  506.902213526,  1402.74
1590.59310095,  99368.3,  95470.8,  400.192449736,  506.901947027,  1405.48
1590.6135355,  99375.9,  95477.6,  400.192298127,  506.901869409,  1404.07
1590.63396984,  99352.7,  95457.1,  400.192264522,  506.901711957,  1402.58
1590.65440429,  99380.2,  95481.6,  400.192131263,  506.901769812,  1405.08
1590.67483883,  99366.4,  95468.8,  400.19228566,  506.901645882,  1403.44
1590.69527327,  99380.8,  95482.9,  400.192101694,  506.902060878,  1404.3
1590.71570772,  99384.5,  95486.1,  400.1920894,  506.90192337,  1403.04
1590.73614216,  99369.3,  95472.6,  400.192328841,  506.901863674,  1403.35
1590.75657661,  99377.4,  95480.0,  400.192359225,  506.902040189,  1402.94
1590.77701105,  99364.6,  95466.3,  400.192165681,  506.902218109,  1403.75
1590.7974455,  99357.6,  95461.9,  400.192498213,  506.901597454,  1403.08
1590.81787994,  99384.2,  95485.0,  400.19216002,  506.901869355,  1402.58
1590.83831448,  99393.7,  95495.3,  400.192462439,  506.901677512,  1402.61
1590.85874883,  99370.4,  95473.2,  400.192242457,  506.901627672,  1404.17
1590.87918327,  99366.4,  95467.9,  400.192121151,  506.90187711,  1404.95
1590.89961782,  99379.8,  95481.8,  400.192323144,  506.901779814,  1403.56
1590.92005216,  99377.2,  95480.1,  400.192371278,  506.90172064,  1403.63
1590.94048671,  99382.9,  95484.9,  400.192305531,  506.901737147,  1403.26
1590.96092115,  99375.6,  95478.5,  400.192394103,  506.901653846,  1403.6
1590.9813555,  99366.9,  95451.8,  400.191555168,  506.902831916,  1403.38
1591.00179004,  99383.2,  95475.4,  400.192089892,  506.901742827,  1403.88
