Kepler I.D.-----Channel

[8892910]--------[37]

-TTYPE1--------TTYPE8------------TTYPE4-----------TTYPE15------------TTYPE17-----------TTYPE6

['TIME']---['PDCSAP_FLUX']---['SAP_FLUX']---['MOM_CENTR1']---['MOM_CENTR2']---['SAP_BKG']

['BJD - 2454833']--['e-/s']--------['e-/s']---------['pixel']---------['pixel']----------['e-/s']

CROWDSAP --- 0.9952

8892910

1559.24626575,  42951.0,  38275.0,  332.751154448,  837.46579261,  1545.76
1559.2666999,  42961.5,  38285.2,  332.750961463,  837.465582277,  1545.97
1559.28713416,  42963.9,  38284.0,  332.751137921,  837.465950996,  1544.66
1559.30756821,  42941.1,  38262.7,  332.751266562,  837.465465514,  1543.92
1559.32800237,  42962.2,  38282.9,  332.75101936,  837.465512985,  1544.03
1559.34843663,  42968.2,  38285.0,  332.751434771,  837.465831186,  1545.08
1559.36887069,  42959.4,  38276.1,  332.750961492,  837.465426635,  1545.35
1559.38930494,  42955.8,  38273.6,  332.751034688,  837.46541886,  1543.16
1559.4097391,  42963.8,  38277.0,  332.750974589,  837.465151599,  1543.28
1559.43017326,  42965.3,  38277.8,  332.750839236,  837.46520872,  1545.41
1559.45060742,  42957.0,  38269.6,  332.750791362,  837.464988077,  1543.83
1559.47104157,  42966.2,  38274.3,  332.750836139,  837.464761146,  1545.55
1559.49147573,  42960.7,  38271.7,  332.751206071,  837.465132391,  1543.33
1559.51190989,  42954.8,  38263.5,  332.751568982,  837.465160594,  1544.5
1559.53234405,  42960.6,  38266.6,  332.751044271,  837.464884699,  1544.01
1559.55277821,  42966.7,  38273.1,  332.751520653,  837.464876598,  1542.22
1559.57321237,  42960.5,  38264.3,  332.75110912,  837.464893909,  1542.27
1559.59364653,  42956.0,  38260.3,  332.751090489,  837.464713117,  1542.97
1559.61408069,  42956.1,  38260.2,  332.751003587,  837.464659668,  1543.73
1559.63451485,  42964.7,  38264.7,  332.751154641,  837.464756503,  1542.55
1559.65494901,  42957.3,  38259.2,  332.750859831,  837.464519824,  1541.78
1559.67538327,  42965.3,  38264.5,  332.751120736,  837.464345949,  1541.58
1559.69581733,  42961.0,  38258.9,  332.751166594,  837.46482385,  1540.52
1559.71625149,  42960.0,  38259.0,  332.750929183,  837.464287493,  1542.77
1559.73668575,  42965.2,  38260.1,  332.751264929,  837.464268872,  1540.49
1559.75711981,  42953.8,  38250.6,  332.750998611,  837.464291926,  1540.71
1559.77755408,  42970.5,  38265.5,  332.750869275,  837.464180262,  1540.64
1559.79798824,  42946.1,  38241.0,  332.751122345,  837.463984482,  1540.95
1559.8184223,  42887.6,  38189.3,  332.751147218,  837.464373472,  1540.71
1559.83885656,  42803.7,  38116.2,  332.751352291,  837.464134025,  1541.31
1559.85929073,  42733.0,  38049.1,  332.751567232,  837.464170441,  1540.34
1559.87972479,  42710.7,  38030.6,  332.751673248,  837.464269529,  1541.34
1559.90015905,  42712.1,  38030.6,  332.751272427,  837.464400353,  1539.93
1559.92059321,  42742.6,  38056.2,  332.751601536,  837.464218667,  1540.42
1559.94102748,  42818.2,  38124.4,  332.750975603,  837.463869436,  1539.4
1559.96146154,  42895.7,  38190.9,  332.75122875,  837.464110904,  1539.56
1559.98189571,  42964.1,  38250.7,  332.751155126,  837.463900661,  1538.7
1560.00232997,  42959.7,  38247.6,  332.750768476,  837.463917855,  1539.47
1560.02276403,  42964.0,  38249.1,  332.750891654,  837.463401667,  1537.87
1560.0431982,  42963.3,  38248.0,  332.751068281,  837.463521859,  1539.2
1560.06363246,  42976.2,  38261.2,  332.750573785,  837.463326869,  1537.43
1560.08406653,  42962.8,  38246.3,  332.750798711,  837.463547344,  1538.66
1560.10450079,  42956.4,  38242.4,  332.750820016,  837.463165821,  1538.5
1560.12493496,  42975.3,  38257.7,  332.751181463,  837.463395622,  1537.15
1560.14536902,  42956.9,  38240.2,  332.751071909,  837.463634522,  1538.37
1560.16580329,  42969.6,  38253.5,  332.750869426,  837.463230791,  1538.63
1560.18623746,  42966.6,  38248.9,  332.750626542,  837.46328809,  1538.93
1560.20667152,  42953.8,  38237.5,  332.75133099,  837.463133095,  1537.17
1560.22710579,  42965.4,  38248.7,  332.750986895,  837.46322955,  1537.21
1560.24753996,  42962.5,  38244.3,  332.751288589,  837.462787885,  1536.65
1560.26797402,  42964.1,  38246.0,  332.751202242,  837.462727668,  1536.51
1560.28840829,  42955.9,  38239.6,  332.750895785,  837.463053198,  1536.13
1560.30884246,  42966.3,  38246.0,  332.750756772,  837.463200934,  1536.73
1560.32927662,  42964.0,  38246.3,  332.750913492,  837.463029202,  1534.51
1560.34971079,  42958.1,  38240.3,  332.751094697,  837.462917735,  1536.92
1560.37014496,  42960.3,  38241.1,  332.751304948,  837.462954037,  1536.76
1560.39057923,  42948.5,  38232.7,  332.751048104,  837.462957678,  1537.13
1560.4110133,  42957.0,  38237.7,  332.750996115,  837.462929313,  1536.91
1560.43144747,  42974.8,  38254.1,  332.751091695,  837.462949091,  1536.28
1560.45188173,  42975.7,  38255.9,  332.751170433,  837.46288293,  1535.95
1560.4723158,  42965.9,  38245.2,  332.75123388,  837.462786942,  1536.97
1560.49275007,  42972.2,  38251.9,  332.751128557,  837.463110424,  1534.72
1560.51318424,  42959.1,  38241.4,  332.75116678,  837.463058776,  1536.02
1560.53361831,  42966.0,  38245.2,  332.75105616,  837.462368791,  1535.47
1560.55405258,  42975.6,  38254.8,  332.75123496,  837.462916096,  1534.77
1560.57448675,  42969.8,  38249.6,  332.751235893,  837.462769987,  1535.33
1560.59492082,  42964.5,  38243.4,  332.751485346,  837.462968046,  1535.32
1560.61535509,  42958.0,  38240.4,  332.750960241,  837.462658086,  1535.87
1560.63578926,  42951.1,  38232.5,  332.751580803,  837.462974568,  1535.09
1560.65622343,  42952.0,  38232.6,  332.75157339,  837.462856152,  1533.69
1560.67665761,  42962.2,  38243.6,  332.751516215,  837.462649084,  1533.56
1560.69709178,  42969.1,  38247.3,  332.751714844,  837.462697812,  1535.11
1560.73796012,  42962.0,  38243.6,  332.751050139,  837.46245442,  1534.53
1560.75839429,  42973.9,  38251.3,  332.751637019,  837.462516364,  1533.55
1560.77882856,  42961.3,  38242.2,  332.751406247,  837.463137522,  1532.86
1560.79926264,  42984.8,  38260.7,  332.751522205,  837.462996271,  1533.47
1560.81969681,  42958.9,  38238.8,  332.751435807,  837.462529571,  1534.19
1560.84013108,  42950.2,  38233.9,  332.751195898,  837.462969859,  1542.15
1560.96273613,  43005.3,  38288.6,  332.751290318,  837.463081607,  1548.95
1560.9831702,  42965.2,  38249.9,  332.751617493,  837.462752542,  1552.93
1561.00360447,  42972.9,  38261.1,  332.751598315,  837.46262843,  1550.05
1561.02403865,  42956.2,  38245.1,  332.750999138,  837.462531127,  1547.15
1561.04447292,  42977.9,  38262.3,  332.752417466,  837.462581921,  1547.95
1561.064907,  42964.0,  38252.2,  332.752211559,  837.462198114,  1548.5
1561.08534118,  42968.1,  38254.1,  332.751619893,  837.462391998,  1547.27
1561.10577545,  42974.1,  38259.1,  332.751219958,  837.462131732,  1544.27
1561.12620953,  43025.1,  38303.8,  332.752185531,  837.464659077,  1544.03
1561.1466437,  43043.2,  38319.8,  332.751750424,  837.46398716,  1542.97
1561.16707798,  42994.0,  38276.5,  332.751670031,  837.462651633,  1542.26
1561.18751206,  42971.2,  38257.3,  332.751662232,  837.461526232,  1541.77
1561.20794623,  42995.6,  38275.3,  332.751718754,  837.461694233,  1540.83
1561.22838051,  42993.8,  38276.9,  332.752073244,  837.463536809,  1540.31
1561.24881459,  42969.6,  38253.0,  332.751358174,  837.462745383,  1539.29
1561.26924886,  42958.2,  38243.6,  332.751746526,  837.461804208,  1538.18
1561.28968304,  42978.1,  38262.7,  332.750975666,  837.462512913,  1536.2
1561.31011722,  42964.0,  38246.7,  332.751880658,  837.462456562,  1536.46
1561.3305514,  42986.9,  38267.6,  332.751747309,  837.46250782,  1534.95
1561.35098558,  42992.9,  38273.7,  332.751540838,  837.462360565,  1535.22
1561.37141976,  42978.1,  38257.8,  332.752297817,  837.462746487,  1535.05
1561.39185393,  42976.6,  38258.2,  332.751357435,  837.462480076,  1534.29
1561.41228811,  42996.9,  38276.2,  332.751943727,  837.46240738,  1534.93
1561.43272239,  42980.0,  38259.4,  332.752384156,  837.462785432,  1533.76
1561.45315647,  42996.3,  38276.3,  332.752240989,  837.462523456,  1532.27
1561.47359065,  42966.6,  38247.5,  332.751629223,  837.462827082,  1533.03
1561.49402483,  42973.0,  38251.4,  332.751700376,  837.462237667,  1533.01
1561.51445901,  43058.7,  38330.3,  332.752701868,  837.464024136,  1533.22
1561.53489319,  42963.7,  38243.2,  332.751588964,  837.461895525,  1531.78
1561.55532747,  42969.1,  38247.5,  332.751805637,  837.461977151,  1531.76
1561.57576155,  42966.3,  38246.8,  332.751375981,  837.461760173,  1531.32
1561.59619573,  42974.6,  38251.0,  332.752125211,  837.462677246,  1530.2
1561.61663001,  42970.5,  38249.5,  332.75169266,  837.462071519,  1531.55
1561.6370641,  42970.0,  38249.4,  332.752025666,  837.461516239,  1531.31
1561.65749838,  42986.1,  38260.7,  332.752265874,  837.461992598,  1529.92
1561.67793256,  42988.0,  38263.7,  332.751982481,  837.461535759,  1530.25
1561.69836664,  42963.0,  38240.3,  332.752140878,  837.462184846,  1529.66
1561.71880092,  42976.9,  38252.0,  332.75168502,  837.461647417,  1529.12
1561.73923511,  42976.4,  38252.3,  332.751783337,  837.461671286,  1530.38
1561.75966919,  42990.7,  38262.3,  332.752061833,  837.461867296,  1529.46
1561.78010347,  42992.7,  38264.5,  332.751561449,  837.461632065,  1529.91
1561.80053765,  42985.6,  38260.0,  332.752091313,  837.461766479,  1528.27
1561.82097194,  42977.1,  38249.7,  332.752212464,  837.461416201,  1529.0
1561.84140602,  42984.3,  38257.2,  332.751406634,  837.461575754,  1529.76
1561.8618402,  42983.6,  38255.9,  332.751870116,  837.461773841,  1527.01
1561.88227449,  42982.0,  38252.8,  332.75206851,  837.461280892,  1527.77
1561.90270857,  42996.6,  38267.3,  332.751992237,  837.462169994,  1528.01
1561.92314276,  42986.7,  38256.7,  332.751849936,  837.461282499,  1528.63
1561.94357704,  42986.3,  38256.5,  332.751583079,  837.461366029,  1528.15
1561.96401113,  42982.9,  38255.4,  332.752011789,  837.461390332,  1527.72
1561.98444531,  42976.8,  38247.2,  332.752260544,  837.462011079,  1526.56
1562.0048796,  42977.0,  38247.9,  332.751887901,  837.461254156,  1526.61
1562.02531378,  43000.5,  38269.6,  332.751731852,  837.461360354,  1526.09
1562.04574797,  42977.2,  38245.7,  332.752092707,  837.461337752,  1525.63
1562.06618215,  42977.1,  38247.8,  332.752195078,  837.46116781,  1525.5
1562.08661624,  42970.0,  38239.8,  332.75185059,  837.461463812,  1527.25
1562.10705052,  42989.2,  38255.3,  332.751950668,  837.460686205,  1524.21
1562.12748471,  42984.5,  38253.5,  332.751929786,  837.461419817,  1524.09
1562.1479188,  42979.6,  38248.2,  332.751959753,  837.46092836,  1526.22
1562.16835308,  42985.0,  38252.6,  332.752127288,  837.46089054,  1524.2
1562.18878727,  42991.0,  38259.8,  332.75225466,  837.461388389,  1522.89
1562.20922156,  42989.3,  38254.7,  332.7516703,  837.46099,  1523.93
1562.22965565,  42992.7,  38258.6,  332.752206785,  837.461293567,  1522.69
1562.25008983,  42987.0,  38255.4,  332.752162697,  837.460649063,  1522.73
1562.27052412,  42982.2,  38248.1,  332.752289373,  837.461070813,  1522.97
1562.29095821,  42975.1,  38244.0,  332.75205532,  837.460967285,  1523.59
1562.3113924,  42969.6,  38238.7,  332.752278626,  837.460747701,  1522.12
1562.33182669,  42985.3,  38249.9,  332.752424914,  837.460588461,  1522.52
1562.35226077,  42983.9,  38250.5,  332.752169064,  837.460261212,  1522.1
1562.37269506,  42981.6,  38248.4,  332.752247096,  837.460838431,  1521.67
1562.39312925,  42971.2,  38238.8,  332.752178881,  837.460509234,  1522.26
1562.41356334,  42982.0,  38250.0,  332.751905207,  837.460728328,  1522.71
1562.43399763,  42978.1,  38244.1,  332.752348043,  837.460612356,  1521.29
1562.45443182,  42993.4,  38258.3,  332.752145044,  837.461349229,  1520.12
1562.47486591,  42984.4,  38252.2,  332.752238955,  837.460557101,  1521.0
1562.4953002,  42972.8,  38240.0,  332.75224342,  837.46050577,  1520.76
1562.51573439,  42976.4,  38244.1,  332.752222288,  837.460455116,  1519.86
1562.53616858,  42991.6,  38257.3,  332.751971573,  837.46068808,  1521.22
1562.55660277,  42979.1,  38244.2,  332.752085441,  837.46012419,  1520.22
1562.57703696,  42975.9,  38243.6,  332.752045455,  837.460803624,  1521.55
1562.59747125,  42963.4,  38230.5,  332.752295498,  837.46014713,  1521.53
1562.61790535,  42971.4,  38238.0,  332.752027057,  837.460477984,  1519.18
1562.63833954,  42977.8,  38245.4,  332.751898464,  837.460461442,  1520.83
1562.65877383,  42973.0,  38238.6,  332.751838071,  837.460103079,  1521.3
1562.67920802,  42978.8,  38245.0,  332.752314819,  837.46030125,  1519.11
1562.69964211,  42982.5,  38249.8,  332.752086342,  837.4605032,  1521.62
1562.72007641,  42991.9,  38255.5,  332.752433253,  837.460447827,  1519.34
1562.7405105,  42980.0,  38245.4,  332.752528202,  837.460150564,  1520.06
1562.76094479,  42977.8,  38243.7,  332.751903701,  837.460469857,  1521.06
1562.78137898,  42986.7,  38250.3,  332.752271595,  837.460452416,  1520.79
1562.80181308,  42975.8,  38241.9,  332.751895932,  837.459896346,  1520.0
1562.82224737,  42991.1,  38253.7,  332.751796017,  837.460329853,  1520.09
1562.84268156,  42977.3,  38242.9,  332.752140906,  837.460288244,  1518.94
1562.86311566,  42970.1,  38237.3,  332.752183632,  837.460424591,  1520.16
1562.88354995,  42974.2,  38238.1,  332.752525178,  837.460058759,  1519.53
1562.90398415,  42981.7,  38246.2,  332.752029731,  837.460220312,  1520.31
1562.92441824,  42976.1,  38242.7,  332.752213273,  837.460077834,  1519.61
1562.94485254,  42980.9,  38244.1,  332.752158587,  837.460141538,  1520.35
1562.96528673,  42973.0,  38238.9,  332.752380322,  837.459781243,  1520.3
1562.98572103,  42990.3,  38253.1,  332.75225498,  837.459553392,  1519.69
1563.00615512,  42978.8,  38242.6,  332.75223649,  837.460044222,  1519.78
1563.02658932,  42982.2,  38247.8,  332.752555238,  837.460213398,  1521.65
1563.04702361,  42988.4,  38250.8,  332.752464028,  837.459883732,  1519.74
1563.06745771,  42984.8,  38248.2,  332.752073057,  837.460297634,  1518.66
1563.08789191,  42974.7,  38241.0,  332.752412731,  837.460292031,  1519.45
1563.1083262,  42961.9,  38227.4,  332.752473129,  837.460212832,  1519.23
1563.1287603,  42990.3,  38253.6,  332.752254822,  837.459932283,  1517.48
1563.1491946,  42972.0,  38236.4,  332.752289231,  837.459917306,  1518.86
1563.16962879,  42979.5,  38242.3,  332.75246483,  837.459797455,  1519.52
1563.19006299,  42965.7,  38231.7,  332.75191719,  837.459685339,  1518.62
1563.21049719,  42980.3,  38242.7,  332.752292421,  837.4597352,  1522.03
1563.23093138,  42980.9,  38243.8,  332.752124066,  837.459351445,  1524.48
1563.25136558,  42980.5,  38244.9,  332.752182055,  837.459640425,  1526.6
1563.27179978,  42987.1,  38249.0,  332.752197741,  837.459591102,  1525.69
1563.29223398,  42983.4,  38246.1,  332.752235172,  837.459546897,  1526.94
1563.31266818,  42986.8,  38251.2,  332.753013258,  837.459899105,  1526.02
1563.33310248,  42981.0,  38242.8,  332.752417357,  837.459723666,  1526.18
1563.35353657,  42972.5,  38236.9,  332.752566498,  837.45908881,  1525.69
1563.37397077,  42977.0,  38241.3,  332.752126421,  837.459371541,  1525.89
1563.39440497,  42975.2,  38237.5,  332.752171161,  837.459541107,  1524.74
1563.41483917,  42965.3,  38231.0,  332.752625609,  837.459286467,  1523.8
1563.43527347,  42970.7,  38235.8,  332.752089649,  837.459302678,  1522.79
1563.45570757,  42963.5,  38227.9,  332.752219422,  837.459375136,  1523.32
1563.47614177,  42972.1,  38236.8,  332.752006233,  837.459317741,  1524.55
1563.49657607,  42966.6,  38231.0,  332.752328514,  837.459058433,  1523.25
1563.51701017,  42973.3,  38236.2,  332.752369668,  837.458964298,  1523.51
1563.53744447,  42980.3,  38245.6,  332.752114342,  837.459277452,  1522.61
1563.55787867,  42984.6,  38245.6,  332.752320729,  837.459049874,  1521.44
1563.57831278,  42981.2,  38245.4,  332.752295066,  837.458741293,  1522.3
1563.59874708,  42967.8,  38233.5,  332.75273081,  837.458355927,  1521.4
1563.61918128,  42974.0,  38236.9,  332.752188542,  837.459617988,  1520.71
1563.63961538,  42970.9,  38236.7,  332.752481558,  837.458853883,  1520.55
1563.66004968,  42984.6,  38247.6,  332.752267202,  837.459154525,  1518.46
1563.68048388,  42972.6,  38235.6,  332.752597674,  837.459041686,  1518.72
1563.72135229,  42975.7,  38237.4,  332.752380221,  837.459050263,  1517.58
1563.74178649,  42972.5,  38234.8,  332.752212115,  837.458911442,  1518.91
1563.76222079,  42969.8,  38234.0,  332.752671636,  837.459116043,  1519.46
1563.7826549,  42978.8,  38239.1,  332.752406144,  837.459118075,  1519.4
1563.8030891,  42974.9,  38236.6,  332.752426846,  837.458851449,  1519.12
1563.8235234,  42970.2,  38234.0,  332.752725188,  837.459233214,  1518.96
1563.84395761,  42964.7,  38226.6,  332.752548239,  837.459124962,  1519.54
1563.86439171,  42966.3,  38231.0,  332.752607704,  837.459062151,  1519.37
1563.88482602,  42971.1,  38234.0,  332.751925037,  837.459016171,  1520.16
1563.90526022,  42975.9,  38236.9,  332.752403394,  837.459334672,  1519.64
1563.92569443,  42967.4,  38231.5,  332.752377598,  837.458808465,  1520.82
1563.94612863,  42970.7,  38232.8,  332.752491438,  837.458977166,  1520.31
1563.96656284,  42973.6,  38235.8,  332.752938843,  837.459118915,  1520.37
1563.98699704,  42963.2,  38229.4,  332.752263206,  837.4588918,  1520.47
1564.00743125,  42977.2,  38238.5,  332.752482007,  837.45902711,  1519.74
1564.02786545,  42964.8,  38229.2,  332.75267923,  837.458825199,  1520.08
1564.04829966,  42972.7,  38237.2,  332.752550176,  837.458852983,  1520.03
1564.06873386,  42967.3,  38230.2,  332.752711084,  837.459053067,  1518.34
1564.08916817,  42972.1,  38237.5,  332.752863903,  837.459055239,  1522.18
1564.10960228,  42965.7,  38230.2,  332.752672527,  837.459219606,  1522.5
1564.13003648,  42976.8,  38239.6,  332.752903003,  837.45920272,  1520.88
1564.15047079,  42976.9,  38241.8,  332.753061297,  837.458659944,  1519.89
1564.1709049,  42973.8,  38237.1,  332.752630517,  837.458699417,  1521.62
1564.1913391,  42975.5,  38239.4,  332.752684905,  837.458636353,  1521.3
1564.21177341,  42982.1,  38246.2,  332.75310703,  837.459265133,  1518.53
1564.23220752,  42965.5,  38229.1,  332.752500349,  837.458796592,  1518.88
1564.25264173,  42965.4,  38230.7,  332.753016432,  837.458573845,  1518.19
1564.27307603,  42976.7,  38241.2,  332.752926316,  837.458619022,  1518.44
1564.29351014,  42965.4,  38229.3,  332.752601579,  837.458553641,  1517.76
1564.31394445,  42971.6,  38237.4,  332.752841823,  837.458723639,  1516.0
1564.33437866,  42969.9,  38234.0,  332.752973848,  837.458491936,  1517.95
1564.35481277,  42975.3,  38237.7,  332.752848801,  837.45837173,  1513.69
1564.37524708,  42969.4,  38234.2,  332.75249515,  837.458977461,  1516.35
1564.39568129,  42966.0,  38229.3,  332.753151859,  837.458947514,  1515.88
1564.4161155,  42971.0,  38234.2,  332.753020517,  837.458963625,  1515.12
1564.43654971,  42972.8,  38236.5,  332.752471566,  837.458849433,  1514.81
1564.45698392,  42964.6,  38227.6,  332.752683279,  837.458976294,  1514.63
1564.47741823,  42972.6,  38235.9,  332.752515168,  837.458522806,  1513.36
1564.49785244,  42967.8,  38232.2,  332.752795751,  837.458615512,  1510.83
1564.51828655,  42976.7,  38238.2,  332.752875253,  837.458363233,  1513.79
1564.53872086,  42960.5,  38225.2,  332.752998464,  837.45845539,  1513.53
1564.55915507,  42973.9,  38235.1,  332.753160459,  837.458403314,  1512.5
1564.57958918,  42967.6,  38229.9,  332.752863017,  837.458433905,  1510.24
1564.60002349,  42960.0,  38223.9,  332.752501453,  837.458591085,  1511.04
1564.6204577,  42962.2,  38223.6,  332.753093454,  837.458482173,  1508.65
1564.64089181,  42979.5,  38239.4,  332.75251249,  837.458241037,  1508.1
1564.66132613,  42966.4,  38228.8,  332.752803757,  837.45835329,  1507.21
1564.68176024,  42967.2,  38226.9,  332.753076459,  837.458454294,  1504.97
1564.70219455,  42970.8,  38232.0,  332.752808654,  837.458236441,  1506.5
1564.72262876,  42971.5,  38231.6,  332.753117806,  837.458372504,  1506.53
1564.74306288,  42957.5,  38218.0,  332.752970855,  837.458483022,  1506.25
1564.76349719,  42957.1,  38219.9,  332.752942862,  837.458086184,  1505.0
1564.7839314,  42961.7,  38222.6,  332.752882331,  837.458170865,  1505.33
1564.80436551,  42956.4,  38215.8,  332.752787919,  837.458262739,  1503.55
1564.82479983,  42971.1,  38230.9,  332.753426477,  837.458440715,  1503.74
1564.84523404,  42959.8,  38218.8,  332.753044736,  837.458327347,  1502.99
1564.86566836,  42966.1,  38224.7,  332.752679405,  837.457953392,  1503.84
1564.88610247,  42956.8,  38217.5,  332.752855824,  837.457948482,  1503.18
1564.90653668,  42955.4,  38213.4,  332.753245613,  837.457780022,  1503.28
1564.926971,  42979.0,  38235.9,  332.752959912,  837.45870495,  1503.01
1564.94740511,  42972.1,  38229.6,  332.753003997,  837.457792617,  1502.54
1564.96783933,  42955.4,  38213.2,  332.75298997,  837.458133735,  1502.52
1564.98827364,  42968.3,  38226.2,  332.752745923,  837.458048889,  1501.86
1565.00870776,  42973.3,  38229.0,  332.752712354,  837.458185574,  1502.61
1565.02914197,  42969.8,  38225.3,  332.753207405,  837.4582776,  1502.24
1565.04957629,  42969.3,  38226.0,  332.752967106,  837.457633954,  1501.23
1565.0700105,  42961.7,  38217.1,  332.753027372,  837.457540149,  1502.26
1565.09044472,  42965.3,  38220.7,  332.753247494,  837.457677054,  1503.37
1565.11087894,  42971.6,  38228.3,  332.752965252,  837.458032292,  1503.48
1565.13131315,  42960.1,  38215.1,  332.752978557,  837.457907508,  1502.31
1565.15174737,  42954.2,  38211.7,  332.753367587,  837.458024751,  1500.94
1565.17218159,  42968.8,  38224.0,  332.752874989,  837.457557456,  1502.15
1565.1926158,  42960.4,  38214.6,  332.752941918,  837.457873385,  1501.75
1565.21305012,  42958.9,  38215.5,  332.752653341,  837.457979901,  1501.56
1565.23348424,  42954.9,  38210.3,  332.752936964,  837.457731342,  1501.09
1565.25391856,  42971.4,  38224.0,  332.752806102,  837.457733072,  1501.0
1565.27435277,  42957.8,  38213.5,  332.753055372,  837.457532246,  1502.31
1565.29478689,  42962.0,  38215.3,  332.753138728,  837.457393208,  1500.82
1565.31522121,  42955.0,  38209.2,  332.752757337,  837.457916429,  1501.24
1565.33565533,  42953.2,  38208.4,  332.753023202,  837.457397557,  1502.05
1565.35608955,  42963.2,  38215.0,  332.753459003,  837.457607183,  1500.55
1565.37652387,  42955.8,  38210.8,  332.752792913,  837.457327959,  1500.83
1565.39695799,  42956.2,  38209.5,  332.753283879,  837.457564712,  1501.02
1565.4173922,  42963.1,  38215.6,  332.753614627,  837.457661207,  1501.63
1565.43782652,  42951.8,  38207.6,  332.753070823,  837.45701442,  1500.77
1565.45826064,  42962.3,  38214.8,  332.753206581,  837.457315697,  1500.75
1565.47869496,  42962.3,  38214.2,  332.753040311,  837.457475377,  1502.25
1565.49912918,  42952.2,  38206.5,  332.753084992,  837.45739197,  1501.92
1565.5195633,  42965.8,  38216.6,  332.752794485,  837.457501835,  1502.04
1565.53999762,  42968.0,  38219.0,  332.752647955,  837.457036405,  1500.62
1565.56043184,  42956.2,  38209.6,  332.753297679,  837.457133985,  1500.45
1565.58086607,  42960.0,  38210.4,  332.752918729,  837.456923433,  1501.41
1565.60130029,  42970.7,  38221.8,  332.75308482,  837.456899518,  1502.13
1565.62173451,  42964.8,  38214.9,  332.753293554,  837.457573392,  1500.38
1565.64216883,  42955.8,  38206.7,  332.752976345,  837.457321782,  1500.95
1565.66260295,  42944.5,  38197.9,  332.753187354,  837.456936827,  1500.05
1565.68303717,  42962.4,  38212.1,  332.753406432,  837.456932372,  1499.81
1565.70347149,  42971.7,  38219.9,  332.753429004,  837.456904948,  1499.29
1565.72390572,  42961.4,  38213.7,  332.75310216,  837.456626512,  1499.43
1565.74433984,  42959.0,  38208.1,  332.753377483,  837.457034315,  1499.03
1565.76477416,  42968.1,  38217.6,  332.753046563,  837.456943649,  1499.44
1565.78520838,  42962.7,  38214.0,  332.753248382,  837.457301344,  1498.11
1565.80564261,  42953.2,  38202.9,  332.752997399,  837.457110188,  1497.4
1565.82607683,  42967.1,  38216.9,  332.753447672,  837.456640791,  1497.61
1565.84651105,  42970.2,  38217.5,  332.753691007,  837.456427132,  1498.4
1565.86694538,  42957.3,  38207.6,  332.753034647,  837.456671417,  1496.7
1565.8873795,  42961.1,  38212.4,  332.753086859,  837.45684275,  1496.43
1565.90781373,  42952.0,  38201.8,  332.753132739,  837.456282339,  1497.52
1565.92824805,  42954.8,  38205.2,  332.753544656,  837.456716913,  1497.83
1565.94868217,  42952.0,  38204.1,  332.753324753,  837.45661133,  1497.29
1565.9691164,  42961.8,  38208.8,  332.753134035,  837.456631803,  1498.61
1565.98955062,  42957.2,  38206.9,  332.753524041,  837.456719229,  1496.28
1566.00998485,  42956.8,  38206.3,  332.753247203,  837.456634711,  1496.93
1566.03041917,  42962.7,  38209.8,  332.753348177,  837.456480301,  1497.03
1566.0508533,  42958.4,  38208.7,  332.75316623,  837.456639227,  1495.47
1566.07128752,  42943.4,  38194.5,  332.75353103,  837.456465003,  1495.42
1566.09172185,  42951.8,  38200.5,  332.753301274,  837.456712987,  1495.45
1566.11215598,  42959.5,  38209.7,  332.752846995,  837.456485696,  1495.8
1566.1325902,  42958.1,  38205.8,  332.753482947,  837.456650982,  1496.41
1566.15302453,  42949.5,  38198.9,  332.753324011,  837.456333764,  1495.23
1566.17345865,  42959.2,  38208.6,  332.753161199,  837.456460765,  1495.04
1566.19389298,  42969.8,  38215.4,  332.753268578,  837.456460828,  1494.48
1566.21432721,  42952.4,  38201.7,  332.753385003,  837.456480904,  1495.09
1566.23476134,  42961.9,  38210.6,  332.753251874,  837.456231422,  1494.71
1566.25519566,  42950.3,  38199.2,  332.753078803,  837.456336749,  1494.1
1566.27562989,  42967.0,  38216.1,  332.753316113,  837.45639854,  1493.64
1566.29606412,  42959.0,  38208.0,  332.753543354,  837.456591125,  1494.12
1566.31649835,  42955.9,  38204.7,  332.753421728,  837.455975625,  1492.56
1566.33693257,  42960.2,  38210.2,  332.753356341,  837.456028555,  1492.85
1566.3573668,  42955.5,  38203.6,  332.753343678,  837.456024846,  1492.68
1566.37780113,  42958.5,  38206.9,  332.753565453,  837.456280022,  1490.98
1566.39823526,  42952.8,  38203.7,  332.753442579,  837.456169969,  1492.6
1566.41866959,  42947.5,  38196.8,  332.75341578,  837.456186926,  1491.95
1566.43910382,  42957.9,  38207.3,  332.752866774,  837.455717746,  1492.3
1566.45953795,  42959.8,  38208.7,  332.753458169,  837.45566989,  1493.02
1566.47997228,  42960.6,  38208.1,  332.753106151,  837.456370118,  1491.73
1566.5004065,  42977.4,  38225.7,  332.753467624,  837.456055952,  1491.54
1566.52084063,  42962.2,  38210.4,  332.7533846,  837.45606462,  1493.04
1566.54127496,  42965.5,  38212.5,  332.753297706,  837.455841292,  1492.54
1566.56170919,  42966.6,  38215.8,  332.752718425,  837.456223544,  1492.57
1566.58214343,  42949.7,  38197.4,  332.753829946,  837.455785352,  1491.57
1566.60257766,  42968.6,  38216.2,  332.75330652,  837.456154633,  1490.96
1566.62301179,  42961.3,  38210.4,  332.753305581,  837.455729942,  1491.89
1566.64344612,  42963.3,  38209.5,  332.753444382,  837.45619167,  1491.52
1566.66388035,  42962.2,  38210.7,  332.753659515,  837.455577141,  1492.8
1566.70474881,  42959.9,  38207.0,  332.753563521,  837.456022871,  1491.38
1566.72518304,  42970.2,  38217.7,  332.75333709,  837.455896928,  1490.78
1566.74561727,  42962.6,  38208.7,  332.753456004,  837.455845928,  1491.1
1566.76605151,  42971.4,  38215.6,  332.753226446,  837.456053219,  1490.48
1566.78648574,  42956.6,  38205.0,  332.753643582,  837.455992803,  1490.24
1566.80692007,  42971.6,  38215.8,  332.753715449,  837.456262952,  1490.09
1566.8273542,  42957.5,  38204.8,  332.753714753,  837.456261355,  1489.58
1566.84778844,  42958.8,  38206.4,  332.753814113,  837.456085796,  1490.01
1566.86822277,  42969.8,  38214.9,  332.754037818,  837.455920063,  1489.43
1566.888657,  42969.1,  38214.7,  332.75378292,  837.456172853,  1489.25
1566.90909114,  42957.3,  38205.0,  332.753841355,  837.455924071,  1489.1
1566.92952547,  42974.2,  38218.1,  332.753475669,  837.455985419,  1488.45
1566.9499597,  42962.6,  38210.0,  332.753609337,  837.455937405,  1487.57
1566.97039394,  42970.2,  38215.7,  332.753846085,  837.455962153,  1487.66
1566.99082817,  42967.2,  38212.4,  332.75398255,  837.456570663,  1489.16
1567.01126241,  42969.4,  38216.1,  332.753441922,  837.455993538,  1487.62
1567.03169664,  42971.2,  38216.6,  332.754059866,  837.455718606,  1487.29
1567.05213088,  42962.9,  38210.6,  332.754295316,  837.455769996,  1488.63
1567.07256511,  42954.0,  38203.1,  332.753564259,  837.455948238,  1487.81
1567.09299945,  42955.6,  38202.5,  332.7538925,  837.456004948,  1487.43
1567.11343358,  42967.3,  38215.0,  332.75351946,  837.455701025,  1487.43
1567.13386792,  42955.7,  38203.7,  332.754250694,  837.455950877,  1486.48
1567.15430215,  42967.0,  38213.1,  332.754092956,  837.455887592,  1487.06
1567.17473629,  42965.9,  38213.9,  332.753995391,  837.455639609,  1486.34
1567.19517063,  42966.4,  38212.0,  332.754061171,  837.455792764,  1486.99
1567.21560486,  42960.6,  38207.3,  332.753875403,  837.455777192,  1486.91
1567.236039,  42966.1,  38214.7,  332.753911209,  837.455705737,  1487.41
1567.25647333,  42964.2,  38210.4,  332.753757164,  837.455753373,  1486.09
1567.27690747,  42964.1,  38212.1,  332.753924648,  837.455699812,  1485.44
1567.29734171,  42958.9,  38207.2,  332.753672939,  837.455427922,  1486.71
1567.31777605,  42964.0,  38210.3,  332.754015987,  837.455473368,  1486.12
1567.33821018,  42962.2,  38210.1,  332.753780696,  837.455712991,  1484.83
1567.35864452,  42959.4,  38206.2,  332.753846498,  837.455460761,  1484.9
1567.37907876,  42965.0,  38210.7,  332.753687231,  837.455490464,  1484.96
1567.3995129,  42960.8,  38208.1,  332.753869789,  837.455656383,  1485.72
1567.41994724,  42964.6,  38209.8,  332.753923454,  837.455691655,  1486.07
1567.44038147,  42972.3,  38216.8,  332.753912648,  837.45552802,  1485.23
1567.46081571,  42983.3,  38228.4,  332.753700394,  837.455726439,  1484.09
1567.48124995,  42972.7,  38216.0,  332.753965455,  837.455279777,  1484.79
1567.50168419,  42958.6,  38205.2,  332.753854164,  837.455446364,  1485.57
1567.52211853,  42974.8,  38219.9,  332.753853498,  837.455414777,  1493.81
1567.54255267,  42965.4,  38209.3,  332.753810636,  837.455389659,  1484.36
1567.56298691,  42974.9,  38219.2,  332.753854449,  837.455498314,  1484.4
1567.58342125,  42969.8,  38213.3,  332.75405998,  837.455274281,  1484.02
1567.60385549,  42967.1,  38209.7,  332.754012785,  837.454820201,  1484.18
1567.62428963,  42968.6,  38213.1,  332.754020797,  837.455517915,  1485.28
1567.64472397,  42964.7,  38207.4,  332.75387468,  837.455072164,  1484.43
1567.66515821,  42969.8,  38212.7,  332.754648723,  837.455201993,  1482.76
1567.68559235,  42966.0,  38210.3,  332.754142447,  837.455032924,  1483.35
1567.70602669,  42977.0,  38218.0,  332.754309845,  837.455402105,  1482.69
1567.72646093,  42964.2,  38207.4,  332.7538907,  837.455037171,  1482.67
1567.74689527,  42961.4,  38204.2,  332.754202869,  837.454973946,  1484.2
1567.76732941,  42967.3,  38207.5,  332.754067034,  837.455333275,  1482.71
1567.78776366,  42979.2,  38220.0,  332.753994995,  837.455021589,  1482.9
1567.808198,  42969.3,  38209.6,  332.754032005,  837.454813783,  1481.8
1567.82863214,  42969.6,  38209.1,  332.753851735,  837.454775809,  1484.36
1567.84906638,  42980.3,  38220.9,  332.754014345,  837.455022103,  1482.45
1567.86950072,  42964.0,  38204.7,  332.75398839,  837.455117263,  1480.84
1567.88993487,  42967.3,  38208.1,  332.754042599,  837.45478679,  1481.57
1567.91036921,  42967.9,  38209.9,  332.754331633,  837.454957266,  1481.86
1567.93080335,  42964.8,  38204.0,  332.754182605,  837.455244655,  1482.37
1567.9512376,  42964.2,  38204.9,  332.753995643,  837.454780024,  1483.68
1567.97167194,  42968.9,  38209.2,  332.75419772,  837.454839804,  1481.68
1567.99210608,  42950.1,  38190.5,  332.754127065,  837.454653988,  1482.46
1568.01254033,  42975.2,  38214.5,  332.75428778,  837.454734467,  1482.43
1568.03297467,  42969.9,  38209.1,  332.754596894,  837.454728062,  1482.67
1568.05340881,  42957.7,  38197.0,  332.754331842,  837.45423115,  1481.5
1568.07384306,  42969.0,  38208.7,  332.754163846,  837.454423244,  1482.07
1568.0942774,  42966.2,  38203.7,  332.754256648,  837.455046252,  1482.11
1568.11471165,  42962.1,  38199.9,  332.754438715,  837.454592356,  1481.06
1568.13514589,  42964.1,  38203.6,  332.754308448,  837.454825292,  1480.85
1568.15558014,  42968.5,  38205.2,  332.754755754,  837.454744982,  1481.01
1568.17601438,  42965.3,  38203.4,  332.754174945,  837.454273562,  1483.31
1568.19644863,  42967.4,  38205.1,  332.75417237,  837.45486165,  1482.06
1568.21688287,  42971.6,  38206.9,  332.754103915,  837.454187808,  1480.35
1568.23731712,  42960.2,  38199.0,  332.754557499,  837.454609167,  1482.21
1568.25775146,  42963.3,  38200.3,  332.754217662,  837.454300295,  1482.72
1568.27818561,  42968.7,  38204.4,  332.754559244,  837.454451605,  1481.81
1568.29861996,  42972.6,  38210.2,  332.754247911,  837.454397971,  1480.23
1568.3190542,  42979.1,  38212.2,  332.754093895,  837.45403478,  1481.55
1568.33948835,  42968.6,  38205.9,  332.754256639,  837.453748228,  1482.11
1568.3599227,  42974.3,  38210.2,  332.753850421,  837.45446959,  1481.81
1568.38035694,  42969.4,  38204.1,  332.754235025,  837.454428477,  1481.3
1568.40079109,  42968.7,  38205.7,  332.754062093,  837.4543693,  1481.65
1568.42122544,  42966.5,  38202.9,  332.754349095,  837.454364204,  1482.06
1568.44165969,  42975.3,  38208.7,  332.754408442,  837.454318959,  1481.05
1568.46209383,  42964.9,  38202.8,  332.75422298,  837.453952853,  1481.21
1568.48252818,  42967.6,  38202.4,  332.754156567,  837.454229736,  1481.36
1568.50296243,  42962.0,  38197.4,  332.75418244,  837.454014578,  1482.18
1568.52339678,  42967.5,  38204.2,  332.754004961,  837.454194232,  1480.35
1568.54383093,  42970.5,  38203.8,  332.754175335,  837.45419932,  1480.44
1568.56426508,  42966.4,  38200.8,  332.754299356,  837.454055818,  1480.64
1568.58469942,  42966.4,  38202.6,  332.754434615,  837.453838585,  1481.05
1568.60513367,  42977.0,  38209.5,  332.754216189,  837.453654315,  1480.93
1568.62556792,  42966.8,  38200.9,  332.754213975,  837.454045393,  1480.95
1568.64600217,  42961.7,  38196.7,  332.754378401,  837.453960686,  1481.79
1568.66643642,  42968.8,  38201.3,  332.754347038,  837.453989501,  1480.94
1568.68687077,  42960.4,  38196.8,  332.754969521,  837.453781413,  1482.62
1568.70730492,  42972.5,  38205.4,  332.754142612,  837.453573442,  1483.72
1568.72773917,  43006.1,  38235.5,  332.75448868,  837.453379979,  1484.83
1568.74817352,  42962.3,  38198.0,  332.754237795,  837.453799476,  1486.86
1568.76860777,  42969.7,  38202.0,  332.754175611,  837.453984375,  1487.0
1568.78904192,  42976.9,  38208.9,  332.754034497,  837.454062974,  1488.36
1568.80947627,  42966.2,  38201.3,  332.754354097,  837.453851837,  1487.05
1568.82991053,  42968.4,  38199.7,  332.75414235,  837.454082708,  1485.21
1568.85034478,  42974.9,  38208.5,  332.754535526,  837.453668311,  1485.5
1568.87077903,  42967.0,  38200.3,  332.754336046,  837.453384292,  1487.35
1568.89121328,  42957.2,  38190.7,  332.754101364,  837.453543214,  1483.64
1568.91164763,  42970.8,  38205.7,  332.754797563,  837.454172807,  1483.82
1568.93208178,  42962.4,  38195.2,  332.75427116,  837.453297712,  1483.86
1568.95251604,  42970.8,  38203.8,  332.754341037,  837.453787036,  1492.8
1568.97295039,  42956.2,  38192.0,  332.753958834,  837.453509868,  1483.62
1568.99338454,  42964.4,  38196.8,  332.755626572,  837.453289308,  1481.98
1569.01381879,  42956.0,  38190.5,  332.753849737,  837.453620961,  1482.04
1569.03425315,  42964.1,  38198.3,  332.754313204,  837.453485233,  1483.71
1569.0546873,  42972.4,  38203.7,  332.754749097,  837.453660445,  1481.45
1569.07512165,  42971.9,  38205.2,  332.754075534,  837.453722316,  1480.4
1569.09555591,  42968.7,  38200.8,  332.754325953,  837.453190777,  1480.8
1569.11599006,  42958.0,  38191.5,  332.754499125,  837.453625789,  1481.12
1569.13642441,  42960.5,  38196.2,  332.754318826,  837.453334937,  1479.84
1569.15685867,  42966.7,  38198.7,  332.754387851,  837.453379463,  1480.81
1569.17729282,  42974.6,  38205.7,  332.754443603,  837.453781805,  1479.89
1569.19772718,  42953.2,  38189.6,  332.753807543,  837.453353062,  1479.02
1569.21816133,  42978.3,  38209.0,  332.754244353,  837.453465367,  1480.05
1569.23859569,  42969.2,  38203.2,  332.754187226,  837.45324487,  1480.82
1569.25902994,  42961.2,  38195.6,  332.754570823,  837.45332967,  1479.66
1569.2794641,  42958.0,  38191.7,  332.75448271,  837.453546582,  1479.54
1569.29989845,  42969.0,  38203.9,  332.754803014,  837.453037297,  1479.99
1569.32033271,  42969.7,  38202.7,  332.75435699,  837.453042994,  1478.51
1569.34076696,  42962.0,  38195.4,  332.754424593,  837.453019455,  1480.77
1569.36120122,  42963.2,  38198.7,  332.754073536,  837.453201345,  1479.62
1569.38163547,  42972.5,  38203.5,  332.754292231,  837.453226545,  1480.94
1569.40206973,  42958.5,  38192.8,  332.754622369,  837.45307227,  1480.82
1569.42250399,  42958.8,  38195.4,  332.754102195,  837.453161029,  1478.15
1569.44293824,  42974.1,  38206.7,  332.754382323,  837.452881011,  1477.83
1569.4633726,  42956.6,  38192.0,  332.754149323,  837.452841939,  1477.19
1569.48380686,  42959.3,  38194.3,  332.754328282,  837.45327898,  1477.15
1569.50424101,  42971.9,  38204.0,  332.754499688,  837.453145902,  1476.47
1569.52467537,  42958.2,  38193.3,  332.754483454,  837.4528356,  1476.36
1569.54510963,  42957.2,  38192.1,  332.754832248,  837.452488133,  1475.48
1569.56554379,  42966.7,  38199.2,  332.754464995,  837.453049498,  1476.02
1569.58597814,  42968.9,  38203.9,  332.754669281,  837.452684064,  1476.38
1569.6064124,  42957.6,  38192.2,  332.754388846,  837.452735635,  1474.01
1569.62684676,  42959.6,  38194.3,  332.754145032,  837.452718422,  1474.23
1569.64728092,  42956.5,  38193.5,  332.754549211,  837.453039629,  1474.76
1569.68814954,  42955.3,  38190.7,  332.754654766,  837.452742804,  1474.69
1569.7085837,  42956.3,  38191.0,  332.75483428,  837.452960413,  1473.92
1569.72901795,  42963.8,  38195.3,  332.754818718,  837.453081361,  1475.33
1569.74945231,  42965.2,  38198.5,  332.75472748,  837.452985645,  1474.41
1569.76988647,  42951.4,  38185.3,  332.754694696,  837.452781109,  1473.68
1569.79032073,  42982.8,  38211.9,  332.754792174,  837.452826492,  1472.82
1569.81075509,  42956.1,  38189.9,  332.75500988,  837.453215115,  1473.41
1569.83118925,  42962.4,  38194.6,  332.754709905,  837.453399888,  1473.65
1569.85162361,  42961.5,  38194.7,  332.75451777,  837.453250652,  1473.35
1569.87205777,  42973.9,  38206.8,  332.754631068,  837.452803399,  1473.66
1569.89249203,  42963.7,  38196.4,  332.754659796,  837.45303196,  1474.13
1569.91292639,  42970.7,  38204.2,  332.754515799,  837.452866977,  1473.43
1569.93336056,  42962.8,  38196.9,  332.754461084,  837.453057327,  1473.29
1569.95379482,  42957.8,  38191.6,  332.754895881,  837.453166187,  1472.77
1569.97422918,  42949.1,  38186.6,  332.754616932,  837.452864568,  1473.73
1569.99466344,  42951.6,  38187.7,  332.755006257,  837.452835706,  1471.61
1570.0150977,  42957.5,  38192.8,  332.754717868,  837.453207044,  1472.39
1570.03553196,  42963.4,  38199.9,  332.755020094,  837.453190799,  1472.77
1570.05596622,  42965.6,  38199.2,  332.75502659,  837.453090023,  1472.61
1570.07640049,  42952.0,  38189.1,  332.754849596,  837.45292007,  1471.48
1570.09683475,  42955.0,  38192.5,  332.754786106,  837.453153423,  1472.75
1570.11726901,  42966.3,  38200.1,  332.75489076,  837.452849226,  1472.32
1570.13770337,  42967.0,  38203.9,  332.754930099,  837.452699794,  1472.41
1570.15813754,  42967.2,  38202.1,  332.754928095,  837.453074364,  1471.75
1570.1785719,  42960.0,  38195.9,  332.754792226,  837.453208085,  1472.25
1570.19900616,  42952.6,  38191.2,  332.754359482,  837.453039106,  1470.83
1570.21944033,  42966.9,  38201.9,  332.754898122,  837.453461288,  1469.71
1570.23987469,  42970.5,  38204.7,  332.755181074,  837.452509686,  1470.83
1570.26030895,  42961.8,  38199.6,  332.754522174,  837.452614376,  1471.12
1570.28074312,  42963.6,  38197.6,  332.754978329,  837.452850994,  1469.85
1570.30117748,  42956.7,  38192.8,  332.755115014,  837.452871004,  1469.94
1570.32161175,  42952.5,  38190.1,  332.754888775,  837.453115982,  1470.18
1570.34204591,  42965.1,  38199.1,  332.754997792,  837.452496851,  1468.46
1570.36248028,  42957.8,  38194.7,  332.754717712,  837.452642348,  1469.94
1570.38291454,  42965.6,  38199.2,  332.755201624,  837.452569376,  1469.17
1570.40334881,  42965.4,  38199.6,  332.755302427,  837.452470604,  1468.11
1570.42378307,  42968.5,  38204.2,  332.755186564,  837.452780153,  1468.0
1570.44421734,  42964.4,  38198.5,  332.755309639,  837.452980276,  1469.22
1570.4646516,  42953.3,  38188.9,  332.755152122,  837.452842654,  1467.43
1570.48508587,  42959.9,  38194.7,  332.755196708,  837.452482645,  1467.54
1570.50552013,  42956.1,  38189.1,  332.754739238,  837.452480687,  1466.39
1570.5259544,  42952.9,  38187.9,  332.75495858,  837.452359637,  1468.3
1570.54638867,  42952.9,  38188.8,  332.755004207,  837.452384079,  1465.77
1570.56682303,  42947.8,  38181.3,  332.755030415,  837.451977878,  1466.75
1570.5872572,  42956.6,  38191.4,  332.755009375,  837.452391697,  1467.83
1570.60769147,  42939.2,  38173.8,  332.754865044,  837.45236774,  1467.82
1570.62812583,  42895.7,  38134.6,  332.755066046,  837.452610538,  1467.42
1570.6485601,  42802.4,  38054.5,  332.755189773,  837.451723176,  1466.74
1570.66899427,  42737.6,  37994.3,  332.755435235,  837.452546505,  1467.8
1570.68942863,  42704.2,  37965.3,  332.755334946,  837.452500608,  1467.03
1570.7098629,  42697.4,  37960.1,  332.755380681,  837.452319135,  1467.04
1570.73029707,  42726.9,  37982.8,  332.75542028,  837.452289244,  1467.58
1570.75073144,  42800.1,  38049.3,  332.755019706,  837.45220937,  1467.26
1570.77116571,  42895.4,  38133.6,  332.755357218,  837.45211773,  1465.18
1570.79160007,  42950.2,  38180.8,  332.75519891,  837.451873349,  1467.26
1570.81203424,  42948.2,  38181.0,  332.755114413,  837.452032806,  1466.97
1570.83246851,  42965.2,  38193.6,  332.754923853,  837.452098243,  1466.42
1570.85290288,  42950.9,  38181.0,  332.755028088,  837.45200312,  1465.11
1570.87333705,  42955.7,  38186.9,  332.754519708,  837.451838257,  1464.86
1570.89377132,  42959.5,  38186.8,  332.755584416,  837.452143393,  1463.87
1570.91420569,  42956.1,  38184.7,  332.754890498,  837.451785973,  1464.56
1570.93463986,  42956.8,  38187.5,  332.755104319,  837.451936068,  1463.4
1570.95507423,  42956.6,  38183.7,  332.754896889,  837.452021011,  1464.72
1570.9755085,  42956.3,  38184.4,  332.755368424,  837.451469203,  1463.37
1570.99594267,  42953.4,  38182.2,  332.754983423,  837.451707654,  1466.62
1571.01637704,  42944.6,  38172.5,  332.755136165,  837.451614984,  1464.55
1571.03681131,  42954.3,  38183.4,  332.754951071,  837.451915572,  1464.49
1571.05724548,  42960.5,  38187.8,  332.75503113,  837.451973405,  1464.95
1571.07767985,  42965.1,  38190.6,  332.754726358,  837.451876084,  1464.57
1571.09811412,  42952.3,  38181.2,  332.754915677,  837.451882994,  1465.23
1571.11854829,  42970.4,  38194.0,  332.75522448,  837.451970491,  1466.76
1571.13898266,  42955.2,  38181.6,  332.754895621,  837.451576815,  1465.4
1571.15941694,  42956.7,  38184.2,  332.754981773,  837.451827521,  1465.64
1571.17985121,  42979.3,  38202.0,  332.755268107,  837.451829259,  1465.51
1571.20028548,  42972.5,  38196.8,  332.754804873,  837.4515666,  1465.07
1571.22071975,  42963.3,  38189.5,  332.754793024,  837.451770438,  1465.79
1571.24115402,  42951.0,  38176.0,  332.755104619,  837.45172224,  1466.22
1571.2615883,  42953.5,  38180.3,  332.754991901,  837.451369477,  1465.87
1571.28202257,  42966.2,  38189.6,  332.755171158,  837.451182248,  1466.7
1571.30245684,  42952.2,  38176.8,  332.754768973,  837.451570694,  1468.32
1571.32289111,  42962.7,  38188.2,  332.755007183,  837.45151282,  1467.09
1571.34332549,  42960.0,  38183.1,  332.755126994,  837.451464623,  1465.83
1571.36375976,  42960.2,  38185.6,  332.75525343,  837.45149306,  1467.7
1571.38419393,  42948.6,  38174.6,  332.755121391,  837.451120905,  1469.47
1571.40462831,  42952.3,  38176.5,  332.755265294,  837.45160918,  1468.92
1571.42506258,  42956.8,  38182.7,  332.755391853,  837.451501544,  1468.89
1571.44549675,  42964.5,  38188.2,  332.755603856,  837.451216381,  1470.09
1571.46593113,  42954.8,  38178.5,  332.755133957,  837.451674164,  1470.6
1571.4863654,  42963.8,  38188.1,  332.755217783,  837.451438357,  1472.36
1571.50679958,  42957.1,  38179.7,  332.755047319,  837.451403669,  1471.07
1571.52723395,  42966.5,  38188.3,  332.755256861,  837.451177262,  1469.92
1571.54766823,  42975.9,  38199.3,  332.754874645,  837.451605281,  1471.4
1571.5681026,  42966.5,  38187.8,  332.755128201,  837.451369637,  1471.88
1571.58853678,  42960.1,  38183.7,  332.754877255,  837.451553819,  1470.27
1571.60897105,  42962.2,  38186.5,  332.75479912,  837.451192583,  1470.94
1571.62940543,  42960.8,  38182.3,  332.755226219,  837.451557418,  1470.75
1571.6498396,  42955.2,  38180.5,  332.755112252,  837.451118586,  1470.72
1571.67027388,  42966.3,  38189.5,  332.755053941,  837.450973242,  1470.0
1571.69070826,  42960.9,  38182.8,  332.755371655,  837.450914407,  1469.58
1571.71114243,  42958.8,  38182.5,  332.754820589,  837.450690147,  1470.91
1571.73157681,  42981.9,  38200.4,  332.755048714,  837.450945289,  1470.05
1571.75201109,  42961.4,  38183.8,  332.754978965,  837.450979836,  1470.88
1571.77244526,  42946.2,  38172.0,  332.754995009,  837.451076438,  1471.43
1571.79287964,  42983.6,  38202.7,  332.754860819,  837.450706166,  1471.22
1571.81331392,  42962.7,  38185.2,  332.755226849,  837.451688123,  1471.56
1571.83374809,  42958.7,  38182.4,  332.755201116,  837.450908758,  1471.45
1571.85418247,  42970.7,  38190.7,  332.755335026,  837.450446881,  1471.97
1571.87461675,  42971.0,  38194.2,  332.755194776,  837.450617615,  1472.2
1571.89505093,  42965.1,  38187.0,  332.75539376,  837.450897019,  1470.49
1571.9154853,  42966.3,  38186.8,  332.755452789,  837.451136461,  1469.65
1571.93591958,  42961.9,  38185.6,  332.754906649,  837.450495904,  1470.17
1571.95635396,  42963.5,  38184.5,  332.755214563,  837.450684604,  1468.1
1571.97678814,  42972.2,  38191.7,  332.755435491,  837.450842717,  1468.96
1571.99722242,  42961.7,  38185.3,  332.7549113,  837.450504323,  1469.61
1572.0176568,  42962.2,  38183.0,  332.755435129,  837.450435206,  1467.0
1572.03809097,  42971.4,  38193.0,  332.755059279,  837.450895675,  1467.91
1572.05852525,  42958.5,  38181.9,  332.755542727,  837.450417966,  1467.4
1572.07895963,  42969.5,  38188.9,  332.75508724,  837.45041559,  1468.07
1572.09939381,  42958.6,  38183.2,  332.755202413,  837.450410064,  1465.11
1572.11982819,  42955.0,  38176.9,  332.755333765,  837.450222195,  1465.83
1572.14026247,  42959.6,  38181.4,  332.755999163,  837.450727677,  1464.04
1572.16069665,  42963.1,  38185.5,  332.755478222,  837.450600621,  1465.53
1572.18113103,  42960.5,  38182.4,  332.755733493,  837.450711942,  1464.13
1572.20156531,  42962.9,  38184.9,  332.754842056,  837.450668498,  1463.92
1572.22199949,  42962.9,  38185.7,  332.7555079,  837.450182262,  1464.74
1572.24243387,  42954.7,  38177.1,  332.755302648,  837.450382626,  1463.78
1572.26286815,  42961.1,  38183.9,  332.754866091,  837.450297168,  1462.42
1572.28330244,  42962.8,  38185.5,  332.755223508,  837.450996312,  1463.54
1572.30373672,  42958.7,  38179.9,  332.755431556,  837.450218089,  1462.92
1572.324171,  42957.6,  38180.7,  332.755230931,  837.450385484,  1461.94
1572.34460528,  42962.6,  38185.1,  332.755089124,  837.450735155,  1462.05
1572.36503956,  42960.1,  38181.3,  332.755433233,  837.450403406,  1464.08
1572.38547384,  42972.9,  38194.5,  332.754903895,  837.450086522,  1462.43
1572.40590812,  42959.4,  38179.9,  332.75584278,  837.450215154,  1462.14
1572.42634241,  42959.6,  38181.4,  332.755302943,  837.4503154,  1462.62
1572.44677669,  42966.7,  38189.5,  332.755570161,  837.450243029,  1461.66
1572.46721097,  42954.2,  38176.7,  332.755468156,  837.449925625,  1464.52
1572.48764525,  42967.6,  38189.3,  332.755647041,  837.450543108,  1462.63
1572.50807964,  42971.8,  38193.8,  332.755279771,  837.450272624,  1463.43
1572.52851392,  42955.0,  38177.2,  332.755610117,  837.450179843,  1460.94
1572.5489481,  42965.1,  38188.9,  332.755222944,  837.450058829,  1461.45
1572.56938249,  42962.9,  38185.0,  332.755322768,  837.450021976,  1462.76
1572.58981677,  42963.8,  38185.8,  332.755252467,  837.450399252,  1463.31
1572.61025095,  42963.0,  38187.6,  332.755031353,  837.45033731,  1463.49
1572.63068534,  42959.2,  38181.2,  332.755269773,  837.450189399,  1463.76
1572.67155381,  42966.1,  38188.9,  332.75510476,  837.449983796,  1464.93
1572.69198819,  42963.7,  38184.7,  332.755465712,  837.450351624,  1464.13
1572.71242247,  42961.6,  38184.4,  332.755670686,  837.450231261,  1464.46
1572.73285686,  42973.1,  38193.8,  332.755770839,  837.45014449,  1465.98
1572.75329104,  42960.6,  38181.3,  332.755668339,  837.450299122,  1465.36
1572.77372533,  42968.3,  38190.5,  332.755609754,  837.450016528,  1465.99
1572.79415971,  42967.4,  38187.9,  332.755811697,  837.450353554,  1468.47
1572.8145939,  42958.0,  38181.1,  332.755337441,  837.450367415,  1467.9
1572.83502819,  42959.6,  38183.6,  332.755615288,  837.4501282,  1470.39
1572.85546257,  42957.8,  38180.9,  332.755719807,  837.450686565,  1473.57
1572.87589676,  42978.6,  38200.0,  332.755793105,  837.450450596,  1473.58
1572.89633114,  42960.5,  38185.4,  332.755845541,  837.450511722,  1475.57
1572.91676543,  42968.4,  38190.4,  332.755733979,  837.450259253,  1473.46
1572.93719962,  42963.2,  38188.3,  332.755610148,  837.450130634,  1468.4
1572.957634,  42960.2,  38184.6,  332.755692714,  837.450247478,  1461.89
1572.97806829,  42961.5,  38185.9,  332.755571799,  837.450477487,  1459.71
1572.99850258,  42955.0,  38182.7,  332.755772709,  837.450473336,  1459.73
1573.01893686,  42954.0,  38179.9,  332.755695082,  837.450306878,  1459.15
1573.03937115,  42959.5,  38185.3,  332.755650682,  837.450229091,  1458.64
1573.05980534,  42975.6,  38201.1,  332.755663155,  837.450365101,  1459.44
1573.08023972,  42961.4,  38187.2,  332.755565951,  837.450420031,  1458.11
1573.10067401,  42961.7,  38189.1,  332.755955062,  837.450157457,  1457.4
1573.1211083,  42971.3,  38195.8,  332.755736877,  837.450469471,  1458.36
1573.14154259,  42960.8,  38186.3,  332.755848212,  837.450396058,  1457.52
1573.16197688,  42961.9,  38189.4,  332.755509768,  837.450433838,  1457.95
1573.18241127,  42962.3,  38187.9,  332.755884926,  837.450480139,  1457.42
1573.20284545,  42964.0,  38189.8,  332.756122099,  837.450108257,  1456.27
1573.22327974,  42970.5,  38197.7,  332.755717378,  837.450334239,  1455.94
1573.24371413,  42966.5,  38192.5,  332.755691498,  837.450259449,  1454.88
1573.26414832,  42977.1,  38203.1,  332.755790728,  837.450256561,  1454.09
1573.28458271,  42978.6,  38204.3,  332.756049712,  837.450240392,  1454.42
1573.305017,  42967.6,  38193.1,  332.755934503,  837.45033923,  1453.16
1573.32545119,  42982.4,  38207.7,  332.756030245,  837.450034197,  1453.3
1573.34588558,  42974.7,  38199.5,  332.756304831,  837.450278428,  1451.83
1573.36631987,  42957.7,  38184.4,  332.756033896,  837.449588905,  1452.2
1573.38675406,  42964.1,  38191.5,  332.756231871,  837.450350033,  1452.06
1573.40718845,  42971.2,  38194.6,  332.755953229,  837.450011273,  1451.71
1573.42762274,  42962.1,  38188.4,  332.756343161,  837.449913097,  1450.4
1573.44805693,  42955.0,  38182.7,  332.755667155,  837.449569872,  1449.89
1573.46849132,  42966.3,  38189.2,  332.755978459,  837.449856729,  1449.81
1573.48892561,  42967.2,  38192.3,  332.75581918,  837.450132998,  1451.0
1573.50936,  42975.0,  38199.0,  332.755967385,  837.449978098,  1448.68
1573.52979419,  42966.7,  38190.0,  332.756192666,  837.450225921,  1447.24
1573.55022848,  42967.5,  38192.9,  332.75583291,  837.449953531,  1447.89
1573.57066288,  42961.6,  38185.7,  332.756255146,  837.450077946,  1447.58
1573.59109707,  42973.9,  38195.3,  332.756012198,  837.449825316,  1447.58
1573.61153136,  42975.7,  38199.5,  332.755966889,  837.44988828,  1446.88
1573.63196575,  42969.5,  38190.8,  332.75606812,  837.449697968,  1448.17
1573.65240004,  42963.2,  38185.8,  332.755661872,  837.450039545,  1449.35
1573.67283434,  42962.8,  38186.7,  332.755964653,  837.449946938,  1446.46
1573.69326863,  42960.9,  38182.7,  332.756335408,  837.450042746,  1448.06
1573.71370282,  42963.0,  38186.2,  332.756138444,  837.449963351,  1447.45
1573.73413721,  42967.9,  38189.8,  332.756268466,  837.450145521,  1446.18
1573.75457151,  42978.6,  38197.5,  332.756201917,  837.450005007,  1445.87
1573.7750057,  42962.7,  38185.2,  332.755853083,  837.449660134,  1446.89
1573.79544009,  42960.1,  38180.3,  332.756391247,  837.449660256,  1446.31
1573.81587439,  42971.5,  38189.8,  332.755640094,  837.449438339,  1445.98
1573.83630858,  42969.8,  38191.3,  332.755760133,  837.449544973,  1445.95
1573.85674297,  42975.3,  38193.1,  332.756017735,  837.449629051,  1446.35
1573.87717727,  42969.5,  38188.1,  332.756076004,  837.449626655,  1444.91
1573.89761166,  42967.6,  38187.3,  332.755901167,  837.449694845,  1444.99
1573.91804586,  42958.7,  38178.4,  332.75604813,  837.44926404,  1445.44
1573.93848015,  42963.4,  38183.0,  332.756211136,  837.449401163,  1444.52
1573.95891454,  42962.5,  38181.6,  332.755906091,  837.449391135,  1444.62
1573.97934874,  42980.5,  38195.3,  332.75715574,  837.44854169,  1446.21
1573.99978303,  42963.9,  38183.6,  332.755987921,  837.449366239,  1445.71
1574.02021743,  42968.0,  38184.9,  332.756214442,  837.449434514,  1443.91
1574.04065162,  42972.4,  38189.5,  332.755879567,  837.449104098,  1444.85
1574.06108602,  42962.4,  38183.4,  332.75647914,  837.449427747,  1444.65
1574.08152032,  42967.7,  38184.2,  332.755812028,  837.449338515,  1445.93
1574.10195451,  42966.0,  38183.9,  332.756230156,  837.449436223,  1444.22
1574.12238891,  42986.9,  38203.2,  332.756071305,  837.449478467,  1445.2
1574.1428232,  42969.0,  38184.3,  332.756273811,  837.449123016,  1443.88
1574.1632575,  42948.5,  38169.9,  332.755643933,  837.449304766,  1443.82
1574.1836918,  42970.1,  38187.1,  332.756227573,  837.448939025,  1443.97
1574.20412609,  42960.8,  38176.8,  332.756242167,  837.449339701,  1443.72
1574.22456039,  42963.3,  38181.7,  332.756473797,  837.449682527,  1443.35
1574.24499469,  42972.8,  38187.5,  332.755865823,  837.449085217,  1444.27
1574.26542898,  42969.1,  38184.9,  332.756186065,  837.449170721,  1440.73
1574.28586328,  42957.2,  38176.5,  332.755390434,  837.448229566,  1443.38
1574.30629768,  42970.3,  38184.6,  332.756598351,  837.449266965,  1442.72
1574.32673188,  42942.9,  38162.3,  332.756426012,  837.448783182,  1441.82
1574.34716617,  42953.7,  38171.9,  332.756396589,  837.449409442,  1441.69
1574.36760047,  42975.0,  38188.3,  332.756248414,  837.448593927,  1441.49
1574.38803477,  42973.9,  38190.0,  332.756543104,  837.449307379,  1442.28
1574.40846917,  42955.1,  38171.9,  332.755951942,  837.44939322,  1440.86
1574.42890337,  42961.5,  38177.4,  332.756177117,  837.449126432,  1440.06
1574.44933776,  42962.5,  38180.4,  332.756481063,  837.449087472,  1441.12
1574.46977206,  42959.1,  38174.6,  332.755870163,  837.449019815,  1441.8
1574.49020626,  42948.4,  38166.8,  332.755885515,  837.448849741,  1441.54
1574.51064066,  42955.4,  38173.6,  332.756048351,  837.448536994,  1440.75
1574.53107496,  42964.0,  38178.2,  332.756334233,  837.448789986,  1440.48
1574.55150916,  42963.1,  38179.7,  332.756373792,  837.44887159,  1441.25
1574.57194356,  42964.5,  38179.5,  332.756326745,  837.449078062,  1440.56
1574.59237786,  42956.3,  38171.8,  332.756857981,  837.448575003,  1440.66
1574.61281226,  42926.9,  38148.3,  332.756300853,  837.449202388,  1439.1
1574.63324646,  42950.2,  38168.0,  332.756596762,  837.448512349,  1439.34
1574.65368076,  42954.4,  38171.6,  332.756420943,  837.448887414,  1439.37
1574.67411516,  42956.5,  38175.5,  332.756134467,  837.448885394,  1438.6
1574.69454936,  42965.3,  38180.1,  332.756193736,  837.44834336,  1439.28
1574.71498366,  42951.4,  38169.6,  332.756321585,  837.449301547,  1438.6
1574.73541806,  42948.7,  38167.3,  332.756400099,  837.448659472,  1438.85
1574.75585226,  42952.5,  38168.3,  332.756481279,  837.448754337,  1439.35
1574.77628656,  42953.8,  38172.0,  332.755811715,  837.448626771,  1439.3
1574.79672096,  42957.2,  38174.0,  332.756557695,  837.448414387,  1439.03
1574.81715526,  42969.8,  38184.9,  332.75632717,  837.448921869,  1439.43
1574.83758956,  42945.4,  38166.4,  332.756173915,  837.448655905,  1438.78
1574.85802387,  42959.3,  38176.3,  332.756664761,  837.448863119,  1438.88
1574.87845817,  42946.9,  38166.4,  332.756590652,  837.448560078,  1436.76
1574.89889247,  42950.0,  38170.1,  332.756115113,  837.448504947,  1437.14
1574.91932677,  42947.7,  38165.9,  332.7566931,  837.448494417,  1437.95
1574.93976107,  42943.3,  38163.9,  332.756412702,  837.448220579,  1438.33
1574.96019538,  42950.1,  38169.5,  332.756574601,  837.448798547,  1437.99
1574.98062968,  42951.1,  38168.8,  332.75685817,  837.448344149,  1436.77
1575.00106398,  42935.4,  38157.3,  332.756534493,  837.447930248,  1437.72
1575.02149829,  42945.5,  38164.6,  332.756468922,  837.448658874,  1438.4
1575.04193259,  42946.6,  38165.9,  332.75647178,  837.448445894,  1436.53
1575.06236699,  42947.8,  38168.9,  332.756829991,  837.448630002,  1436.46
1575.0828012,  42956.0,  38174.6,  332.756593548,  837.448357167,  1437.33
1575.1032355,  42958.2,  38177.4,  332.756863573,  837.44844757,  1436.08
1575.1236699,  42950.6,  38171.6,  332.756875474,  837.448177565,  1435.27
1575.14410411,  42943.7,  38163.2,  332.756792814,  837.448515942,  1437.55
1575.16453841,  42941.6,  38164.1,  332.756566174,  837.448416552,  1436.79
1575.18497281,  42958.2,  38177.6,  332.756826216,  837.448802805,  1436.19
1575.20540702,  42948.1,  38167.8,  332.756535103,  837.448327673,  1438.43
1575.22584142,  42953.7,  38175.4,  332.756488814,  837.448696393,  1434.01
1575.24627573,  42943.9,  38164.4,  332.756255271,  837.448517731,  1435.04
1575.26670993,  42942.0,  38163.0,  332.756326206,  837.44821081,  1435.81
1575.28714434,  42933.3,  38157.5,  332.756478154,  837.448084462,  1436.4
1575.30757864,  42949.6,  38169.6,  332.75633362,  837.448307812,  1435.11
1575.32801285,  42943.7,  38167.1,  332.756732496,  837.448278561,  1436.63
1575.34844725,  42954.5,  38175.8,  332.756722674,  837.448639548,  1435.42
1575.36888156,  42943.3,  38165.1,  332.75683219,  837.448164797,  1434.79
1575.38931597,  42943.5,  38167.4,  332.757138617,  837.448307603,  1435.24
1575.40975017,  42948.0,  38170.0,  332.756824044,  837.447973398,  1434.56
1575.43018448,  42953.3,  38174.7,  332.756649269,  837.448279974,  1434.38
1575.45061888,  42937.3,  38162.2,  332.756508882,  837.448118581,  1434.26
1575.47105319,  42952.1,  38173.6,  332.756765434,  837.448198969,  1434.61
1575.4914874,  42948.0,  38171.2,  332.75650013,  837.448319973,  1435.97
1575.5119218,  42923.4,  38150.6,  332.756432865,  837.446884751,  1434.45
1575.53235611,  42951.4,  38174.2,  332.756962364,  837.448577183,  1434.63
1575.55279032,  42942.6,  38169.1,  332.756610707,  837.448359851,  1434.58
1575.57322472,  42946.0,  38170.7,  332.756495347,  837.448460304,  1434.18
1575.59365903,  42934.4,  38159.6,  332.756845773,  837.448116328,  1435.57
1575.61409334,  42944.7,  38172.1,  332.756608469,  837.448326085,  1433.79
1575.65496185,  42942.1,  38166.6,  332.756780716,  837.448579564,  1435.14
1575.67539626,  42937.9,  38165.2,  332.756889761,  837.448303082,  1432.47
1575.69583057,  42929.1,  38154.1,  332.756841273,  837.448400205,  1433.38
1575.71626478,  42953.8,  38177.8,  332.756953273,  837.448547342,  1430.87
1575.73669919,  42948.1,  38172.9,  332.757316296,  837.44848424,  1432.99
1575.7571335,  42941.0,  38165.1,  332.756728322,  837.448420058,  1432.49
1575.7775679,  42948.4,  38174.3,  332.756318465,  837.448425302,  1431.51
1575.79800211,  42940.6,  38166.2,  332.756483964,  837.448683572,  1433.82
1575.81843642,  42935.9,  38161.3,  332.757266838,  837.448659668,  1433.41
1575.83887083,  42932.2,  38161.2,  332.756664079,  837.448654375,  1432.11
1575.85930504,  42939.6,  38165.3,  332.757089631,  837.448604047,  1431.75
1575.87973935,  42950.8,  38176.9,  332.756982082,  837.448554766,  1431.28
1575.90017376,  42946.0,  38174.9,  332.756692218,  837.448610951,  1432.09
1575.92060797,  42933.6,  38162.2,  332.75715566,  837.448557762,  1432.44
1575.94104228,  42927.4,  38158.1,  332.756495061,  837.448624585,  1432.15
1575.96147669,  42942.9,  38172.4,  332.757224129,  837.44848303,  1430.62
1575.9819109,  42955.0,  38182.7,  332.75681962,  837.448319785,  1430.84
1576.00234531,  42939.8,  38170.4,  332.757089714,  837.448670278,  1431.32
1576.02277962,  42938.3,  38167.6,  332.756877487,  837.448308419,  1431.33
1576.04321393,  42933.8,  38164.2,  332.757434061,  837.44843517,  1430.15
1576.06364824,  42930.7,  38163.9,  332.757342764,  837.448605826,  1430.15
1576.08408255,  42939.1,  38169.4,  332.757251701,  837.448586839,  1431.0
1576.10451686,  42935.5,  38167.1,  332.756924563,  837.448566048,  1428.74
1576.12495118,  42917.6,  38153.1,  332.756802343,  837.448800982,  1430.71
1576.14538549,  42931.9,  38163.1,  332.757035843,  837.44841216,  1430.6
1576.1658198,  42936.6,  38169.0,  332.756969481,  837.448762488,  1430.96
1576.18625421,  42929.1,  38162.4,  332.756966006,  837.448810695,  1430.47
1576.20668842,  42927.9,  38160.7,  332.75687014,  837.448241285,  1431.11
1576.22712284,  42929.8,  38163.8,  332.757038877,  837.448132953,  1429.66
1576.24755715,  42944.1,  38175.1,  332.757195685,  837.448276871,  1430.22
1576.26799136,  42945.0,  38175.9,  332.757026277,  837.448249214,  1431.07
1576.28842577,  42936.3,  38170.9,  332.756748381,  837.448414106,  1428.7
1576.30885998,  42943.8,  38173.4,  332.757257965,  837.448258777,  1429.99
1576.3292943,  42936.2,  38168.5,  332.757142554,  837.448326891,  1428.66
1576.34972871,  42938.7,  38171.4,  332.757212991,  837.448439957,  1428.88
1576.39059734,  42945.8,  38177.8,  332.757009475,  837.448423326,  1428.9
1576.41103165,  42936.9,  38168.8,  332.757335334,  837.448292203,  1429.73
1576.43146586,  42943.8,  38174.3,  332.75705915,  837.448416755,  1428.05
1576.45190028,  42938.9,  38171.3,  332.7573038,  837.448130999,  1430.64
1576.47233459,  42940.8,  38170.9,  332.757161696,  837.448080889,  1430.1
1576.49276881,  42933.1,  38165.5,  332.757250703,  837.447963225,  1428.43
1576.51320322,  42948.2,  38179.2,  332.757052454,  837.44788533,  1430.37
1576.53363753,  42945.2,  38174.3,  332.757511539,  837.447580792,  1428.14
1576.55407185,  42931.9,  38163.5,  332.757164258,  837.448419948,  1427.2
1576.57450616,  42943.6,  38174.1,  332.757393043,  837.44806847,  1428.67
1576.59494048,  42933.5,  38163.4,  332.757244112,  837.448080936,  1428.81
1576.61537489,  42951.5,  38180.6,  332.757238547,  837.447922718,  1429.68
1576.63580911,  42939.0,  38168.2,  332.757194038,  837.447867787,  1428.41
1576.65624342,  42937.6,  38167.1,  332.757168538,  837.448296059,  1428.38
1576.67667784,  42934.5,  38166.1,  332.757062441,  837.447951007,  1427.56
1576.69711216,  42945.7,  38172.7,  332.757309624,  837.447826523,  1426.63
1576.71754637,  42936.6,  38166.3,  332.757394564,  837.44791378,  1428.37
1576.73798079,  42946.6,  38177.0,  332.756850549,  837.447685392,  1428.4
1576.7584151,  42935.0,  38163.0,  332.757361597,  837.447855871,  1427.47
1576.77884942,  42945.0,  38174.0,  332.757437657,  837.447888448,  1426.59
1576.79928374,  42934.3,  38163.9,  332.757586748,  837.447868362,  1427.97
1576.81971805,  43022.6,  38240.2,  332.759078549,  837.44940607,  1427.11
1576.84015247,  42935.5,  38165.8,  332.757050709,  837.447540946,  1427.19
1576.86058669,  42935.3,  38163.2,  332.75735283,  837.447884573,  1426.83
1576.881021,  42944.4,  38169.9,  332.756925504,  837.447816312,  1426.46
1576.90145542,  42951.0,  38178.7,  332.757416801,  837.44848506,  1425.62
1576.92188964,  42937.5,  38163.4,  332.757567541,  837.447606663,  1427.66
1576.94232395,  42945.9,  38173.0,  332.757326621,  837.447989888,  1426.2
1576.96275827,  42939.2,  38166.9,  332.757265681,  837.447812978,  1427.02
1576.98319259,  42939.1,  38164.2,  332.757217096,  837.447867766,  1426.23
1577.00362701,  42946.5,  38173.5,  332.75718003,  837.447746604,  1425.68
1577.02406123,  42941.7,  38166.2,  332.757548437,  837.447671825,  1425.36
1577.04449554,  42952.2,  38175.5,  332.757656231,  837.447333647,  1425.52
1577.06492996,  42931.2,  38158.7,  332.75712067,  837.447705115,  1425.64
1577.08536418,  42937.5,  38161.9,  332.757254563,  837.447751777,  1425.61
1577.1057985,  42943.3,  38167.6,  332.757289747,  837.447453028,  1425.83
1577.12623292,  42947.1,  38172.1,  332.75764938,  837.447659744,  1426.52
1577.14666714,  42949.6,  38172.1,  332.756983876,  837.447396689,  1425.74
1577.16710156,  42934.2,  38160.9,  332.757290607,  837.447528551,  1424.64
1577.18753587,  42941.5,  38165.4,  332.757536331,  837.447276602,  1425.17
1577.20797009,  42947.3,  38170.4,  332.757714075,  837.447287563,  1424.74
1577.22840451,  42943.9,  38169.0,  332.756926029,  837.447363988,  1423.54
1577.24883883,  42944.5,  38167.9,  332.757362218,  837.447636874,  1424.83
1577.26927315,  42941.3,  38165.1,  332.75730787,  837.447413504,  1424.29
1577.28970747,  42939.6,  38165.1,  332.75713938,  837.44736841,  1424.77
1577.31014179,  42933.0,  38157.0,  332.757091436,  837.447111528,  1424.45
1577.33057611,  42930.5,  38156.4,  332.757288885,  837.447386686,  1425.03
1577.35101053,  42940.2,  38163.7,  332.756810246,  837.447171678,  1424.6
1577.37144475,  42940.5,  38163.6,  332.757230759,  837.447315032,  1425.05
1577.39187917,  42950.5,  38174.6,  332.757368559,  837.447311916,  1423.06
1577.4123135,  42953.9,  38175.0,  332.757311547,  837.447389226,  1423.4
1577.43274772,  42945.1,  38167.9,  332.757473116,  837.447068311,  1422.42
1577.45318214,  42938.1,  38163.7,  332.757161346,  837.447067713,  1423.2
1577.47361646,  42929.2,  38154.5,  332.75733884,  837.447343152,  1424.48
1577.49405068,  42942.7,  38166.5,  332.757483824,  837.447216833,  1423.52
1577.5144851,  42920.4,  38146.9,  332.75738136,  837.44693766,  1423.59
1577.53491942,  42942.8,  38165.0,  332.75757072,  837.446851939,  1421.77
1577.55535374,  42936.5,  38161.4,  332.757447985,  837.447061938,  1422.12
1577.57578807,  42938.0,  38161.1,  332.757168433,  837.447027815,  1421.29
1577.59622229,  42938.9,  38161.1,  332.757469373,  837.44688847,  1421.78
1577.61665671,  42943.9,  38167.8,  332.75723063,  837.446934045,  1422.54
1577.63709103,  42951.5,  38172.5,  332.757288451,  837.447111527,  1423.18
1577.65752526,  42936.9,  38160.3,  332.75742679,  837.446977892,  1422.11
1577.67795968,  42928.4,  38154.8,  332.757334338,  837.447333008,  1421.23
1577.698394,  42940.7,  38163.3,  332.757261094,  837.446627474,  1422.72
1577.71882832,  42937.3,  38161.6,  332.757345824,  837.447044301,  1424.81
1577.73926265,  42945.3,  38167.7,  332.757243754,  837.44696019,  1421.59
1577.75969697,  42934.0,  38156.5,  332.757379974,  837.446719959,  1420.43
1577.78013139,  42945.2,  38169.6,  332.757654801,  837.447061451,  1421.38
1577.80056562,  42949.5,  38171.9,  332.757533368,  837.44644509,  1421.46
1577.82099994,  42945.3,  38166.9,  332.757017778,  837.446654146,  1420.86
1577.84143437,  42943.3,  38167.6,  332.757402191,  837.446759609,  1421.41
1577.86186869,  42943.8,  38165.3,  332.757611086,  837.44697468,  1421.48
1577.88230291,  42950.9,  38173.3,  332.757230886,  837.446918785,  1420.7
1577.90273734,  42955.7,  38178.0,  332.757364263,  837.446529854,  1419.94
1577.92317166,  42952.9,  38174.3,  332.757481428,  837.446615706,  1419.51
1577.94360599,  42939.5,  38164.1,  332.757598426,  837.446623158,  1420.49
1577.96404031,  42934.1,  38159.0,  332.757460673,  837.446976272,  1420.78
1577.98447464,  42938.7,  38161.5,  332.757619716,  837.446610986,  1419.5
1578.00490896,  42942.9,  38168.5,  332.757476019,  837.446676334,  1420.68
1578.02534329,  42940.0,  38162.0,  332.757606264,  837.446481936,  1420.47
1578.04577761,  42941.2,  38165.0,  332.757297827,  837.446770901,  1420.55
1578.06621204,  42934.9,  38160.6,  332.757130357,  837.446462341,  1425.64
1578.08664626,  42953.1,  38173.6,  332.757525121,  837.446629862,  1420.71
1578.10708059,  42946.7,  38171.0,  332.757649079,  837.446307461,  1421.02
1578.12751502,  42947.3,  38171.0,  332.757085442,  837.44652692,  1419.11
1578.14794924,  42954.5,  38177.0,  332.757621219,  837.44671946,  1419.63
1578.16838367,  42950.5,  38174.8,  332.757385704,  837.446384498,  1419.61
1578.18881799,  42942.7,  38167.2,  332.757395721,  837.446487171,  1419.61
1578.20925222,  42939.7,  38164.1,  332.757539536,  837.446379061,  1420.08
1578.22968665,  42951.8,  38176.9,  332.757130847,  837.446375072,  1419.72
1578.25012087,  42947.9,  38170.6,  332.757453302,  837.446537697,  1420.21
1578.2705552,  42951.4,  38175.5,  332.757130728,  837.446740827,  1419.04
1578.29098963,  42935.0,  38162.2,  332.757733574,  837.446549175,  1419.42
1578.31142386,  42945.0,  38168.1,  332.757575133,  837.44674261,  1419.24
1578.33185828,  42962.3,  38185.5,  332.757253699,  837.446251163,  1419.3
1578.35229261,  42948.4,  38173.4,  332.75736086,  837.446485209,  1418.01
1578.37272684,  42951.9,  38175.1,  332.757254123,  837.446267944,  1419.13
1578.39316127,  42956.4,  38182.2,  332.757475613,  837.446946174,  1418.57
1578.41359559,  42941.3,  38166.4,  332.756958565,  837.446381656,  1417.63
1578.43402992,  42940.3,  38167.3,  332.757174857,  837.446011537,  1417.19
1578.45446425,  42936.9,  38165.3,  332.757655849,  837.446652315,  1418.62
1578.47489858,  42948.5,  38172.2,  332.757804955,  837.446320683,  1417.52
1578.49533291,  42943.0,  38170.1,  332.757682519,  837.446780674,  1417.97
1578.51576724,  42945.5,  38172.6,  332.757528358,  837.446649664,  1418.04
1578.53620156,  42937.0,  38162.7,  332.757392671,  837.446233982,  1417.34
1578.55663599,  42965.4,  38190.7,  332.757588615,  837.446595169,  1419.18
1578.57707032,  42936.9,  38164.3,  332.757512894,  837.44618466,  1417.89
1578.59750455,  42940.5,  38166.6,  332.757245982,  837.445901714,  1417.82
1578.63837331,  42952.2,  38176.1,  332.757389511,  837.446733967,  1417.39
1578.65880754,  42947.7,  38173.6,  332.757644971,  837.446302705,  1416.53
1578.67924197,  42962.0,  38186.6,  332.757515053,  837.446710903,  1416.09
1578.6996763,  42959.8,  38183.6,  332.757630429,  837.446427808,  1416.64
1578.72011053,  42962.4,  38186.7,  332.757719597,  837.446095275,  1415.67
1578.74054496,  42972.1,  38194.4,  332.757405323,  837.44600986,  1416.44
1578.76097929,  42953.0,  38177.7,  332.757228865,  837.446953508,  1416.35
1578.78141372,  42941.9,  38170.5,  332.757658603,  837.446655648,  1416.22
1578.80184795,  42939.1,  38166.8,  332.757600397,  837.446456577,  1415.4
1578.82228228,  42951.1,  38178.7,  332.757725091,  837.446850802,  1416.16
1578.84271671,  42932.1,  38162.0,  332.757797888,  837.446494502,  1416.72
1578.86315094,  42954.3,  38181.0,  332.757567121,  837.446796078,  1415.73
1578.88358528,  42946.1,  38174.6,  332.757671016,  837.44634323,  1416.63
1578.90401961,  42945.9,  38174.7,  332.757518036,  837.446303208,  1416.3
1578.92445394,  42941.7,  38170.9,  332.757827157,  837.446477381,  1415.51
1578.94488837,  42952.3,  38182.9,  332.757948493,  837.446623105,  1416.42
1578.9653226,  42940.5,  38171.4,  332.758193171,  837.446477641,  1416.17
1578.98575693,  42961.6,  38190.4,  332.758193587,  837.446826154,  1415.9
1579.00619137,  42942.5,  38175.2,  332.757753996,  837.446594783,  1415.89
1579.0266256,  42952.2,  38181.5,  332.757946281,  837.446787693,  1414.41
1579.04705993,  42946.6,  38178.2,  332.757798254,  837.446738714,  1414.8
1579.06749436,  42952.4,  38183.0,  332.757766769,  837.446458758,  1413.93
1579.0879287,  42941.4,  38172.2,  332.757572619,  837.446615433,  1414.01
1579.10836293,  42937.3,  38171.6,  332.757860934,  837.446552135,  1414.85
1579.12879736,  42951.3,  38181.7,  332.758382278,  837.447092069,  1413.45
1579.14923169,  42948.8,  38179.3,  332.757978506,  837.446858511,  1413.53
1579.16966603,  42946.2,  38179.4,  332.75817149,  837.44646958,  1413.29
1579.19010036,  42944.3,  38175.6,  332.757744363,  837.446382189,  1412.7
1579.21053469,  42948.9,  38181.0,  332.758211813,  837.446605303,  1411.82
1579.23096913,  42939.4,  38173.6,  332.758062686,  837.446101165,  1413.71
1579.25140336,  42932.4,  38165.3,  332.757724289,  837.446247584,  1411.36
1579.2718377,  42945.7,  38178.5,  332.757935675,  837.446339387,  1412.73
1579.29227213,  42942.0,  38173.6,  332.757832549,  837.446804071,  1412.91
1579.31270636,  42934.7,  38167.1,  332.75734028,  837.446258772,  1412.19
1579.3331408,  42940.6,  38173.6,  332.758088424,  837.446509247,  1412.89
1579.35357513,  42937.7,  38169.2,  332.758582271,  837.44650658,  1412.32
1579.37400937,  42951.9,  38182.6,  332.757921084,  837.446361642,  1412.61
1579.3944438,  42935.2,  38169.6,  332.758223912,  837.44625918,  1413.25
1579.41487814,  42941.7,  38171.0,  332.758099195,  837.446454933,  1412.75
1579.43531237,  42941.0,  38171.7,  332.758385735,  837.446253349,  1413.6
1579.45574681,  42950.7,  38180.7,  332.757998558,  837.446340442,  1412.52
1579.47618114,  42946.2,  38175.1,  332.758229656,  837.445703269,  1412.09
1579.49661538,  42936.5,  38168.5,  332.757936284,  837.446380968,  1412.1
1579.51704981,  42943.2,  38173.0,  332.75798607,  837.446409153,  1411.77
1579.53748405,  42939.2,  38168.4,  332.757978434,  837.446180315,  1410.98
1579.55791848,  42936.7,  38168.8,  332.757893073,  837.446269693,  1411.66
1579.57835282,  42939.5,  38169.3,  332.757798374,  837.44604579,  1410.58
1579.59878716,  42944.8,  38174.0,  332.758036151,  837.445931739,  1410.1
1579.61922149,  42921.3,  38153.8,  332.758087516,  837.446116805,  1411.52
1579.63965583,  42951.1,  38179.0,  332.758304129,  837.446335,  1410.69
1579.66009017,  42931.2,  38162.3,  332.758477614,  837.446137105,  1411.14
1579.6805245,  42929.9,  38159.8,  332.757913309,  837.446149474,  1409.74
1579.70095884,  42949.2,  38176.6,  332.758001475,  837.446144659,  1409.36
1579.72139328,  42940.9,  38171.1,  332.757957714,  837.446195292,  1410.03
1579.74182761,  42939.2,  38168.0,  332.758273536,  837.446222648,  1409.62
1579.76226185,  42942.3,  38169.8,  332.758065282,  837.446213545,  1410.29
1579.78269629,  42945.3,  38174.5,  332.758098365,  837.445992536,  1408.3
1579.80313062,  42937.7,  38163.5,  332.758014069,  837.445824361,  1408.75
1579.82356486,  42947.6,  38174.3,  332.758316172,  837.445682992,  1408.1
1579.8439993,  42939.2,  38167.0,  332.758064285,  837.446017064,  1409.78
1579.86443364,  42943.6,  38168.8,  332.758198849,  837.445610822,  1407.7
1579.88486788,  42938.4,  38166.3,  332.758127292,  837.446257962,  1407.98
1579.90530231,  42939.9,  38165.5,  332.75806899,  837.445921346,  1408.52
1579.92573665,  42944.2,  38168.8,  332.758327608,  837.445613429,  1407.35
1579.94617109,  42954.2,  38179.8,  332.758137591,  837.446194133,  1406.38
1579.96660533,  42942.4,  38165.8,  332.758086558,  837.445962835,  1407.28
1579.98703967,  42946.8,  38171.3,  332.758525271,  837.445882088,  1409.05
1580.00747411,  42938.3,  38163.3,  332.758026296,  837.445671165,  1407.16
1580.02790835,  42943.2,  38165.6,  332.758325363,  837.445669778,  1406.07
1580.04834268,  42935.7,  38161.3,  332.758348818,  837.445397101,  1406.24
1580.06877712,  42938.5,  38163.1,  332.758136353,  837.445865012,  1405.98
1580.08921136,  42942.5,  38164.7,  332.757965582,  837.44560195,  1406.16
1580.1096457,  42939.5,  38164.7,  332.757939219,  837.445430258,  1404.65
1580.13008014,  42943.2,  38165.1,  332.758280326,  837.445718596,  1405.44
1580.15051438,  42947.7,  38170.0,  332.757933698,  837.445625282,  1404.98
1580.17094882,  42938.7,  38162.7,  332.758024145,  837.445732708,  1404.01
1580.19138306,  42944.7,  38165.1,  332.758541814,  837.445583373,  1403.56
1580.2118174,  42934.6,  38157.4,  332.75820705,  837.445385311,  1405.7
1580.23225184,  42951.8,  38174.1,  332.758463836,  837.445530278,  1404.55
1580.25268608,  42946.7,  38167.6,  332.758455681,  837.445535538,  1404.44
1580.27312042,  42946.1,  38168.2,  332.758046186,  837.445698255,  1405.06
1580.29355486,  42941.7,  38162.9,  332.757991923,  837.445468311,  1404.05
1580.31398921,  42942.3,  38162.9,  332.758056437,  837.445364989,  1403.62
1580.33442355,  42944.4,  38165.6,  332.758246031,  837.445219388,  1402.96
1580.35485789,  42950.8,  38169.6,  332.757897479,  837.445550784,  1403.5
1580.37529223,  42947.2,  38167.9,  332.75820661,  837.445608015,  1404.1
1580.39572657,  42936.9,  38158.7,  332.758030143,  837.445231543,  1403.45
1580.41616091,  42933.2,  38153.6,  332.758247138,  837.445663744,  1402.93
1580.43659525,  42944.7,  38165.2,  332.757921928,  837.445548482,  1402.42
1580.4570297,  42939.2,  38159.1,  332.757994676,  837.445580601,  1402.82
1580.47746394,  42939.5,  38158.5,  332.758107786,  837.445364517,  1404.05
1580.49789828,  42947.2,  38167.3,  332.758432032,  837.44495123,  1401.63
1580.51833272,  42943.0,  38161.8,  332.758502898,  837.4456499,  1402.92
1580.53876696,  42948.9,  38166.5,  332.758527892,  837.445181381,  1402.63
1580.55920141,  42935.1,  38156.5,  332.758246259,  837.445321717,  1402.16
1580.57963575,  42935.1,  38154.6,  332.758284003,  837.445291329,  1400.19
1580.60006999,  42948.2,  38167.5,  332.75848187,  837.445302519,  1401.24
1580.62050443,  42944.5,  38164.2,  332.758161935,  837.445421373,  1401.17
1580.64093878,  42944.5,  38162.7,  332.75841683,  837.445719743,  1401.18
1580.66137302,  42939.6,  38160.5,  332.758023731,  837.444628265,  1400.84
1580.68180746,  42935.9,  38155.7,  332.758345713,  837.445200541,  1400.28
1580.70224181,  42952.3,  38169.0,  332.758510329,  837.445130841,  1401.92
1580.72267625,  42934.4,  38156.4,  332.757950479,  837.445578607,  1400.74
1580.74311049,  42934.4,  38153.4,  332.758448797,  837.444905126,  1399.79
1580.76354484,  42931.9,  38153.0,  332.758136617,  837.445076543,  1400.15
1580.78397928,  42931.5,  38152.1,  332.758312582,  837.445210946,  1398.81
1580.80441353,  42946.5,  38163.8,  332.758428808,  837.444766097,  1400.09
1580.82484787,  42935.7,  38155.5,  332.758273606,  837.445017098,  1398.15
1580.84528221,  42936.9,  38155.4,  332.75790345,  837.445090418,  1398.66
1580.86571656,  42934.1,  38153.7,  332.758141122,  837.445082621,  1398.54
1580.8861509,  42949.9,  38169.4,  332.758741101,  837.445006851,  1398.26
1580.90658525,  42937.9,  38156.5,  332.758232232,  837.445295623,  1398.65
1580.92701959,  42936.5,  38155.3,  332.758565684,  837.444718042,  1398.88
1580.94745404,  42934.7,  38155.7,  332.758483988,  837.445231596,  1399.59
1580.96788838,  42937.9,  38155.9,  332.758291831,  837.444985887,  1398.77
1580.98832263,  42942.0,  38160.4,  332.75838202,  837.444858773,  1398.34
1581.00875707,  42939.9,  38158.8,  332.758081003,  837.444902128,  1398.02
1581.02919142,  42932.8,  38151.8,  332.759148828,  837.445308671,  1397.46
1581.04962567,  42945.3,  38164.4,  332.758539058,  837.445229503,  1398.39
1581.07006011,  42943.1,  38161.0,  332.758863016,  837.444810448,  1398.64
1581.09049446,  42935.5,  38153.4,  332.758043178,  837.444552535,  1397.95
1581.1109289,  42925.5,  38146.3,  332.758573874,  837.444805241,  1397.67
1581.13136315,  42937.1,  38153.9,  332.758610444,  837.445004871,  1396.84
1581.1517975,  42938.9,  38157.3,  332.758286474,  837.444740031,  1396.89
1581.17223194,  42934.6,  38154.6,  332.758223303,  837.444701675,  1397.8
1581.19266619,  42939.4,  38156.7,  332.758213422,  837.444709817,  1397.56
1581.21310054,  42941.6,  38160.4,  332.758557416,  837.444851196,  1396.91
1581.23353498,  42944.9,  38162.0,  332.75812944,  837.44502075,  1397.49
1581.25396923,  42946.1,  38162.7,  332.758547708,  837.444862824,  1395.94
1581.27440358,  42940.1,  38159.8,  332.758610017,  837.444806181,  1397.65
1581.29483802,  42942.8,  38159.9,  332.758693345,  837.444932673,  1396.72
1581.31527227,  42932.8,  38150.6,  332.758249153,  837.444524308,  1396.93
1581.33570672,  42933.1,  38153.3,  332.758794612,  837.445057268,  1395.65
1581.35614107,  42946.5,  38162.2,  332.757765759,  837.444309644,  1396.09
1581.37657541,  42926.3,  38146.6,  332.758773818,  837.444533251,  1396.86
1581.39700976,  42946.0,  38163.2,  332.757941318,  837.445154776,  1395.6
1581.41744411,  42928.1,  38145.5,  332.758479434,  837.444667962,  1395.17
1581.43787846,  42859.1,  38086.8,  332.758683706,  837.444590194,  1395.97
1581.45831281,  42768.5,  38005.4,  332.758927547,  837.445055477,  1396.18
1581.47874715,  42715.5,  37958.0,  332.759282206,  837.444632435,  1395.66
1581.4991815,  42670.4,  37920.8,  332.759011667,  837.445175181,  1395.46
1581.51961585,  42674.6,  37920.9,  332.759047046,  837.444856543,  1395.41
1581.5400502,  42719.9,  37962.5,  332.759154242,  837.444663616,  1395.0
1581.56048455,  42790.5,  38025.0,  332.758601211,  837.444793421,  1395.47
1581.5809189,  42869.2,  38095.4,  332.758399483,  837.444602379,  1394.65
1586.83254373,  42963.7,  37818.9,  332.75649675,  837.436978502,  1366.38
1586.85297821,  42972.8,  37828.8,  332.756724217,  837.436936011,  1365.67
1586.87341249,  42968.9,  37824.9,  332.757041677,  837.436540957,  1366.18
1586.89384697,  42971.2,  37826.6,  332.756642739,  837.436389905,  1366.54
1586.91428135,  42958.2,  37817.9,  332.756728308,  837.436159899,  1366.71
1586.93471563,  42959.4,  37815.9,  332.756476636,  837.436341316,  1366.93
1586.95515011,  42959.3,  37818.2,  332.756666183,  837.435317636,  1366.96
1586.97558449,  42958.2,  37819.5,  332.756452726,  837.435887691,  1367.69
1586.99601887,  42970.9,  37828.7,  332.756843688,  837.435823683,  1366.45
1587.01645325,  42971.5,  37832.8,  332.756184516,  837.435743737,  1365.94
1587.03688763,  42964.4,  37827.0,  332.756158084,  837.435588791,  1366.67
1587.05732211,  42971.5,  37833.1,  332.756814914,  837.436269244,  1367.18
1587.07775649,  42970.1,  37835.6,  332.756068589,  837.435404991,  1366.33
1587.09819077,  42973.9,  37837.0,  332.756288871,  837.435273395,  1366.07
1587.11862525,  42960.5,  37829.0,  332.756547651,  837.435624382,  1366.51
1587.13905963,  42962.4,  37834.6,  332.756643659,  837.435678395,  1365.85
1587.15949391,  42964.2,  37835.9,  332.75620795,  837.435657053,  1366.66
1587.17992839,  42967.7,  37841.2,  332.756489029,  837.435622827,  1366.43
1587.20036277,  42981.8,  37856.8,  332.756571188,  837.435807581,  1365.05
1587.22079716,  42960.2,  37837.6,  332.757742423,  837.439069542,  1365.4
1587.24123154,  42954.7,  37838.2,  332.757197031,  837.436269322,  1364.89
1587.26166582,  42967.0,  37849.1,  332.756922492,  837.435757444,  1366.22
1587.2821003,  42964.4,  37849.1,  332.757644343,  837.435998031,  1366.0
1587.30253468,  42970.1,  37858.6,  332.757144045,  837.435815856,  1364.09
1587.32296896,  42958.5,  37848.1,  332.75715377,  837.435465105,  1367.22
1587.34340345,  42960.7,  37853.9,  332.757171279,  837.436524349,  1366.21
1587.36383783,  42968.1,  37865.1,  332.757498342,  837.43629714,  1365.01
1587.38427231,  42971.4,  37866.8,  332.757371895,  837.436304705,  1365.48
1587.40470659,  42963.1,  37863.9,  332.75722665,  837.436277356,  1365.38
1587.42514097,  42958.3,  37862.7,  332.757489602,  837.436612309,  1364.42
1587.44557546,  42951.5,  37857.8,  332.757997967,  837.436106441,  1365.13
1587.46600974,  42961.5,  37873.2,  332.75784075,  837.436719825,  1364.29
1587.5068786,  42951.6,  37866.6,  332.757456612,  837.436313809,  1365.06
1587.52731289,  42964.9,  37882.2,  332.757795932,  837.436605513,  1364.94
1587.54774737,  42971.7,  37888.1,  332.758048243,  837.436572789,  1364.38
1587.56818175,  42961.6,  37882.7,  332.757891662,  837.436483539,  1365.42
1587.58861614,  42978.7,  37902.0,  332.757976559,  837.436552351,  1364.23
1587.60905052,  42967.9,  37891.5,  332.758127392,  837.436483343,  1365.33
1587.6294849,  42959.9,  37890.3,  332.758092829,  837.436646403,  1364.91
1587.64991929,  42958.7,  37890.2,  332.758404563,  837.436460643,  1363.93
1587.67035367,  42951.5,  37886.0,  332.758203264,  837.436796389,  1364.96
1587.69078805,  42963.3,  37900.2,  332.758283712,  837.43639294,  1362.94
1587.71122254,  42967.9,  37904.3,  332.758371599,  837.436893548,  1364.26
1587.73165682,  42960.9,  37902.0,  332.758584488,  837.436552036,  1364.49
1587.7520912,  42959.1,  37903.6,  332.758191789,  837.436254961,  1364.8
1587.77252569,  42974.0,  37917.1,  332.758470311,  837.436780062,  1363.16
1587.79296007,  42961.3,  37909.3,  332.758354054,  837.436642311,  1363.07
1587.81339436,  42963.5,  37913.2,  332.758351855,  837.436688365,  1363.69
1587.83382884,  42967.3,  37918.5,  332.758764695,  837.43689492,  1362.4
1587.85426313,  42966.7,  37922.3,  332.757647895,  837.436583114,  1362.27
1587.87469761,  42959.3,  37916.3,  332.75870438,  837.436916757,  1362.7
1587.89513199,  42967.0,  37925.9,  332.758913501,  837.436726733,  1363.21
1587.91556628,  42954.9,  37918.9,  332.758076222,  837.436137241,  1363.64
1587.93600076,  42958.6,  37922.2,  332.758456538,  837.43631213,  1362.66
1587.95643515,  42961.8,  37929.4,  332.758556651,  837.436058145,  1361.85
1587.97686943,  42969.9,  37940.4,  332.757964836,  837.436454726,  1363.16
1587.99730392,  42949.0,  37920.0,  332.758823546,  837.435918793,  1363.01
1588.0177383,  42952.6,  37928.8,  332.758643492,  837.436759012,  1362.53
1588.03817259,  42960.3,  37936.4,  332.75825041,  837.43630909,  1361.63
1588.05860708,  42959.4,  37937.6,  332.758533142,  837.436491265,  1361.2
1588.07904146,  42944.3,  37928.8,  332.758702974,  837.436483657,  1361.7
1588.09947595,  42960.1,  37942.2,  332.758368483,  837.436556786,  1361.97
1588.11991023,  42965.4,  37950.5,  332.758246433,  837.436624525,  1361.7
1588.14034462,  42950.4,  37941.6,  332.758737843,  837.436602793,  1363.29
1588.1607791,  42963.6,  37952.0,  332.758544777,  837.43639221,  1361.09
1588.18121339,  42972.1,  37962.7,  332.758215367,  837.436955509,  1361.22
1588.20164778,  42960.3,  37955.3,  332.758150689,  837.436412117,  1361.05
1588.22208226,  42954.3,  37950.9,  332.758934468,  837.436854998,  1360.68
1588.24251655,  42952.5,  37952.7,  332.757905651,  837.436683004,  1361.75
1588.26295103,  42957.6,  37958.3,  332.759021489,  837.436718748,  1358.54
1588.28338542,  42956.2,  37958.1,  332.758693931,  837.436937755,  1358.84
1588.30381981,  42972.6,  37977.0,  332.758478585,  837.437270319,  1359.87
1588.32425419,  42957.8,  37963.8,  332.758953302,  837.436736519,  1359.57
1588.34468858,  42965.0,  37973.0,  332.758651311,  837.436926883,  1358.69
1588.36512297,  42947.8,  37958.7,  332.758316985,  837.436612854,  1359.64
1588.38555736,  42948.5,  37960.6,  332.758863149,  837.43694614,  1359.21
1588.40599174,  42959.0,  37973.5,  332.758949254,  837.436608658,  1359.27
1588.42642613,  42957.7,  37973.8,  332.758143883,  837.437090988,  1358.61
1588.44686062,  42949.5,  37966.5,  332.758665392,  837.436689622,  1358.24
1588.4672949,  42955.2,  37975.5,  332.758883306,  837.43691171,  1358.2
1588.48772939,  42945.0,  37967.7,  332.758618314,  837.436863689,  1358.68
1588.50816368,  42947.6,  37970.6,  332.758680411,  837.437243571,  1358.97
1588.52859807,  42952.3,  37978.8,  332.75882665,  837.436951288,  1357.55
1588.54903256,  42961.9,  37986.0,  332.759050194,  837.436828065,  1358.37
1588.56946684,  42954.7,  37982.2,  332.758453245,  837.436847798,  1358.39
1588.58990123,  42950.1,  37980.0,  332.758802788,  837.437282865,  1357.43
1588.61033572,  42950.9,  37980.9,  332.759010592,  837.436682472,  1358.37
1588.63077001,  42955.9,  37989.0,  332.758826689,  837.4371996,  1359.28
1588.6512045,  42962.8,  37995.5,  332.758990169,  837.437274563,  1357.67
1588.67163888,  42945.0,  37980.5,  332.759001794,  837.437002882,  1357.71
1588.69207317,  42955.6,  37993.9,  332.758901388,  837.436886759,  1356.31
1588.71250766,  42962.7,  37999.6,  332.759468169,  837.437343075,  1356.84
1588.73294205,  42941.5,  37983.4,  332.758866277,  837.436727584,  1357.59
1588.75337634,  42963.9,  38005.5,  332.759264795,  837.437197518,  1356.27
1588.77381083,  42949.4,  37991.9,  332.759359774,  837.437391403,  1356.3
1588.79424522,  42947.4,  37993.4,  332.759060304,  837.437192825,  1355.05
1588.81467961,  42945.6,  37992.8,  332.758942026,  837.437451731,  1356.21
1588.83511399,  42951.6,  37998.1,  332.759179151,  837.437003169,  1356.69
1588.85554838,  42950.1,  38000.2,  332.759625003,  837.436956695,  1354.66
1588.87598287,  42948.6,  37997.9,  332.75944701,  837.437382876,  1355.37
1588.89641716,  42947.5,  37998.6,  332.759139676,  837.437188407,  1355.39
1588.91685155,  42942.0,  37996.9,  332.759485257,  837.437250046,  1355.37
1588.93728604,  42949.5,  38002.6,  332.759378292,  837.437827741,  1354.87
1588.95772043,  42941.7,  37998.5,  332.759459547,  837.437597449,  1354.83
1588.97815472,  42956.2,  38012.3,  332.759643434,  837.437153887,  1355.4
1588.99858921,  42948.1,  38005.6,  332.759425456,  837.437596688,  1355.44
1589.0190236,  42952.5,  38012.7,  332.759541663,  837.437440409,  1356.0
1589.03945789,  42943.5,  38003.9,  332.759761708,  837.43754907,  1354.81
1589.05989238,  42942.6,  38003.5,  332.759621986,  837.437437852,  1355.41
1589.08032677,  42946.2,  38010.6,  332.75922531,  837.437592285,  1354.22
1589.10076126,  42948.1,  38010.9,  332.75928037,  837.437599944,  1354.54
1589.12119555,  42946.4,  38011.8,  332.759362268,  837.437379117,  1354.01
1589.14162994,  42953.7,  38020.3,  332.7591338,  837.437531972,  1354.45
1589.16206433,  42941.1,  38008.0,  332.7600563,  837.437831557,  1353.55
1589.18249872,  42957.6,  38026.0,  332.759437839,  837.437568498,  1353.81
1589.20293302,  42955.0,  38022.8,  332.759957333,  837.437527562,  1353.77
1589.22336751,  42955.9,  38024.6,  332.759684613,  837.438088392,  1355.24
1589.2438019,  42946.2,  38018.5,  332.75945496,  837.437360274,  1353.46
1589.26423639,  42949.7,  38021.3,  332.759757797,  837.437870967,  1353.36
1589.28467068,  42948.4,  38020.8,  332.759662624,  837.438170286,  1352.97
1589.30510507,  42945.8,  38021.6,  332.75978118,  837.438027337,  1352.71
1589.32553956,  42959.5,  38032.0,  332.759677666,  837.437761263,  1352.86
1589.34597385,  42953.2,  38028.9,  332.759501401,  837.43812795,  1352.97
1589.36640825,  42952.4,  38030.2,  332.759712162,  837.437570373,  1353.56
1589.38684274,  42932.9,  38011.2,  332.760025742,  837.437249416,  1354.07
1589.40727703,  42955.7,  38034.9,  332.759699048,  837.437851604,  1353.51
1589.42771142,  42960.1,  38037.7,  332.7594703,  837.437772209,  1353.26
1589.44814591,  42966.4,  38043.7,  332.760088724,  837.438353399,  1353.01
1589.46858031,  42950.6,  38032.3,  332.759788529,  837.437706138,  1352.25
1589.4890147,  42946.7,  38027.3,  332.759954772,  837.438219586,  1354.75
1589.50944909,  42945.6,  38027.9,  332.759792654,  837.437498132,  1352.2
1589.52988348,  42951.0,  38034.1,  332.759932873,  837.438172762,  1352.23
1589.55031788,  42948.6,  38028.3,  332.760109586,  837.437671187,  1352.16
1589.57075227,  42963.0,  38044.8,  332.759990033,  837.437837737,  1351.95
1589.59118666,  42943.5,  38028.6,  332.759998557,  837.438028588,  1351.47
1589.61162115,  42953.9,  38037.6,  332.759874106,  837.437959492,  1351.98
1589.63205545,  42949.2,  38036.9,  332.759778274,  837.437946656,  1351.03
1589.65248984,  42957.8,  38042.7,  332.759631985,  837.438175961,  1351.65
1589.67292433,  42935.4,  38025.0,  332.760590716,  837.437982482,  1352.06
1589.69335863,  42950.8,  38041.3,  332.759721494,  837.43803684,  1350.31
1589.71379312,  42954.4,  38040.8,  332.760074244,  837.43817937,  1351.73
1589.73422751,  42953.9,  38041.9,  332.759822224,  837.438041779,  1351.69
1589.7546618,  42955.2,  38044.4,  332.759664491,  837.437945762,  1351.38
1589.7750963,  42951.3,  38039.6,  332.759931267,  837.438518243,  1351.22
1589.79553069,  42951.5,  38043.0,  332.760312225,  837.4380582,  1351.08
1589.81596499,  42965.2,  38054.5,  332.759981001,  837.438239814,  1351.42
1589.85683377,  42945.3,  38039.9,  332.759741721,  837.437753821,  1351.31
1589.87726827,  42943.1,  38035.1,  332.760363605,  837.437939668,  1351.29
1589.89770266,  42955.4,  38046.7,  332.760175911,  837.438362585,  1349.87
1589.91813696,  42951.1,  38043.8,  332.759966746,  837.438299087,  1350.63
1589.93857145,  42941.1,  38033.2,  332.760235203,  837.438491896,  1349.75
1589.95900584,  42945.4,  38039.6,  332.760272333,  837.438267693,  1349.65
1589.97944014,  42941.2,  38034.6,  332.759995544,  837.438114573,  1349.34
1589.99987463,  42947.9,  38040.1,  332.759652857,  837.438072448,  1349.74
1590.02030903,  42946.5,  38041.8,  332.760081149,  837.43788969,  1349.87
1590.04074342,  42953.2,  38045.6,  332.760544118,  837.438167143,  1348.62
1590.06117782,  42944.2,  38037.4,  332.760318148,  837.438220816,  1348.81
1590.08161221,  42943.9,  38040.2,  332.760405854,  837.437925542,  1348.75
1590.10204671,  42959.6,  38051.7,  332.760540921,  837.438326482,  1350.23
1590.122481,  42942.9,  38039.3,  332.760261869,  837.438180977,  1348.58
1590.1429154,  42954.5,  38049.2,  332.759994306,  837.437921884,  1349.03
1590.16334989,  42946.1,  38041.2,  332.760370257,  837.438588775,  1348.22
1590.18378429,  42944.1,  38041.6,  332.760471959,  837.438275295,  1348.71
1590.20421858,  42945.9,  38041.7,  332.760529906,  837.437706053,  1348.94
1590.22465308,  42939.7,  38036.6,  332.760726123,  837.438235208,  1348.19
1590.24508747,  42942.8,  38041.5,  332.760435188,  837.438350162,  1347.64
1590.26552177,  42945.6,  38043.0,  332.760487623,  837.438496616,  1348.56
1590.28595627,  42947.2,  38044.9,  332.760342719,  837.438265053,  1347.16
1590.30639066,  42932.1,  38033.8,  332.760038212,  837.437900021,  1348.03
1590.32682516,  42960.2,  38055.9,  332.760154488,  837.437901588,  1349.35
1590.34725945,  42947.2,  38047.3,  332.760305746,  837.438086022,  1348.95
1590.36769385,  42956.8,  38055.2,  332.760194206,  837.437930234,  1347.41
1590.38812835,  42947.6,  38046.9,  332.760511091,  837.438125148,  1348.92
1590.40856264,  42951.6,  38053.5,  332.760369555,  837.438390092,  1347.51
1590.42899704,  42953.1,  38051.6,  332.760587807,  837.438209045,  1347.79
1590.44943144,  42945.3,  38046.0,  332.760639326,  837.438135948,  1347.72
1590.46986583,  42942.9,  38046.2,  332.760771307,  837.438120733,  1347.65
1590.49030033,  42955.5,  38055.9,  332.760149147,  837.438250237,  1347.97
1590.51073463,  42942.4,  38046.1,  332.760423864,  837.437972057,  1346.11
1590.53116902,  42951.5,  38054.6,  332.760857618,  837.438138769,  1347.16
1590.55160352,  42949.4,  38050.5,  332.760441941,  837.4382937,  1347.64
1590.57203782,  42944.1,  38049.2,  332.760665776,  837.437983163,  1348.72
1590.59247221,  42948.7,  38051.5,  332.760570012,  837.4383444,  1347.87
1590.61290671,  42935.8,  38039.7,  332.760510738,  837.438301812,  1348.26
1590.63334101,  42954.6,  38060.2,  332.760777821,  837.438477033,  1346.67
1590.6537754,  42935.7,  38040.7,  332.760913256,  837.43811325,  1346.22
1590.6742099,  42948.9,  38053.1,  332.760267477,  837.437873106,  1345.79
1590.6946443,  42941.7,  38049.5,  332.760960392,  837.438425449,  1345.68
1590.7150787,  42934.7,  38041.3,  332.760467833,  837.43852973,  1347.79
1590.7355131,  42952.7,  38058.9,  332.760518179,  837.437901493,  1346.86
1590.75594749,  42943.3,  38050.4,  332.760540175,  837.438262036,  1346.49
1590.77638189,  42943.4,  38049.9,  332.760812827,  837.438483367,  1346.31
1590.79681629,  42938.6,  38047.7,  332.760404235,  837.438200367,  1345.57
1590.81725069,  42941.7,  38049.4,  332.760631114,  837.438439038,  1347.55
1590.83768519,  42953.6,  38059.1,  332.760711525,  837.438299883,  1345.42
1590.85811948,  42939.1,  38049.9,  332.760459774,  837.438016769,  1345.58
1590.87855388,  42936.5,  38045.1,  332.760307956,  837.438265162,  1346.15
1590.89898838,  42934.6,  38045.0,  332.760403324,  837.438173253,  1346.06
1590.91942268,  42936.1,  38046.8,  332.760407714,  837.438012661,  1346.76
1590.93985718,  42947.5,  38055.6,  332.760177845,  837.43815423,  1346.16
1590.96029158,  42937.8,  38049.5,  332.760298556,  837.438327713,  1345.27
1590.98072587,  42949.3,  38048.5,  332.769024981,  837.43539351,  1347.4
1591.00116037,  42935.6,  38039.2,  332.760883373,  837.438833247,  1345.43
