Kepler I.D.-----Channel

[3745184]--------[81]

-TTYPE1--------TTYPE8------------TTYPE4-----------TTYPE15------------TTYPE17-----------TTYPE6

['TIME']---['PDCSAP_FLUX']---['SAP_FLUX']---['MOM_CENTR1']---['MOM_CENTR2']---['SAP_BKG']

['BJD - 2454833']--['e-/s']--------['e-/s']---------['pixel']---------['pixel']----------['e-/s']

CROWDSAP --- 0.9545

3745184

1559.246263,  11833.3,  9836.84,  1087.2380308,  294.05081875,  1115.67
1559.26669738,  12126.6,  10070.6,  1087.23387488,  294.051630562,  1116.1
1559.28713186,  11890.8,  9882.93,  1087.23681245,  294.050992614,  1115.45
1559.30756614,  11411.6,  9503.02,  1087.24560165,  294.048281319,  1115.39
1559.32800052,  10218.4,  8556.53,  1087.26945071,  294.04059178,  1116.67
1559.348435,  9803.66,  8226.38,  1087.27940111,  294.03899245,  1116.56
1559.36886928,  11146.6,  9293.75,  1087.25075895,  294.046618282,  1115.17
1559.38930376,  11876.3,  9873.58,  1087.23762302,  294.050447712,  1115.72
1559.40973815,  12325.5,  10229.7,  1087.23054839,  294.05276681,  1113.79
1559.43017253,  12317.2,  10224.1,  1087.23055819,  294.052114155,  1115.06
1559.45060691,  11763.8,  9784.43,  1087.23959263,  294.049522349,  1114.67
1559.47104129,  10116.1,  8476.34,  1087.27167739,  294.040898881,  1113.89
1559.49147567,  7447.29,  6358.74,  1087.34462777,  294.022373829,  1113.51
1559.51191005,  9172.8,  7727.96,  1087.29283577,  294.034348523,  1114.05
1559.53234444,  11283.2,  9404.0,  1087.24885237,  294.046991455,  1113.45
1559.55277882,  11871.8,  9872.14,  1087.23786676,  294.049262339,  1114.39
1559.5732132,  12021.4,  9990.58,  1087.23551365,  294.048832819,  1112.94
1559.59364759,  11843.4,  9850.13,  1087.23887866,  294.049412266,  1114.04
1559.61408197,  11310.6,  9427.11,  1087.24853137,  294.046358657,  1113.0
1559.63451635,  10056.7,  8431.29,  1087.27292984,  294.039428106,  1113.38
1559.65495074,  9908.65,  8314.89,  1087.27722912,  294.038334021,  1113.25
1559.67538522,  11260.5,  9387.96,  1087.25009366,  294.044971379,  1112.9
1559.6958195,  11921.7,  9912.66,  1087.23785684,  294.048867729,  1112.68
1559.71625389,  12357.3,  10259.8,  1087.23050134,  294.050270721,  1113.08
1559.73668837,  12280.8,  10198.5,  1087.2322154,  294.048638382,  1111.65
1559.75712266,  11674.2,  9717.15,  1087.24249796,  294.046939412,  1112.2
1559.77755714,  9795.21,  8226.21,  1087.27930646,  294.038846954,  1111.52
1559.79799153,  7372.69,  6301.9,  1087.34913475,  294.021636891,  1112.05
1559.81842581,  9517.67,  8005.74,  1087.28757231,  294.036115829,  1111.56
1559.8388603,  11385.5,  9489.09,  1087.24787022,  294.045766648,  1111.39
1559.85929468,  11935.2,  9924.73,  1087.23812768,  294.048687725,  1111.14
1559.87972897,  12097.1,  10054.5,  1087.23496939,  294.047436187,  1111.31
1559.90016346,  11795.6,  9814.62,  1087.24036409,  294.047494741,  1110.47
1559.92059784,  11216.6,  9354.94,  1087.25197562,  294.044119796,  1110.18
1559.94103233,  9932.86,  8336.78,  1087.27640031,  294.035902224,  1108.8
1559.96146662,  10040.3,  8420.88,  1087.27457916,  294.037959314,  1110.62
1559.981901,  11365.7,  9473.77,  1087.24904642,  294.045220385,  1110.18
1560.00233549,  11991.1,  9971.16,  1087.23753676,  294.048353582,  1109.72
1560.02276978,  12391.5,  10287.9,  1087.23211793,  294.048952311,  1111.29
1560.04320417,  12256.8,  10181.8,  1087.23231473,  294.048777202,  1109.53
1560.06363865,  11585.6,  9648.97,  1087.24369985,  294.045809838,  1109.22
1560.08407294,  9444.71,  7948.92,  1087.2883562,  294.034373089,  1110.41
1560.10450743,  7400.05,  6326.4,  1087.34652289,  294.020694198,  1109.4
1560.12494182,  9845.89,  8267.81,  1087.27780482,  294.037021688,  1109.59
1560.14537611,  11448.7,  9539.78,  1087.24757242,  294.045619875,  1109.6
1560.1658106,  11971.6,  9956.31,  1087.23815549,  294.047686047,  1109.71
1560.18624499,  12081.2,  10042.4,  1087.23634527,  294.048408525,  1109.67
1560.20667928,  11743.6,  9774.46,  1087.24187737,  294.045552833,  1109.07
1560.22711377,  11097.0,  9261.83,  1087.2527837,  294.043222277,  1108.71
1560.24754816,  9818.92,  8246.14,  1087.27958123,  294.035639054,  1108.38
1560.26798245,  10197.0,  8547.15,  1087.27193385,  294.038004325,  1107.8
1560.28841694,  11474.5,  9561.62,  1087.2464956,  294.044481259,  1108.31
1560.30885133,  12046.2,  10014.6,  1087.23701323,  294.047273248,  1108.82
1560.32928572,  12406.9,  10302.2,  1087.23172772,  294.048732874,  1108.02
1560.34972011,  12199.1,  10136.6,  1087.23457631,  294.04746508,  1109.08
1560.3701545,  11459.2,  9548.92,  1087.24747575,  294.044388718,  1106.55
1560.39058899,  9077.47,  7658.6,  1087.29764998,  294.031378271,  1108.69
1560.41102328,  7486.65,  6394.26,  1087.34543756,  294.019721673,  1107.85
1560.43145768,  10150.0,  8509.67,  1087.27279167,  294.037119489,  1107.6
1560.45189217,  11511.2,  9590.87,  1087.24652469,  294.044337308,  1107.34
1560.47232646,  12007.3,  9983.84,  1087.23788648,  294.045907052,  1107.76
1560.49276095,  12073.4,  10037.2,  1087.23719313,  294.046639369,  1108.05
1560.51319535,  11696.1,  9737.56,  1087.24243558,  294.044895138,  1107.42
1560.53362964,  10981.0,  9169.37,  1087.25600665,  294.041334274,  1107.29
1560.55406413,  9741.36,  8185.78,  1087.28181391,  294.033732423,  1106.98
1560.57449852,  10355.9,  8672.96,  1087.26801422,  294.038502393,  1107.25
1560.59493282,  11552.6,  9623.26,  1087.2453612,  294.044756959,  1106.8
1560.61536731,  12088.8,  10049.5,  1087.23556587,  294.047540937,  1106.66
1560.63580171,  12405.3,  10299.8,  1087.23061089,  294.047434449,  1106.66
1560.6562361,  12122.9,  10076.1,  1087.2358944,  294.047173427,  1106.52
1560.67667049,  11312.0,  9432.32,  1087.24956686,  294.04281545,  1105.97
1560.69710489,  8710.29,  7366.21,  1087.30825492,  294.027825808,  1105.61
1560.73797368,  10419.5,  8723.41,  1087.26702993,  294.038344871,  1104.83
1560.75840807,  11579.1,  9643.02,  1087.24525666,  294.044345763,  1106.6
1560.77884257,  12055.4,  10021.8,  1087.23733662,  294.046731401,  1105.51
1560.79927687,  12048.3,  10015.6,  1087.23822791,  294.046342181,  1104.8
1560.81971126,  11659.0,  9705.74,  1087.24406362,  294.044199693,  1105.93
1560.84014576,  10852.2,  9066.89,  1087.25611491,  294.038880366,  1118.95
1560.96275214,  12095.5,  10053.3,  1087.23394498,  294.046749845,  1133.75
1560.98318644,  11181.1,  9327.39,  1087.25064839,  294.042931934,  1133.85
1561.00362093,  8360.73,  7089.21,  1087.31503147,  294.025127265,  1130.63
1561.02405533,  7924.5,  6741.88,  1087.3241065,  294.02747678,  1127.0
1561.04448983,  10702.4,  8946.96,  1087.26310258,  294.040948904,  1126.3
1561.06492413,  11692.8,  9734.79,  1087.24679304,  294.046500941,  1125.95
1561.08535853,  12081.1,  10041.4,  1087.23836473,  294.04554803,  1125.64
1561.10579303,  12015.3,  9989.32,  1087.23678954,  294.048600707,  1124.61
1561.12622733,  11596.0,  9656.85,  1087.24634265,  294.045172948,  1121.2
1561.14666172,  10705.8,  8948.72,  1087.26231644,  294.040121326,  1121.21
1561.16709622,  9683.86,  8137.95,  1087.28382181,  294.036434148,  1120.1
1561.18753052,  10704.1,  8948.34,  1087.26208132,  294.037559667,  1116.52
1561.20796492,  11709.5,  9745.31,  1087.24337009,  294.046040093,  1115.97
1561.22839942,  12228.3,  10157.9,  1087.23523763,  294.046657129,  1114.11
1561.24883372,  12404.4,  10297.0,  1087.23067678,  294.046786885,  1114.03
1561.26926822,  11989.0,  9967.08,  1087.24010229,  294.045499749,  1111.48
1561.28970263,  10952.1,  9145.17,  1087.25862103,  294.041189366,  1113.3
1561.31013703,  8068.77,  6854.62,  1087.32817286,  294.021093843,  1110.25
1561.33057143,  8170.94,  6936.0,  1087.3241928,  294.023634212,  1109.98
1561.35100583,  10851.0,  9063.75,  1087.25762603,  294.038550955,  1109.52
1561.37144023,  11919.7,  9911.43,  1087.23925453,  294.045796623,  1109.65
1561.39187463,  12289.2,  10205.8,  1087.23508577,  294.047801803,  1108.56
1561.41230903,  12046.5,  10012.9,  1087.23840019,  294.045789126,  1107.04
1561.43274354,  11595.7,  9654.1,  1087.24542649,  294.042860218,  1108.84
1561.45317784,  10546.0,  8822.12,  1087.26355908,  294.036829979,  1107.58
1561.47361224,  9718.9,  8164.59,  1087.28440672,  294.032733097,  1104.51
1561.49404664,  10879.8,  9086.42,  1087.25852507,  294.039156382,  1104.91
1561.51448105,  11765.0,  9789.37,  1087.24232332,  294.045147941,  1107.28
1561.53491545,  12260.1,  10181.9,  1087.2352328,  294.045523573,  1105.52
1561.55534995,  12384.4,  10280.9,  1087.2331837,  294.046693839,  1104.31
1561.57578426,  11926.5,  9918.05,  1087.24076134,  294.044227497,  1102.64
1561.59621866,  10703.4,  8946.13,  1087.26204459,  294.039689482,  1105.1
1561.61665317,  7784.87,  6629.72,  1087.33504617,  294.019081268,  1103.13
1561.63708747,  8503.97,  7200.56,  1087.31376512,  294.026031805,  1102.75
1561.65752197,  11020.6,  9197.39,  1087.25624706,  294.040509899,  1102.5
1561.67795638,  11769.2,  9792.96,  1087.24410483,  294.044464252,  1102.79
1561.69839068,  12119.7,  10070.7,  1087.23758544,  294.047135308,  1101.93
1561.71882519,  11927.8,  9918.16,  1087.24101093,  294.044814825,  1101.34
1561.73925959,  11494.1,  9574.95,  1087.24791076,  294.042472103,  1102.85
1561.7596939,  10393.4,  8699.94,  1087.26802944,  294.036012187,  1101.01
1561.78012841,  9764.54,  8201.39,  1087.2827882,  294.033048674,  1100.98
1561.80056281,  11034.7,  9209.75,  1087.25820397,  294.038977397,  1101.3
1561.82099732,  11826.1,  9837.62,  1087.24339498,  294.043090486,  1099.93
1561.84143162,  12311.1,  10223.2,  1087.23400098,  294.046069053,  1100.01
1561.86186603,  12381.5,  10279.1,  1087.2335786,  294.046134799,  1099.47
1561.88230054,  11867.3,  9870.16,  1087.24152972,  294.043720206,  1100.16
1561.90273484,  10430.4,  8730.51,  1087.26808172,  294.0362662,  1100.47
1561.92316925,  7574.33,  6462.56,  1087.34282856,  294.019388921,  1097.86
1561.94360376,  8834.74,  7463.09,  1087.30559213,  294.02664097,  1097.75
1561.96403807,  11156.7,  9307.31,  1087.25412463,  294.039769787,  1098.22
1561.98447247,  11836.3,  9846.07,  1087.24207292,  294.042034265,  1098.29
1562.00490698,  12123.3,  10074.3,  1087.2370888,  294.044785474,  1099.13
1562.02534139,  11906.0,  9902.12,  1087.24042964,  294.044345144,  1097.43
1562.0457758,  11432.6,  9525.12,  1087.24917918,  294.040898597,  1097.73
1562.06621021,  10237.1,  8576.8,  1087.2731546,  294.034281821,  1098.37
1562.08664452,  9837.82,  8259.88,  1087.28188272,  294.032580051,  1098.23
1562.10707902,  11175.0,  9321.09,  1087.25423314,  294.040014271,  1097.44
1562.12751343,  11875.5,  9877.88,  1087.24277328,  294.043479118,  1097.46
1562.14794774,  12367.6,  10267.8,  1087.23445035,  294.045111029,  1096.1
1562.16838225,  12343.4,  10248.7,  1087.23336238,  294.045120389,  1097.21
1562.18881666,  11779.1,  9801.74,  1087.24377942,  294.04224383,  1095.57
1562.20925117,  10126.7,  8488.62,  1087.27442499,  294.03517236,  1095.9
1562.22968548,  7447.44,  6362.04,  1087.34939279,  294.017623769,  1095.5
1562.25011989,  9201.76,  7755.0,  1087.29716243,  294.028207662,  1095.22
1562.2705544,  11281.9,  9405.64,  1087.25239751,  294.040325647,  1095.27
1562.29098871,  11886.2,  9886.43,  1087.24204899,  294.04342367,  1096.32
1562.31142313,  12143.6,  10090.6,  1087.23714899,  294.044772173,  1094.04
1562.33185764,  11889.9,  9888.69,  1087.24118745,  294.043929892,  1093.19
1562.35229195,  11360.8,  9469.11,  1087.25050025,  294.040049674,  1094.84
1562.37272646,  10107.9,  8473.94,  1087.27739808,  294.032864186,  1095.33
1562.39316087,  9956.33,  8353.81,  1087.27945745,  294.032170647,  1095.0
1562.41359518,  11288.1,  9411.96,  1087.25217628,  294.03930999,  1094.34
1562.4340297,  11940.0,  9928.33,  1087.24011796,  294.04289893,  1095.07
1562.45446411,  12367.1,  10267.8,  1087.23381165,  294.045297892,  1094.68
1562.47489842,  12293.2,  10209.7,  1087.23590038,  294.044380149,  1093.0
1562.49533293,  11701.8,  9739.32,  1087.24524728,  294.04178639,  1093.02
1562.51576735,  9788.1,  8220.57,  1087.283166,  294.031165999,  1094.23
1562.53620176,  7378.3,  6306.93,  1087.35080583,  294.016309485,  1092.8
1562.55663617,  9529.94,  8015.14,  1087.28972915,  294.03094959,  1093.04
1562.57707059,  11373.1,  9479.09,  1087.25086736,  294.039651333,  1092.35
1562.5975051,  11936.8,  9926.03,  1087.24194426,  294.043631507,  1092.03
1562.61793942,  12110.0,  10063.6,  1087.23975104,  294.043399234,  1092.45
1562.63837383,  11816.1,  9830.83,  1087.24246928,  294.042979233,  1092.09
1562.65880834,  11249.7,  9380.34,  1087.25252897,  294.038956527,  1091.62
1562.67924276,  9956.96,  8354.65,  1087.28007835,  294.030572399,  1091.01
1562.69967707,  10076.0,  8449.19,  1087.27532472,  294.031385191,  1092.08
1562.72011159,  11383.3,  9486.53,  1087.25177188,  294.040100362,  1091.93
1562.7405459,  11983.3,  9963.18,  1087.2400934,  294.042708463,  1091.89
1562.76098042,  12394.1,  10289.0,  1087.23321997,  294.04521787,  1090.89
1562.78141484,  12239.4,  10165.9,  1087.23625879,  294.044305098,  1092.73
1562.80184915,  11585.3,  9647.38,  1087.24750288,  294.041003217,  1091.69
1562.82228367,  9435.58,  7940.17,  1087.290915,  294.030215999,  1091.21
1562.84271808,  7400.88,  6325.0,  1087.35143771,  294.016061258,  1090.23
1562.8631524,  9869.7,  8285.51,  1087.28001562,  294.032017948,  1090.19
1562.88358692,  11450.3,  9539.69,  1087.24960807,  294.040729615,  1090.75
1562.90402133,  11988.4,  9967.6,  1087.24082682,  294.04296333,  1089.72
1562.92445565,  12104.5,  10059.1,  1087.23910768,  294.042944345,  1092.6
1562.94489017,  11769.0,  9792.68,  1087.24385598,  294.041715861,  1090.57
1562.96532459,  11142.9,  9296.33,  1087.25584467,  294.038371676,  1090.27
1562.9857591,  9851.51,  8270.23,  1087.2829384,  294.030452208,  1089.8
1563.00619342,  10226.1,  8567.64,  1087.27436553,  294.033161309,  1089.87
1563.02662784,  11486.0,  9568.92,  1087.24824546,  294.039157264,  1089.89
1563.04706236,  12044.2,  10011.0,  1087.23979585,  294.042232752,  1090.3
1563.06749668,  12402.6,  10296.1,  1087.23437018,  294.043568607,  1089.37
1563.0879311,  12190.1,  10127.9,  1087.23728151,  294.043062534,  1088.36
1563.10836561,  11459.9,  9547.16,  1087.24923828,  294.039749406,  1089.19
1563.12879993,  9071.02,  7651.0,  1087.30212264,  294.027473506,  1090.21
1563.14923445,  7505.51,  6408.08,  1087.34822704,  294.015590609,  1089.24
1563.16966887,  10167.4,  8520.92,  1087.27532214,  294.033471481,  1089.49
1563.19010329,  11517.1,  9593.62,  1087.24920479,  294.040118667,  1090.35
1563.21053771,  12027.5,  9998.01,  1087.24051593,  294.040210536,  1091.72
1563.23097213,  12081.2,  10040.4,  1087.2387777,  294.042199674,  1092.02
1563.25140655,  11718.6,  9753.46,  1087.24628102,  294.041144767,  1093.99
1563.27184097,  11012.5,  9191.72,  1087.25633552,  294.036816529,  1093.97
1563.29227539,  9784.99,  8217.81,  1087.28402865,  294.029363911,  1093.14
1563.31270981,  10390.5,  8698.92,  1087.2703667,  294.033956013,  1094.41
1563.33314434,  11557.4,  9624.38,  1087.24816275,  294.040156633,  1095.01
1563.35357866,  12095.6,  10052.5,  1087.23885735,  294.042382654,  1095.43
1563.37401308,  12394.5,  10289.7,  1087.23451562,  294.043932671,  1096.09
1563.3944475,  12117.7,  10069.5,  1087.23842032,  294.041755123,  1098.4
1563.41488192,  11321.7,  9438.5,  1087.25230057,  294.038484314,  1098.96
1563.43531644,  8693.29,  7350.98,  1087.3116345,  294.024900069,  1097.69
1563.45575077,  7671.43,  6539.24,  1087.34330423,  294.01556273,  1096.03
1563.47618519,  10432.2,  8732.05,  1087.26991983,  294.034518656,  1096.69
1563.49661971,  11578.0,  9640.79,  1087.24779947,  294.039778314,  1097.49
1563.51705403,  12058.4,  10022.5,  1087.23918845,  294.041707401,  1096.96
1563.53748856,  12046.4,  10013.6,  1087.24009711,  294.042057277,  1096.18
1563.55792298,  11675.6,  9718.24,  1087.2461187,  294.040316343,  1093.82
1563.5783573,  10857.8,  9069.8,  1087.26193145,  294.035662987,  1093.9
1563.59879183,  9714.87,  8162.42,  1087.28585766,  294.028760057,  1093.5
1563.61922625,  10619.7,  8880.1,  1087.264885,  294.033104077,  1092.68
1563.63966058,  11646.4,  9696.08,  1087.24698793,  294.039435247,  1092.5
1563.6600951,  12152.5,  10097.2,  1087.23766158,  294.042003025,  1091.48
1563.68052952,  12435.6,  10321.9,  1087.23356087,  294.042465503,  1091.04
1563.72139837,  11152.1,  9301.85,  1087.25446877,  294.036873795,  1091.19
1563.7418328,  8514.69,  7208.3,  1087.33519698,  294.019514404,  1090.23
1563.76226732,  7907.04,  6725.7,  1087.33574368,  294.018190205,  1088.86
1563.78270165,  10663.0,  8912.63,  1087.26504126,  294.035268876,  1090.07
1563.80313608,  11643.7,  9691.88,  1087.24704895,  294.039649398,  1089.95
1563.8235706,  12076.4,  10035.4,  1087.24030071,  294.041866278,  1089.62
1563.84400503,  12016.4,  9986.75,  1087.24013128,  294.041894893,  1089.85
1563.86443935,  11624.8,  9676.41,  1087.24777818,  294.039259543,  1090.46
1563.88487388,  10717.8,  8955.85,  1087.26430367,  294.035136681,  1090.07
1563.90530831,  9708.85,  8154.59,  1087.28673208,  294.02870985,  1088.77
1563.92574273,  10743.1,  8976.4,  1087.26286033,  294.034807136,  1090.07
1563.94617716,  11704.8,  9738.79,  1087.24701944,  294.039694599,  1088.67
1563.96661159,  12207.6,  10138.1,  1087.23668495,  294.042305255,  1090.14
1563.98704601,  12398.9,  10290.2,  1087.23483851,  294.043545632,  1090.11
1564.00748044,  12006.1,  9977.67,  1087.24108515,  294.040876148,  1088.53
1564.02791487,  10946.8,  9137.36,  1087.25943227,  294.035719268,  1089.72
1564.0483493,  8157.57,  6922.29,  1087.32703989,  294.017944086,  1089.17
1564.06878373,  8298.62,  7033.86,  1087.32367806,  294.020964387,  1088.77
1564.08921825,  10877.0,  9081.91,  1087.26127788,  294.035952627,  1088.77
1564.10965258,  11724.2,  9753.38,  1087.24588257,  294.040062683,  1089.38
1564.13008701,  12109.3,  10059.2,  1087.23971779,  294.04150226,  1088.99
1564.15052154,  11991.2,  9966.17,  1087.24192949,  294.040858251,  1088.47
1564.17095587,  11576.4,  9636.15,  1087.24784312,  294.037941173,  1089.82
1564.1913903,  10566.3,  8834.33,  1087.267734,  294.03416748,  1087.82
1564.21182483,  9661.87,  8116.51,  1087.28666092,  294.028437878,  1087.59
1564.23225916,  10891.4,  9091.97,  1087.26175094,  294.035403635,  1086.59
1564.25269359,  11764.7,  9785.91,  1087.24510089,  294.039270776,  1086.7
1564.27312812,  12274.2,  10190.1,  1087.23711546,  294.042369511,  1086.21
1564.29356245,  12393.1,  10284.1,  1087.23514519,  294.042680347,  1086.01
1564.31399698,  11921.3,  9910.57,  1087.24292995,  294.04038974,  1086.01
1564.33443141,  10702.1,  8941.35,  1087.26444675,  294.033881882,  1087.02
1564.35486574,  7760.85,  6606.44,  1087.33884727,  294.017714367,  1085.8
1564.37530027,  8510.49,  7202.35,  1087.31706721,  294.022530967,  1084.85
1564.3957347,  11010.6,  9186.21,  1087.25921165,  294.036762317,  1085.04
1564.41616913,  11766.6,  9787.19,  1087.24621067,  294.039001847,  1083.94
1564.43660357,  12110.9,  10060.4,  1087.23974404,  294.041520866,  1084.82
1564.457038,  11928.1,  9914.78,  1087.24275021,  294.041017369,  1084.17
1564.47747253,  11490.1,  9568.25,  1087.25046615,  294.038563709,  1083.68
1564.49790696,  10393.3,  8696.77,  1087.27089189,  294.031837804,  1083.43
1564.5183413,  9773.49,  8204.29,  1087.28636024,  294.030443589,  1083.59
1564.53877583,  11046.0,  9215.2,  1087.25917093,  294.035374945,  1083.8
1564.55921026,  11828.5,  9835.51,  1087.24488014,  294.039427536,  1082.73
1564.57964459,  12318.5,  10225.1,  1087.23644272,  294.041946188,  1081.19
1564.60007913,  12361.1,  10259.4,  1087.2352852,  294.04208586,  1080.38
1564.62051356,  11850.5,  9853.11,  1087.24528445,  294.039611048,  1079.78
1564.64094789,  10422.2,  8719.72,  1087.27088134,  294.032676175,  1079.16
1564.66138243,  7562.87,  6449.87,  1087.34760398,  294.015101705,  1078.85
1564.68181676,  8840.46,  7463.18,  1087.30983701,  294.023899386,  1079.01
1564.7022513,  11144.5,  9293.42,  1087.2565372,  294.037078703,  1079.34
1564.72268573,  11812.9,  9823.71,  1087.24418943,  294.038860137,  1079.02
1564.74312006,  12117.5,  10065.3,  1087.2402914,  294.040297417,  1079.28
1564.7635546,  11890.9,  9886.29,  1087.24382329,  294.039524965,  1078.85
1564.78398903,  11429.9,  9519.39,  1087.252241,  294.036957343,  1077.07
1564.80442337,  10243.3,  8577.54,  1087.27546883,  294.030363822,  1077.48
1564.8248579,  9856.53,  8271.35,  1087.28065663,  294.028511011,  1077.25
1564.84529234,  11195.0,  9332.81,  1087.25585537,  294.035808222,  1076.69
1564.86572688,  11890.2,  9885.67,  1087.24497114,  294.039677733,  1077.78
1564.88616121,  12342.3,  10244.8,  1087.23635039,  294.041229649,  1077.68
1564.90659565,  12327.7,  10232.6,  1087.23685359,  294.040951117,  1077.78
1564.92703018,  11781.8,  9800.07,  1087.24637488,  294.038696559,  1076.23
1564.94746452,  10101.1,  8465.19,  1087.2779945,  294.030791932,  1076.83
1564.96789896,  7431.06,  6344.85,  1087.35234485,  294.012977671,  1077.05
1564.98833349,  9186.71,  7739.98,  1087.29973751,  294.024354244,  1076.21
1565.00876783,  11266.2,  9389.98,  1087.25469498,  294.036562142,  1076.54
1565.02920227,  11883.7,  9880.55,  1087.24525675,  294.040127908,  1076.24
1565.04963681,  12108.0,  10059.5,  1087.23992311,  294.040408209,  1075.75
1565.07007124,  11838.8,  9844.82,  1087.24482098,  294.038638397,  1075.15
1565.09050568,  11327.3,  9439.29,  1087.25475919,  294.035702756,  1075.58
1565.11094012,  10087.9,  8455.12,  1087.27867147,  294.029125578,  1075.64
1565.13137456,  9951.54,  8345.97,  1087.2814222,  294.028651299,  1075.56
1565.151809,  11287.8,  9408.0,  1087.25522676,  294.035463435,  1075.13
1565.17224343,  11951.7,  9934.59,  1087.24360967,  294.039190985,  1075.33
1565.19267787,  12362.0,  10260.2,  1087.23616498,  294.041156289,  1075.27
1565.21311241,  12289.0,  10203.1,  1087.23824402,  294.040275747,  1075.01
1565.23354675,  11687.4,  9725.02,  1087.2465096,  294.036862122,  1072.85
1565.25398129,  9771.49,  8203.43,  1087.28621223,  294.028301555,  1076.23
1565.27441573,  7368.11,  6296.27,  1087.35382408,  294.011450542,  1075.7
1565.29485007,  9537.64,  8018.06,  1087.29105488,  294.026357697,  1075.81
1565.31528461,  11357.9,  9463.67,  1087.25373922,  294.036221286,  1075.19
1565.33571895,  11932.4,  9919.7,  1087.24344147,  294.038916374,  1074.24
1565.35615339,  12104.3,  10055.6,  1087.24076602,  294.038488385,  1075.0
1565.37658793,  11799.2,  9814.62,  1087.24609553,  294.037518345,  1075.49
1565.39702227,  11234.1,  9365.27,  1087.25549415,  294.035792355,  1074.53
1565.41745671,  9954.62,  8349.16,  1087.28100037,  294.027704971,  1073.86
1565.43789125,  10071.1,  8442.78,  1087.27883872,  294.029137826,  1075.4
1565.45832559,  11401.1,  9497.62,  1087.25305404,  294.034659377,  1075.94
1565.47876013,  12004.4,  9976.71,  1087.24301852,  294.038865868,  1076.34
1565.49919458,  12393.9,  10286.7,  1087.23669107,  294.040474371,  1074.55
1565.51962892,  12240.3,  10163.8,  1087.23871561,  294.039548632,  1075.68
1565.54006346,  11598.7,  9655.33,  1087.24898922,  294.03704435,  1074.5
1565.5604979,  9413.38,  7920.26,  1087.29440445,  294.025238082,  1074.08
1565.58093234,  7400.21,  6321.28,  1087.35380763,  294.01075176,  1075.03
1565.60136679,  9876.72,  8288.48,  1087.28322397,  294.02871927,  1072.77
1565.62180123,  11455.1,  9540.63,  1087.252277,  294.03583172,  1073.69
1565.64223577,  11981.1,  9958.6,  1087.24335462,  294.038876329,  1074.66
1565.66267011,  12099.8,  10053.3,  1087.24136809,  294.039165664,  1073.86
1565.68310456,  11758.1,  9781.07,  1087.2469385,  294.037308609,  1073.79
1565.7035391,  11137.1,  9288.64,  1087.25890587,  294.033672278,  1072.7
1565.72397355,  9903.07,  8309.23,  1087.2831544,  294.026719202,  1074.06
1565.74440789,  10246.7,  8580.98,  1087.27655105,  294.029386583,  1073.47
1565.76484243,  11493.7,  9571.84,  1087.25124206,  294.035764801,  1072.46
1565.78527688,  12060.9,  10022.0,  1087.24261931,  294.037951434,  1073.43
1565.80571132,  12412.4,  10300.5,  1087.23677314,  294.03956978,  1073.5
1565.82614577,  12197.2,  10130.5,  1087.23995725,  294.038647126,  1072.44
1565.84658021,  11463.7,  9547.68,  1087.25153902,  294.035233295,  1071.87
1565.86701476,  9057.2,  7637.17,  1087.30395321,  294.02232667,  1073.06
1565.8874491,  7505.73,  6406.2,  1087.34851571,  294.011571669,  1070.76
1565.90788355,  10174.3,  8523.87,  1087.27659305,  294.029256936,  1072.09
1565.92831809,  11520.3,  9592.89,  1087.25114555,  294.03537557,  1070.97
1565.94875244,  12027.2,  9995.53,  1087.2428605,  294.03856358,  1069.92
1565.96918688,  12095.4,  10048.8,  1087.24123409,  294.037906505,  1070.38
1565.98962133,  11730.1,  9759.63,  1087.24798742,  294.037041075,  1071.27
1566.01005577,  11020.2,  9195.69,  1087.26050151,  294.032626379,  1071.23
1566.03049032,  9791.84,  8220.3,  1087.28633865,  294.025609921,  1069.09
1566.05092467,  10415.7,  8716.52,  1087.2724192,  294.029979828,  1069.94
1566.07135911,  11595.8,  9652.49,  1087.24977444,  294.036027539,  1069.91
1566.09179366,  12135.8,  10081.4,  1087.24077103,  294.037976378,  1068.01
1566.11222801,  12468.4,  10346.0,  1087.23669344,  294.039839683,  1069.0
1566.13266246,  12204.5,  10135.7,  1087.23982278,  294.038542879,  1069.66
1566.153097,  11359.5,  9465.28,  1087.25437339,  294.034940551,  1070.53
1566.17353135,  8703.53,  7356.78,  1087.31527739,  294.019602252,  1070.1
1566.1939659,  7695.19,  6555.76,  1087.34391875,  294.01263558,  1068.75
1566.21440035,  10439.8,  8735.2,  1087.27227635,  294.029631529,  1069.39
1566.2348347,  11580.9,  9640.83,  1087.25032382,  294.035686779,  1067.87
1566.25526924,  12061.6,  10022.6,  1087.24172363,  294.03707848,  1068.65
1566.27570369,  12048.3,  10012.7,  1087.24286943,  294.037102113,  1068.28
1566.29613814,  11670.4,  9711.94,  1087.25035443,  294.035753584,  1066.97
1566.31657259,  10853.3,  9063.3,  1087.26429357,  294.031288676,  1067.03
1566.33700704,  9723.84,  8166.8,  1087.28731843,  294.024358474,  1066.52
1566.35744149,  10581.9,  8847.37,  1087.27098053,  294.030613294,  1066.33
1566.37787604,  11654.9,  9699.91,  1087.24954565,  294.03560708,  1066.75
1566.39831039,  12184.7,  10120.4,  1087.24027473,  294.037782819,  1066.87
1566.41874494,  12423.5,  10309.3,  1087.23689771,  294.037992432,  1066.63
1566.43917939,  12085.6,  10042.2,  1087.24172319,  294.03661679,  1064.84
1566.45961374,  11154.5,  9302.45,  1087.25810471,  294.03306513,  1065.89
1566.48004829,  8348.08,  7073.53,  1087.32337227,  294.01719717,  1066.18
1566.50048274,  7928.6,  6741.59,  1087.33636703,  294.013257283,  1065.14
1566.52091709,  10673.9,  8920.17,  1087.26700841,  294.030952187,  1066.27
1566.54135164,  11661.9,  9704.91,  1087.24934227,  294.035135969,  1065.96
1566.56178609,  12086.1,  10042.3,  1087.24213629,  294.037653207,  1064.96
1566.58222054,  12015.2,  9984.93,  1087.24289063,  294.037174551,  1066.22
1566.60265499,  11616.2,  9668.89,  1087.24980268,  294.03521093,  1065.02
1566.62308935,  10706.9,  8947.17,  1087.26731236,  294.029526488,  1064.36
1566.6435239,  9699.95,  8146.7,  1087.2894194,  294.023839966,  1065.24
1566.66395835,  10742.8,  8975.6,  1087.26715425,  294.029630598,  1064.66
1566.70482725,  12236.3,  10160.3,  1087.23989685,  294.037667306,  1066.24
1566.72526171,  12404.9,  10294.6,  1087.2380645,  294.03864643,  1065.78
1566.74569616,  12020.0,  9987.79,  1087.2434008,  294.036926704,  1064.34
1566.76613061,  10949.8,  9137.89,  1087.26202327,  294.032317523,  1064.96
1566.78656507,  8038.62,  6826.99,  1087.33466404,  294.013138503,  1065.19
1566.80699962,  8214.41,  6965.59,  1087.32767634,  294.016738538,  1064.09
1566.82743397,  10865.5,  9071.01,  1087.26403462,  294.031858424,  1064.2
1566.84786843,  11709.7,  9740.92,  1087.24933058,  294.036085762,  1063.46
1566.86830298,  12112.4,  10060.2,  1087.24215311,  294.036728423,  1062.96
1566.88873743,  11968.6,  9946.52,  1087.24445104,  294.036086009,  1064.36
1566.90917179,  11566.4,  9626.71,  1087.24987762,  294.034596862,  1063.33
1566.92960634,  10554.4,  8822.82,  1087.27128791,  294.030322809,  1063.91
1566.9500408,  9723.79,  8164.2,  1087.28919575,  294.024691769,  1063.34
1566.97047525,  10892.1,  9090.55,  1087.26372395,  294.03127237,  1063.48
1566.99090971,  11779.1,  9795.19,  1087.24865007,  294.036047392,  1063.18
1567.01134416,  12273.7,  10188.6,  1087.23973972,  294.03721219,  1063.7
1567.03177862,  12389.5,  10279.0,  1087.23806493,  294.037771859,  1062.28
1567.05221307,  11950.8,  9931.7,  1087.24504623,  294.037084896,  1063.51
1567.07264753,  10715.4,  8950.59,  1087.26693359,  294.030326004,  1062.66
1567.09308208,  7778.14,  6617.86,  1087.34178607,  294.013009353,  1062.79
1567.11351644,  8532.78,  7218.23,  1087.3191181,  294.018810603,  1062.67
1567.133951,  11034.6,  9203.72,  1087.26166875,  294.031971641,  1062.77
1567.15438545,  11772.2,  9789.14,  1087.24879031,  294.035122841,  1062.35
1567.17481981,  12116.7,  10063.2,  1087.24170114,  294.035747234,  1061.33
1567.19525437,  11942.9,  9924.23,  1087.24459838,  294.035970226,  1063.23
1567.21568882,  11508.8,  9580.28,  1087.25259222,  294.033665651,  1063.3
1567.23612318,  10409.2,  8707.41,  1087.27365011,  294.027827539,  1062.2
1567.25655774,  9793.77,  8217.99,  1087.28710819,  294.025136396,  1063.35
1567.27699209,  11058.9,  9223.5,  1087.26108138,  294.031420487,  1061.64
1567.29742655,  11862.1,  9860.66,  1087.24774874,  294.036724857,  1062.43
1567.31786111,  12309.2,  10215.2,  1087.23942987,  294.038150898,  1062.98
1567.33829547,  12370.7,  10264.7,  1087.23820308,  294.038221867,  1061.67
1567.35873003,  11860.5,  9859.09,  1087.24666953,  294.035347496,  1061.55
1567.37916448,  10419.6,  8715.21,  1087.27417246,  294.02842514,  1061.65
1567.39959884,  7575.28,  6457.52,  1087.34946551,  294.010641667,  1062.05
1567.4200334,  8896.96,  7505.57,  1087.30976108,  294.019589239,  1060.75
1567.44046786,  11190.6,  9327.38,  1087.25837101,  294.032595794,  1060.88
1567.46090232,  11841.5,  9844.69,  1087.24708172,  294.035165013,  1062.27
1567.48133678,  12121.1,  10065.6,  1087.24303199,  294.036377926,  1061.44
1567.50177124,  11894.0,  9886.24,  1087.24686184,  294.03484947,  1060.5
1567.5222058,  11422.0,  9511.33,  1087.25453323,  294.033493649,  1066.6
1567.54264016,  10237.0,  8569.83,  1087.27790108,  294.025911444,  1061.85
1567.56307462,  9866.97,  8277.0,  1087.28563663,  294.023670338,  1060.76
1567.58350918,  11179.7,  9318.76,  1087.25919218,  294.031301828,  1061.15
1567.60394364,  11886.3,  9879.58,  1087.2467758,  294.035779564,  1060.72
1567.624378,  12354.6,  10252.1,  1087.24005627,  294.036866496,  1061.8
1567.64481256,  12325.2,  10228.1,  1087.23985637,  294.037177178,  1060.42
1567.66524702,  11772.7,  9789.84,  1087.24807019,  294.033736462,  1060.95
1567.68568138,  10102.3,  8463.96,  1087.27995355,  294.026084658,  1060.85
1567.70611594,  7430.59,  6342.05,  1087.35420046,  294.008837266,  1059.73
1567.7265504,  9232.21,  7773.36,  1087.30012361,  294.021908851,  1059.2
1567.74698496,  11287.7,  9404.62,  1087.25727548,  294.031248324,  1059.31
1567.76741933,  11889.5,  9881.97,  1087.24684142,  294.034853492,  1058.9
1567.78785379,  12103.0,  10052.6,  1087.24380501,  294.035741278,  1059.79
1567.80828835,  11843.3,  9845.87,  1087.24770931,  294.035361945,  1058.01
1567.82872271,  11329.1,  9437.3,  1087.25719797,  294.032062771,  1060.17
1567.84915717,  10083.2,  8449.08,  1087.2814723,  294.024492033,  1058.43
1567.86959174,  9962.46,  8352.19,  1087.28287368,  294.024476795,  1058.56
1567.8900261,  11294.5,  9410.51,  1087.25705656,  294.031335169,  1059.43
1567.91046066,  11941.7,  9924.78,  1087.24649617,  294.034867911,  1058.72
1567.93089503,  12367.3,  10261.6,  1087.23949821,  294.036217161,  1059.88
1567.95132949,  12281.7,  10194.6,  1087.24110734,  294.035966363,  1058.35
1567.97176405,  11694.7,  9728.33,  1087.24949875,  294.033597924,  1058.34
1567.99219842,  9766.3,  8196.74,  1087.28887307,  294.024053622,  1057.3
1568.01263288,  7380.47,  6303.49,  1087.35716648,  294.007758259,  1059.36
1568.03306744,  9575.91,  8045.46,  1087.29367039,  294.023851847,  1058.54
1568.05350181,  11380.8,  9478.61,  1087.25503155,  294.032136478,  1058.02
1568.07393627,  11938.4,  9922.2,  1087.24639003,  294.034563439,  1057.58
1568.09437084,  12092.1,  10043.1,  1087.24283738,  294.034759983,  1059.06
1568.1148053,  11793.9,  9807.27,  1087.24801132,  294.034159407,  1057.41
1568.13523977,  11244.7,  9371.31,  1087.25886177,  294.031555252,  1058.05
1568.15567423,  9965.55,  8354.99,  1087.2842201,  294.024305962,  1057.98
1568.1761087,  10097.5,  8460.65,  1087.28124325,  294.02487735,  1057.51
1568.19654316,  11399.6,  9493.99,  1087.25676468,  294.030910232,  1057.76
1568.21697763,  11983.8,  9957.49,  1087.24515592,  294.034314892,  1057.27
1568.23741209,  12387.8,  10279.4,  1087.23870446,  294.035839326,  1056.42
1568.25784666,  12232.5,  10154.9,  1087.24112504,  294.034975149,  1056.46
1568.27828102,  11594.2,  9648.65,  1087.25238238,  294.032287619,  1059.31
1568.29871559,  9416.96,  7920.61,  1087.29768633,  294.022215287,  1056.89
1568.31915006,  7415.05,  6329.86,  1087.35676474,  294.007661615,  1057.18
1568.33958442,  9889.68,  8295.5,  1087.28524213,  294.023986242,  1056.89
1568.36001899,  11432.6,  9520.56,  1087.25477343,  294.031953918,  1056.8
1568.38045346,  11961.3,  9939.28,  1087.2453437,  294.034107374,  1057.86
1568.40088782,  12078.8,  10033.8,  1087.24390045,  294.033999958,  1057.31
1568.42132239,  11742.1,  9765.99,  1087.24973555,  294.032265553,  1058.45
1568.44175686,  11135.9,  9284.41,  1087.26048429,  294.030268485,  1056.54
1568.46219123,  9853.42,  8267.37,  1087.2860673,  294.022308296,  1057.41
1568.48262579,  10252.5,  8583.01,  1087.27897005,  294.024961849,  1057.21
1568.50306026,  11497.1,  9571.25,  1087.25407718,  294.031820463,  1055.76
1568.52349483,  12064.2,  10022.8,  1087.24452136,  294.034100586,  1056.89
1568.5439292,  12409.5,  10295.5,  1087.23952572,  294.036084505,  1056.43
1568.56436357,  12205.0,  10133.7,  1087.24289562,  294.034060261,  1056.19
1568.58479814,  11470.0,  9550.63,  1087.25492592,  294.031391526,  1057.1
1568.6052326,  9044.36,  7623.78,  1087.30707431,  294.018601329,  1056.25
1568.62566707,  7518.09,  6412.91,  1087.35176769,  294.00729076,  1054.9
1568.64610154,  10171.6,  8519.12,  1087.27919123,  294.02441298,  1054.94
1568.66653601,  11502.5,  9575.54,  1087.25232008,  294.032318195,  1056.51
1568.68697058,  11983.8,  9958.72,  1087.24501814,  294.0330058,  1056.27
1568.70740495,  12036.6,  9999.51,  1087.24428645,  294.033994645,  1056.79
1568.72783942,  11701.2,  9733.46,  1087.2504325,  294.032080909,  1054.89
1568.74827399,  10994.2,  9173.24,  1087.26349253,  294.028668951,  1055.6
1568.76870846,  9770.17,  8199.92,  1087.28876579,  294.022224054,  1054.94
1568.78914283,  10409.5,  8708.27,  1087.27549087,  294.026246715,  1056.22
1568.8095774,  11575.1,  9633.8,  1087.25309106,  294.03077181,  1055.39
1568.83001187,  12126.8,  10071.1,  1087.24433035,  294.035032097,  1056.6
1568.85044634,  12414.7,  10300.7,  1087.23953502,  294.03509033,  1055.81
1568.87088081,  12128.8,  10073.0,  1087.24382549,  294.033780902,  1056.32
1568.89131528,  11322.3,  9432.59,  1087.25673977,  294.030843384,  1055.81
1568.91174986,  8689.37,  7342.85,  1087.31584408,  294.016344711,  1055.56
1568.93218423,  7696.79,  6554.11,  1087.34645793,  294.00791884,  1054.86
1568.9526187,  10455.2,  8744.5,  1087.27458443,  294.026399548,  1063.29
1568.97305327,  11565.6,  9626.39,  1087.25249154,  294.032015787,  1055.26
1568.99348764,  12021.3,  9987.2,  1087.24461147,  294.032533778,  1056.2
1569.01392211,  12021.4,  9987.88,  1087.24594278,  294.032876128,  1057.15
1569.03435669,  11652.2,  9695.15,  1087.25146039,  294.030882947,  1054.55
1569.05479106,  10855.1,  9061.41,  1087.26607695,  294.026750045,  1056.98
1569.07522563,  9723.04,  8163.42,  1087.28921605,  294.020319809,  1056.56
1569.09566011,  10561.8,  8828.75,  1087.27579702,  294.023122588,  1056.83
1569.11609448,  11638.0,  9683.32,  1087.25187072,  294.031686445,  1056.88
1569.13652905,  12165.3,  10102.6,  1087.24290847,  294.033546725,  1057.18
1569.15696352,  12437.8,  10317.9,  1087.24000524,  294.035237359,  1059.77
1569.1773979,  12093.3,  10044.7,  1087.24461096,  294.032626002,  1060.71
1569.19783247,  11148.6,  9295.42,  1087.26123026,  294.029295281,  1059.7
1569.21826685,  8334.07,  7059.92,  1087.32710888,  294.013980908,  1059.64
1569.23870142,  7929.07,  6738.73,  1087.340133,  294.010282768,  1059.81
1569.25913589,  10663.0,  8909.38,  1087.27060184,  294.026557885,  1059.73
1569.27957027,  11616.3,  9665.58,  1087.25145689,  294.031828832,  1060.91
1569.30000484,  12063.0,  10021.6,  1087.24521343,  294.032868969,  1060.6
1569.32043932,  12000.6,  9971.05,  1087.24577574,  294.032299945,  1061.09
1569.34087379,  11621.6,  9669.91,  1087.25158825,  294.030831733,  1060.36
1569.36130827,  10708.5,  8946.12,  1087.26968022,  294.025527995,  1060.49
1569.38174274,  9712.47,  8153.9,  1087.29235495,  294.021422711,  1059.77
1569.40217722,  10733.9,  8965.31,  1087.26781778,  294.02657067,  1060.75
1569.42261169,  11708.7,  9739.73,  1087.25120303,  294.030783169,  1060.85
1569.44304617,  12216.6,  10142.0,  1087.24212066,  294.033701196,  1059.28
1569.46348074,  12398.4,  10287.2,  1087.23911568,  294.034369336,  1058.68
1569.48391522,  11992.9,  9965.34,  1087.245287,  294.032006424,  1059.51
1569.5043496,  10926.8,  9117.98,  1087.26558211,  294.026998689,  1058.81
1569.52478417,  8059.63,  6842.78,  1087.33483262,  294.010415367,  1057.22
1569.54521865,  8242.46,  6986.81,  1087.33058772,  294.011810635,  1057.48
1569.56565303,  10872.6,  9075.07,  1087.26640851,  294.027882343,  1056.73
1569.5860876,  11702.9,  9735.11,  1087.25132819,  294.030668466,  1056.99
1569.60652208,  12094.8,  10045.2,  1087.24428416,  294.033174177,  1056.32
1569.62695666,  11967.5,  9944.96,  1087.24695012,  294.031996398,  1056.4
1569.64739103,  11576.3,  9634.08,  1087.25416502,  294.030308574,  1054.17
1569.68826009,  9683.34,  8131.03,  1087.29248452,  294.020842097,  1055.13
1569.70869447,  10902.0,  9097.53,  1087.2668881,  294.026801474,  1054.25
1569.72912895,  11766.9,  9783.28,  1087.25092402,  294.03178923,  1053.6
1569.74956352,  12273.2,  10186.2,  1087.24288444,  294.033257619,  1052.66
1569.7699979,  12379.7,  10269.4,  1087.24105824,  294.034293299,  1053.7
1569.79043238,  11928.9,  9911.68,  1087.24664188,  294.032284153,  1052.75
1569.81086696,  10679.1,  8919.77,  1087.27014305,  294.026194445,  1052.83
1569.83130134,  7766.08,  6605.99,  1087.34594042,  294.0084662,  1053.09
1569.85173592,  8557.49,  7234.8,  1087.32120426,  294.015722392,  1052.95
1569.8721703,  11029.2,  9197.17,  1087.26410308,  294.028476123,  1052.84
1569.89260478,  11764.4,  9780.02,  1087.25029146,  294.031126194,  1053.02
1569.91303936,  12108.4,  10053.9,  1087.24573814,  294.034500843,  1053.41
1569.93347373,  11940.7,  9920.08,  1087.24651606,  294.03286483,  1052.25
1569.95390821,  11508.2,  9576.33,  1087.25623221,  294.030314012,  1052.52
1569.97434279,  10396.2,  8694.36,  1087.27633987,  294.02441374,  1051.84
1569.99477727,  9782.74,  8205.87,  1087.29089435,  294.021288847,  1052.15
1570.01521175,  11037.9,  9202.51,  1087.26304858,  294.027569469,  1052.9
1570.03564624,  11830.1,  9832.42,  1087.24986976,  294.03046479,  1052.91
1570.05608072,  12295.3,  10200.4,  1087.24215604,  294.033858361,  1053.16
1570.0765152,  12329.9,  10228.7,  1087.24134268,  294.033693515,  1051.11
1570.09694968,  11843.1,  9841.9,  1087.24888595,  294.031473129,  1052.62
1570.11738416,  10389.3,  8687.22,  1087.27675578,  294.025479956,  1051.45
1570.13781874,  7565.83,  6446.47,  1087.35104345,  294.007526724,  1052.47
1570.15825312,  8898.71,  7503.84,  1087.31095412,  294.015278869,  1051.55
1570.1786877,  11160.1,  9299.25,  1087.26091679,  294.02873954,  1050.05
1570.19912218,  11832.2,  9833.4,  1087.25047469,  294.031843138,  1051.67
1570.21955657,  12098.7,  10044.0,  1087.24473357,  294.03211924,  1051.61
1570.23999115,  11887.8,  9877.0,  1087.2479742,  294.032512383,  1051.72
1570.26042563,  11427.4,  9511.68,  1087.25714183,  294.029411649,  1051.12
1570.28086001,  10243.8,  8570.93,  1087.27919776,  294.023810545,  1052.32
1570.3012946,  9857.47,  8265.29,  1087.28805591,  294.020539768,  1051.29
1570.32172908,  11187.2,  9320.63,  1087.26123599,  294.028680471,  1051.58
1570.34216346,  11976.6,  9946.59,  1087.24919592,  294.031359025,  1050.96
1570.36259804,  12357.8,  10250.5,  1087.24111054,  294.033603373,  1051.59
1570.38303253,  12318.1,  10218.1,  1087.24245668,  294.033188447,  1051.26
1570.40346701,  11757.5,  9773.26,  1087.25072145,  294.030416031,  1049.85
1570.42390149,  10085.8,  8447.13,  1087.28290467,  294.022479648,  1049.03
1570.44433598,  7439.41,  6344.74,  1087.35582502,  294.006062409,  1048.8
1570.46477046,  9238.35,  7773.63,  1087.30236207,  294.018901823,  1050.02
1570.48520495,  11252.7,  9373.09,  1087.2605068,  294.028936678,  1049.89
1570.50563943,  11866.1,  9858.89,  1087.24882778,  294.031530572,  1047.72
1570.52607391,  12103.3,  10048.3,  1087.24518491,  294.032910794,  1048.78
1570.5465084,  11848.0,  9845.3,  1087.24977323,  294.031504973,  1048.72
1570.56694298,  11349.6,  9449.12,  1087.25833924,  294.028097579,  1048.75
1570.58737737,  10095.8,  8454.9,  1087.28279387,  294.022338218,  1047.51
1570.60781185,  9980.29,  8362.01,  1087.28608945,  294.021832139,  1048.78
1570.62824644,  11300.0,  9409.88,  1087.25890579,  294.02855417,  1049.18
1570.64868092,  11931.8,  9912.28,  1087.24763116,  294.031719558,  1047.41
1570.66911531,  12355.2,  10247.5,  1087.24136824,  294.033589176,  1048.3
1570.6895499,  12274.0,  10183.9,  1087.2423121,  294.033014903,  1048.19
1570.70998438,  11683.0,  9715.06,  1087.25318515,  294.030291459,  1047.46
1570.73041877,  9746.05,  8176.04,  1087.29064018,  294.020759273,  1048.04
1570.75085335,  7394.14,  6310.12,  1087.35803043,  294.004415462,  1047.89
1570.77128784,  9585.76,  8049.51,  1087.29451836,  294.019455454,  1048.87
1570.79172243,  11351.4,  9451.01,  1087.25760761,  294.029134017,  1047.1
1570.81215681,  11919.7,  9903.32,  1087.24796156,  294.030780829,  1047.3
1570.8325913,  12090.2,  10037.6,  1087.24543342,  294.03136044,  1048.55
1570.85302589,  11817.5,  9821.38,  1087.25156005,  294.030388066,  1047.54
1570.87346027,  11238.1,  9362.2,  1087.25970878,  294.027151459,  1047.83
1570.89389476,  9973.69,  8356.94,  1087.2867004,  294.020113471,  1047.96
1570.91432935,  10114.6,  8469.85,  1087.28298116,  294.021335126,  1047.11
1570.93476374,  11403.9,  9493.43,  1087.25806597,  294.028458685,  1047.52
1570.95519832,  12004.8,  9969.59,  1087.24681558,  294.030820797,  1047.71
1570.97563281,  12393.2,  10279.1,  1087.24042331,  294.032545823,  1047.54
1570.9960672,  12236.4,  10154.2,  1087.24436162,  294.031728234,  1047.75
1571.01650179,  11577.1,  9630.4,  1087.2542076,  294.029517673,  1046.75
1571.03693628,  9375.32,  7883.34,  1087.2991827,  294.018246374,  1046.77
1571.05737066,  7420.72,  6330.48,  1087.35531648,  294.003290802,  1047.5
1571.07780525,  9897.15,  8296.96,  1087.28811505,  294.022185668,  1046.46
1571.09823974,  11420.5,  9507.15,  1087.2570308,  294.02830217,  1046.3
1571.11867413,  11963.8,  9937.51,  1087.24758306,  294.031133389,  1047.11
1571.13910872,  12076.5,  10027.6,  1087.24615895,  294.031491888,  1046.15
1571.15954321,  11758.8,  9775.21,  1087.25209929,  294.029151055,  1046.28
1571.1799777,  11127.6,  9273.91,  1087.26282824,  294.026338269,  1045.98
1571.20041219,  9864.0,  8271.14,  1087.28996349,  294.017987202,  1046.63
1571.22084668,  10265.2,  8589.19,  1087.28010073,  294.021669162,  1046.66
1571.24128117,  11505.5,  9573.65,  1087.25689913,  294.027993936,  1046.72
1571.26171566,  12066.5,  10020.1,  1087.24641565,  294.032019786,  1045.18
1571.28215015,  12400.3,  10284.2,  1087.24080329,  294.03263438,  1045.71
1571.30258464,  12175.4,  10105.9,  1087.24414735,  294.031409672,  1045.97
1571.32301913,  11445.8,  9527.2,  1087.25792058,  294.027006518,  1047.12
1571.34345372,  9010.5,  7592.91,  1087.31027836,  294.015940039,  1045.97
1571.36388821,  7529.01,  6417.49,  1087.35381498,  294.005105953,  1046.96
1571.3843226,  10191.2,  8531.02,  1087.28139126,  294.021434875,  1047.6
1571.40475719,  11505.9,  9573.87,  1087.25701004,  294.028236064,  1047.88
1571.42519168,  12039.4,  9998.66,  1087.24772894,  294.030383125,  1047.34
1571.44562607,  12189.8,  10117.5,  1087.24420098,  294.031381134,  1047.17
1571.46606067,  11855.7,  9851.72,  1087.25142575,  294.029357597,  1047.48
1571.48649516,  11098.6,  9252.05,  1087.26427916,  294.025797826,  1047.95
1571.50692955,  9831.12,  8244.33,  1087.29009824,  294.018811702,  1047.67
1571.52736414,  10443.9,  8731.0,  1087.27780019,  294.023432837,  1048.27
1571.54779863,  11591.7,  9643.07,  1087.25461573,  294.028155095,  1047.36
1571.56823323,  12136.8,  10074.5,  1087.24488481,  294.030228926,  1048.65
1571.58866762,  12407.9,  10290.8,  1087.24083819,  294.032015378,  1047.34
1571.60910211,  12128.7,  10069.2,  1087.24492881,  294.030350637,  1048.49
1571.6295367,  11310.5,  9418.67,  1087.25898472,  294.026445873,  1048.1
1571.6499711,  8663.94,  7318.58,  1087.31894722,  294.012116688,  1049.54
1571.67040559,  7711.76,  6562.17,  1087.3484874,  294.004312987,  1048.72
1571.69084018,  10462.1,  8745.55,  1087.27806584,  294.023922123,  1049.49
1571.71127458,  11565.3,  9622.25,  1087.25618789,  294.027804367,  1048.81
1571.73170917,  12049.6,  10005.5,  1087.24827639,  294.030263999,  1049.69
1571.75214366,  12043.4,  10001.4,  1087.24771124,  294.030076891,  1049.15
1571.77257806,  11681.8,  9714.45,  1087.25321517,  294.028501668,  1047.92
1571.79301265,  10863.7,  9063.97,  1087.26842137,  294.023667883,  1049.62
1571.81344715,  9756.04,  8185.45,  1087.29060916,  294.018200164,  1049.86
1571.83388154,  10590.1,  8847.42,  1087.27367233,  294.021491361,  1049.76
1571.85431614,  11657.7,  9694.45,  1087.25297364,  294.02901399,  1049.83
1571.87475063,  12169.4,  10101.9,  1087.24452133,  294.030178419,  1049.19
1571.89518503,  12402.0,  10285.7,  1087.2414316,  294.030549767,  1049.25
1571.91561962,  12046.6,  10003.5,  1087.24725812,  294.029676106,  1048.03
1571.93605412,  11112.9,  9262.56,  1087.26387338,  294.026140908,  1049.84
1571.95648871,  8321.05,  7045.38,  1087.3286564,  294.009941652,  1048.88
1571.97692311,  7961.38,  6760.38,  1087.33996159,  294.006494423,  1048.93
1571.9973576,  10679.4,  8918.82,  1087.27220833,  294.023723766,  1048.54
1572.0177922,  11635.1,  9675.96,  1087.25418997,  294.027884445,  1047.16
1572.03822659,  12067.4,  10020.2,  1087.24698857,  294.029807605,  1048.46
1572.05866109,  12012.2,  9975.96,  1087.24893418,  294.029313829,  1047.8
1572.07909569,  11626.0,  9669.07,  1087.25320044,  294.028220138,  1046.95
1572.09953008,  10713.5,  8945.73,  1087.27211596,  294.023654304,  1047.95
1572.11996468,  9730.25,  8164.09,  1087.29109125,  294.017284114,  1047.18
1572.14039918,  10767.7,  8987.81,  1087.27083113,  294.023750824,  1047.52
1572.16083357,  11723.0,  9746.62,  1087.25255052,  294.027899846,  1047.57
1572.18126817,  12222.2,  10142.3,  1087.24445697,  294.030597897,  1046.86
1572.20170267,  12386.9,  10273.4,  1087.24267922,  294.031489361,  1047.3
1572.22213706,  11987.8,  9956.89,  1087.24880138,  294.028907103,  1045.97
1572.24257166,  10910.7,  9100.86,  1087.26662995,  294.024446464,  1046.69
1572.26300616,  8017.45,  6804.65,  1087.33918755,  294.007882572,  1045.65
1572.28344066,  8248.98,  6988.1,  1087.33200967,  294.009071538,  1045.93
1572.30387515,  10867.3,  9066.41,  1087.26907031,  294.02442349,  1046.28
1572.32430965,  11701.8,  9730.0,  1087.25305813,  294.028237766,  1045.51
1572.34474415,  12102.5,  10046.7,  1087.24694994,  294.028977253,  1045.76
1572.36517865,  11969.3,  9941.26,  1087.24897091,  294.028390215,  1045.7
1572.38561315,  11578.2,  9631.8,  1087.25563551,  294.027301661,  1044.41
1572.40604765,  10544.3,  8809.7,  1087.27549577,  294.022579486,  1044.04
1572.42648214,  9732.51,  8166.1,  1087.29310439,  294.016541701,  1044.27
1572.44691664,  10901.1,  9093.62,  1087.26847346,  294.024224843,  1045.18
1572.46735114,  11766.1,  9779.4,  1087.25280666,  294.027661957,  1043.6
1572.48778564,  12256.3,  10169.9,  1087.2435712,  294.030144609,  1044.28
1572.50822024,  12355.5,  10247.7,  1087.24285279,  294.031782736,  1044.19
1572.52865474,  11908.9,  9893.3,  1087.24973321,  294.028280164,  1043.68
1572.54908914,  10652.4,  8896.53,  1087.27364483,  294.023505411,  1044.32
1572.56952374,  7750.98,  6592.43,  1087.34596077,  294.004672879,  1044.43
1572.58995824,  8572.7,  7244.63,  1087.32275247,  294.010502479,  1045.14
1572.61039264,  11023.0,  9190.77,  1087.26521081,  294.024507094,  1045.12
1572.63082724,  11755.8,  9771.04,  1087.25212346,  294.0276091,  1045.29
1572.67169614,  11925.6,  9906.02,  1087.25017464,  294.028214779,  1044.51
1572.69213074,  11502.9,  9569.41,  1087.25788667,  294.026173246,  1047.04
1572.71256524,  10392.6,  8688.02,  1087.27891163,  294.021074789,  1046.39
1572.73299984,  9792.98,  8211.27,  1087.29221853,  294.017564827,  1047.84
1572.75343425,  11050.5,  9209.45,  1087.2662162,  294.024968346,  1046.49
1572.77386875,  11817.5,  9818.91,  1087.25184228,  294.02803382,  1048.88
1572.79430335,  12306.0,  10205.6,  1087.24334273,  294.030452253,  1049.05
1572.81473775,  12334.5,  10228.4,  1087.24395495,  294.030431198,  1050.04
1572.83517225,  11833.9,  9831.57,  1087.25133837,  294.027676514,  1048.92
1572.85560685,  10375.6,  8672.44,  1087.27894693,  294.021785904,  1051.52
1572.87604126,  7570.77,  6446.35,  1087.3542413,  294.004165634,  1053.42
1572.89647586,  8919.22,  7516.57,  1087.31352671,  294.013817796,  1055.34
1572.91691036,  11168.7,  9301.88,  1087.26335952,  294.026334057,  1056.72
1572.93734476,  11832.4,  9829.26,  1087.2514705,  294.030058133,  1054.97
1572.95777937,  12109.4,  10048.4,  1087.24768855,  294.029868594,  1055.33
1572.97821387,  11895.3,  9878.63,  1087.25036154,  294.028653912,  1055.17
1572.99864837,  11442.5,  9519.64,  1087.25830895,  294.026504474,  1054.14
1573.01908287,  10233.5,  8558.41,  1087.28196413,  294.020929563,  1050.02
1573.03951738,  9864.82,  8266.44,  1087.28983673,  294.018330494,  1045.24
1573.05995178,  11186.4,  9315.74,  1087.26358833,  294.024747242,  1043.89
1573.08038638,  11879.4,  9864.56,  1087.25153326,  294.027955365,  1043.11
1573.10082089,  12332.7,  10225.5,  1087.24339038,  294.031078007,  1043.58
1573.12125539,  12323.5,  10217.5,  1087.24393503,  294.030742744,  1043.65
1573.1416899,  11767.2,  9775.45,  1087.2530185,  294.028193873,  1043.01
1573.1621244,  10057.4,  8419.11,  1087.28759207,  294.019870362,  1041.63
1573.182559,  7453.3,  6350.11,  1087.35823777,  294.002795944,  1042.68
1573.20299341,  9268.78,  7792.03,  1087.30315566,  294.016080329,  1042.4
1573.22342791,  11276.2,  9386.49,  1087.26033585,  294.025925033,  1042.12
1573.24386252,  11885.2,  9868.89,  1087.2509673,  294.029563262,  1040.45
1573.26429692,  12108.0,  10046.6,  1087.24618398,  294.03127305,  1041.76
1573.28473153,  11848.4,  9840.32,  1087.25080692,  294.028173743,  1041.64
1573.30516603,  11352.8,  9445.95,  1087.25961912,  294.026516586,  1041.37
1573.32560044,  10100.2,  8452.76,  1087.28463539,  294.019794188,  1040.65
1573.34603504,  9999.46,  8372.06,  1087.28758739,  294.019320552,  1039.2
1573.36646955,  11317.7,  9418.41,  1087.26111801,  294.02545782,  1038.88
1573.38690396,  11957.2,  9927.09,  1087.25009697,  294.028510723,  1037.4
1573.40733856,  12369.8,  10253.4,  1087.24311979,  294.030245743,  1038.01
1573.42777307,  12282.2,  10184.3,  1087.24576294,  294.029943669,  1038.22
1573.44820747,  11692.3,  9716.31,  1087.25492759,  294.027568776,  1036.07
1573.46864208,  9733.62,  8160.45,  1087.29354233,  294.018335872,  1033.87
1573.48907659,  7400.59,  6309.06,  1087.36022686,  294.002854934,  1034.99
1573.50951119,  9604.82,  8058.76,  1087.29659619,  294.017949115,  1035.14
1573.5299456,  11360.4,  9452.62,  1087.2604601,  294.026368466,  1033.54
1573.55038011,  11929.8,  9905.34,  1087.25082993,  294.028269311,  1034.62
1573.57081471,  12090.9,  10032.4,  1087.24819464,  294.029150607,  1034.61
1573.59124912,  11806.4,  9806.12,  1087.25246469,  294.027817505,  1034.0
1573.61168363,  11243.4,  9360.27,  1087.26211232,  294.024568052,  1031.9
1573.63211824,  9990.61,  8364.1,  1087.28741889,  294.017858206,  1033.51
1573.65255274,  10142.2,  8485.54,  1087.2841602,  294.019117166,  1032.48
1573.67298725,  11440.0,  9515.74,  1087.2589221,  294.025619686,  1031.89
1573.69342176,  12022.9,  9977.85,  1087.24852672,  294.028501129,  1033.32
1573.71385617,  12397.9,  10276.4,  1087.24296811,  294.030195767,  1033.22
1573.73429078,  12233.9,  10145.9,  1087.24580801,  294.029407031,  1031.88
1573.75472528,  11576.8,  9623.95,  1087.25591112,  294.026683037,  1031.93
1573.77515969,  9353.11,  7859.45,  1087.30208289,  294.015239903,  1031.19
1573.7955943,  7424.64,  6327.35,  1087.35881422,  294.001309174,  1032.34
1573.81602881,  9927.23,  8314.66,  1087.28897841,  294.020342605,  1030.5
1573.83646322,  11453.9,  9527.35,  1087.25933193,  294.026291028,  1031.8
1573.85689783,  11989.2,  9951.56,  1087.24979008,  294.028031387,  1031.19
1573.87733234,  12093.2,  10034.9,  1087.24700155,  294.028746488,  1030.08
1573.89776695,  11794.6,  9797.72,  1087.25288161,  294.027745958,  1031.19
1573.91820136,  11174.0,  9304.26,  1087.26400538,  294.023552037,  1031.14
1573.93863586,  9891.23,  8286.76,  1087.28989705,  294.017672481,  1030.44
1573.95907047,  10287.8,  8601.09,  1087.28218527,  294.0195299,  1030.21
1573.97950488,  11516.0,  9575.69,  1087.25774772,  294.025582111,  1029.11
1573.99993939,  12080.9,  10025.0,  1087.24707146,  294.027844221,  1029.38
1574.020374,  12435.6,  10305.8,  1087.24267247,  294.029609361,  1029.97
1574.04080841,  12203.8,  10122.1,  1087.24650273,  294.028789607,  1029.7
1574.06124303,  11472.3,  9541.93,  1087.25788617,  294.025802666,  1028.54
1574.08167754,  9017.82,  7592.33,  1087.31184909,  294.013518098,  1029.77
1574.10211195,  7572.88,  6445.75,  1087.35499647,  294.003109189,  1028.51
1574.12254656,  10221.2,  8548.36,  1087.28301041,  294.020285074,  1029.61
1574.14298107,  11518.3,  9577.1,  1087.25778858,  294.025919805,  1028.44
1574.16341558,  12024.0,  9979.97,  1087.25014605,  294.028292968,  1028.33
1574.18385009,  12083.5,  10026.3,  1087.24744507,  294.027230793,  1026.48
1574.2042846,  11730.3,  9746.28,  1087.25438813,  294.025931299,  1029.25
1574.22471911,  11013.2,  9177.46,  1087.2679973,  294.022389475,  1028.48
1574.24515363,  9797.83,  8211.28,  1087.29239712,  294.016039269,  1028.0
1574.26558814,  10446.4,  8726.89,  1087.27849867,  294.019386241,  1028.61
1574.28602265,  11599.9,  9643.04,  1087.25539597,  294.02643004,  1027.07
1574.30645726,  12146.8,  10075.8,  1087.24711466,  294.027688158,  1027.3
1574.32689167,  12441.6,  10311.4,  1087.24216215,  294.029618096,  1026.58
1574.34732619,  12130.1,  10063.4,  1087.24698455,  294.027876556,  1027.36
1574.3677607,  11306.4,  9408.9,  1087.26132839,  294.024054795,  1027.04
1574.38819521,  8659.81,  7308.75,  1087.32003668,  294.009269498,  1026.82
1574.40862982,  7755.57,  6590.04,  1087.34899529,  294.003662066,  1026.73
1574.42906424,  10478.1,  8751.88,  1087.27858324,  294.019867715,  1025.99
1574.44949885,  11589.3,  9634.72,  1087.25611161,  294.025515999,  1027.06
1574.46993336,  12062.6,  10009.0,  1087.2488872,  294.027270267,  1025.83
1574.49036778,  12040.8,  9992.85,  1087.24928666,  294.027433905,  1025.88
1574.51080239,  11670.6,  9698.62,  1087.25578296,  294.024591259,  1025.93
1574.5312369,  10858.8,  9053.34,  1087.27049192,  294.022554075,  1025.33
1574.55167132,  9733.09,  8160.68,  1087.29493081,  294.01641137,  1025.2
1574.57210593,  10591.1,  8841.06,  1087.27586113,  294.020095079,  1025.28
1574.59254045,  11647.6,  9679.99,  1087.25554343,  294.025527081,  1024.98
1574.61297506,  12207.8,  10125.4,  1087.24753625,  294.027233284,  1025.08
1574.63340948,  12433.0,  10303.2,  1087.24285282,  294.02957639,  1025.15
1574.65384399,  12074.2,  10018.7,  1087.24928868,  294.026509679,  1025.03
1574.6742786,  11122.9,  9263.9,  1087.26555166,  294.024001292,  1025.05
1574.69471302,  8323.52,  7040.02,  1087.33325576,  294.008140307,  1024.67
1574.71514753,  7990.22,  6776.53,  1087.33958202,  294.005496812,  1024.62
1574.73558215,  10709.1,  8934.41,  1087.27286012,  294.02074808,  1024.52
1574.75601656,  11648.6,  9679.96,  1087.25608869,  294.025872836,  1024.92
1574.77645108,  12075.3,  10019.7,  1087.24997879,  294.028001281,  1024.58
1574.7968857,  11999.3,  9958.46,  1087.24975402,  294.02663411,  1022.81
1574.81732021,  11613.8,  9652.77,  1087.25714266,  294.024993537,  1025.09
1574.83775473,  10692.4,  8921.8,  1087.27324231,  294.020859486,  1023.62
1574.85818924,  9710.58,  8141.21,  1087.29521625,  294.014962207,  1023.72
1574.87862376,  10753.1,  8969.74,  1087.27292554,  294.022435862,  1023.66
1574.89905827,  11850.6,  9840.92,  1087.25240608,  294.02596988,  1023.74
1574.91949279,  12284.1,  10184.2,  1087.24542592,  294.028259437,  1022.22
1574.93992731,  12414.3,  10288.6,  1087.2433289,  294.028133541,  1023.67
1574.96036182,  12000.4,  9959.26,  1087.25019752,  294.027284906,  1023.71
1574.98079634,  10918.7,  9100.04,  1087.2697685,  294.022449953,  1022.4
1575.00123086,  8031.04,  6808.69,  1087.33844198,  294.007049122,  1021.95
1575.02166537,  8287.59,  7010.9,  1087.33326312,  294.007648628,  1022.4
1575.04209989,  10910.7,  9094.25,  1087.26942054,  294.022518831,  1022.33
1575.06253451,  11734.4,  9748.32,  1087.25473572,  294.024754581,  1022.01
1575.08296893,  12107.9,  10043.7,  1087.24805351,  294.027025174,  1022.41
1575.10340344,  11996.1,  9956.02,  1087.24959049,  294.027524271,  1021.99
1575.12383806,  11594.5,  9636.99,  1087.25680712,  294.023967238,  1022.13
1575.14427248,  10546.7,  8803.98,  1087.2770163,  294.019394966,  1021.49
1575.164707,  9745.04,  8168.86,  1087.29349239,  294.014792028,  1022.31
1575.18514162,  10922.3,  9102.74,  1087.26996561,  294.021078327,  1021.61
1575.20557603,  11783.7,  9786.46,  1087.2532032,  294.025304348,  1022.14
1575.22601065,  12277.4,  10179.2,  1087.24516504,  294.027412257,  1021.54
1575.24644517,  12383.9,  10262.7,  1087.24414469,  294.027959778,  1021.14
1575.26687959,  11909.3,  9886.24,  1087.25193985,  294.026118675,  1021.31
1575.28731421,  10652.2,  8888.58,  1087.27475862,  294.020952366,  1020.93
1575.30774873,  7754.98,  6587.63,  1087.34947863,  294.001645919,  1021.27
1575.32818315,  8607.22,  7264.65,  1087.32287617,  294.00917317,  1020.16
1575.34861776,  11051.3,  9205.24,  1087.26702281,  294.022055026,  1020.69
1575.36905228,  11779.2,  9782.53,  1087.25427969,  294.026220277,  1020.3
1575.3894869,  12099.1,  10037.0,  1087.2494428,  294.026823727,  1020.3
1575.40992132,  11924.1,  9897.56,  1087.2504658,  294.025867859,  1022.06
1575.43035584,  11499.7,  9560.48,  1087.25938023,  294.024327804,  1020.4
1575.45079046,  10375.6,  8668.99,  1087.28076776,  294.018902208,  1018.58
1575.47122498,  9790.03,  8202.81,  1087.29314798,  294.014725913,  1019.85
1575.4916594,  11065.1,  9215.53,  1087.26750706,  294.023446138,  1020.42
1575.51209402,  11839.2,  9830.62,  1087.25341051,  294.024944127,  1018.64
1575.53252854,  12336.9,  10224.3,  1087.24414061,  294.027806727,  1020.29
1575.55296296,  12364.8,  10247.5,  1087.2442695,  294.028431846,  1018.97
1575.57339758,  11825.5,  9818.78,  1087.25305914,  294.024917186,  1019.73
1575.5938321,  10363.4,  8657.54,  1087.28201057,  294.018950239,  1019.7
1575.61426663,  7577.48,  6446.79,  1087.3550544,  294.00029777,  1018.44
1575.65513557,  11187.1,  9311.33,  1087.26421405,  294.022783588,  1019.49
1575.67557019,  11844.2,  9833.03,  1087.25255484,  294.025797004,  1017.49
1575.69600471,  12107.8,  10040.8,  1087.24871134,  294.026655296,  1018.72
1575.71643913,  11890.3,  9868.69,  1087.25314882,  294.02615953,  1018.11
1575.73687375,  11420.3,  9495.04,  1087.26037168,  294.024011777,  1019.06
1575.75730828,  10242.5,  8558.95,  1087.2834527,  294.01873927,  1018.2
1575.7777429,  9882.97,  8274.77,  1087.29157712,  294.016472814,  1017.62
1575.79817732,  11194.5,  9314.74,  1087.26493547,  294.023134922,  1016.88
1575.81861184,  11894.9,  9870.64,  1087.25210633,  294.027646974,  1017.81
1575.83904646,  12343.8,  10227.8,  1087.24535363,  294.029274718,  1017.55
1575.85948089,  12305.6,  10196.2,  1087.24627838,  294.028028581,  1017.06
1575.87991541,  11744.8,  9751.42,  1087.25517004,  294.025564097,  1016.85
1575.90035003,  10042.8,  8400.14,  1087.28862414,  294.018117495,  1016.98
1575.92078445,  7461.24,  6349.23,  1087.35892427,  294.001048191,  1017.42
1575.94121898,  9301.53,  7811.27,  1087.30488816,  294.013424453,  1017.54
1575.9616536,  11297.3,  9395.24,  1087.2635429,  294.02411014,  1016.61
1575.98208802,  11911.0,  9882.08,  1087.25269543,  294.027084346,  1015.77
1576.00252265,  12119.8,  10048.2,  1087.24826497,  294.027833275,  1015.24
1576.02295717,  11846.0,  9830.12,  1087.25346531,  294.026530668,  1016.06
1576.04339169,  11337.0,  9425.99,  1087.26262611,  294.023222907,  1015.98
1576.06382622,  10092.5,  8438.68,  1087.28678515,  294.017878508,  1015.41
1576.08426074,  9999.71,  8363.71,  1087.287571,  294.017143796,  1015.12
1576.10469527,  11309.1,  9403.7,  1087.26212913,  294.024138436,  1015.33
1576.12512979,  11948.8,  9911.93,  1087.25054615,  294.026043258,  1015.04
1576.14556431,  12382.3,  10255.0,  1087.24402942,  294.028536354,  1015.0
1576.16599884,  12263.5,  10161.8,  1087.24652129,  294.028329859,  1015.6
1576.18643346,  11665.1,  9685.96,  1087.25623273,  294.02568652,  1014.54
1576.20686789,  9693.83,  8120.6,  1087.29508719,  294.015754889,  1015.6
1576.22730251,  7418.94,  6315.39,  1087.36045988,  294.001638905,  1015.19
1576.24773704,  9641.14,  8078.41,  1087.2965688,  294.016024915,  1014.75
1576.26817146,  11383.2,  9461.72,  1087.2618433,  294.025199001,  1015.5
1576.28860609,  11956.2,  9917.39,  1087.25150311,  294.026914062,  1015.17
1576.30904051,  12103.9,  10033.6,  1087.24833456,  294.026668065,  1014.52
1576.32947504,  11804.1,  9796.13,  1087.25340067,  294.026691026,  1014.19
1576.34990967,  11239.3,  9348.01,  1087.2643446,  294.023356223,  1014.58
1576.39077872,  10137.3,  8473.3,  1087.28634898,  294.017849838,  1014.47
1576.41121324,  11405.5,  9479.49,  1087.26159641,  294.023451833,  1013.78
1576.43164767,  11993.7,  9946.18,  1087.25128226,  294.026535884,  1013.49
1576.45208229,  12380.2,  10254.0,  1087.24501515,  294.028443184,  1013.65
1576.47251682,  12212.9,  10120.2,  1087.24658292,  294.027497252,  1012.59
1576.49295125,  11546.2,  9591.44,  1087.25833718,  294.024978387,  1013.54
1576.51338587,  9336.69,  7837.34,  1087.30505451,  294.014027373,  1013.22
1576.5338204,  7457.86,  6344.73,  1087.36225558,  293.998652336,  1012.55
1576.55425493,  9959.64,  8331.99,  1087.28992222,  294.016920498,  1013.28
1576.57468946,  11476.1,  9535.53,  1087.25912276,  294.023926937,  1012.3
1576.59512398,  11988.6,  9941.94,  1087.25051576,  294.028178793,  1013.41
1576.61555861,  12097.2,  10029.3,  1087.24923445,  294.027242806,  1012.34
1576.63599304,  11765.2,  9764.59,  1087.25473392,  294.024038572,  1012.91
1576.65642756,  11144.0,  9271.71,  1087.265496,  294.022721476,  1013.01
1576.67686219,  9849.92,  8244.79,  1087.29294311,  294.014411536,  1012.4
1576.69729672,  10289.2,  8592.62,  1087.28300939,  294.017421113,  1012.63
1576.71773115,  11483.4,  9541.72,  1087.26036711,  294.024142842,  1012.42
1576.73816578,  12052.6,  9993.59,  1087.25006804,  294.026542809,  1012.68
1576.7586003,  12372.1,  10246.3,  1087.24514862,  294.027496294,  1013.94
1576.77903483,  12162.6,  10081.2,  1087.24760743,  294.026709457,  1012.83
1576.79946936,  11424.4,  9494.16,  1087.2614509,  294.023058349,  1011.38
1576.81990389,  8959.59,  7537.4,  1087.31391143,  294.012535724,  1011.56
1576.84033852,  7577.1,  6440.6,  1087.35468777,  294.001146514,  1011.77
1576.86077295,  10241.8,  8555.29,  1087.28315149,  294.018620472,  1012.09
1576.88120748,  11520.8,  9571.27,  1087.25890756,  294.024131852,  1012.38
1576.9016421,  12019.5,  9967.55,  1087.25079749,  294.025368393,  1012.13
1576.92207653,  12064.6,  10002.6,  1087.25070028,  294.026802057,  1012.06
1576.94251106,  11713.0,  9723.64,  1087.25496337,  294.024675203,  1012.46
1576.96294559,  10983.7,  9144.85,  1087.2687276,  294.020514003,  1010.03
1576.98338012,  9790.83,  8197.4,  1087.29343834,  294.014741031,  1010.44
1577.00381475,  10456.5,  8726.54,  1087.27940954,  294.018533821,  1011.47
1577.02424918,  11588.5,  9624.26,  1087.25845117,  294.023500704,  1010.86
1577.04468371,  12118.0,  10045.3,  1087.24918404,  294.026482976,  1009.75
1577.06511834,  12392.6,  10263.8,  1087.24484944,  294.026594658,  1010.22
1577.08555277,  12094.2,  10025.9,  1087.24905,  294.026326853,  1009.57
1577.1059873,  11273.9,  9375.33,  1087.26503487,  294.022099713,  1009.78
1577.12642193,  8614.72,  7264.16,  1087.32258561,  294.008240709,  1010.22
1577.14685636,  7775.89,  6597.45,  1087.34980652,  294.003636136,  1010.4
1577.16729099,  10514.8,  8773.13,  1087.27833198,  294.018960164,  1009.44
1577.18772552,  11592.3,  9627.82,  1087.25861767,  294.02367747,  1010.74
1577.20815995,  12058.1,  9997.42,  1087.24968931,  294.025282864,  1010.97
1577.22859459,  12045.5,  9988.18,  1087.24980335,  294.025711649,  1009.79
1577.24902912,  11664.7,  9684.87,  1087.25614207,  294.024738805,  1009.04
1577.26946365,  10838.8,  9030.02,  1087.27167001,  294.020221621,  1009.81
1577.28989818,  9715.77,  8138.64,  1087.29621375,  294.013276413,  1009.13
1577.31033271,  10594.2,  8835.38,  1087.27781319,  294.017603298,  1009.53
1577.33076724,  11645.1,  9670.26,  1087.25715067,  294.023276393,  1009.6
1577.35120187,  12156.9,  10076.3,  1087.24841521,  294.026121849,  1010.02
1577.37163631,  12369.8,  10244.8,  1087.24514266,  294.027283757,  1008.59
1577.39207094,  12014.7,  9963.76,  1087.2506378,  294.025435462,  1009.38
1577.41250547,  11070.0,  9212.97,  1087.26900908,  294.021708301,  1009.88
1577.4329399,  8280.14,  6998.61,  1087.33468986,  294.006548343,  1008.79
1577.45337454,  8003.35,  6778.97,  1087.34240599,  294.002774834,  1008.94
1577.47380907,  10709.1,  8926.07,  1087.2744863,  294.019787042,  1009.51
1577.4942435,  11677.5,  9696.02,  1087.25711244,  294.024224674,  1007.92
1577.51467813,  12086.4,  10020.2,  1087.24915227,  294.025470351,  1008.21
1577.53511267,  12010.8,  9959.53,  1087.25103547,  294.025472116,  1008.94
1577.5555472,  11612.8,  9645.12,  1087.25738779,  294.024111656,  1008.52
1577.57598173,  10693.0,  8913.67,  1087.27515054,  294.019905705,  1007.02
1577.59641617,  9710.18,  8133.26,  1087.29619925,  294.012430012,  1007.75
1577.6168508,  10745.1,  8955.68,  1087.27368068,  294.019540845,  1007.24
1577.63728533,  11710.9,  9721.19,  1087.25684371,  294.023639803,  1007.12
1577.65771977,  12217.3,  10124.0,  1087.24867691,  294.025898165,  1008.42
1577.6781544,  12367.9,  10243.8,  1087.24524696,  294.02632159,  1007.31
1577.69858893,  11953.0,  9913.67,  1087.2523821,  294.024479774,  1006.7
1577.71902347,  10864.6,  9050.54,  1087.27204844,  294.020361178,  1010.04
1577.739458,  7991.17,  6768.68,  1087.34145374,  294.00268305,  1006.77
1577.75989254,  8302.01,  7015.09,  1087.33293127,  294.005553937,  1006.82
1577.78032717,  10928.4,  9101.0,  1087.27009899,  294.020855652,  1005.89
1577.8007616,  11746.8,  9750.17,  1087.25585825,  294.023920631,  1006.08
1577.82119614,  12118.0,  10044.7,  1087.2488211,  294.025883288,  1005.5
1577.84163077,  11978.9,  9935.32,  1087.2523652,  294.024872158,  1006.54
1577.86206531,  11564.5,  9604.93,  1087.25988942,  294.022940425,  1005.81
1577.88249974,  10531.5,  8785.9,  1087.27752891,  294.017890078,  1006.82
1577.90293438,  9735.82,  8153.81,  1087.29606274,  294.013328676,  1005.5
1577.92336891,  10904.7,  9081.03,  1087.27070636,  294.020354807,  1005.5
1577.94380345,  11747.8,  9751.2,  1087.25516166,  294.024638507,  1006.2
1577.96423798,  12254.8,  10153.2,  1087.24730372,  294.02571316,  1005.75
1577.98467252,  12370.2,  10245.0,  1087.24481024,  294.025001661,  1005.28
1578.00510706,  11884.6,  9860.01,  1087.2540686,  294.02409145,  1006.84
1578.02554159,  10614.8,  8850.71,  1087.27609434,  294.018839882,  1005.51
1578.04597613,  7747.5,  6575.07,  1087.35157885,  294.000790831,  1005.24
1578.06641076,  8634.79,  7279.79,  1087.32324236,  294.007762055,  1011.06
1578.0868452,  11071.9,  9213.46,  1087.26953945,  294.020136562,  1009.63
1578.10727974,  11794.4,  9788.36,  1087.25518317,  294.024517123,  1005.83
1578.12771437,  12128.2,  10052.8,  1087.25021784,  294.02530464,  1005.92
1578.14814881,  11949.2,  9910.14,  1087.25251236,  294.02425138,  1006.66
1578.16858345,  11495.4,  9550.86,  1087.26125386,  294.02172101,  1005.42
1578.18901798,  10366.0,  8653.44,  1087.28255779,  294.017013486,  1004.94
1578.20945242,  9788.02,  8194.56,  1087.29464088,  294.013924599,  1004.82
1578.22988706,  11046.9,  9194.68,  1087.26841862,  294.019825409,  1005.47
1578.25032149,  11824.1,  9810.49,  1087.25495582,  294.024191559,  1004.84
1578.27075603,  12281.1,  10174.5,  1087.24669228,  294.025811984,  1004.95
1578.29119067,  12330.0,  10212.6,  1087.2472189,  294.02604726,  1005.53
1578.31162511,  11803.6,  9794.06,  1087.25521967,  294.023225247,  1004.96
1578.33205974,  10318.8,  8616.24,  1087.28155477,  294.017528497,  1004.21
1578.35249428,  7562.92,  6427.44,  1087.35723335,  294.000405982,  1004.91
1578.37292872,  8975.49,  7548.98,  1087.31371108,  294.01039189,  1004.42
1578.39336336,  11204.4,  9319.38,  1087.26644875,  294.021126095,  1005.13
1578.41379789,  11879.3,  9853.79,  1087.25392934,  294.024531801,  1003.99
1578.43423243,  12143.7,  10064.5,  1087.24922802,  294.025601101,  1003.77
1578.45466697,  11911.0,  9879.79,  1087.25399175,  294.022701825,  1004.89
1578.47510151,  11413.7,  9484.08,  1087.26176493,  294.020429892,  1003.65
1578.49553605,  10209.9,  8529.32,  1087.28580407,  294.015940168,  1004.18
1578.51597059,  9856.36,  8248.05,  1087.2929939,  294.014011548,  1004.3
1578.53640512,  11175.8,  9295.49,  1087.26623967,  294.020543266,  1003.46
1578.55683976,  11865.0,  9843.2,  1087.25348957,  294.024556776,  1005.03
1578.5772743,  12338.0,  10218.1,  1087.24602149,  294.026295478,  1003.86
1578.59770874,  12295.5,  10184.6,  1087.2464661,  294.026334194,  1003.35
1578.63857792,  10009.5,  8368.53,  1087.29022117,  294.015256795,  1003.44
1578.65901236,  7453.51,  6339.45,  1087.35973198,  293.997707639,  1003.01
1578.679447,  9327.33,  7826.43,  1087.30488431,  294.011536002,  1004.04
1578.69988154,  11308.1,  9398.64,  1087.26359799,  294.022025692,  1003.85
1578.72031598,  11910.1,  9877.32,  1087.25375814,  294.024322239,  1004.27
1578.74075062,  12121.4,  10043.9,  1087.25030807,  294.025684767,  1003.4
1578.76118516,  11840.9,  9820.95,  1087.25505909,  294.023146571,  1003.79
1578.7816198,  11324.4,  9411.48,  1087.26330291,  294.021816544,  1003.44
1578.80205424,  10060.2,  8406.62,  1087.28907638,  294.01511184,  1003.16
1578.82248878,  9976.86,  8340.7,  1087.29099961,  294.014701804,  1001.89
1578.84292342,  11280.0,  9375.58,  1087.26530644,  294.021997487,  1002.63
1578.86335786,  11930.6,  9891.29,  1087.25386777,  294.024609687,  1002.96
1578.8837924,  12328.4,  10208.0,  1087.24636717,  294.026476544,  1002.09
1578.90422694,  12234.6,  10132.5,  1087.24790586,  294.025992483,  1001.15
1578.92466148,  11633.3,  9654.98,  1087.25833151,  294.023658643,  1002.95
1578.94509612,  9655.88,  8085.53,  1087.29787166,  294.013904189,  1002.69
1578.96553057,  7424.64,  6313.13,  1087.3621854,  293.998415619,  1001.94
1578.98596511,  9665.99,  8093.08,  1087.29799305,  294.014018689,  1001.14
1579.00639975,  11403.9,  9472.83,  1087.26244116,  294.023110367,  1002.05
1579.02683419,  11967.3,  9919.2,  1087.25321161,  294.024684952,  1001.73
1579.04726873,  12111.5,  10034.5,  1087.25050805,  294.025601904,  1002.03
1579.06770337,  11805.8,  9791.13,  1087.25570841,  294.023444896,  1001.08
1579.08813791,  11229.6,  9333.3,  1087.26615095,  294.021249631,  1001.64
1579.10857236,  9950.16,  8318.77,  1087.29035023,  294.014568465,  1001.37
1579.129007,  10117.5,  8450.8,  1087.28885452,  294.01497462,  1001.11
1579.14944154,  11393.2,  9463.01,  1087.26201283,  294.02226348,  1001.18
1579.16987608,  11994.3,  9941.18,  1087.25182358,  294.025369883,  1000.97
1579.19031063,  12358.8,  10229.2,  1087.24700054,  294.026449,  1000.55
1579.21074517,  12189.6,  10095.9,  1087.24989002,  294.025759906,  1001.01
1579.23117981,  11526.5,  9569.63,  1087.26066106,  294.022873464,  1000.83
1579.25161425,  9299.49,  7800.43,  1087.30631796,  294.01194308,  1001.37
1579.2720488,  7461.01,  6341.94,  1087.3599526,  293.999004372,  999.92
1579.29248344,  9974.74,  8336.77,  1087.28984604,  294.016203661,  1000.15
1579.31291788,  11466.3,  9521.19,  1087.26164914,  294.02265938,  1000.78
1579.33335253,  12005.6,  9950.12,  1087.25321323,  294.024813648,  1000.21
1579.35378707,  12096.6,  10021.5,  1087.25015172,  294.023719994,  1000.75
1579.37422151,  11760.5,  9754.97,  1087.25552475,  294.022932033,  999.221
1579.39465616,  11106.8,  9236.24,  1087.2686156,  294.020349433,  999.442
1579.4150907,  9829.63,  8221.2,  1087.29548002,  294.013489523,  999.417
1579.43552514,  10255.3,  8560.65,  1087.28541193,  294.016021184,  1000.81
1579.45595979,  11488.1,  9538.8,  1087.26043955,  294.022129542,  999.064
1579.47639433,  12046.1,  9981.49,  1087.25276801,  294.024228906,  1000.29
1579.49682878,  12359.7,  10231.2,  1087.24690399,  294.026039052,  999.106
1579.51726342,  12123.7,  10043.4,  1087.24962179,  294.025141126,  1000.04
1579.53769786,  11400.9,  9469.41,  1087.26325955,  294.021557855,  999.436
1579.55813251,  8921.95,  7501.85,  1087.31806238,  294.009198744,  999.334
1579.57856705,  7573.14,  6430.31,  1087.35559222,  294.000397683,  1000.28
1579.5990016,  10260.0,  8563.94,  1087.28486249,  294.01677298,  999.679
1579.61943614,  11544.0,  9583.56,  1087.26163877,  294.021537273,  999.08
1579.63987069,  12040.4,  9976.74,  1087.25148391,  294.024587807,  999.589
1579.66030523,  12082.2,  10011.3,  1087.25150433,  294.023224934,  998.695
1579.68073978,  11713.2,  9717.29,  1087.25784914,  294.02326773,  999.478
1579.70117432,  10970.8,  9127.71,  1087.27052391,  294.019285007,  998.393
1579.72160897,  9772.93,  8177.7,  1087.29431175,  294.011684886,  998.234
1579.74204351,  10421.3,  8691.34,  1087.28247758,  294.016000823,  997.371
1579.76247796,  11556.9,  9593.79,  1087.26130824,  294.023135309,  998.938
1579.7829126,  12091.9,  10018.7,  1087.25153294,  294.02467731,  998.326
1579.80334715,  12377.1,  10244.5,  1087.24635458,  294.025505744,  999.015
1579.8237816,  12057.4,  9991.54,  1087.25185922,  294.024258158,  998.043
1579.84421624,  11246.3,  9347.13,  1087.26579576,  294.020859736,  997.954
1579.86465079,  8569.04,  7221.0,  1087.32855902,  294.005558096,  999.117
1579.88508523,  7765.35,  6584.19,  1087.34946804,  294.00092052,  997.568
1579.90551988,  10503.3,  8756.76,  1087.28070795,  294.017552682,  996.916
1579.92595443,  11600.8,  9628.6,  1087.25897553,  294.022848033,  997.555
1579.94638907,  12066.4,  9998.79,  1087.25150572,  294.023912906,  995.69
1579.96682352,  12048.5,  9983.48,  1087.25309107,  294.023723423,  998.026
1579.98725807,  11664.8,  9679.53,  1087.25928747,  294.022473525,  997.453
1580.00769271,  10819.1,  9008.31,  1087.27333141,  294.017597359,  996.956
1580.02812716,  9714.19,  8130.18,  1087.29755707,  294.010966908,  996.655
1580.04856171,  10580.3,  8819.34,  1087.27912752,  294.017578198,  995.004
1580.06899635,  11616.8,  9641.68,  1087.26022658,  294.022738085,  995.86
1580.0894308,  12145.6,  10061.4,  1087.2504505,  294.024909714,  996.58
1580.10986535,  12350.8,  10224.8,  1087.24737864,  294.025231997,  996.556
1580.1303,  11985.5,  9934.37,  1087.25316506,  294.023142405,  995.024
1580.15073444,  11048.1,  9190.03,  1087.2700679,  294.018935462,  995.058
1580.17116909,  8263.47,  6979.71,  1087.33555471,  294.004191874,  995.974
1580.19160354,  8017.7,  6783.69,  1087.34290693,  294.003278326,  995.335
1580.21203809,  10724.9,  8933.98,  1087.27639445,  294.018187267,  995.731
1580.23247274,  11670.1,  9684.06,  1087.25802757,  294.022679891,  995.964
1580.25290718,  12084.5,  10012.4,  1087.2514334,  294.024236874,  994.474
1580.27334173,  12002.4,  9948.35,  1087.25265104,  294.025291824,  994.603
1580.29377638,  11611.8,  9637.71,  1087.25870075,  294.02204392,  995.154
1580.31421093,  10654.7,  8877.78,  1087.27780229,  294.017147785,  993.871
1580.33464548,  9681.69,  8105.77,  1087.2981432,  294.012077324,  994.628
1580.35508003,  10735.4,  8941.33,  1087.27522458,  294.017689446,  993.803
1580.37551458,  11671.3,  9685.31,  1087.25931549,  294.022497316,  994.702
1580.39594912,  12176.9,  10086.9,  1087.24969657,  294.023474167,  993.576
1580.41638367,  12328.6,  10206.3,  1087.24718388,  294.025254453,  993.698
1580.43681822,  11913.2,  9877.44,  1087.25431766,  294.023130339,  993.851
1580.45725287,  10814.0,  9004.36,  1087.2739364,  294.018132061,  994.667
1580.47768732,  7952.92,  6732.69,  1087.3434686,  294.001625184,  994.102
1580.49812187,  8306.46,  7013.9,  1087.33462242,  294.004877074,  993.378
1580.51855652,  10899.2,  9071.51,  1087.27261166,  294.018102445,  993.426
1580.53899097,  11746.0,  9744.5,  1087.25827761,  294.021387761,  992.807
1580.55942562,  12094.2,  10021.3,  1087.25152288,  294.023469573,  993.567
1580.57986017,  11959.6,  9913.28,  1087.25309659,  294.022764462,  993.055
1580.60029462,  11549.4,  9588.6,  1087.26165997,  294.021142302,  992.78
1580.62072927,  10504.8,  8759.12,  1087.28137241,  294.016620847,  991.699
1580.64116382,  9706.6,  8124.82,  1087.29721239,  294.012008939,  992.98
1580.66159827,  10890.1,  9065.63,  1087.27340876,  294.018889394,  992.587
1580.68203292,  11743.6,  9742.1,  1087.25804516,  294.021919612,  991.471
1580.70246747,  12231.9,  10129.9,  1087.24927374,  294.023743174,  992.61
1580.72290212,  12324.0,  10203.7,  1087.24756446,  294.024690909,  992.212
1580.74333657,  11840.4,  9818.81,  1087.25571365,  294.022655485,  991.393
1580.76377112,  10583.8,  8822.08,  1087.279768,  294.016967614,  990.333
1580.78420577,  7718.01,  6546.72,  1087.35193228,  293.99862084,  992.021
1580.80464022,  8635.12,  7274.22,  1087.32616116,  294.005068874,  992.163
1580.82507478,  11058.3,  9198.96,  1087.27034506,  294.018277874,  991.356
1580.84550933,  11777.0,  9768.57,  1087.25764068,  294.022195578,  991.911
1580.86594388,  12105.6,  10030.0,  1087.25140755,  294.024219135,  990.351
1580.88637843,  11916.1,  9879.98,  1087.25434129,  294.022340863,  990.96
1580.90681298,  11483.7,  9535.75,  1087.26280599,  294.020868641,  990.185
1580.92724753,  10341.4,  8629.24,  1087.2846289,  294.014579039,  990.388
1580.94768218,  9773.91,  8179.19,  1087.2968904,  294.011536256,  990.062
1580.96811674,  11040.4,  9183.8,  1087.27111967,  294.018830317,  990.983
1580.98855119,  11798.0,  9786.14,  1087.25629664,  294.020813475,  988.744
1581.00898584,  12245.8,  10141.1,  1087.24953972,  294.024659978,  990.991
1581.02942039,  12253.4,  10146.7,  1087.24862514,  294.024580353,  990.675
1581.04985484,  11755.5,  9752.45,  1087.25764694,  294.023069811,  990.415
1581.0702895,  10260.7,  8564.57,  1087.28678635,  294.015081827,  990.798
1581.09072405,  7526.06,  6393.71,  1087.35873975,  293.99676713,  989.887
1581.1111587,  8966.22,  7537.95,  1087.31651278,  294.008157163,  989.563
1581.13159315,  11185.3,  9298.6,  1087.26759561,  294.020363,  989.61
1581.15202771,  11801.5,  9788.74,  1087.25684869,  294.022721635,  989.86
1581.17246236,  11967.1,  9919.91,  1087.25440017,  294.02281538,  990.033
1581.19289681,  11870.7,  9842.65,  1087.25693123,  294.02198435,  989.658
1581.21333137,  11411.5,  9479.02,  1087.26419627,  294.020053852,  989.565
1581.23376602,  10210.5,  8525.15,  1087.28797374,  294.013493696,  989.795
1581.25420047,  9874.22,  8258.09,  1087.29440137,  294.012119607,  988.531
1581.27463503,  11162.3,  9281.38,  1087.26816342,  294.01920826,  989.503
1581.29506968,  11839.7,  9818.15,  1087.25645396,  294.021797407,  989.441
1581.31550413,  12275.7,  10164.9,  1087.24870161,  294.024130221,  988.795
1581.33593879,  12217.1,  10118.6,  1087.25031863,  294.023472853,  988.846
1581.35637334,  11668.5,  9681.99,  1087.25833442,  294.021643459,  988.869
1581.37680789,  9950.45,  8319.22,  1087.2923557,  294.013332813,  988.644
1581.39724245,  7419.75,  6309.34,  1087.36468618,  293.996706553,  988.469
1581.417677,  9338.29,  7832.47,  1087.30760854,  294.010543335,  989.061
1581.43811156,  11326.0,  9411.11,  1087.26530263,  294.019386725,  988.939
1581.45854611,  11925.3,  9886.21,  1087.25516983,  294.021809194,  989.237
1581.47898067,  12125.5,  10045.4,  1087.25161014,  294.02282254,  988.516
1581.49941522,  11840.3,  9819.37,  1087.25598468,  294.021099548,  987.539
1581.51984977,  11308.6,  9396.43,  1087.2660426,  294.020205919,  988.951
1581.54028433,  10043.5,  8392.69,  1087.29131714,  294.013295672,  988.211
1581.56071888,  9951.32,  8319.78,  1087.29322342,  294.012424992,  987.383
1581.58115344,  11273.5,  9368.55,  1087.26770874,  294.01814445,  988.685
1586.83283013,  11617.7,  9699.35,  1087.26834367,  294.012022437,  966.988
1586.85326481,  9857.45,  8303.06,  1087.30304911,  294.003163431,  966.593
1586.87369929,  7392.24,  6344.59,  1087.37157202,  293.985069322,  965.805
1586.89413396,  9376.94,  7920.17,  1087.31382849,  294.000204448,  966.543
1586.91456854,  11373.7,  9506.24,  1087.27206944,  294.010935951,  966.36
1586.93500302,  11998.1,  10000.3,  1087.26170911,  294.012517921,  965.608
1586.95543769,  12199.3,  10160.8,  1087.25714728,  294.013396115,  965.421
1586.97587227,  11889.0,  9913.9,  1087.26436439,  294.012195906,  967.468
1586.99630685,  11321.6,  9462.56,  1087.2741002,  294.009204525,  965.98
1587.01674143,  10019.2,  8428.99,  1087.2998536,  294.001950069,  966.445
1587.037176,  9956.34,  8378.33,  1087.30081523,  294.002301582,  965.797
1587.05761068,  11227.9,  9387.59,  1087.27552097,  294.009405546,  965.531
1587.07804526,  11863.2,  9892.24,  1087.2645579,  294.011259568,  965.038
1587.09847974,  12243.2,  10192.6,  1087.25785622,  294.012859687,  965.5
1587.11891441,  12129.0,  10102.0,  1087.25978728,  294.012474658,  965.261
1587.13934899,  11542.9,  9636.45,  1087.26998837,  294.008961792,  965.161
1587.15978347,  9516.48,  8026.5,  1087.31110393,  294.000772683,  964.739
1587.18021815,  7391.9,  6339.88,  1087.3720323,  293.984276411,  964.927
1587.20065273,  9744.35,  8206.68,  1087.30613268,  294.001585452,  965.517
1587.2210873,  11462.9,  9570.68,  1087.27104321,  294.010140841,  965.687
1587.24152188,  12071.4,  10054.4,  1087.25996884,  294.011428725,  964.355
1587.26195636,  12182.7,  10141.4,  1087.25945765,  294.011299254,  964.331
1587.28239104,  11996.2,  9992.51,  1087.27192968,  294.003642005,  964.45
1587.30282562,  11211.4,  9370.13,  1087.2756909,  294.007540925,  964.721
1587.3232601,  9882.06,  8313.23,  1087.30290954,  294.000794849,  964.412
1587.34369477,  10081.5,  8470.97,  1087.29830617,  294.001973329,  967.296
1587.36412935,  11327.7,  9460.39,  1087.27429287,  294.008603659,  963.957
1587.38456403,  11916.0,  9925.99,  1087.26335714,  294.011603061,  965.704
1587.40499851,  12278.2,  10214.1,  1087.25784805,  294.012266196,  964.592
1587.42543309,  12079.4,  10055.4,  1087.26079658,  294.011394331,  964.117
1587.44586777,  11432.5,  9540.97,  1087.27192998,  294.00877058,  964.374
1587.46630225,  9175.31,  7749.46,  1087.31999574,  293.996700264,  963.489
1587.5071715,  10060.2,  8449.77,  1087.29877821,  294.003110246,  964.618
1587.52760598,  11548.4,  9631.49,  1087.26994366,  294.009700644,  964.131
1587.54804066,  12089.9,  10059.7,  1087.26138857,  294.011852271,  965.024
1587.56847524,  12176.5,  10128.7,  1087.25932386,  294.012712836,  964.168
1587.58890982,  11800.5,  9829.49,  1087.26545259,  294.009471785,  963.442
1587.6093444,  11097.6,  9270.49,  1087.27804585,  294.008103524,  963.853
1587.62977898,  9792.06,  8234.4,  1087.30593413,  294.000756461,  964.38
1587.65021356,  10230.8,  8581.43,  1087.29440568,  294.004390029,  964.752
1587.67064814,  11416.2,  9522.06,  1087.27242607,  294.009468017,  964.314
1587.69108272,  11979.9,  9970.14,  1087.26208977,  294.011945467,  963.334
1587.7115174,  12271.1,  10199.9,  1087.25736277,  294.01291785,  964.346
1587.73195188,  12029.7,  10008.0,  1087.26144251,  294.012447076,  964.891
1587.75238646,  11302.0,  9430.03,  1087.27458653,  294.010741231,  963.469
1587.77282114,  8802.94,  7444.54,  1087.32875825,  293.996270747,  964.241
1587.79325572,  7605.6,  6494.53,  1087.36524179,  293.98663421,  964.208
1587.8136902,  10365.0,  8684.28,  1087.29218331,  294.005369072,  963.733
1587.83412488,  11650.5,  9704.12,  1087.26779538,  294.011092973,  963.046
1587.85455936,  12149.7,  10101.1,  1087.25955004,  294.014032184,  964.927
1587.87499404,  12157.2,  10105.3,  1087.25837988,  294.012763873,  963.86
1587.89542862,  11755.6,  9785.94,  1087.26643027,  294.012394046,  963.722
1587.9158631,  10961.9,  9156.25,  1087.27935208,  294.007600861,  964.585
1587.93629778,  9730.72,  8177.23,  1087.30523563,  294.002244166,  963.82
1587.95673236,  10394.8,  8704.92,  1087.29020975,  294.005220755,  963.824
1587.97716684,  11499.8,  9581.71,  1087.27035107,  294.01016153,  964.161
1587.99760152,  12029.7,  10001.3,  1087.25999337,  294.01253319,  963.402
1588.0180361,  12286.2,  10205.2,  1087.25630668,  294.013647952,  964.485
1588.03847058,  11986.8,  9966.41,  1087.26178906,  294.012614294,  964.221
1588.05890526,  11171.8,  9318.94,  1087.27554614,  294.009227079,  962.827
1588.07933985,  8472.88,  7176.65,  1087.33486042,  293.994922377,  962.274
1588.09977453,  7817.58,  6654.35,  1087.35589727,  293.989865414,  963.817
1588.12020901,  10613.2,  8874.5,  1087.28546874,  294.006940973,  962.815
1588.14064359,  11704.0,  9740.26,  1087.26563696,  294.011243558,  963.454
1588.16107827,  12170.8,  10109.3,  1087.2568968,  294.013754687,  961.827
1588.18151275,  12114.8,  10065.5,  1087.2579977,  294.013362143,  963.311
1588.20194733,  11722.9,  9753.42,  1087.26597908,  294.012526165,  961.52
1588.22238201,  10809.7,  9027.45,  1087.28320134,  294.009103079,  962.189
1588.24281649,  9684.36,  8134.66,  1087.30617053,  294.00193302,  962.262
1588.26325118,  10554.4,  8824.23,  1087.28663584,  294.007083908,  961.5
1588.28368576,  11555.0,  9618.32,  1087.26908745,  294.011609931,  961.442
1588.30412034,  12076.0,  10032.3,  1087.259403,  294.014231404,  961.884
1588.32455492,  12271.2,  10185.5,  1087.25551551,  294.014559202,  961.67
1588.3449895,  11906.4,  9896.43,  1087.26196326,  294.013379117,  961.501
1588.36542408,  10961.3,  9145.39,  1087.27895768,  294.009653737,  961.441
1588.38585867,  8152.48,  6914.26,  1087.3452038,  293.994432584,  961.392
1588.40629325,  8076.74,  6854.94,  1087.34914989,  293.993507256,  961.107
1588.42672783,  10823.0,  9034.16,  1087.28132727,  294.009504935,  960.791
1588.44716251,  11778.3,  9792.32,  1087.26351321,  294.013171231,  960.529
1588.46759699,  12200.8,  10128.1,  1087.25660994,  294.014404967,  960.025
1588.48803168,  12088.1,  10037.3,  1087.25967629,  294.013561533,  960.124
1588.50846616,  11661.6,  9698.98,  1087.26651713,  294.013360829,  960.176
1588.52890074,  10653.6,  8898.79,  1087.28507293,  294.008471888,  960.853
1588.54933542,  9679.85,  8124.19,  1087.30576146,  294.003533698,  959.828
1588.56976991,  10707.3,  8940.04,  1087.28309435,  294.008286714,  960.972
1588.59020449,  11629.1,  9671.6,  1087.2662296,  294.012967122,  958.991
1588.61063917,  12122.1,  10062.4,  1087.25867325,  294.015900071,  959.788
1588.63107365,  12256.4,  10169.6,  1087.25609007,  294.015748005,  960.18
1588.65150834,  11829.2,  9829.22,  1087.26373398,  294.014059521,  960.159
1588.67194292,  10737.2,  8962.15,  1087.28240783,  294.008763391,  960.102
1588.6923774,  7877.13,  6691.85,  1087.35361972,  293.992537713,  958.935
1588.71281208,  8394.04,  7101.0,  1087.337755,  293.995496927,  959.956
1588.73324667,  11014.7,  9181.77,  1087.2772585,  294.010472178,  958.574
1588.75368115,  11859.7,  9852.92,  1087.26166042,  294.014427577,  960.537
1588.77411583,  12226.5,  10142.5,  1087.25604103,  294.015474384,  959.24
1588.79455042,  12059.5,  10010.5,  1087.25987553,  294.015049067,  959.204
1588.814985,  11588.4,  9635.55,  1087.26627703,  294.013068403,  959.127
1588.83541958,  10494.9,  8767.17,  1087.28696191,  294.008541125,  958.513
1588.85585417,  9697.55,  8134.72,  1087.30401243,  294.004033688,  958.911
1588.87628885,  10862.1,  9058.08,  1087.28111486,  294.010099969,  957.475
1588.89672333,  11679.6,  9707.33,  1087.26583682,  294.013370685,  958.601
1588.91715792,  12155.9,  10085.4,  1087.25738309,  294.015256138,  958.284
1588.9375926,  12220.3,  10135.3,  1087.25613981,  294.015887552,  958.696
1588.95802718,  11772.3,  9780.56,  1087.26387743,  294.014330253,  957.928
1588.97846167,  10468.4,  8744.23,  1087.28861453,  294.008588051,  957.857
1588.99889635,  7661.5,  6515.24,  1087.36090111,  293.990499312,  957.118
1589.01933093,  8728.21,  7362.64,  1087.3289969,  293.998629643,  959.352
1589.03976542,  11175.5,  9304.79,  1087.2738051,  294.011342538,  958.246
1589.0602001,  11907.6,  9885.88,  1087.26022726,  294.015240326,  957.663
1589.08063468,  12216.0,  10131.1,  1087.2554079,  294.016466031,  958.255
1589.10106937,  12001.7,  9959.73,  1087.25931686,  294.015074669,  957.809
1589.12150385,  11517.3,  9575.62,  1087.26759438,  294.012971553,  957.371
1589.14193844,  10333.5,  8635.39,  1087.29143056,  294.00720974,  957.817
1589.16237302,  9760.09,  8179.13,  1087.30365616,  294.003462805,  956.689
1589.1828076,  11000.3,  9164.69,  1087.27676052,  294.01038813,  957.71
1589.20324209,  11733.8,  9745.81,  1087.26278851,  294.015214011,  957.065
1589.22367677,  12188.1,  10106.5,  1087.25678314,  294.015603552,  957.725
1589.24411136,  12207.2,  10122.1,  1087.25559824,  294.015263002,  957.634
1589.26454604,  11723.7,  9737.21,  1087.26453746,  294.014553577,  957.458
1589.28498053,  10220.4,  8543.93,  1087.29238282,  294.007613815,  956.986
1589.30541511,  7529.41,  6407.45,  1087.36513152,  293.99106289,  955.253
1589.3258498,  9100.27,  7653.31,  1087.31968589,  294.002606818,  957.06
1589.34628428,  11329.5,  9423.68,  1087.27128062,  294.012688623,  955.296
1589.36671886,  11995.0,  9951.66,  1087.25988343,  294.01519233,  956.17
1589.38715355,  12231.7,  10139.2,  1087.2551405,  294.016122702,  956.369
1589.40758803,  11974.8,  9935.74,  1087.26009017,  294.016370557,  955.926
1589.42802262,  11444.5,  9514.01,  1087.26946825,  294.013869197,  955.621
1589.4484573,  10172.0,  8503.46,  1087.29410532,  294.006238369,  955.218
1589.46889189,  9851.62,  8249.58,  1087.30109807,  294.005835338,  956.177
1589.48932647,  11123.8,  9258.5,  1087.27547392,  294.011087263,  955.982
1589.50976106,  11800.7,  9796.46,  1087.26293651,  294.014650698,  955.664
1589.53019564,  12224.3,  10132.3,  1087.25634398,  294.015917885,  956.022
1589.55063023,  12180.0,  10095.9,  1087.25657114,  294.017101733,  954.287
1589.57106481,  11632.1,  9662.14,  1087.26565982,  294.014543933,  956.426
1589.5914994,  9869.38,  8262.07,  1087.30043357,  294.006317757,  956.32
1589.61193409,  7428.04,  6323.42,  1087.3686659,  293.989946629,  956.307
1589.63236857,  9438.06,  7919.88,  1087.31165926,  294.003609312,  956.539
1589.65280316,  11423.3,  9494.84,  1087.26976428,  294.014000434,  955.944
1589.67323784,  12030.8,  9977.42,  1087.26023839,  294.015492653,  955.978
1589.69367233,  12228.7,  10135.0,  1087.25603842,  294.016529933,  954.058
1589.71410701,  11927.1,  9894.38,  1087.2599529,  294.016313384,  955.064
1589.7345416,  11344.6,  9432.75,  1087.27129501,  294.012586107,  955.554
1589.75497608,  10036.3,  8393.33,  1087.29851256,  294.006623608,  956.086
1589.77541077,  9972.61,  8342.06,  1087.29811899,  294.005134984,  955.535
1589.79584536,  11250.1,  9357.42,  1087.27287472,  294.012779477,  955.243
1589.81627984,  11875.5,  9852.48,  1087.26213348,  294.015305884,  954.979
1589.85714901,  12141.3,  10064.6,  1087.25618631,  294.015833104,  954.486
1589.8775837,  11544.1,  9588.93,  1087.26691956,  294.014890947,  955.057
1589.89801829,  9527.43,  7988.3,  1087.30842553,  294.003878618,  955.0
1589.91845277,  7427.57,  6321.25,  1087.36864102,  293.989879156,  954.541
1589.93888746,  9794.51,  8199.45,  1087.30127135,  294.006662346,  955.487
1589.95932204,  11514.5,  9565.87,  1087.26783124,  294.013830633,  953.87
1589.97975653,  12086.0,  10018.9,  1087.25864304,  294.016887123,  953.422
1590.00019122,  12216.1,  10121.8,  1087.25631525,  294.016803354,  954.076
1590.0206258,  11994.2,  9946.53,  1087.25951202,  294.015916706,  953.839
1590.04106039,  11251.3,  9355.39,  1087.27214746,  294.013523673,  953.782
1590.06149498,  9902.09,  8284.65,  1087.29893148,  294.004453419,  954.791
1590.08192956,  10100.0,  8442.31,  1087.29469169,  294.006360898,  954.587
1590.10236425,  11334.9,  9421.63,  1087.2712835,  294.013077575,  953.537
1590.12279874,  11916.3,  9883.57,  1087.26043282,  294.015336825,  954.214
1590.14323332,  12265.7,  10160.9,  1087.25596716,  294.017970375,  954.205
1590.16366801,  12096.0,  10025.4,  1087.25716526,  294.016274191,  953.05
1590.1841026,  11445.3,  9509.77,  1087.26957424,  294.013734042,  954.401
1590.20453708,  9175.0,  7706.31,  1087.31637123,  294.003309061,  953.22
1590.22497177,  7504.33,  6379.64,  1087.36612561,  293.990140825,  953.626
1590.24540636,  10120.5,  8457.73,  1087.29541073,  294.008883116,  953.889
1590.26584085,  11599.8,  9630.94,  1087.26681237,  294.014041989,  951.447
1590.28627553,  12127.2,  10050.2,  1087.25774775,  294.016508029,  953.448
1590.30671012,  12183.9,  10095.2,  1087.25670848,  294.016866715,  954.541
1590.32714481,  11805.4,  9793.78,  1087.26298173,  294.015275986,  953.601
1590.34757929,  11122.4,  9252.12,  1087.27506141,  294.011378017,  953.291
1590.36801388,  9794.13,  8196.99,  1087.30266575,  294.004135525,  952.48
1590.38844857,  10242.6,  8553.4,  1087.29557605,  294.003392701,  952.623
1590.40888306,  11415.0,  9484.76,  1087.27050705,  294.01379706,  953.526
1590.42931764,  11990.1,  9939.96,  1087.25991754,  294.015713079,  953.538
1590.44975223,  12285.6,  10174.8,  1087.25507332,  294.017527435,  953.407
1590.47018682,  12047.9,  9986.48,  1087.25940321,  294.015981665,  953.424
1590.49062151,  11323.4,  9409.83,  1087.27228595,  294.013748669,  952.172
1590.51105599,  8811.55,  7416.51,  1087.32658515,  294.000049175,  952.621
1590.53149058,  7649.33,  6493.78,  1087.36176507,  293.991710828,  953.14
1590.55192527,  10412.3,  8686.3,  1087.28930127,  294.009881071,  953.01
1590.57235976,  11679.6,  9693.61,  1087.26536568,  294.015639401,  951.825
1590.59279434,  12173.5,  10084.8,  1087.25666235,  294.017430758,  951.953
1590.61322903,  12151.7,  10067.5,  1087.25746196,  294.016975337,  953.628
1590.63366352,  11748.4,  9747.96,  1087.26412412,  294.016391247,  952.458
1590.65409811,  10932.9,  9098.94,  1087.27758756,  294.011341173,  952.984
1590.6745328,  9710.03,  8128.88,  1087.30484554,  294.00369702,  951.212
1590.69496738,  10393.7,  8671.86,  1087.28952313,  294.008520515,  950.426
1590.71540197,  11495.7,  9545.95,  1087.2679128,  294.014991807,  952.209
1590.73583656,  12028.6,  9969.6,  1087.25899777,  294.01552642,  951.914
1590.75627115,  12284.6,  10172.4,  1087.25476164,  294.017672919,  953.23
1590.77670574,  12002.7,  9948.3,  1087.26189673,  294.014937249,  952.627
1590.79714033,  11170.6,  9288.2,  1087.27366501,  294.013031437,  952.78
1590.81757491,  8471.06,  7143.89,  1087.33551542,  293.998129087,  952.389
1590.8380096,  7859.92,  6659.12,  1087.35385143,  293.993528741,  953.008
1590.85844409,  10663.8,  8885.56,  1087.2846112,  294.010968624,  952.929
1590.87887868,  11740.1,  9739.17,  1087.26358894,  294.015823187,  951.464
1590.89931337,  12197.2,  10102.8,  1087.25572937,  294.016789956,  951.153
1590.91974786,  12122.6,  10043.2,  1087.25699975,  294.015687922,  950.675
1590.94018255,  11689.9,  9698.92,  1087.26486842,  294.01568067,  951.55
1590.96061713,  10786.6,  8982.73,  1087.28160521,  294.010782263,  952.54
1590.98105162,  9672.0,  8093.54,  1087.30589696,  294.004524946,  950.444
1591.00148631,  10535.3,  8781.02,  1087.28686468,  294.00967026,  951.611
