Kepler I.D.-----Channel

[5979863]--------[73]

-TTYPE1--------TTYPE8------------TTYPE4-----------TTYPE15------------TTYPE17-----------TTYPE6

['TIME']---['PDCSAP_FLUX']---['SAP_FLUX']---['MOM_CENTR1']---['MOM_CENTR2']---['SAP_BKG']

['BJD - 2454833']--['e-/s']--------['e-/s']---------['pixel']---------['pixel']----------['e-/s']

CROWDSAP --- 0.9816

5979863

1559.24594722,  11466.9,  9963.14,  648.218279359,  555.611544205,  1435.76
1559.26638146,  11470.0,  9965.53,  648.217276733,  555.611670938,  1435.58
1559.28681579,  11457.7,  9955.0,  648.21804699,  555.610939599,  1436.2
1559.30724992,  11466.1,  9961.97,  648.216214434,  555.611698089,  1434.46
1559.32768415,  11464.6,  9960.67,  648.217444427,  555.610423163,  1434.73
1559.34811849,  11461.5,  9957.83,  648.216067402,  555.611409175,  1434.11
1559.36855262,  11466.0,  9961.55,  648.21707776,  555.610704003,  1434.04
1559.38898695,  11467.6,  9962.73,  648.217562377,  555.610535467,  1434.52
1559.40942119,  11466.2,  9961.14,  648.217602612,  555.611456539,  1435.15
1559.42985542,  11467.8,  9961.87,  648.216717941,  555.610315282,  1435.04
1559.45028965,  11462.2,  9957.49,  648.216009806,  555.610376425,  1433.85
1559.47072389,  11468.5,  9962.3,  648.216215896,  555.611104915,  1434.29
1559.49115812,  11469.0,  9962.91,  648.217761693,  555.610212387,  1434.3
1559.51159236,  11482.5,  9973.91,  648.216185986,  555.611192121,  1434.98
1559.53202659,  11479.9,  9971.53,  648.215389628,  555.609242266,  1433.91
1559.55246083,  11470.7,  9963.57,  648.217411258,  555.61041671,  1433.98
1559.57289506,  11475.3,  9967.17,  648.218011073,  555.610470099,  1433.35
1559.5933293,  11474.5,  9966.41,  648.217114018,  555.610804129,  1433.81
1559.61376354,  11471.0,  9963.08,  648.216213754,  555.609154713,  1433.23
1559.63419777,  11467.2,  9959.82,  648.216489936,  555.610332556,  1433.11
1559.65463201,  11470.8,  9962.72,  648.216727815,  555.609651979,  1432.53
1559.67506635,  11474.2,  9965.47,  648.215811615,  555.609429122,  1433.4
1559.69550048,  11474.7,  9965.32,  648.216524293,  555.610214602,  1432.08
1559.71593472,  11467.1,  9959.23,  648.215125756,  555.610229894,  1431.55
1559.73636906,  11470.6,  9961.94,  648.216021944,  555.609399486,  1430.75
1559.7568032,  11467.7,  9958.98,  648.217734298,  555.608646555,  1431.69
1559.77723754,  11471.8,  9962.74,  648.215222476,  555.608987555,  1431.18
1559.79767177,  11483.0,  9971.9,  648.215458496,  555.609505841,  1430.33
1559.81810591,  11466.9,  9958.0,  648.215576958,  555.609272597,  1431.86
1559.83854025,  11468.6,  9959.59,  648.216521788,  555.609279334,  1430.57
1559.85897449,  11469.9,  9960.12,  648.215231056,  555.608865469,  1431.07
1559.87940863,  11471.5,  9961.43,  648.215596254,  555.608023928,  1429.0
1559.89984297,  11472.6,  9962.26,  648.215942578,  555.607927085,  1429.88
1559.92027721,  11472.2,  9961.82,  648.216777097,  555.607893971,  1430.22
1559.94071155,  11470.9,  9960.53,  648.216010702,  555.608704072,  1429.65
1559.96114569,  11468.9,  9958.62,  648.216760907,  555.6075896,  1429.55
1559.98157993,  11476.6,  9965.0,  648.21604794,  555.608673594,  1428.56
1560.00201427,  11470.5,  9959.88,  648.215709803,  555.607562275,  1429.3
1560.02244841,  11467.8,  9957.65,  648.216034579,  555.607836992,  1428.49
1560.04288266,  11470.8,  9959.66,  648.216645664,  555.606971769,  1428.88
1560.063317,  11470.4,  9959.65,  648.217177816,  555.607860736,  1429.24
1560.08375114,  11477.8,  9965.31,  648.216072595,  555.607962115,  1428.74
1560.10418548,  11466.4,  9956.13,  648.214810312,  555.609299092,  1428.2
1560.12461972,  11473.2,  9961.61,  648.216769368,  555.606917798,  1428.37
1560.14505387,  11468.5,  9957.05,  648.217027893,  555.607341807,  1428.21
1560.16548821,  11481.3,  9968.22,  648.214441364,  555.607966749,  1427.34
1560.18592245,  11471.5,  9959.82,  648.216353268,  555.607705966,  1428.73
1560.2063566,  11469.5,  9957.72,  648.2163966,  555.60728273,  1427.55
1560.22679094,  11473.4,  9961.49,  648.215667377,  555.607542535,  1428.01
1560.24722519,  11471.0,  9958.97,  648.216273605,  555.607911268,  1428.32
1560.26765933,  11471.9,  9959.84,  648.21700097,  555.607402537,  1427.87
1560.28809367,  11478.2,  9964.74,  648.216393348,  555.607187765,  1427.18
1560.30852792,  11467.7,  9955.99,  648.216963543,  555.60711129,  1427.43
1560.32896216,  11468.4,  9956.64,  648.216212236,  555.607447164,  1427.02
1560.34939641,  11472.4,  9960.05,  648.217272393,  555.608274288,  1427.1
1560.36983066,  11476.7,  9963.22,  648.215984763,  555.607523853,  1427.48
1560.390265,  11464.4,  9952.83,  648.216085087,  555.607310577,  1427.34
1560.41069915,  11473.0,  9960.37,  648.215414908,  555.607982234,  1425.48
1560.43113339,  11471.1,  9958.29,  648.216561608,  555.607134337,  1427.42
1560.45156774,  11478.3,  9964.9,  648.215749482,  555.607139331,  1427.21
1560.47200189,  11470.9,  9958.23,  648.216438704,  555.606251706,  1426.48
1560.49243624,  11470.2,  9957.61,  648.215362769,  555.606677603,  1426.78
1560.51287048,  11480.5,  9966.48,  648.215535248,  555.607021966,  1425.57
1560.53330463,  11468.7,  9956.25,  648.216110653,  555.606885226,  1426.22
1560.55373898,  11475.7,  9962.0,  648.215607832,  555.606448794,  1425.7
1560.57417323,  11478.1,  9963.99,  648.215545839,  555.606666107,  1426.18
1560.59460737,  11479.2,  9964.49,  648.216602204,  555.606961858,  1426.25
1560.61504172,  11476.3,  9962.58,  648.216131408,  555.60582569,  1425.62
1560.63547597,  11475.3,  9961.01,  648.215339729,  555.607004265,  1425.62
1560.65591022,  11470.8,  9957.5,  648.21639108,  555.606911355,  1425.82
1560.67634447,  11472.1,  9958.7,  648.216026509,  555.606794814,  1424.54
1560.69677872,  11478.4,  9963.43,  648.21629825,  555.606953331,  1425.13
1560.73764722,  11478.1,  9963.62,  648.214859331,  555.606216228,  1425.05
1560.75808147,  11473.7,  9959.42,  648.215377954,  555.605816661,  1424.2
1560.77851582,  11479.0,  9963.79,  648.215776425,  555.606108126,  1424.24
1560.79894997,  11476.9,  9962.07,  648.216817788,  555.606660441,  1424.92
1560.81938422,  11470.7,  9957.02,  648.216412461,  555.604432624,  1425.17
1560.83981858,  11467.5,  9954.43,  648.220639845,  555.606893363,  1440.37
1560.96242409,  11466.8,  9954.0,  648.219510216,  555.60549262,  1456.5
1560.98285824,  11467.6,  9954.76,  648.22083799,  555.606553448,  1452.85
1561.0032926,  11470.4,  9957.64,  648.216575967,  555.606715934,  1451.11
1561.02372685,  11461.7,  9949.35,  648.215708452,  555.606240577,  1450.98
1561.0441612,  11478.6,  9963.75,  648.210879409,  555.607513797,  1449.45
1561.06459536,  11501.1,  9983.15,  648.215494969,  555.607103786,  1447.41
1561.08502961,  11474.5,  9960.75,  648.217232748,  555.606483471,  1445.1
1561.10546397,  11472.8,  9958.52,  648.216572192,  555.605487322,  1444.73
1561.12589812,  11479.9,  9964.33,  648.223696332,  555.600586493,  1441.94
1561.14633238,  11471.1,  9957.12,  648.220937229,  555.60224472,  1441.09
1561.16676673,  11470.3,  9956.06,  648.218107618,  555.607846109,  1439.09
1561.18720089,  11471.9,  9958.08,  648.218365181,  555.606622248,  1437.96
1561.20763515,  11477.6,  9961.84,  648.215865728,  555.605982547,  1437.36
1561.2280695,  11476.6,  9961.37,  648.217484436,  555.605849563,  1435.61
1561.24850366,  11462.1,  9949.13,  648.217460922,  555.604377134,  1433.53
1561.26893802,  11485.5,  9968.44,  648.215334647,  555.604806936,  1432.95
1561.28937227,  11476.5,  9960.61,  648.215278433,  555.605088391,  1433.76
1561.30980653,  11469.7,  9954.7,  648.217117192,  555.605112705,  1432.88
1561.33024079,  11478.7,  9962.34,  648.216674993,  555.605092706,  1431.0
1561.35067504,  11474.6,  9958.69,  648.215642135,  555.605263757,  1431.2
1561.3711093,  11481.8,  9965.04,  648.21734661,  555.604132275,  1428.63
1561.39154356,  11476.4,  9960.61,  648.215636157,  555.604002896,  1429.0
1561.41197782,  11481.0,  9964.6,  648.216470802,  555.603922601,  1427.59
1561.43241218,  11469.2,  9953.52,  648.218571599,  555.604065656,  1428.51
1561.45284634,  11481.1,  9963.78,  648.218015671,  555.605476278,  1426.07
1561.4732806,  11489.4,  9971.08,  648.216483391,  555.605891435,  1427.04
1561.49371486,  11468.9,  9953.58,  648.21755937,  555.604493124,  1425.53
1561.51414912,  11476.4,  9959.74,  648.216024965,  555.605353247,  1425.78
1561.53458338,  11493.9,  9974.31,  648.215833822,  555.603963111,  1425.57
1561.55501774,  11475.8,  9959.0,  648.214844133,  555.604004241,  1424.15
1561.5754519,  11486.0,  9968.03,  648.216998118,  555.604142785,  1423.7
1561.59588616,  11483.9,  9965.68,  648.216110656,  555.604357844,  1423.79
1561.61632052,  11489.0,  9970.03,  648.216485262,  555.605697564,  1423.03
1561.63675468,  11476.8,  9959.39,  648.21685592,  555.604685019,  1423.76
1561.65718904,  11480.9,  9962.81,  648.216901775,  555.604240508,  1421.86
1561.6776233,  11472.9,  9956.24,  648.216755772,  555.604439591,  1421.59
1561.69805746,  11475.7,  9958.41,  648.21586929,  555.604554581,  1421.45
1561.71849183,  11491.4,  9971.38,  648.215889667,  555.604396698,  1421.87
1561.73892609,  11555.2,  10025.5,  648.215706376,  555.602610422,  1422.43
1561.75936025,  11500.9,  9979.36,  648.217736501,  555.603994912,  1421.11
1561.77979461,  11542.2,  10014.6,  648.220329308,  555.605119723,  1420.46
1561.80022888,  11478.0,  9960.34,  648.215869334,  555.604852464,  1420.23
1561.82066324,  11486.3,  9966.43,  648.216349104,  555.603843117,  1420.29
1561.84109741,  11474.1,  9956.4,  648.21604796,  555.603031129,  1419.78
1561.86153167,  11482.4,  9963.06,  648.215349383,  555.60346743,  1419.55
1561.88196603,  11477.9,  9959.77,  648.216396081,  555.60300643,  1419.62
1561.9024002,  11492.6,  9971.44,  648.216101627,  555.603752351,  1418.45
1561.92283446,  11485.3,  9965.49,  648.215469085,  555.604129263,  1418.63
1561.94326883,  11477.5,  9958.75,  648.215187043,  555.603440297,  1418.19
1561.96370299,  11484.1,  9964.34,  648.215375315,  555.604042233,  1418.88
1561.98413726,  11481.7,  9962.02,  648.217038546,  555.603553617,  1417.89
1562.00457162,  11490.7,  9969.93,  648.216446608,  555.603318132,  1417.98
1562.02500589,  11484.1,  9964.17,  648.215187327,  555.603043873,  1417.07
1562.04544016,  11488.0,  9967.16,  648.217143604,  555.603580226,  1417.31
1562.06587442,  11483.9,  9963.58,  648.215058612,  555.602523717,  1416.51
1562.08630859,  11483.2,  9963.19,  648.214526089,  555.603373023,  1416.7
1562.10674296,  11489.0,  9967.74,  648.215637795,  555.603518592,  1415.68
1562.12717722,  11481.1,  9961.11,  648.215545017,  555.602541721,  1415.45
1562.14761139,  11484.9,  9964.16,  648.215201791,  555.602728755,  1415.16
1562.16804576,  11492.3,  9970.71,  648.216417237,  555.602747311,  1415.56
1562.18848003,  11493.8,  9971.19,  648.216696028,  555.601783109,  1414.51
1562.20891439,  11481.1,  9960.73,  648.216435637,  555.602288627,  1414.68
1562.22934856,  11484.7,  9963.86,  648.21627221,  555.601795934,  1414.32
1562.24978283,  11488.1,  9966.88,  648.216279995,  555.602378701,  1413.87
1562.2702172,  11484.4,  9963.14,  648.214366722,  555.603760449,  1414.1
1562.29065137,  11482.3,  9961.4,  648.216033545,  555.602362449,  1413.72
1562.31108564,  11490.4,  9967.92,  648.214001041,  555.602367641,  1413.22
1562.33152001,  11481.8,  9960.86,  648.214370511,  555.602615357,  1413.32
1562.35195418,  11484.6,  9963.52,  648.21583562,  555.602945642,  1413.96
1562.37238855,  11488.7,  9966.63,  648.216080627,  555.60219096,  1412.36
1562.39282282,  11482.9,  9961.79,  648.217295174,  555.602577231,  1413.1
1562.41325699,  11486.4,  9964.76,  648.215960237,  555.602036577,  1412.56
1562.43369136,  11487.6,  9965.43,  648.214980617,  555.602166883,  1412.87
1562.45412563,  11485.1,  9963.39,  648.214925212,  555.602814577,  1412.08
1562.4745598,  11485.1,  9963.47,  648.216966576,  555.601992145,  1412.52
1562.49499417,  11486.2,  9964.46,  648.21550611,  555.602510484,  1411.15
1562.51542845,  11492.5,  9969.38,  648.215422711,  555.601945587,  1412.66
1562.53586272,  11492.5,  9969.36,  648.215531116,  555.602172475,  1411.62
1562.55629699,  11492.4,  9969.82,  648.214782494,  555.60266155,  1411.48
1562.57673126,  11483.5,  9961.74,  648.215795425,  555.602972017,  1411.67
1562.59716564,  11487.6,  9965.12,  648.216471652,  555.603114481,  1411.88
1562.61759981,  11485.3,  9963.29,  648.215283112,  555.602160686,  1411.57
1562.63803408,  11487.4,  9964.66,  648.216212244,  555.602314829,  1411.29
1562.65846846,  11491.4,  9968.22,  648.215749058,  555.60185625,  1410.89
1562.67890273,  11487.0,  9964.47,  648.215176999,  555.602261348,  1411.01
1562.6993369,  11482.7,  9961.19,  648.217109505,  555.601999802,  1410.85
1562.71977128,  11487.6,  9964.49,  648.215388535,  555.601677951,  1410.28
1562.74020545,  11490.6,  9967.55,  648.215787487,  555.601907015,  1411.52
1562.76063983,  11485.7,  9962.97,  648.21531322,  555.600202498,  1411.53
1562.7810741,  11494.0,  9969.92,  648.215696192,  555.601222335,  1411.12
1562.80150828,  11495.5,  9971.68,  648.215234593,  555.601280192,  1410.35
1562.82194265,  11479.8,  9957.93,  648.215090677,  555.602383737,  1410.14
1562.84237693,  11488.5,  9964.94,  648.215404372,  555.602380367,  1409.98
1562.8628111,  11483.1,  9960.52,  648.21599914,  555.601711648,  1410.16
1562.88324548,  11488.8,  9965.33,  648.215394103,  555.601660816,  1410.69
1562.90367976,  11496.0,  9971.61,  648.215791987,  555.602380998,  1410.12
1562.92411393,  11482.7,  9959.95,  648.215458998,  555.601669078,  1411.52
1562.94454831,  11495.1,  9970.45,  648.215462012,  555.601017267,  1410.47
1562.96498259,  11333.6,  9833.33,  648.216624983,  555.602592825,  1410.4
1562.98541697,  11023.4,  9570.53,  648.218463765,  555.602658776,  1409.4
1563.00585114,  10874.6,  9443.46,  648.218260636,  555.603127079,  1409.5
1563.02628542,  10837.8,  9412.39,  648.219815088,  555.603621722,  1410.47
1563.0467198,  10850.2,  9423.09,  648.218711401,  555.603994681,  1410.04
1563.06715398,  10908.8,  9472.29,  648.218765599,  555.603975566,  1409.78
1563.08758826,  11154.2,  9681.03,  648.217683806,  555.601476498,  1409.54
1563.10802264,  11438.5,  9921.9,  648.21498491,  555.602187025,  1409.16
1563.12845681,  11485.3,  9961.75,  648.214519767,  555.600972909,  1410.06
1563.14889119,  11488.7,  9964.73,  648.215700118,  555.600605803,  1413.13
1563.16932547,  11485.5,  9961.4,  648.215582794,  555.600841678,  1414.03
1563.18975975,  11489.3,  9965.1,  648.215369383,  555.601020938,  1415.16
1563.21019403,  11493.7,  9968.57,  648.214172394,  555.601274472,  1414.99
1563.23062831,  11500.1,  9973.7,  648.214338304,  555.600847952,  1416.05
1563.25106259,  11487.3,  9963.52,  648.215757081,  555.601057495,  1414.44
1563.27149688,  11484.8,  9961.19,  648.215047473,  555.600781461,  1414.51
1563.29193116,  11486.8,  9962.67,  648.215368934,  555.600574444,  1415.25
1563.31236544,  11486.9,  9962.49,  648.215686514,  555.600490703,  1416.22
1563.33279982,  11494.2,  9968.58,  648.2148428,  555.601182777,  1414.36
1563.353234,  11480.7,  9957.49,  648.21424044,  555.60067491,  1414.27
1563.37366828,  11481.3,  9957.91,  648.215607086,  555.599865347,  1415.06
1563.39410257,  11485.4,  9961.33,  648.21516464,  555.600715831,  1413.99
1563.41453685,  11495.1,  9969.47,  648.215611987,  555.600128739,  1412.98
1563.43497123,  11486.6,  9962.23,  648.215155058,  555.600240974,  1413.19
1563.45540541,  11491.8,  9966.34,  648.215520737,  555.600735266,  1412.3
1563.4758397,  11490.6,  9965.51,  648.215523895,  555.600424108,  1412.86
1563.49627408,  11483.5,  9959.25,  648.216439559,  555.599762013,  1411.29
1563.51670826,  11491.0,  9965.68,  648.216799914,  555.599970642,  1411.47
1563.53714265,  11489.2,  9964.33,  648.214896438,  555.600782772,  1410.34
1563.55757693,  11489.7,  9964.31,  648.215052828,  555.599389157,  1409.28
1563.57801112,  11483.2,  9958.95,  648.214888529,  555.600367822,  1410.17
1563.5984455,  11486.8,  9961.17,  648.215016631,  555.600239678,  1409.45
1563.61887979,  11500.3,  9973.57,  648.215047144,  555.600507137,  1408.86
1563.63931397,  11495.5,  9969.16,  648.214827868,  555.599524959,  1408.21
1563.65974836,  11493.3,  9967.21,  648.214704963,  555.599526919,  1409.13
1563.68018264,  11494.5,  9967.83,  648.214767668,  555.599616694,  1409.03
1563.72105121,  11494.7,  9968.38,  648.215747932,  555.598329622,  1407.59
1563.7414855,  11497.0,  9970.23,  648.214148702,  555.600700143,  1408.06
1563.76191989,  11491.3,  9965.25,  648.215505937,  555.599496939,  1408.21
1563.78235407,  11492.4,  9965.87,  648.215842425,  555.600029396,  1409.67
1563.80278836,  11487.9,  9962.02,  648.215902896,  555.599904336,  1408.73
1563.82322275,  11483.6,  9958.52,  648.215293989,  555.599764653,  1408.37
1563.84365704,  11490.9,  9964.04,  648.215394898,  555.599564576,  1408.38
1563.86409122,  11493.0,  9966.32,  648.21584391,  555.599431872,  1409.73
1563.88452561,  11495.2,  9967.84,  648.214636112,  555.599130709,  1408.83
1563.9049599,  11489.8,  9962.96,  648.214868925,  555.599614952,  1408.84
1563.92539419,  11492.0,  9965.34,  648.215608246,  555.599112578,  1409.31
1563.94582848,  11484.7,  9958.48,  648.215001555,  555.599494674,  1409.7
1563.96626277,  11485.9,  9959.74,  648.215574324,  555.598581515,  1409.77
1563.98669706,  11494.8,  9967.6,  648.214110303,  555.599483424,  1408.89
1564.00713135,  11489.3,  9962.42,  648.215704372,  555.599632685,  1409.54
1564.02756563,  11487.9,  9961.56,  648.214868913,  555.599425916,  1408.8
1564.04799992,  11489.1,  9962.22,  648.216475183,  555.599993292,  1409.04
1564.06843421,  11487.3,  9960.72,  648.214898221,  555.598780335,  1408.81
1564.08886861,  11484.8,  9958.67,  648.215440086,  555.598873005,  1408.72
1564.1093028,  11484.7,  9958.43,  648.215621423,  555.598985224,  1408.24
1564.12973709,  11489.5,  9962.26,  648.215283078,  555.599177167,  1408.81
1564.15017148,  11494.0,  9966.38,  648.215222028,  555.599102676,  1408.17
1564.17060567,  11482.0,  9956.19,  648.215936937,  555.599365636,  1407.53
1564.19103996,  11492.5,  9965.04,  648.215130513,  555.599650118,  1406.69
1564.21147435,  11479.9,  9954.17,  648.214206435,  555.598114432,  1404.49
1564.23190854,  11494.4,  9965.95,  648.215483198,  555.598893441,  1406.18
1564.25234284,  11483.7,  9957.52,  648.214845995,  555.598440891,  1405.44
1564.27277723,  11487.2,  9960.63,  648.215081231,  555.600107925,  1404.38
1564.29321142,  11495.0,  9966.72,  648.215592699,  555.598566431,  1404.61
1564.31364582,  11487.8,  9960.71,  648.214988236,  555.599581386,  1404.59
1564.33408011,  11490.0,  9962.33,  648.214670734,  555.598416935,  1405.31
1564.3545143,  11489.1,  9961.38,  648.215585404,  555.597820838,  1403.56
1564.3749487,  11489.4,  9961.91,  648.215012127,  555.598823051,  1404.06
1564.39538299,  11491.8,  9963.88,  648.215753346,  555.597831326,  1402.8
1564.41581728,  11499.6,  9970.18,  648.215445375,  555.59849946,  1403.47
1564.43625158,  11492.7,  9964.93,  648.215690107,  555.598128981,  1401.63
1564.45668587,  11492.6,  9964.08,  648.214984436,  555.59895812,  1403.18
1564.47712027,  11493.3,  9964.9,  648.215558856,  555.598456563,  1401.73
1564.49755456,  11487.1,  9959.67,  648.215606243,  555.597778607,  1402.28
1564.51798876,  11492.2,  9963.85,  648.214883231,  555.598202435,  1402.96
1564.53842315,  11489.0,  9960.98,  648.215251245,  555.597956516,  1400.87
1564.55885745,  11487.9,  9960.15,  648.215409811,  555.598027004,  1399.53
1564.57929165,  11486.2,  9958.32,  648.215849624,  555.598097081,  1399.02
1564.59972604,  11492.1,  9963.13,  648.214901948,  555.597667,  1399.38
1564.62016034,  11486.4,  9958.58,  648.214805627,  555.598585619,  1397.94
1564.64059454,  11495.0,  9965.5,  648.215256363,  555.597985203,  1397.41
1564.66102893,  11488.3,  9959.99,  648.21440614,  555.597464655,  1397.03
1564.68146313,  11489.8,  9960.96,  648.214705477,  555.598047551,  1397.38
1564.70189753,  11492.1,  9963.28,  648.214963332,  555.59831484,  1397.27
1564.72233183,  11489.2,  9960.27,  648.215434946,  555.59876234,  1396.77
1564.74276602,  11492.4,  9963.11,  648.215446242,  555.59735997,  1396.45
1564.76320042,  11491.8,  9962.65,  648.214143222,  555.597007805,  1395.07
1564.78363472,  11497.1,  9966.81,  648.214812913,  555.598083527,  1394.17
1564.80406892,  11482.0,  9954.11,  648.214335632,  555.597947676,  1395.01
1564.82450332,  11486.1,  9957.32,  648.214846203,  555.597665898,  1395.2
1564.84493762,  11492.1,  9962.59,  648.215248488,  555.597439716,  1393.8
1564.86537202,  11488.8,  9959.51,  648.214271676,  555.597998485,  1394.07
1564.88580622,  11490.3,  9961.23,  648.214667034,  555.59783135,  1393.81
1564.90624052,  11494.1,  9963.74,  648.2139711,  555.597824194,  1394.38
1564.92667492,  11483.7,  9955.07,  648.215631137,  555.597416725,  1393.39
1564.94710912,  11492.5,  9962.41,  648.215757977,  555.596161629,  1393.85
1564.96754342,  11489.1,  9959.23,  648.21492032,  555.597589419,  1393.67
1564.98797782,  11488.9,  9959.45,  648.215676044,  555.596900197,  1393.88
1565.00841202,  11484.4,  9955.26,  648.215193079,  555.59734391,  1394.1
1565.02884632,  11484.4,  9954.8,  648.215145223,  555.596525493,  1393.33
1565.04928072,  11488.0,  9958.38,  648.214720496,  555.596841615,  1393.08
1565.06971502,  11476.2,  9948.01,  648.215225448,  555.596880436,  1393.42
1565.09014932,  11490.0,  9959.38,  648.214576295,  555.596399362,  1392.46
1565.11058363,  11503.2,  9971.1,  648.213365672,  555.597083666,  1392.75
1565.13101793,  11490.3,  9959.61,  648.214653537,  555.596311983,  1393.17
1565.15145223,  11477.0,  9948.07,  648.215075658,  555.596606888,  1392.95
1565.17188653,  11485.5,  9955.74,  648.214899659,  555.597099509,  1392.73
1565.19232084,  11489.2,  9958.67,  648.215874314,  555.596101602,  1392.83
1565.21275524,  11490.9,  9960.17,  648.21417344,  555.596042833,  1392.0
1565.23318944,  11488.7,  9957.89,  648.215432434,  555.595632619,  1392.15
1565.25362385,  11491.3,  9959.85,  648.214762845,  555.596276435,  1391.88
1565.27405815,  11490.6,  9959.39,  648.214511138,  555.596151964,  1391.63
1565.29449236,  11484.7,  9954.29,  648.213565117,  555.596817301,  1392.35
1565.31492676,  11486.9,  9956.22,  648.213809265,  555.59613556,  1392.56
1565.33536097,  11492.8,  9961.23,  648.213485654,  555.595854452,  1393.03
1565.35579527,  11490.6,  9959.11,  648.215054751,  555.59591165,  1392.88
1565.37622968,  11490.4,  9958.67,  648.215563519,  555.596230602,  1391.46
1565.39666388,  11495.0,  9962.73,  648.215375551,  555.596509231,  1393.55
1565.41709819,  11483.8,  9953.19,  648.215031222,  555.595821831,  1391.98
1565.43753259,  11491.1,  9959.44,  648.214143281,  555.595365501,  1393.23
1565.4579668,  11496.4,  9963.56,  648.215479964,  555.596174693,  1391.86
1565.47840121,  11488.2,  9956.65,  648.214087565,  555.595736278,  1392.87
1565.49883551,  11484.4,  9953.63,  648.215370179,  555.595479559,  1392.07
1565.51926972,  11485.8,  9954.47,  648.21559852,  555.595638405,  1393.07
1565.53970413,  11483.7,  9953.14,  648.214917034,  555.596058485,  1391.8
1565.56013843,  11483.1,  9952.1,  648.216349227,  555.595778963,  1392.21
1565.58057274,  11486.9,  9955.27,  648.214897286,  555.596327975,  1392.36
1565.60100705,  11484.2,  9953.1,  648.215291564,  555.596217952,  1391.75
1565.62144136,  11486.0,  9954.56,  648.21417843,  555.596756513,  1391.87
1565.64187577,  11490.4,  9958.06,  648.21504828,  555.595564038,  1391.25
1565.66230997,  11489.3,  9957.11,  648.214792057,  555.595481499,  1392.1
1565.68274428,  11485.2,  9953.47,  648.214087193,  555.595685556,  1391.61
1565.70317869,  11484.0,  9952.35,  648.214926822,  555.596146912,  1391.41
1565.723613,  11483.4,  9952.25,  648.215350693,  555.595680907,  1391.78
1565.74404721,  11477.9,  9946.94,  648.214538173,  555.594990636,  1389.96
1565.76448162,  11481.8,  9950.38,  648.214400272,  555.595659811,  1390.48
1565.78491593,  11477.9,  9947.1,  648.215041163,  555.595831621,  1389.32
1565.80535024,  11477.0,  9946.02,  648.216109002,  555.595987408,  1389.79
1565.82578455,  11491.6,  9958.66,  648.214150421,  555.595617005,  1388.99
1565.84621886,  11478.0,  9946.58,  648.214448864,  555.595826009,  1389.41
1565.86665327,  11491.8,  9958.6,  648.214747302,  555.595521804,  1388.82
1565.88708748,  11484.0,  9951.95,  648.21473054,  555.594748068,  1388.75
1565.90752179,  11485.5,  9953.09,  648.214847916,  555.595603064,  1389.11
1565.9279562,  11485.3,  9952.84,  648.214817637,  555.594643389,  1387.43
1565.94839042,  11476.4,  9945.14,  648.215447125,  555.595768316,  1389.03
1565.96882473,  11486.9,  9953.84,  648.214952168,  555.594784184,  1387.55
1565.98925904,  11481.7,  9949.54,  648.214316694,  555.596159979,  1387.24
1566.00969335,  11481.1,  9949.22,  648.215128818,  555.594841356,  1387.35
1566.03012777,  11485.8,  9953.0,  648.214558458,  555.595207354,  1387.15
1566.05056198,  11486.0,  9953.33,  648.214529214,  555.594031862,  1387.11
1566.07099629,  11482.2,  9949.91,  648.214685826,  555.595421232,  1386.78
1566.0914307,  11483.7,  9950.64,  648.214690208,  555.594952631,  1386.5
1566.11186492,  11484.0,  9951.63,  648.21373872,  555.594486165,  1385.15
1566.13229923,  11480.0,  9947.5,  648.215184841,  555.593708392,  1386.41
1566.15273365,  11472.9,  9941.99,  648.214903016,  555.594416471,  1385.23
1566.17316786,  11478.8,  9946.61,  648.214171324,  555.594247627,  1385.1
1566.19360227,  11477.1,  9945.13,  648.21435041,  555.594527628,  1385.97
1566.21403659,  11484.5,  9951.05,  648.214368686,  555.594444483,  1384.8
1566.2344708,  11483.8,  9950.94,  648.213973702,  555.595250336,  1385.04
1566.25490522,  11478.5,  9946.15,  648.214456836,  555.594611184,  1384.66
1566.27533953,  11479.8,  9947.38,  648.214693687,  555.594794585,  1384.64
1566.29577385,  11478.8,  9946.49,  648.214284701,  555.594332954,  1384.86
1566.31620817,  11479.0,  9946.35,  648.214084176,  555.594657738,  1385.44
1566.33664248,  11479.6,  9947.03,  648.215059665,  555.594535836,  1383.27
1566.3570768,  11486.7,  9953.05,  648.214454183,  555.594815716,  1382.56
1566.37751121,  11482.6,  9949.01,  648.214482457,  555.594946738,  1383.23
1566.39794543,  11478.3,  9945.59,  648.215022644,  555.593506433,  1383.45
1566.41837985,  11482.1,  9948.84,  648.215044437,  555.594056699,  1382.61
1566.43881416,  11478.6,  9945.98,  648.214334382,  555.594621129,  1383.27
1566.45924838,  11480.2,  9947.26,  648.214818463,  555.594472095,  1382.96
1566.4796828,  11476.4,  9943.65,  648.21433872,  555.594862469,  1383.73
1566.50011712,  11478.7,  9945.56,  648.214557402,  555.593755662,  1382.18
1566.52055134,  11470.1,  9938.21,  648.214735581,  555.593752099,  1382.52
1566.54098575,  11476.0,  9943.02,  648.213383052,  555.594186384,  1382.62
1566.56142007,  11485.4,  9951.65,  648.214465806,  555.595029265,  1382.76
1566.58185439,  11479.5,  9945.99,  648.215710124,  555.593495195,  1382.49
1566.60228871,  11474.8,  9941.99,  648.214733319,  555.593767889,  1382.6
1566.62272293,  11476.1,  9943.21,  648.214321045,  555.594416404,  1381.58
1566.64315735,  11481.2,  9947.27,  648.214537126,  555.593929605,  1382.05
1566.66359167,  11475.8,  9942.94,  648.215821638,  555.594262792,  1381.81
1566.70446031,  11475.9,  9942.7,  648.21552907,  555.593722008,  1382.11
1566.72489463,  11475.7,  9942.85,  648.213673609,  555.594277908,  1380.61
1566.74532895,  11475.9,  9942.59,  648.21464311,  555.593206656,  1380.46
1566.76576327,  11472.9,  9939.76,  648.215167317,  555.59325162,  1381.11
1566.78619759,  11479.0,  9944.96,  648.214966865,  555.593089871,  1381.39
1566.80663201,  11472.3,  9938.95,  648.215164701,  555.593786797,  1380.65
1566.82706623,  11472.2,  9939.01,  648.214416673,  555.593219802,  1379.03
1566.84750056,  11473.1,  9939.69,  648.215694179,  555.593283741,  1379.56
1566.86793498,  11478.5,  9943.89,  648.214946741,  555.593351543,  1380.48
1566.8883693,  11477.1,  9942.95,  648.214031,  555.593348978,  1379.9
1566.90880352,  11470.3,  9937.19,  648.213728339,  555.593368601,  1379.3
1566.92923794,  11478.6,  9943.62,  648.215421351,  555.592625088,  1380.24
1566.94967227,  11481.6,  9946.35,  648.215730169,  555.593797859,  1379.98
1566.97010659,  11475.0,  9940.87,  648.214596873,  555.592701296,  1378.86
1566.99054091,  11477.8,  9943.09,  648.215999436,  555.592925765,  1378.61
1567.01097524,  11478.8,  9944.03,  648.213906602,  555.593796754,  1378.73
1567.03140956,  11480.7,  9945.57,  648.21523462,  555.593389432,  1378.53
1567.05184388,  11477.7,  9942.74,  648.215283397,  555.593426432,  1378.11
1567.07227821,  11478.9,  9944.0,  648.214655722,  555.592799092,  1378.87
1567.09271263,  11477.0,  9942.35,  648.215469762,  555.592426572,  1377.83
1567.11314686,  11484.6,  9948.67,  648.214990167,  555.593120962,  1378.96
1567.13358128,  11477.7,  9942.66,  648.215299137,  555.592616358,  1378.34
1567.15401561,  11472.4,  9938.0,  648.216258336,  555.592654679,  1376.78
1567.17444983,  11466.3,  9933.06,  648.215094708,  555.593029399,  1377.66
1567.19488426,  11474.7,  9940.1,  648.214567253,  555.592744476,  1377.56
1567.21531858,  11474.6,  9939.65,  648.21493165,  555.592891621,  1377.97
1567.23575281,  11480.0,  9944.58,  648.216264465,  555.593162451,  1377.22
1567.25618724,  11476.8,  9941.61,  648.215183195,  555.593273705,  1376.54
1567.27662146,  11468.0,  9934.22,  648.215432058,  555.592362623,  1376.68
1567.29705579,  11476.0,  9941.22,  648.215184802,  555.592555421,  1377.39
1567.31749022,  11475.9,  9940.6,  648.214279166,  555.592379015,  1376.29
1567.33792444,  11468.2,  9934.13,  648.213979959,  555.593088562,  1376.53
1567.35835887,  11468.3,  9934.05,  648.215009282,  555.593508177,  1376.76
1567.3787932,  11476.6,  9941.1,  648.215492572,  555.593030709,  1377.93
1567.39922743,  11471.9,  9937.27,  648.213605976,  555.592226577,  1376.42
1567.41966185,  11468.8,  9934.22,  648.215171006,  555.592768526,  1376.01
1567.44009618,  11465.5,  9931.51,  648.215859767,  555.593019534,  1376.17
1567.46053051,  11480.1,  9943.95,  648.214700493,  555.592071952,  1375.14
1567.48096484,  11478.6,  9942.53,  648.216280888,  555.592438753,  1376.38
1567.50139917,  11473.5,  9938.17,  648.214432499,  555.592024628,  1375.48
1567.5218336,  11478.7,  9942.46,  648.215146895,  555.592470141,  1381.89
1567.54226783,  11479.0,  9942.69,  648.215393617,  555.592769288,  1375.49
1567.56270215,  11481.2,  9944.43,  648.213832561,  555.591750315,  1376.11
1567.58313658,  11479.4,  9942.77,  648.215704195,  555.591884112,  1375.41
1567.60357091,  11480.7,  9943.75,  648.215282116,  555.592100749,  1376.11
1567.62400514,  11477.2,  9940.92,  648.215337618,  555.591691183,  1375.54
1567.64443958,  11480.6,  9943.34,  648.216005767,  555.592116364,  1374.73
1567.66487391,  11477.2,  9940.38,  648.214948817,  555.591512741,  1374.96
1567.68530814,  11471.3,  9935.62,  648.214310819,  555.592020212,  1375.29
1567.70574257,  11479.9,  9942.39,  648.214552323,  555.592170624,  1373.62
1567.7261769,  11475.6,  9938.79,  648.215231886,  555.591724235,  1374.15
1567.74661133,  11471.2,  9935.58,  648.215150547,  555.591384741,  1373.41
1567.76704556,  11471.4,  9934.96,  648.216375303,  555.590882305,  1373.64
1567.78747989,  11474.8,  9938.12,  648.214042079,  555.591314411,  1373.89
1567.80791433,  11474.5,  9937.75,  648.214667498,  555.592703037,  1372.52
1567.82834856,  11467.1,  9931.4,  648.215276737,  555.591544453,  1373.44
1567.84878289,  11467.4,  9931.52,  648.214703772,  555.591839164,  1373.11
1567.86921732,  11480.7,  9942.81,  648.214977436,  555.590393671,  1372.1
1567.88965156,  11473.1,  9936.4,  648.215067611,  555.591885416,  1373.38
1567.91008599,  11466.2,  9930.3,  648.215469456,  555.590932361,  1373.42
1567.93052022,  11482.4,  9943.82,  648.214952311,  555.59063834,  1372.77
1567.95095456,  11480.3,  9942.17,  648.214735387,  555.591354404,  1372.49
1567.97138899,  11472.3,  9935.41,  648.215629584,  555.591698552,  1372.44
1567.99182323,  11475.4,  9937.49,  648.214466446,  555.590698203,  1372.81
1568.01225756,  11468.0,  9931.53,  648.214941764,  555.59043092,  1372.35
1568.03269199,  11478.1,  9939.98,  648.214884193,  555.590546688,  1372.32
1568.05312623,  11475.4,  9937.42,  648.214741863,  555.590745857,  1372.32
1568.07356056,  11485.3,  9946.03,  648.215448242,  555.591076865,  1372.5
1568.093995,  11476.5,  9938.24,  648.215174374,  555.590627771,  1373.33
1568.11442933,  11469.5,  9932.48,  648.214778148,  555.592136252,  1373.1
1568.13486367,  11473.1,  9935.5,  648.215097027,  555.589812769,  1373.38
1568.15529801,  11474.7,  9936.31,  648.214582093,  555.591678203,  1372.95
1568.17573234,  11474.5,  9936.53,  648.214705453,  555.591281423,  1372.91
1568.19616668,  11468.8,  9931.54,  648.214713245,  555.591368026,  1372.71
1568.21660102,  11477.4,  9938.48,  648.214688285,  555.591024603,  1373.18
1568.23703535,  11474.8,  9936.7,  648.214513131,  555.591617052,  1371.82
1568.25746979,  11472.4,  9934.36,  648.214793753,  555.591041959,  1371.73
1568.27790403,  11461.4,  9924.78,  648.21592982,  555.590506664,  1372.14
1568.29833846,  11477.8,  9938.9,  648.215140046,  555.591205601,  1372.76
1568.3187728,  11479.8,  9940.51,  648.214691626,  555.590110004,  1370.72
1568.33920704,  11484.9,  9944.81,  648.214263941,  555.590912149,  1371.86
1568.35964148,  11471.9,  9933.76,  648.214794266,  555.590121634,  1371.71
1568.38007582,  11474.7,  9936.05,  648.21386268,  555.591133525,  1370.68
1568.40051005,  11468.4,  9930.45,  648.215217816,  555.590439313,  1370.58
1568.42094449,  11468.2,  9930.19,  648.215089424,  555.58978373,  1371.06
1568.44137883,  11474.9,  9936.09,  648.21567341,  555.590206657,  1370.73
1568.46181307,  11472.9,  9934.42,  648.215059683,  555.590995516,  1370.98
1568.48224751,  11470.1,  9931.65,  648.214572889,  555.590526539,  1370.02
1568.50268185,  11481.2,  9941.07,  648.213921749,  555.591423882,  1370.27
1568.52311629,  11477.7,  9938.23,  648.215101594,  555.590341299,  1370.5
1568.54355053,  11478.1,  9938.27,  648.215399347,  555.589948452,  1370.87
1568.56398477,  11467.2,  9928.92,  648.214728729,  555.590108918,  1371.56
1568.58441921,  11480.5,  9940.0,  648.215936303,  555.590051847,  1370.6
1568.60485355,  11478.2,  9937.93,  648.21549676,  555.590444634,  1369.97
1568.62528789,  11465.8,  9927.52,  648.215530829,  555.590395394,  1370.77
1568.64572223,  11472.2,  9933.15,  648.215124789,  555.589808614,  1369.93
1568.66615657,  11476.8,  9936.6,  648.215215132,  555.590120373,  1370.61
1568.68659102,  11476.7,  9937.13,  648.214529066,  555.589683052,  1369.9
1568.70702526,  11483.4,  9942.2,  648.214268305,  555.590389944,  1370.69
1568.7274596,  11469.7,  9930.85,  648.21563227,  555.590384015,  1371.29
1568.74789404,  11475.1,  9935.12,  648.213922687,  555.590492006,  1372.15
1568.76832838,  11479.3,  9938.57,  648.214918822,  555.590280765,  1371.83
1568.78876263,  11465.2,  9926.46,  648.216033269,  555.58903319,  1372.3
1568.80919707,  11474.8,  9934.69,  648.214650481,  555.589450168,  1372.81
1568.82963141,  11480.5,  9939.7,  648.214271566,  555.590558115,  1373.53
1568.85006576,  11469.3,  9930.21,  648.214751599,  555.589025107,  1373.29
1568.8705001,  11470.9,  9931.23,  648.214241656,  555.589574934,  1373.93
1568.89093444,  11468.3,  9928.8,  648.213543781,  555.589119872,  1375.37
1568.91136889,  11469.1,  9929.47,  648.215442083,  555.589506053,  1374.87
1568.93180313,  11466.6,  9927.69,  648.21427709,  555.590416679,  1373.24
1568.95223748,  11469.6,  9929.99,  648.215226258,  555.589802248,  1383.02
1568.97267192,  11465.7,  9926.99,  648.214912341,  555.589703591,  1373.29
1568.99310617,  11474.1,  9933.51,  648.215767759,  555.589979572,  1374.96
1569.01354051,  11468.9,  9929.53,  648.214620141,  555.589919231,  1373.45
1569.03397496,  11475.0,  9934.42,  648.214403707,  555.589619446,  1374.2
1569.0544092,  11475.6,  9934.21,  648.214118187,  555.588845099,  1374.36
1569.07484365,  11474.4,  9933.85,  648.213827551,  555.588706601,  1373.28
1569.09527799,  11464.8,  9925.39,  648.215908992,  555.589315088,  1372.43
1569.11571224,  11476.3,  9935.16,  648.215786707,  555.588840121,  1371.45
1569.13614669,  11469.8,  9929.75,  648.213891368,  555.588495668,  1370.97
1569.15658103,  11468.1,  9927.9,  648.215224317,  555.589224921,  1370.96
1569.17701528,  11468.7,  9928.59,  648.214307357,  555.588990736,  1371.14
1569.19744973,  11477.8,  9936.65,  648.21409683,  555.588979465,  1370.13
1569.21788397,  11469.9,  9929.61,  648.215191738,  555.588383541,  1370.81
1569.23831842,  11469.6,  9929.38,  648.214805237,  555.589313956,  1370.26
1569.25875277,  11466.8,  9926.59,  648.214808555,  555.589576702,  1369.58
1569.27918702,  11474.8,  9933.54,  648.214756058,  555.588637322,  1369.67
1569.29962146,  11471.0,  9930.37,  648.214216081,  555.588830402,  1367.88
1569.32005581,  11472.9,  9932.1,  648.213876474,  555.589483689,  1369.27
1569.34049016,  11464.3,  9924.21,  648.214208687,  555.588654044,  1369.01
1569.36092451,  11459.3,  9920.57,  648.214758148,  555.587929228,  1367.85
1569.38135886,  11466.3,  9926.04,  648.214184369,  555.58890579,  1367.98
1569.40179321,  11457.9,  9919.08,  648.215641558,  555.588850774,  1366.9
1569.42222756,  11466.2,  9926.19,  648.215672572,  555.587770064,  1366.9
1569.44266191,  11465.3,  9925.41,  648.215448883,  555.589200924,  1366.82
1569.46309636,  11481.0,  9938.68,  648.215403244,  555.587641025,  1365.69
1569.48353071,  11465.4,  9925.35,  648.214471519,  555.588056923,  1366.49
1569.50396496,  11462.2,  9922.31,  648.214773075,  555.589076617,  1365.2
1569.52439941,  11469.4,  9929.05,  648.214813422,  555.589091609,  1364.93
1569.54483376,  11468.9,  9927.85,  648.213062995,  555.588566779,  1364.76
1569.56526801,  11462.2,  9922.24,  648.214857594,  555.589428104,  1365.79
1569.58570246,  11470.4,  9929.11,  648.214556986,  555.58902647,  1364.62
1569.60613681,  11462.1,  9922.35,  648.214286743,  555.589346804,  1365.41
1569.62657126,  11466.8,  9926.18,  648.215774364,  555.587725983,  1364.62
1569.64700551,  11459.7,  9920.29,  648.214922777,  555.588020516,  1364.79
1569.68787432,  11461.3,  9920.91,  648.214296649,  555.588414578,  1363.39
1569.70830857,  11458.9,  9919.25,  648.21468891,  555.58846779,  1364.31
1569.72874292,  11464.6,  9923.46,  648.214558964,  555.587631908,  1364.58
1569.74917737,  11464.5,  9923.55,  648.215337594,  555.587586944,  1362.52
1569.76961163,  11461.8,  9921.08,  648.216282619,  555.587852787,  1362.89
1569.79004598,  11462.7,  9921.78,  648.214973068,  555.588260738,  1364.41
1569.81048043,  11464.5,  9923.62,  648.215118484,  555.589037595,  1364.09
1569.83091469,  11461.5,  9920.64,  648.215149449,  555.588398408,  1364.18
1569.85134914,  11462.3,  9921.46,  648.215328082,  555.588419143,  1363.8
1569.87178339,  11466.6,  9925.04,  648.214727231,  555.588523898,  1363.5
1569.89221775,  11459.4,  9918.85,  648.216596382,  555.587483062,  1362.93
1569.9126522,  11461.6,  9921.01,  648.213916947,  555.588966074,  1362.16
1569.93308646,  11464.3,  9923.04,  648.215009256,  555.588604296,  1362.56
1569.95352081,  11466.6,  9924.62,  648.216084783,  555.587571615,  1363.16
1569.97395527,  11463.6,  9922.47,  648.214770579,  555.5877467,  1362.57
1569.99438962,  11456.6,  9916.13,  648.215063714,  555.587236431,  1361.87
1570.01482398,  11463.5,  9922.02,  648.214905442,  555.588013841,  1362.43
1570.03525833,  11465.7,  9923.86,  648.215512019,  555.588005212,  1362.81
1570.05569269,  11453.7,  9913.49,  648.215257617,  555.587527794,  1361.92
1570.07612705,  11458.1,  9917.42,  648.214229455,  555.586760552,  1362.57
1570.0965614,  11466.3,  9924.22,  648.214595464,  555.58863878,  1362.6
1570.11699576,  11451.5,  9911.61,  648.214591493,  555.587961123,  1361.14
1570.13743022,  11461.1,  9919.65,  648.214710448,  555.58797484,  1361.94
1570.15786447,  11468.2,  9925.73,  648.214603816,  555.587805986,  1360.27
1570.17829893,  11453.6,  9913.25,  648.215661814,  555.588221605,  1360.64
1570.19873329,  11451.9,  9912.2,  648.215559966,  555.586968326,  1360.45
1570.21916754,  11460.4,  9918.89,  648.215266334,  555.587284279,  1360.4
1570.239602,  11457.7,  9916.97,  648.214995244,  555.587747271,  1360.13
1570.26003636,  11455.4,  9914.79,  648.213740818,  555.587787103,  1360.07
1570.28047062,  11450.8,  9910.84,  648.215182809,  555.587271133,  1359.76
1570.30090508,  11460.7,  9919.13,  648.215394089,  555.588396621,  1359.95
1570.32133944,  11453.8,  9912.74,  648.214388613,  555.587218769,  1360.49
1570.34177369,  11460.0,  9918.23,  648.216314983,  555.58680142,  1358.21
1570.36220815,  11452.3,  9911.48,  648.214566351,  555.587152956,  1359.94
1570.38264251,  11452.6,  9911.75,  648.214374247,  555.587017986,  1358.53
1570.40307687,  11454.9,  9913.64,  648.215384617,  555.587108623,  1358.31
1570.42351123,  11450.8,  9910.37,  648.214143417,  555.587377664,  1357.35
1570.44394559,  11457.6,  9915.87,  648.215385325,  555.586681324,  1357.58
1570.46437995,  11454.8,  9913.27,  648.216114679,  555.586817734,  1356.94
1570.48481431,  11454.9,  9913.41,  648.215294296,  555.586496035,  1357.08
1570.50524867,  11457.6,  9915.77,  648.216062072,  555.586531637,  1356.39
1570.52568303,  11455.9,  9914.45,  648.215063026,  555.58765188,  1357.27
1570.54611739,  11453.0,  9911.8,  648.216683542,  555.586611757,  1357.08
1570.56655185,  11457.3,  9915.39,  648.215357515,  555.586657289,  1356.52
1570.58698612,  11444.8,  9904.8,  648.21586644,  555.586744155,  1357.42
1570.60742048,  11459.4,  9917.01,  648.214342668,  555.586949257,  1357.24
1570.62785494,  11453.2,  9911.42,  648.214558528,  555.585945461,  1356.77
1570.6482893,  11448.6,  9907.92,  648.215020604,  555.587080486,  1357.38
1570.66872356,  11438.0,  9898.37,  648.214709602,  555.587702311,  1357.36
1570.68915803,  11449.7,  9908.47,  648.215059722,  555.586281893,  1356.39
1570.70959239,  11444.4,  9903.9,  648.215477977,  555.586750553,  1356.42
1570.73002665,  11455.0,  9912.69,  648.214357844,  555.585420931,  1356.27
1570.75046111,  11454.7,  9912.61,  648.213954983,  555.586387119,  1356.77
1570.77089548,  11460.3,  9917.17,  648.214833458,  555.586525037,  1356.39
1570.79132994,  11458.0,  9914.6,  648.214810995,  555.585739399,  1356.34
1570.8117642,  11447.6,  9906.15,  648.214142047,  555.586217262,  1356.33
1570.83219857,  11454.3,  9911.87,  648.214906222,  555.586292746,  1356.15
1570.85263303,  11450.6,  9908.49,  648.215290251,  555.586605742,  1356.05
1570.8730673,  11453.1,  9910.98,  648.215311488,  555.586380165,  1354.34
1570.89350166,  11450.4,  9908.13,  648.215902987,  555.585811794,  1355.07
1570.91393613,  11452.7,  9910.11,  648.215053311,  555.586693802,  1354.98
1570.93437039,  11448.7,  9906.84,  648.214237283,  555.586079118,  1354.32
1570.95480485,  11453.8,  9910.44,  648.214558281,  555.586352967,  1355.63
1570.97523922,  11455.8,  9912.19,  648.214193025,  555.585797067,  1355.24
1570.99567349,  11455.4,  9912.3,  648.215260968,  555.586281506,  1354.48
1571.01610795,  11448.4,  9906.07,  648.214448008,  555.585970351,  1355.46
1571.03654232,  11454.6,  9911.52,  648.213062947,  555.586227318,  1355.08
1571.05697658,  11450.3,  9907.3,  648.214411244,  555.585818586,  1355.91
1571.07741105,  11447.8,  9905.64,  648.215633404,  555.586299012,  1355.79
1571.09784542,  11457.0,  9913.32,  648.21490738,  555.586291681,  1355.86
1571.11827968,  11439.4,  9897.91,  648.214862812,  555.585843982,  1355.78
1571.13871415,  11448.5,  9906.08,  648.213665612,  555.586108029,  1354.75
1571.15914852,  11451.7,  9908.71,  648.213954929,  555.586504406,  1355.45
1571.17958288,  11441.1,  9899.15,  648.214523174,  555.58563135,  1355.88
1571.20001725,  11445.4,  9902.99,  648.215339719,  555.585622532,  1355.02
1571.22045162,  11447.9,  9905.51,  648.215482662,  555.584911472,  1356.13
1571.24088599,  11439.8,  9897.75,  648.214364944,  555.585015309,  1356.38
1571.26132036,  11445.0,  9902.4,  648.213960853,  555.584476745,  1355.18
1571.28175472,  11442.8,  9900.3,  648.21462225,  555.585553325,  1354.94
1571.30218909,  11446.5,  9903.7,  648.213903958,  555.585044112,  1355.43
1571.32262346,  11447.1,  9904.04,  648.214904475,  555.585805122,  1355.99
1571.34305793,  11453.7,  9909.35,  648.213307119,  555.585484997,  1355.98
1571.3634923,  11439.9,  9897.63,  648.21436356,  555.586270532,  1356.27
1571.38392657,  11442.9,  9900.34,  648.215370509,  555.584843327,  1355.92
1571.40436104,  11444.6,  9901.38,  648.214996468,  555.584563049,  1356.39
1571.42479541,  11449.3,  9905.5,  648.214976686,  555.585438251,  1357.56
1571.44522968,  11442.5,  9899.58,  648.214146578,  555.58528062,  1357.07
1571.46566415,  11443.4,  9900.79,  648.214118365,  555.585392501,  1356.85
1571.48609852,  11442.4,  9899.49,  648.21605403,  555.584639331,  1356.14
1571.50653279,  11450.5,  9906.57,  648.214587539,  555.585719283,  1356.35
1571.52696726,  11448.2,  9904.42,  648.21373615,  555.585026701,  1357.57
1571.54740163,  11444.5,  9901.28,  648.212756209,  555.585151778,  1357.01
1571.5678361,  11451.1,  9906.62,  648.213863954,  555.585287334,  1358.02
1571.58827037,  11449.7,  9905.33,  648.21310324,  555.584769319,  1357.74
1571.60870474,  11440.7,  9897.99,  648.213515309,  555.584497834,  1357.44
1571.62913922,  11427.8,  9886.74,  648.214405697,  555.584779902,  1357.26
1571.64957349,  11428.5,  9887.8,  648.214721044,  555.585679279,  1357.56
1571.67000786,  11437.0,  9894.68,  648.214779894,  555.585131926,  1358.78
1571.69044233,  11432.7,  9890.82,  648.215040584,  555.584322822,  1357.59
1571.71087661,  11434.6,  9892.64,  648.213228544,  555.584887056,  1358.42
1571.73131108,  11431.8,  9889.65,  648.214794584,  555.584916262,  1358.36
1571.75174545,  11441.6,  9898.61,  648.213953968,  555.584956026,  1357.62
1571.77217972,  11451.5,  9906.67,  648.213990312,  555.584955905,  1358.53
1571.7926142,  11444.7,  9900.78,  648.214491359,  555.585328137,  1358.56
1571.81304857,  11438.4,  9895.35,  648.213646106,  555.584349175,  1357.25
1571.83348284,  11443.6,  9899.61,  648.21489974,  555.584118028,  1358.09
1571.85391732,  11442.6,  9898.41,  648.215004785,  555.584130427,  1356.72
1571.87435169,  11444.6,  9900.69,  648.215118727,  555.584800438,  1356.86
1571.89478597,  11446.8,  9902.35,  648.215636191,  555.584601076,  1356.19
1571.91522044,  11444.8,  9900.38,  648.214946247,  555.584567232,  1356.74
1571.93565482,  11444.2,  9900.21,  648.213615412,  555.5848758,  1356.25
1571.95608929,  11440.9,  9896.9,  648.213278323,  555.584857787,  1355.56
1571.97652357,  11447.7,  9902.6,  648.214996023,  555.583949637,  1354.64
1571.99695794,  11438.6,  9895.14,  648.213734451,  555.585254019,  1355.56
1572.01739242,  11439.2,  9895.13,  648.215596578,  555.58371751,  1354.04
1572.03782669,  11441.9,  9897.87,  648.214549243,  555.584144413,  1354.75
1572.05826107,  11444.0,  9899.37,  648.215802649,  555.5835794,  1353.99
1572.07869555,  11448.5,  9903.09,  648.214262972,  555.584149575,  1353.5
1572.09912982,  11450.8,  9904.87,  648.214823612,  555.583913714,  1351.74
1572.1195643,  11444.1,  9899.18,  648.21428135,  555.584495761,  1352.5
1572.13999868,  11437.0,  9893.0,  648.214136274,  555.584561049,  1350.48
1572.16043295,  11439.1,  9895.26,  648.214174827,  555.584129401,  1350.77
1572.18086743,  11443.1,  9898.45,  648.214456323,  555.584050629,  1350.4
1572.20130181,  11435.4,  9892.06,  648.214278326,  555.584529197,  1349.08
1572.22173609,  11435.7,  9891.74,  648.213768027,  555.584060775,  1349.65
1572.24217056,  11445.9,  9900.38,  648.214992311,  555.583907899,  1350.4
1572.26260494,  11444.7,  9899.66,  648.214437344,  555.584178676,  1349.66
1572.28303932,  11443.2,  9898.64,  648.214990006,  555.583581876,  1348.93
1572.3034737,  11441.0,  9896.59,  648.214761383,  555.583739381,  1349.09
1572.32390808,  11441.2,  9896.86,  648.213570011,  555.584301674,  1349.62
1572.34434246,  11443.4,  9898.26,  648.214864361,  555.583810593,  1348.96
1572.36477683,  11441.8,  9896.71,  648.214500014,  555.583650614,  1350.57
1572.38521121,  11439.6,  9895.5,  648.214055427,  555.583863677,  1350.14
1572.40564559,  11440.7,  9895.65,  648.214444678,  555.583243594,  1350.3
1572.42607997,  11441.1,  9896.5,  648.213146505,  555.584009366,  1349.96
1572.44651435,  11438.3,  9893.91,  648.214046277,  555.583894691,  1349.52
1572.46694873,  11436.5,  9892.04,  648.21491188,  555.582789507,  1350.84
1572.48738311,  11440.1,  9895.13,  648.214271242,  555.582948577,  1350.02
1572.50781759,  11444.3,  9898.93,  648.213693838,  555.583358974,  1349.78
1572.52825197,  11440.7,  9895.73,  648.214312166,  555.583787115,  1349.51
1572.54868625,  11451.0,  9904.44,  648.214489069,  555.583633229,  1349.92
1572.56912074,  11441.7,  9896.36,  648.214354974,  555.583632555,  1351.11
1572.58955512,  11436.1,  9891.6,  648.214311683,  555.583022149,  1351.49
1572.6099894,  11440.8,  9896.06,  648.213576872,  555.58340321,  1351.26
1572.63042388,  11436.6,  9892.13,  648.213821145,  555.583372991,  1351.43
1572.67129254,  11439.2,  9894.63,  648.213813118,  555.583208685,  1351.47
1572.69172703,  11444.3,  9898.16,  648.214355305,  555.582943361,  1351.77
1572.71216141,  11442.3,  9896.55,  648.214072116,  555.583842271,  1350.96
1572.73259589,  11445.0,  9898.87,  648.214838075,  555.582899929,  1353.24
1572.75303017,  11442.5,  9896.77,  648.21473659,  555.583507531,  1352.35
1572.77346456,  11457.2,  9909.09,  648.213028628,  555.582743059,  1353.07
1572.79389904,  11445.5,  9898.75,  648.215208576,  555.58397595,  1354.0
1572.81433332,  11442.5,  9896.28,  648.214479963,  555.582589064,  1354.37
1572.83476771,  11442.5,  9896.42,  648.213957177,  555.582896519,  1356.95
1572.85520219,  11445.9,  9899.09,  648.214527016,  555.583710065,  1360.82
1572.87563647,  11444.4,  9898.0,  648.215010336,  555.582630691,  1362.49
1572.89607096,  11442.4,  9896.5,  648.215137138,  555.583196434,  1361.08
1572.91650534,  11445.9,  9899.15,  648.215247513,  555.583718141,  1358.58
1572.93693963,  11445.9,  9899.31,  648.213544559,  555.582693719,  1353.11
1572.95737411,  11440.0,  9894.01,  648.214580404,  555.582593662,  1348.3
1572.9778085,  11445.1,  9898.43,  648.216389526,  555.582563377,  1347.44
1572.99824288,  11441.2,  9895.0,  648.21514721,  555.58352837,  1346.29
1573.01867727,  11441.0,  9894.71,  648.215192538,  555.582418172,  1347.16
1573.03911165,  11449.5,  9901.98,  648.216184179,  555.582368842,  1346.2
1573.05954594,  11446.3,  9899.18,  648.213290355,  555.581421134,  1347.09
1573.07998042,  11450.5,  9902.48,  648.21437474,  555.58245064,  1348.16
1573.10041481,  11449.0,  9901.61,  648.21546933,  555.582686296,  1346.48
1573.1208492,  11443.5,  9896.52,  648.2144274,  555.582991883,  1345.9
1573.14128358,  11442.9,  9896.34,  648.215020365,  555.582330082,  1345.29
1573.16171797,  11446.3,  9898.78,  648.214315907,  555.583187152,  1343.94
1573.18215246,  11438.6,  9892.59,  648.214477839,  555.583547575,  1344.5
1573.20258674,  11440.6,  9894.42,  648.21624224,  555.582330019,  1343.4
1573.22302113,  11447.0,  9899.6,  648.214604316,  555.582731828,  1344.27
1573.24345562,  11446.3,  9898.7,  648.214306127,  555.582610706,  1342.59
1573.26388991,  11449.1,  9901.25,  648.214699678,  555.582068086,  1342.07
1573.28432439,  11449.0,  9901.24,  648.215842753,  555.582300969,  1342.35
1573.30475878,  11450.6,  9902.37,  648.215320263,  555.582468913,  1340.94
1573.32519307,  11445.2,  9897.68,  648.214615017,  555.581709995,  1340.75
1573.34562756,  11450.2,  9901.92,  648.215170656,  555.582538782,  1338.94
1573.36606195,  11451.2,  9902.6,  648.215654383,  555.582012231,  1338.66
1573.38649624,  11453.8,  9904.76,  648.215047374,  555.581637251,  1338.01
1573.40693073,  11443.2,  9896.0,  648.215394717,  555.581949217,  1337.41
1573.42736511,  11450.1,  9901.61,  648.2152453,  555.581557421,  1337.44
1573.4477994,  11445.3,  9897.91,  648.214164602,  555.581603242,  1335.65
1573.46823389,  11457.1,  9907.49,  648.215366028,  555.581609631,  1336.03
1573.48866828,  11450.2,  9901.61,  648.214662194,  555.581300665,  1337.14
1573.50910277,  11442.7,  9895.1,  648.213596269,  555.581695141,  1335.82
1573.52953706,  11446.1,  9897.67,  648.214954365,  555.581070615,  1335.27
1573.54997145,  11446.3,  9897.95,  648.213501749,  555.582179324,  1334.95
1573.57040595,  11450.5,  9901.6,  648.214682842,  555.58262987,  1335.01
1573.59084024,  11456.4,  9906.17,  648.214168566,  555.581328409,  1335.16
1573.61127463,  11446.8,  9898.3,  648.21534769,  555.580901553,  1335.12
1573.63170912,  11448.2,  9899.37,  648.215060487,  555.581350405,  1335.41
1573.65214351,  11453.9,  9904.03,  648.214656317,  555.581465782,  1334.67
1573.6725779,  11454.4,  9904.49,  648.21403584,  555.582139226,  1334.89
1573.69301229,  11457.5,  9906.56,  648.215111408,  555.581044985,  1333.96
1573.71344658,  11456.3,  9905.8,  648.21415351,  555.581320288,  1333.12
1573.73388108,  11449.7,  9900.13,  648.214673473,  555.581240151,  1333.98
1573.75431547,  11447.7,  9898.26,  648.213978043,  555.580617901,  1333.0
1573.77474976,  11453.9,  9903.51,  648.215586622,  555.580559652,  1333.67
1573.79518425,  11458.1,  9906.95,  648.215463753,  555.581133761,  1334.1
1573.81561865,  11454.7,  9904.28,  648.215132481,  555.581319893,  1334.27
1573.83605294,  11454.8,  9904.38,  648.214940399,  555.581313597,  1333.64
1573.85648743,  11454.0,  9903.38,  648.214911089,  555.581120164,  1332.43
1573.87692183,  11457.2,  9906.09,  648.21370659,  555.580708006,  1332.4
1573.89735632,  11467.5,  9914.78,  648.21536922,  555.581497414,  1332.95
1573.91779061,  11462.0,  9909.72,  648.213707877,  555.580715606,  1333.42
1573.93822501,  11455.3,  9904.16,  648.215653192,  555.580455472,  1332.72
1573.9586595,  11457.7,  9906.02,  648.21417605,  555.580500564,  1333.05
1573.9790938,  11464.0,  9911.69,  648.213939784,  555.580630806,  1331.74
1573.99952819,  11453.3,  9902.46,  648.214238894,  555.579900019,  1331.11
1574.01996269,  11461.4,  9909.16,  648.213877276,  555.58057178,  1331.85
1574.04039698,  11463.3,  9910.59,  648.21366504,  555.580809111,  1331.21
1574.06083148,  11457.9,  9906.04,  648.212808192,  555.58156601,  1332.36
1574.08126587,  11451.1,  9900.21,  648.215140101,  555.580876786,  1331.95
1574.10170017,  11451.9,  9900.49,  648.214661255,  555.581297429,  1329.67
1574.12213466,  11466.4,  9913.29,  648.213839794,  555.579455706,  1329.82
1574.14256906,  11455.9,  9904.37,  648.214675629,  555.581122951,  1329.72
1574.16300346,  11464.9,  9911.83,  648.213407548,  555.580415482,  1329.47
1574.18343785,  11458.9,  9906.48,  648.213072329,  555.581249222,  1330.22
1574.20387225,  11459.1,  9906.47,  648.214252999,  555.579837038,  1329.8
1574.22430665,  11456.4,  9904.43,  648.214778471,  555.581460076,  1329.42
1574.24474104,  11456.3,  9904.33,  648.215261268,  555.580405524,  1328.94
1574.26517544,  11466.8,  9912.53,  648.213871468,  555.57985333,  1329.25
1574.28560984,  11459.5,  9906.94,  648.214263025,  555.58016895,  1327.96
1574.30604433,  11462.9,  9909.58,  648.215381704,  555.579230025,  1328.86
1574.32647863,  11463.3,  9910.15,  648.214354127,  555.580093788,  1327.77
1574.34691303,  11456.8,  9904.41,  648.214382337,  555.580105454,  1327.76
1574.36734743,  11459.6,  9906.75,  648.214888704,  555.580458267,  1328.07
1574.38778183,  11458.2,  9905.52,  648.213710289,  555.579361966,  1327.52
1574.40821632,  11466.6,  9912.4,  648.214874416,  555.580549014,  1327.69
1574.42865062,  11462.8,  9909.21,  648.215347645,  555.580130931,  1327.68
1574.44908512,  11465.9,  9911.68,  648.215400957,  555.579467431,  1327.69
1574.46951952,  11466.7,  9912.51,  648.213495574,  555.580205986,  1327.11
1574.48995382,  11463.6,  9909.8,  648.214916039,  555.579427156,  1326.98
1574.51038832,  11463.7,  9909.44,  648.21449096,  555.579737102,  1327.22
1574.53082272,  11464.0,  9909.89,  648.21450337,  555.581274922,  1327.06
1574.55125702,  11463.0,  9909.06,  648.214589754,  555.580277728,  1326.58
1574.57169152,  11462.5,  9908.37,  648.214836136,  555.579696386,  1326.5
1574.59212592,  11463.8,  9909.58,  648.214943551,  555.579698163,  1326.46
1574.61256042,  11471.5,  9915.96,  648.215190182,  555.579407838,  1326.23
1574.63299472,  11460.4,  9906.76,  648.214597485,  555.579972223,  1325.9
1574.65342912,  11467.9,  9913.03,  648.213283916,  555.579644423,  1325.9
1574.67386362,  11468.5,  9913.93,  648.212965889,  555.580268969,  1325.5
1574.69429792,  11470.3,  9914.86,  648.214814188,  555.580185286,  1325.87
1574.71473232,  11482.7,  9925.49,  648.213037314,  555.579461756,  1325.24
1574.73516683,  11462.1,  9908.21,  648.214362627,  555.579324087,  1326.35
1574.75560113,  11466.8,  9911.71,  648.214450154,  555.57971093,  1325.26
1574.77603553,  11476.8,  9920.58,  648.2143456,  555.579641233,  1325.14
1574.79647003,  11473.7,  9917.97,  648.214063703,  555.578718626,  1324.34
1574.81690443,  11460.1,  9905.91,  648.213581862,  555.579175485,  1325.06
1574.83733884,  11463.2,  9909.02,  648.215008661,  555.579925996,  1323.49
1574.85777324,  11474.8,  9918.58,  648.214442128,  555.579683196,  1325.09
1574.87820764,  11472.1,  9916.23,  648.21443152,  555.57926124,  1324.64
1574.89864204,  11470.6,  9915.21,  648.213952994,  555.579350277,  1323.89
1574.91907645,  11473.8,  9917.66,  648.214373214,  555.579577252,  1323.52
1574.93951085,  11477.2,  9920.56,  648.214791458,  555.579387534,  1323.46
1574.95994525,  11471.4,  9915.6,  648.213956633,  555.579401542,  1323.85
1574.98037966,  11467.0,  9911.71,  648.213782333,  555.579748684,  1323.43
1575.00081406,  11467.7,  9912.07,  648.214501052,  555.579948819,  1324.19
1575.02124847,  11468.3,  9912.63,  648.215217346,  555.579330029,  1323.16
1575.04168287,  11468.9,  9913.3,  648.214798944,  555.579084037,  1323.82
1575.06211737,  11480.3,  9922.86,  648.214983958,  555.57833813,  1322.78
1575.08255168,  11479.2,  9922.06,  648.213828804,  555.578943314,  1322.61
1575.10298608,  11470.3,  9914.06,  648.214992445,  555.579207126,  1323.27
1575.12342059,  11474.1,  9917.52,  648.21496987,  555.579906777,  1324.48
1575.14385489,  11482.4,  9924.5,  648.214035454,  555.580133754,  1322.15
1575.1642893,  11466.0,  9910.56,  648.213196004,  555.57897927,  1322.5
1575.18472381,  11474.6,  9917.62,  648.212761064,  555.578960041,  1322.01
1575.20515811,  11477.5,  9920.32,  648.214155362,  555.578860492,  1323.47
1575.22559262,  11466.2,  9910.8,  648.213432497,  555.577957684,  1322.47
1575.24602702,  11474.4,  9917.34,  648.213932662,  555.578508206,  1322.07
1575.26646133,  11472.9,  9916.1,  648.214845761,  555.57882282,  1321.78
1575.28689584,  11472.0,  9915.53,  648.21273457,  555.578720745,  1322.92
1575.30733024,  11475.4,  9918.36,  648.214369165,  555.578852722,  1321.9
1575.32776455,  11479.7,  9922.35,  648.213208177,  555.579519423,  1322.04
1575.34819906,  11476.4,  9918.93,  648.213818838,  555.578672924,  1321.46
1575.36863346,  11474.6,  9917.55,  648.21378551,  555.578707557,  1321.98
1575.38906797,  11481.9,  9923.39,  648.213765149,  555.578075044,  1322.01
1575.40950228,  11473.2,  9916.53,  648.213826547,  555.578824674,  1322.19
1575.42993669,  11473.2,  9916.31,  648.214053013,  555.578356274,  1321.11
1575.45037119,  11473.4,  9916.68,  648.214154729,  555.578891739,  1321.84
1575.4708056,  11470.6,  9913.89,  648.214201188,  555.578176745,  1320.67
1575.49123991,  11473.7,  9916.55,  648.214538545,  555.579016335,  1320.88
1575.51167442,  11468.7,  9912.53,  648.214569486,  555.578579288,  1320.44
1575.53210883,  11472.1,  9915.65,  648.214428723,  555.578839504,  1319.89
1575.55254314,  11480.8,  9922.6,  648.214263574,  555.578823017,  1320.47
1575.57297765,  11474.5,  9917.3,  648.214204214,  555.578809269,  1320.71
1575.59341206,  11473.6,  9916.5,  648.214695423,  555.579116049,  1320.32
1575.61384646,  11475.7,  9918.35,  648.213041546,  555.578473612,  1320.18
1575.65471518,  11469.2,  9912.39,  648.213565122,  555.578348011,  1320.19
1575.67514969,  11472.9,  9915.76,  648.214473243,  555.578723968,  1319.33
1575.6955841,  11479.5,  9921.02,  648.214424017,  555.577932897,  1319.76
1575.71601841,  11474.8,  9916.89,  648.214011136,  555.578065963,  1319.49
1575.73645293,  11470.7,  9913.65,  648.214425074,  555.577798198,  1319.88
1575.75688734,  11464.8,  9908.43,  648.214528345,  555.578658529,  1318.74
1575.77732185,  11474.3,  9916.22,  648.214409923,  555.578618146,  1319.6
1575.79775616,  11470.8,  9913.55,  648.214942162,  555.579144817,  1319.9
1575.81819057,  11477.8,  9919.34,  648.214295155,  555.577722921,  1318.46
1575.83862508,  11476.7,  9918.64,  648.214061559,  555.578882195,  1318.76
1575.85905939,  11469.3,  9911.84,  648.214272416,  555.577820622,  1318.33
1575.8794938,  11473.4,  9915.49,  648.21408585,  555.578050866,  1318.7
1575.89992832,  11471.0,  9913.55,  648.214135993,  555.578688493,  1318.45
1575.92036263,  11466.8,  9909.75,  648.214922023,  555.578666807,  1319.39
1575.94079704,  11472.9,  9914.98,  648.215343287,  555.57873235,  1318.09
1575.96123155,  11481.9,  9922.69,  648.21606854,  555.578635993,  1317.69
1575.98166587,  11477.3,  9918.8,  648.214351107,  555.578901365,  1316.48
1576.00210038,  11471.1,  9913.73,  648.21354754,  555.57888089,  1317.32
1576.02253479,  11478.8,  9920.42,  648.215044977,  555.578153482,  1317.37
1576.04296921,  11474.0,  9915.62,  648.214424598,  555.578693178,  1317.68
1576.06340362,  11476.4,  9918.18,  648.214900909,  555.578836683,  1317.51
1576.08383803,  11481.9,  9922.78,  648.21508496,  555.578166702,  1316.75
1576.10427245,  11476.7,  9918.2,  648.214922076,  555.577706979,  1317.74
1576.12470686,  11476.0,  9917.7,  648.214423863,  555.577964684,  1315.79
1576.14514127,  11474.4,  9916.1,  648.214891456,  555.577771171,  1316.77
1576.16557569,  11471.1,  9913.05,  648.214319133,  555.577519833,  1316.3
1576.1860102,  11471.1,  9913.55,  648.214447784,  555.577531267,  1315.39
1576.20644452,  11481.1,  9921.5,  648.213442092,  555.577443336,  1316.41
1576.22687903,  11475.9,  9917.28,  648.21395336,  555.578643618,  1316.16
1576.24731345,  11477.2,  9918.46,  648.214575433,  555.577852798,  1316.45
1576.26774776,  11491.9,  9930.78,  648.213635179,  555.578410042,  1316.75
1576.28818228,  11468.0,  9910.61,  648.214261161,  555.577739665,  1316.49
1576.30861659,  11491.8,  9930.58,  648.21504615,  555.577493004,  1315.71
1576.32905101,  11478.1,  9918.9,  648.21446065,  555.577728147,  1316.16
1576.34948553,  11480.6,  9921.08,  648.214017775,  555.578725333,  1316.66
1576.36991984,  11495.5,  9942.53,  648.21343425,  555.578514122,  1320.83
1576.39035436,  11477.9,  9918.59,  648.215357861,  555.577239236,  1315.07
1576.41078878,  11477.7,  9918.31,  648.213433714,  555.578020898,  1315.6
1576.43122309,  11469.5,  9911.26,  648.215270822,  555.577490585,  1315.36
1576.45165761,  11477.1,  9918.07,  648.214107329,  555.578327518,  1314.41
1576.47209203,  11484.8,  9924.18,  648.214901497,  555.577608442,  1314.79
1576.49252634,  11479.0,  9919.1,  648.213515867,  555.577276322,  1315.06
1576.51296086,  11471.3,  9912.79,  648.213434023,  555.578231981,  1314.7
1576.53339528,  11470.4,  9911.75,  648.214494866,  555.576950854,  1313.71
1576.5538297,  11478.8,  9918.91,  648.213868771,  555.577066263,  1314.8
1576.57426411,  11477.2,  9917.45,  648.212815947,  555.577589263,  1315.21
1576.59469853,  11475.9,  9916.33,  648.214605233,  555.577782025,  1315.04
1576.61513305,  11482.4,  9921.55,  648.214078968,  555.577116354,  1314.22
1576.63556737,  11475.2,  9915.55,  648.214441783,  555.576904366,  1314.88
1576.65600179,  11474.9,  9915.24,  648.213833235,  555.578165728,  1314.03
1576.67643631,  11474.9,  9915.28,  648.214209727,  555.577587869,  1314.12
1576.69687073,  11481.7,  9921.04,  648.214394711,  555.576978245,  1313.53
1576.71730504,  11471.4,  9911.95,  648.21443033,  555.577138429,  1313.59
1576.73773956,  11480.3,  9919.86,  648.214662706,  555.577047238,  1313.56
1576.75817398,  11479.2,  9918.38,  648.214760882,  555.577602544,  1313.52
1576.7786084,  11482.3,  9921.09,  648.214280572,  555.576894981,  1314.02
1576.79904282,  11476.6,  9915.9,  648.214803712,  555.577190247,  1313.67
1576.81947724,  11470.9,  9911.43,  648.214534659,  555.576889313,  1313.59
1576.83991176,  11482.6,  9921.24,  648.215315417,  555.5771411,  1313.12
1576.86034608,  11476.6,  9916.04,  648.215173946,  555.577558321,  1312.86
1576.8807805,  11479.3,  9918.4,  648.21469836,  555.576975395,  1313.49
1576.90121503,  11474.7,  9914.17,  648.214869551,  555.576908835,  1312.24
1576.92164935,  11476.6,  9915.52,  648.214370982,  555.576808153,  1312.59
1576.94208377,  11472.0,  9912.06,  648.214092613,  555.576857937,  1312.79
1576.96251819,  11479.0,  9917.73,  648.214709786,  555.578004668,  1312.71
1576.98295261,  11474.1,  9913.46,  648.214449783,  555.577033116,  1312.8
1577.00338713,  11483.1,  9921.17,  648.213962302,  555.576484263,  1311.8
1577.02382145,  11485.1,  9922.74,  648.214184691,  555.577198486,  1311.79
1577.04425588,  11483.5,  9921.37,  648.213714846,  555.577133023,  1312.05
1577.0646904,  11480.9,  9919.28,  648.214120121,  555.577705146,  1312.79
1577.08512472,  11489.2,  9925.92,  648.214901702,  555.575813239,  1312.26
1577.10555914,  11468.3,  9908.32,  648.214315153,  555.577222934,  1312.15
1577.12599367,  11476.4,  9915.13,  648.214413002,  555.576315393,  1311.34
1577.14642799,  11481.8,  9919.42,  648.214573924,  555.576460019,  1312.23
1577.16686251,  11478.8,  9916.84,  648.214547367,  555.576639234,  1312.31
1577.18729693,  11475.3,  9913.87,  648.214653154,  555.57677407,  1312.7
1577.20773126,  11478.4,  9916.39,  648.214228352,  555.576186878,  1311.66
1577.22816578,  11480.4,  9918.17,  648.213734031,  555.576088316,  1311.5
1577.24860021,  11476.2,  9914.37,  648.214513386,  555.575663288,  1311.87
1577.26903463,  11485.2,  9922.2,  648.214209315,  555.575824746,  1310.74
1577.28946905,  11478.7,  9916.35,  648.21462549,  555.576758979,  1310.9
1577.30990348,  11472.7,  9911.15,  648.214903363,  555.576480323,  1310.73
1577.3303379,  11473.8,  9912.24,  648.213445823,  555.576251548,  1311.36
1577.35077243,  11471.0,  9910.18,  648.213546227,  555.576173124,  1311.01
1577.37120675,  11477.2,  9915.0,  648.215165903,  555.575958268,  1311.52
1577.39164128,  11469.5,  9908.39,  648.213673812,  555.57605414,  1311.57
1577.4120757,  11472.8,  9911.02,  648.214271038,  555.575708075,  1311.19
1577.43251003,  11471.4,  9909.91,  648.214443361,  555.575932074,  1310.74
1577.45294455,  11485.1,  9921.73,  648.213898283,  555.575822225,  1310.13
1577.47337898,  11477.7,  9914.92,  648.213797754,  555.575555049,  1310.04
1577.4938133,  11472.3,  9910.5,  648.21333151,  555.576146022,  1311.1
1577.51424783,  11481.7,  9918.69,  648.214650375,  555.57615637,  1309.93
1577.53468226,  11476.2,  9913.72,  648.214702626,  555.575871575,  1309.69
1577.55511668,  11476.6,  9914.33,  648.214458312,  555.576054263,  1310.44
1577.57555111,  11483.7,  9920.22,  648.213962633,  555.575937565,  1310.09
1577.59598544,  11481.0,  9917.95,  648.214150411,  555.57582345,  1309.03
1577.61641996,  11479.9,  9916.6,  648.21354978,  555.575799023,  1309.98
1577.63685439,  11475.0,  9912.74,  648.21374042,  555.575736819,  1309.18
1577.65728872,  11479.1,  9916.02,  648.215244819,  555.576164495,  1310.4
1577.67772325,  11474.8,  9912.27,  648.215082954,  555.576124986,  1309.75
1577.69815767,  11480.0,  9916.7,  648.212506672,  555.575723996,  1309.17
1577.7185921,  11476.5,  9913.92,  648.214541572,  555.575553446,  1310.95
1577.73902653,  11475.6,  9913.06,  648.214227728,  555.57555365,  1308.92
1577.75946096,  11477.0,  9914.07,  648.213748,  555.576053954,  1308.84
1577.77989549,  11475.6,  9913.0,  648.214355729,  555.575759555,  1308.8
1577.80032981,  11477.7,  9914.64,  648.214396727,  555.576030842,  1309.76
1577.82076424,  11469.4,  9907.68,  648.213811803,  555.576483816,  1309.2
1577.84119877,  11477.4,  9914.64,  648.214179615,  555.575917754,  1308.25
1577.8616332,  11472.1,  9909.5,  648.213480332,  555.57590497,  1308.79
1577.88206753,  11479.8,  9916.46,  648.214526268,  555.575678357,  1307.31
1577.90250206,  11482.1,  9918.14,  648.214051247,  555.574739927,  1307.29
1577.92293649,  11468.4,  9906.39,  648.214441924,  555.575157845,  1308.12
1577.94337092,  11472.3,  9909.91,  648.215685411,  555.57221714,  1308.34
1577.96380535,  11470.9,  9908.75,  648.214740356,  555.57578802,  1307.63
1577.98423978,  11483.5,  9918.79,  648.212843395,  555.575678582,  1308.13
1578.00467421,  11480.3,  9916.64,  648.214767689,  555.575471744,  1308.95
1578.02510864,  11471.7,  9908.81,  648.214328359,  555.575831467,  1308.24
1578.04554307,  11474.7,  9911.77,  648.214642769,  555.574917825,  1307.73
1578.0659776,  11470.9,  9908.6,  648.214838407,  555.57524885,  1312.86
1578.08641193,  11470.1,  9907.47,  648.214055915,  555.575375576,  1309.99
1578.10684636,  11473.9,  9910.7,  648.214376985,  555.575795585,  1308.13
1578.12728089,  11476.5,  9913.24,  648.21304434,  555.575608946,  1308.11
1578.14771522,  11465.6,  9903.9,  648.215586391,  555.574902826,  1307.84
1578.16814976,  11468.9,  9906.63,  648.214506092,  555.575671793,  1307.53
1578.18858419,  11473.7,  9910.75,  648.214944144,  555.575198376,  1307.59
1578.20901852,  11477.6,  9914.02,  648.214551207,  555.574994141,  1307.2
1578.22945305,  11472.2,  9909.28,  648.214446246,  555.57527416,  1308.0
1578.24988738,  11474.5,  9911.02,  648.214943449,  555.574186447,  1307.57
1578.27032182,  11472.1,  9909.17,  648.212959575,  555.575483226,  1307.5
1578.29075635,  11475.0,  9911.35,  648.214310435,  555.574942845,  1307.42
1578.31119068,  11472.5,  9909.5,  648.213568707,  555.575909802,  1307.09
1578.33162521,  11472.2,  9909.38,  648.214158747,  555.575799161,  1307.5
1578.35205965,  11473.8,  9910.89,  648.214749241,  555.574631338,  1308.03
1578.37249398,  11468.8,  9906.01,  648.213891995,  555.575558379,  1306.63
1578.39292851,  11480.5,  9916.15,  648.215041287,  555.57505856,  1306.91
1578.41336295,  11469.3,  9906.63,  648.214273078,  555.57536921,  1307.63
1578.43379738,  11478.5,  9914.52,  648.213895437,  555.574930095,  1307.29
1578.45423182,  11473.6,  9910.37,  648.215218934,  555.574768419,  1306.52
1578.47466625,  11477.2,  9912.9,  648.214302495,  555.574786069,  1307.46
1578.49510068,  11465.9,  9903.64,  648.21415903,  555.574456993,  1307.5
1578.51553512,  11472.0,  9908.57,  648.21439005,  555.575117482,  1307.45
1578.53596955,  11471.1,  9907.86,  648.213879795,  555.5753468,  1307.09
1578.55640409,  11477.2,  9912.96,  648.21426997,  555.574965571,  1306.24
1578.57683852,  11466.2,  9903.35,  648.2137285,  555.575271213,  1307.55
1578.59727286,  11476.9,  9912.61,  648.214177898,  555.575306623,  1307.51
1578.63814183,  11466.6,  9903.5,  648.213277274,  555.575112172,  1305.85
1578.65857616,  11473.0,  9908.93,  648.213944257,  555.574441567,  1305.7
1578.6790107,  11466.5,  9903.73,  648.214803102,  555.574577361,  1305.38
1578.69944514,  11479.0,  9913.75,  648.213340071,  555.574943031,  1305.54
1578.71987947,  11475.5,  9910.92,  648.213664944,  555.575547877,  1305.78
1578.74031401,  11475.2,  9910.48,  648.21321099,  555.574931566,  1305.96
1578.76074845,  11468.9,  9905.1,  648.215878205,  555.573845157,  1304.76
1578.78118298,  11477.2,  9912.92,  648.214249927,  555.574769942,  1304.65
1578.80161732,  11480.4,  9914.98,  648.215051388,  555.574947567,  1305.23
1578.82205176,  11468.7,  9904.76,  648.215096094,  555.574545371,  1305.55
1578.84248629,  11470.6,  9906.5,  648.212996706,  555.574901659,  1305.22
1578.86292063,  11471.0,  9906.7,  648.213474988,  555.57459399,  1304.81
1578.88335507,  11467.7,  9904.05,  648.21367698,  555.575179524,  1306.25
1578.90378951,  11465.9,  9902.6,  648.214145841,  555.574702759,  1305.36
1578.92422394,  11472.1,  9907.61,  648.214742088,  555.575219448,  1304.92
1578.94465848,  11474.9,  9910.0,  648.214191941,  555.574127495,  1304.35
1578.96509282,  11460.8,  9898.1,  648.214212131,  555.574423495,  1304.69
1578.98552726,  11471.8,  9907.2,  648.213446596,  555.574322095,  1304.56
1579.0059618,  11476.5,  9911.4,  648.214024732,  555.574166511,  1305.51
1579.02639613,  11470.2,  9905.85,  648.215583096,  555.574079939,  1305.2
1579.04683057,  11477.7,  9912.33,  648.214590146,  555.57506926,  1304.99
1579.06726511,  11469.2,  9904.94,  648.215822585,  555.572865233,  1304.74
1579.08769955,  11473.8,  9908.77,  648.213953753,  555.57448182,  1304.41
1579.10813389,  11467.2,  9903.39,  648.215691499,  555.573984822,  1304.3
1579.12856843,  11471.5,  9906.89,  648.214348499,  555.573991107,  1304.07
1579.14900287,  11482.1,  9915.78,  648.214985117,  555.574555476,  1303.74
1579.16943731,  11473.9,  9909.09,  648.21352171,  555.574021819,  1303.53
1579.18987175,  11481.4,  9914.97,  648.214929397,  555.573917921,  1304.6
1579.21030619,  11470.4,  9905.88,  648.213655132,  555.574502813,  1303.9
1579.23074073,  11464.9,  9901.43,  648.214160373,  555.574276541,  1302.93
1579.25117507,  11476.2,  9910.77,  648.213925807,  555.574142478,  1304.22
1579.27160951,  11470.2,  9905.5,  648.214096226,  555.573872813,  1303.55
1579.29204405,  11470.5,  9905.72,  648.215787161,  555.573817536,  1302.84
1579.31247839,  11474.3,  9908.83,  648.21521337,  555.573400099,  1303.35
1579.33291293,  11470.4,  9905.76,  648.214837826,  555.574081089,  1303.89
1579.35334738,  11469.4,  9904.46,  648.214338883,  555.573752251,  1303.09
1579.37378172,  11468.6,  9903.87,  648.214344369,  555.574725662,  1302.99
1579.39421626,  11471.2,  9906.21,  648.213993723,  555.57419487,  1302.1
1579.4146507,  11467.8,  9902.93,  648.213996097,  555.573685736,  1303.62
1579.43508504,  11467.4,  9902.71,  648.21509936,  555.573713356,  1303.44
1579.45551958,  11478.1,  9911.59,  648.214938856,  555.573844043,  1302.63
1579.47595403,  11475.6,  9909.47,  648.215073574,  555.574101021,  1302.99
1579.49638837,  11469.5,  9904.34,  648.214045128,  555.573520319,  1303.35
1579.51682291,  11470.4,  9905.11,  648.214068106,  555.574361319,  1303.09
1579.53725726,  11483.2,  9915.72,  648.21274108,  555.573184558,  1302.35
1579.5576918,  11469.9,  9904.59,  648.214131878,  555.57389642,  1303.16
1579.57812624,  11424.0,  9865.63,  648.214299273,  555.573891798,  1302.44
1579.59856068,  11148.6,  9631.76,  648.217139732,  555.576237996,  1302.32
1579.61899513,  10903.8,  9423.76,  648.218813302,  555.576570963,  1302.42
1579.63942957,  10842.7,  9371.94,  648.219551836,  555.576043413,  1302.12
1579.65986402,  10833.0,  9363.49,  648.21828475,  555.576155378,  1302.28
1579.68029846,  10858.3,  9385.08,  648.218316688,  555.576765884,  1301.93
1579.7007329,  11003.9,  9508.65,  648.21783558,  555.575606721,  1301.66
1579.72116745,  11326.6,  9782.49,  648.216102511,  555.573443725,  1300.82
1579.74160189,  11470.7,  9904.28,  648.214589688,  555.573266219,  1301.29
1579.76203624,  11471.8,  9905.39,  648.213643451,  555.572920995,  1301.2
1579.78247078,  11471.1,  9904.82,  648.214410866,  555.572693434,  1300.62
1579.80290523,  11466.4,  9900.44,  648.215057542,  555.573388175,  1300.91
1579.82333957,  11470.2,  9904.16,  648.215395935,  555.573265406,  1300.24
1579.84377412,  11475.3,  9907.75,  648.214513755,  555.573335193,  1300.98
1579.86420856,  11470.6,  9904.33,  648.213988076,  555.573584434,  1299.9
1579.88464291,  11470.2,  9903.38,  648.214946318,  555.572857881,  1300.85
1579.90507745,  11471.4,  9904.73,  648.214291868,  555.572370036,  1300.72
1579.9255119,  11476.4,  9908.74,  648.214058031,  555.572461447,  1299.97
1579.94594644,  11472.6,  9905.76,  648.214895581,  555.572786263,  1299.14
1579.96638079,  11483.9,  9914.98,  648.214186514,  555.572108465,  1298.7
1579.98681524,  11469.9,  9903.06,  648.214236153,  555.572292721,  1299.42
1580.00724978,  11473.3,  9905.86,  648.215817968,  555.57268104,  1299.5
1580.02768413,  11471.5,  9904.05,  648.213323883,  555.572839308,  1298.54
1580.04811858,  11466.0,  9899.63,  648.215216871,  555.572290174,  1298.69
1580.06855312,  11470.1,  9903.08,  648.214660119,  555.572429252,  1298.15
1580.08898747,  11476.7,  9908.09,  648.214328044,  555.572155218,  1299.1
1580.10942192,  11472.9,  9905.27,  648.214221166,  555.571507576,  1298.62
1580.12985647,  11482.5,  9913.09,  648.213188882,  555.572771612,  1298.65
1580.15029081,  11473.5,  9905.64,  648.214038539,  555.572578413,  1298.71
1580.17072536,  11467.9,  9900.98,  648.213204218,  555.572998753,  1297.82
1580.19115971,  11475.7,  9906.73,  648.214088825,  555.573006121,  1298.45
1580.21159416,  11473.0,  9904.87,  648.214481645,  555.572643032,  1298.66
1580.23202871,  11477.6,  9908.81,  648.212974829,  555.572833712,  1298.03
1580.25246305,  11472.6,  9904.48,  648.214300236,  555.572761404,  1296.98
1580.2728975,  11466.2,  9899.28,  648.214534507,  555.572628617,  1296.74
1580.29333205,  11476.2,  9907.23,  648.213764154,  555.572824052,  1298.37
1580.3137665,  11479.7,  9910.39,  648.212487887,  555.571247874,  1297.18
1580.33420095,  11470.0,  9902.36,  648.213687039,  555.572648925,  1298.63
1580.3546354,  11475.9,  9907.16,  648.21414819,  555.572508972,  1296.74
1580.37506985,  11478.3,  9908.76,  648.215315307,  555.572337059,  1296.77
1580.3955043,  11471.6,  9903.18,  648.214491005,  555.572626947,  1297.04
1580.41593875,  11472.0,  9903.5,  648.214577231,  555.572944477,  1296.35
1580.4363732,  11480.1,  9910.44,  648.214978098,  555.570838525,  1296.86
1580.45680775,  11473.8,  9905.03,  648.214006134,  555.572375009,  1296.23
1580.4772421,  11480.7,  9910.64,  648.214190389,  555.5720578,  1296.0
1580.49767655,  11472.1,  9903.45,  648.214517717,  555.57134218,  1296.27
1580.5181111,  11475.6,  9906.17,  648.214361018,  555.572256124,  1296.38
1580.53854545,  11475.1,  9905.94,  648.21376912,  555.572688094,  1296.91
1580.55898,  11471.4,  9902.57,  648.214234432,  555.570994031,  1296.2
1580.57941445,  11477.0,  9907.07,  648.213518101,  555.571971449,  1296.6
1580.5998488,  11473.1,  9903.73,  648.214267391,  555.572233821,  1294.98
1580.62028335,  11475.4,  9906.2,  648.213704604,  555.572629321,  1295.26
1580.64071781,  11477.1,  9907.11,  648.214274626,  555.571574147,  1295.05
1580.66115216,  11476.5,  9906.79,  648.214434769,  555.571829519,  1295.51
1580.68158671,  11475.1,  9905.29,  648.215035326,  555.571261728,  1295.68
1580.70202116,  11478.8,  9908.16,  648.214346819,  555.571735409,  1294.8
1580.72245571,  11468.6,  9900.33,  648.213620989,  555.571850524,  1294.67
1580.74289007,  11480.3,  9909.44,  648.213084185,  555.571085706,  1294.93
1580.76332452,  11478.3,  9907.98,  648.213325809,  555.571558616,  1295.31
1580.78375907,  11481.1,  9910.63,  648.213881828,  555.571284149,  1293.64
1580.80419342,  11478.6,  9908.07,  648.215261973,  555.572207003,  1294.09
1580.82462788,  11472.9,  9902.91,  648.213715819,  555.571764521,  1294.57
1580.84506233,  11483.2,  9911.81,  648.21537886,  555.571916667,  1293.97
1580.86549678,  11476.1,  9905.64,  648.213649319,  555.571417428,  1294.39
1580.88593124,  11481.5,  9910.53,  648.215076355,  555.571909525,  1294.45
1580.90636569,  11486.1,  9914.39,  648.215433186,  555.570881295,  1293.85
1580.92680014,  11484.8,  9913.06,  648.214084428,  555.572051562,  1294.5
1580.9472347,  11480.2,  9909.19,  648.214109364,  555.571393318,  1293.98
1580.96766915,  11473.0,  9902.95,  648.214392059,  555.570875427,  1293.72
1580.9881035,  11481.4,  9909.93,  648.215059097,  555.571711335,  1293.99
1581.00853806,  11478.2,  9907.33,  648.21347731,  555.571199175,  1293.54
1581.02897251,  11485.4,  9913.2,  648.214380381,  555.571754975,  1293.04
1581.04940687,  11476.9,  9906.32,  648.213313731,  555.570603662,  1293.31
1581.06984142,  11479.2,  9907.89,  648.213458888,  555.570419488,  1292.39
1581.09027588,  11481.2,  9910.11,  648.21445285,  555.571649151,  1292.84
1581.11071043,  11485.1,  9912.63,  648.213242693,  555.571058457,  1293.44
1581.13114479,  11480.6,  9909.05,  648.215044764,  555.570274519,  1293.29
1581.15157924,  11492.2,  9918.87,  648.214993998,  555.571000908,  1292.67
1581.1720138,  11475.8,  9905.52,  648.21470327,  555.57168426,  1292.31
1581.19244815,  11479.5,  9908.03,  648.213394073,  555.571236893,  1292.88
1581.21288261,  11483.3,  9911.32,  648.213909362,  555.571041346,  1292.31
1581.23331717,  11479.0,  9907.29,  648.213823881,  555.570997329,  1292.92
1581.25375152,  11476.9,  9905.51,  648.214676859,  555.570929239,  1292.34
1581.27418598,  11480.1,  9908.05,  648.214507887,  555.571208679,  1292.26
1581.29462054,  11479.6,  9907.81,  648.214738872,  555.571038764,  1292.08
1581.31505489,  11481.3,  9909.45,  648.21379119,  555.571443054,  1290.87
1581.33548945,  11477.3,  9905.89,  648.2152511,  555.570393587,  1290.97
1581.35592391,  11494.2,  9920.03,  648.213745899,  555.570995737,  1291.99
1581.37635836,  11484.6,  9911.98,  648.213637223,  555.571103365,  1291.22
1581.39679282,  11480.4,  9908.57,  648.214073851,  555.571171224,  1291.21
1581.41722728,  11480.8,  9908.35,  648.213016271,  555.571009351,  1290.86
1581.43766174,  11488.0,  9914.86,  648.213795424,  555.570944486,  1290.06
1581.45809619,  11486.1,  9912.43,  648.21336936,  555.570836953,  1290.17
1581.47853065,  11478.4,  9906.33,  648.21376797,  555.570820126,  1291.42
1581.49896511,  11482.1,  9909.76,  648.213830422,  555.570288258,  1291.68
1581.51939957,  11479.6,  9907.14,  648.214231539,  555.570481267,  1290.64
1581.53983403,  11481.2,  9908.75,  648.213925509,  555.571431317,  1290.48
1581.56026848,  11484.9,  9911.68,  648.214031685,  555.570999393,  1290.56
1581.58070294,  11484.1,  9910.26,  648.213726362,  555.569962537,  1289.72
1586.8323567,  11469.3,  9858.79,  648.213986936,  555.555470153,  1265.78
1586.85279129,  11473.1,  9862.93,  648.2140514,  555.55478087,  1264.69
1586.87322569,  11477.2,  9865.66,  648.215182763,  555.55501992,  1264.52
1586.89366028,  11474.5,  9863.66,  648.214603203,  555.555278869,  1264.56
1586.91409478,  11470.2,  9859.89,  648.214552496,  555.554794647,  1263.83
1586.93452917,  11473.4,  9862.51,  648.214592687,  555.554640576,  1264.62
1586.95496377,  11478.3,  9866.78,  648.213663866,  555.555543639,  1264.35
1586.97539826,  11473.6,  9862.49,  648.212733208,  555.555536433,  1263.85
1586.99583276,  11471.0,  9860.04,  648.213866272,  555.555365863,  1264.18
1587.01626726,  11467.7,  9857.46,  648.213499879,  555.555187799,  1263.47
1587.03670175,  11470.0,  9858.92,  648.214161402,  555.555472263,  1264.68
1587.05713635,  11464.4,  9854.13,  648.213534037,  555.555091565,  1264.16
1587.07757084,  11469.4,  9858.85,  648.213429802,  555.554843196,  1263.2
1587.09800524,  11462.6,  9852.56,  648.214550237,  555.554910026,  1263.82
1587.11843984,  11457.2,  9848.02,  648.214214191,  555.55550635,  1262.61
1587.13887433,  11462.1,  9852.36,  648.215066068,  555.555111527,  1263.11
1587.15930873,  11463.5,  9853.66,  648.215007555,  555.55533388,  1262.94
1587.17974333,  11457.4,  9848.27,  648.214821559,  555.555144385,  1263.26
1587.20017782,  11464.0,  9853.86,  648.214038998,  555.555178854,  1263.71
1587.22061232,  11464.7,  9854.37,  648.214323969,  555.554941757,  1263.25
1587.24104682,  11464.1,  9854.07,  648.213893768,  555.554786738,  1263.68
1587.26148121,  11467.0,  9856.41,  648.214612344,  555.554922404,  1262.94
1587.28191581,  11467.5,  9856.63,  648.214376296,  555.554749452,  1264.15
1587.30235031,  11462.5,  9852.98,  648.214341248,  555.555237789,  1262.87
1587.32278471,  11461.6,  9852.4,  648.213289846,  555.555415286,  1262.3
1587.3432193,  11457.0,  9848.0,  648.214398201,  555.554067177,  1264.61
1587.3636538,  11464.1,  9854.23,  648.216218711,  555.554766924,  1263.6
1587.3840884,  11468.2,  9857.57,  648.214714824,  555.554287506,  1263.38
1587.4045228,  11453.2,  9845.38,  648.214520482,  555.554332847,  1262.78
1587.4249573,  11464.0,  9854.86,  648.213640499,  555.555435766,  1261.68
1587.4453919,  11449.3,  9841.95,  648.214502823,  555.555501182,  1263.01
1587.46582629,  11458.7,  9850.0,  648.214677068,  555.555169854,  1262.89
1587.50669539,  11452.6,  9845.92,  648.215209345,  555.554736769,  1261.73
1587.52712979,  11454.5,  9847.45,  648.21454589,  555.554741173,  1262.29
1587.54756439,  11455.2,  9847.86,  648.215260109,  555.555006806,  1262.82
1587.56799889,  11468.5,  9859.11,  648.214469055,  555.555221567,  1261.91
1587.58843339,  11453.9,  9847.2,  648.21541627,  555.555122221,  1261.77
1587.60886789,  11459.6,  9852.1,  648.215264598,  555.554406826,  1261.46
1587.62930239,  11454.8,  9847.97,  648.214104944,  555.554672767,  1262.51
1587.64973689,  11459.8,  9852.55,  648.214135528,  555.554228218,  1261.36
1587.67017138,  11461.5,  9854.2,  648.215083054,  555.55438049,  1260.49
1587.69060588,  11453.0,  9847.11,  648.215383295,  555.554612981,  1261.28
1587.71104048,  11450.1,  9845.11,  648.214949655,  555.554264336,  1261.15
1587.73147488,  11454.4,  9848.92,  648.214399416,  555.554919524,  1261.15
1587.75190938,  11456.2,  9850.89,  648.214558769,  555.555106251,  1260.23
1587.77234399,  11452.2,  9847.02,  648.215380114,  555.554035187,  1261.49
1587.79277849,  11452.4,  9847.79,  648.213558126,  555.55443634,  1261.06
1587.81321289,  11459.3,  9853.91,  648.214823447,  555.554923118,  1260.39
1587.83364749,  11457.3,  9852.06,  648.213225621,  555.555345231,  1260.88
1587.85408189,  11449.1,  9845.56,  648.214474512,  555.555325135,  1260.93
1587.87451649,  11455.2,  9850.7,  648.216527317,  555.553661526,  1260.61
1587.89495099,  11448.2,  9844.78,  648.21564695,  555.555322715,  1259.99
1587.91538539,  11450.3,  9847.06,  648.214330723,  555.555388449,  1259.86
1587.93581999,  11454.7,  9851.08,  648.214824396,  555.555301567,  1260.08
1587.95625449,  11451.6,  9848.72,  648.214982434,  555.555351164,  1259.83
1587.97668889,  11453.4,  9850.29,  648.21405583,  555.555676179,  1259.98
1587.9971235,  11449.8,  9847.65,  648.214275354,  555.556232971,  1259.82
1588.017558,  11452.7,  9849.97,  648.214401018,  555.555986666,  1259.32
1588.0379924,  11450.0,  9847.95,  648.213508228,  555.556625839,  1258.73
1588.058427,  11456.1,  9853.32,  648.213545188,  555.556544095,  1258.67
1588.0788615,  11457.7,  9855.1,  648.213707911,  555.556249209,  1259.26
1588.09929611,  11450.3,  9848.67,  648.21501248,  555.556438861,  1257.83
1588.11973051,  11456.4,  9854.16,  648.214040512,  555.556122515,  1257.69
1588.14016501,  11450.9,  9849.54,  648.214358771,  555.555969078,  1257.96
1588.16059961,  11452.2,  9851.02,  648.212796074,  555.556462407,  1257.86
1588.18103402,  11447.2,  9846.98,  648.213816455,  555.556496032,  1258.04
1588.20146852,  11454.5,  9853.46,  648.214169452,  555.5565964,  1257.39
1588.22190312,  11442.9,  9843.56,  648.214422272,  555.556612604,  1257.29
1588.24233752,  11445.3,  9846.27,  648.214206136,  555.556555252,  1257.02
1588.26277213,  11428.6,  9831.88,  648.215509695,  555.556224972,  1257.22
1588.28320663,  11435.6,  9837.83,  648.214157757,  555.55680718,  1257.63
1588.30364113,  11433.4,  9836.49,  648.213746819,  555.557057939,  1256.6
1588.32407564,  11432.1,  9835.18,  648.214157505,  555.556303121,  1257.1
1588.34451014,  11435.9,  9838.47,  648.214997227,  555.557138803,  1258.15
1588.36494465,  11447.1,  9848.27,  648.214134713,  555.556752728,  1256.9
1588.38537915,  11440.4,  9843.05,  648.214683664,  555.557413031,  1255.49
1588.40581365,  11441.5,  9843.81,  648.212000911,  555.556751434,  1255.72
1588.42624816,  11441.8,  9844.27,  648.213800282,  555.556668697,  1255.03
1588.44668276,  11450.3,  9851.82,  648.213246958,  555.55758418,  1255.84
1588.46711717,  11450.1,  9851.39,  648.214700441,  555.556762373,  1255.55
1588.48755177,  11454.1,  9855.09,  648.213961799,  555.556922486,  1254.94
1588.50798618,  11445.5,  9848.16,  648.213539527,  555.557808164,  1255.33
1588.52842068,  11442.0,  9845.35,  648.214508134,  555.557091805,  1255.28
1588.54885528,  11451.1,  9852.67,  648.214563217,  555.557111003,  1254.49
1588.56928969,  11443.3,  9846.35,  648.215965164,  555.557639544,  1255.47
1588.58972419,  11444.2,  9847.09,  648.214759056,  555.556937108,  1255.55
1588.6101588,  11445.5,  9848.42,  648.213625945,  555.556581691,  1254.17
1588.63059321,  11448.2,  9850.83,  648.214386034,  555.557673465,  1254.88
1588.65102781,  11447.2,  9850.17,  648.214194314,  555.557300943,  1253.87
1588.67146232,  11450.9,  9853.45,  648.214147839,  555.557229963,  1254.58
1588.69189672,  11456.4,  9858.53,  648.214226123,  555.557463807,  1254.37
1588.71233133,  11440.9,  9845.16,  648.214678209,  555.556846132,  1253.62
1588.73276583,  11449.7,  9852.43,  648.214524698,  555.557864553,  1253.6
1588.75320024,  11439.3,  9844.01,  648.213844369,  555.557513866,  1253.77
1588.77363485,  11450.0,  9853.05,  648.215297844,  555.557875583,  1253.95
1588.79406935,  11452.1,  9855.04,  648.214641744,  555.558069445,  1254.13
1588.81450386,  11453.0,  9855.67,  648.214896844,  555.556998564,  1254.27
1588.83493836,  11446.3,  9850.16,  648.213666182,  555.557465651,  1254.12
1588.85537287,  11446.7,  9850.51,  648.214050871,  555.558862234,  1254.52
1588.87580748,  11451.8,  9855.38,  648.21449796,  555.557795912,  1252.74
1588.89624188,  11447.9,  9851.72,  648.213779804,  555.558537374,  1253.3
1588.91667639,  11444.3,  9848.67,  648.215253314,  555.557345367,  1253.17
1588.937111,  11452.7,  9855.93,  648.214737216,  555.558240511,  1252.5
1588.95754551,  11449.2,  9853.18,  648.213363554,  555.557725239,  1253.04
1588.97797991,  11451.6,  9855.19,  648.215784569,  555.557516222,  1252.01
1588.99841452,  11444.6,  9849.72,  648.214762602,  555.558367812,  1252.04
1589.01884903,  11441.2,  9846.74,  648.213600825,  555.557511206,  1251.6
1589.03928344,  11442.5,  9847.58,  648.214392074,  555.557917039,  1252.29
1589.05971804,  11449.1,  9853.2,  648.21506321,  555.556901203,  1253.1
1589.08015255,  11455.1,  9858.62,  648.213702182,  555.557999742,  1251.27
1589.10058716,  11445.5,  9850.63,  648.215266433,  555.556811651,  1251.67
1589.12102157,  11453.0,  9857.06,  648.212935724,  555.558116105,  1251.75
1589.14145608,  11455.4,  9859.24,  648.215938201,  555.557573291,  1251.42
1589.16189058,  11446.8,  9851.62,  648.213791233,  555.557486286,  1251.71
1589.18232509,  11444.1,  9849.78,  648.213298699,  555.558407744,  1251.2
1589.2027595,  11450.7,  9854.88,  648.214156942,  555.558461859,  1251.51
1589.22319411,  11462.6,  9865.51,  648.213614424,  555.557767492,  1250.44
1589.24362862,  11444.5,  9850.42,  648.214691008,  555.55763351,  1251.02
1589.26406323,  11450.3,  9854.84,  648.215128213,  555.557697763,  1251.92
1589.28449764,  11450.6,  9855.38,  648.214170057,  555.557787324,  1251.76
1589.30493214,  11446.1,  9851.52,  648.214023877,  555.558031944,  1250.94
1589.32536675,  11446.9,  9852.11,  648.215832265,  555.557985093,  1251.89
1589.34580116,  11456.6,  9860.84,  648.215757461,  555.557948674,  1250.4
1589.36623567,  11452.4,  9856.87,  648.214109974,  555.557457027,  1251.08
1589.38667028,  11450.2,  9855.32,  648.214918861,  555.557982584,  1251.28
1589.40710469,  11443.2,  9849.36,  648.214576091,  555.557725403,  1250.23
1589.4275392,  11446.0,  9852.09,  648.21431334,  555.55756636,  1249.2
1589.44797381,  11457.1,  9861.0,  648.21422194,  555.557341717,  1250.96
1589.46840832,  11451.2,  9856.66,  648.213376285,  555.558281418,  1250.35
1589.48884283,  11458.7,  9862.2,  648.214371228,  555.557970266,  1250.64
1589.50927734,  11463.0,  9865.98,  648.214008369,  555.556920392,  1249.84
1589.52971185,  11453.3,  9857.9,  648.214765523,  555.558268623,  1249.96
1589.55014636,  11446.0,  9851.18,  648.214924342,  555.557867924,  1249.87
1589.57058087,  11444.9,  9850.97,  648.214467626,  555.55817863,  1249.99
1589.59101538,  11440.9,  9847.76,  648.214580058,  555.557375434,  1249.1
1589.61144999,  11455.2,  9860.05,  648.214548909,  555.557675469,  1249.37
1589.63188441,  11448.5,  9854.27,  648.214126433,  555.55792313,  1250.47
1589.65231892,  11443.6,  9849.81,  648.214572003,  555.558032308,  1250.32
1589.67275353,  11446.9,  9853.16,  648.215136318,  555.558163131,  1248.71
1589.69318794,  11450.7,  9856.2,  648.215592501,  555.558010264,  1249.53
1589.71362255,  11450.4,  9855.77,  648.215634219,  555.558004628,  1248.67
1589.73405706,  11448.8,  9854.74,  648.214703138,  555.558102793,  1248.52
1589.75449147,  11453.7,  9858.78,  648.214215841,  555.558027071,  1247.88
1589.77492608,  11448.7,  9854.25,  648.214295613,  555.556936994,  1248.86
1589.7953606,  11457.2,  9861.93,  648.215312901,  555.557870758,  1248.3
1589.81579501,  11452.7,  9857.75,  648.213586382,  555.557515961,  1248.21
1589.85666403,  11448.9,  9855.06,  648.215428212,  555.558022051,  1248.41
1589.87709864,  11459.3,  9863.52,  648.215375671,  555.557660118,  1247.46
1589.89753316,  11457.4,  9861.92,  648.214754129,  555.558152816,  1249.1
1589.91796757,  11454.1,  9859.27,  648.214458506,  555.557750792,  1247.86
1589.93840218,  11450.2,  9855.47,  648.213216539,  555.558692756,  1248.76
1589.95883669,  11452.5,  9857.72,  648.214567605,  555.557865908,  1247.94
1589.97927111,  11454.8,  9859.51,  648.214666031,  555.557448698,  1247.93
1589.99970572,  11465.4,  9868.5,  648.214610828,  555.557483105,  1247.81
1590.02014023,  11458.4,  9862.42,  648.21537352,  555.558017177,  1247.47
1590.04057475,  11453.5,  9858.38,  648.215119319,  555.558050799,  1247.07
1590.06100926,  11448.9,  9854.56,  648.21492672,  555.557288041,  1247.82
1590.08144377,  11455.3,  9860.03,  648.215364361,  555.557506091,  1247.36
1590.10187839,  11454.9,  9859.28,  648.215596644,  555.559137936,  1247.1
1590.1223128,  11456.1,  9860.55,  648.215759151,  555.558047205,  1247.56
1590.14274731,  11455.8,  9860.38,  648.215716085,  555.557351826,  1246.28
1590.16318193,  11447.7,  9853.33,  648.216495483,  555.557277651,  1247.57
1590.18361644,  11452.4,  9857.48,  648.214518318,  555.557851868,  1246.42
1590.20405086,  11452.6,  9857.72,  648.214423314,  555.557842047,  1246.27
1590.22448547,  11456.2,  9860.76,  648.215420951,  555.557717286,  1246.75
1590.24491998,  11460.9,  9864.78,  648.21509873,  555.557683858,  1246.67
1590.2653544,  11457.8,  9862.08,  648.214765713,  555.557833979,  1246.13
1590.28578901,  11453.7,  9858.68,  648.214960392,  555.557573779,  1245.92
1590.30622353,  11455.5,  9860.41,  648.214566251,  555.557560236,  1246.6
1590.32665814,  11453.3,  9858.16,  648.215603787,  555.557915433,  1246.52
1590.34709256,  11463.8,  9867.7,  648.214009161,  555.55803495,  1245.57
1590.36752707,  11453.3,  9858.54,  648.214745011,  555.557350319,  1245.83
1590.38796169,  11453.2,  9858.04,  648.21603341,  555.557327519,  1245.53
1590.4083961,  11449.8,  9855.31,  648.21468666,  555.557339278,  1245.87
1590.42883062,  11452.8,  9857.81,  648.215286686,  555.558156052,  1246.48
1590.44926513,  11460.8,  9864.43,  648.214368276,  555.556873178,  1245.53
1590.46969965,  11452.1,  9857.25,  648.215997128,  555.55809932,  1245.58
1590.49013426,  11455.6,  9859.99,  648.216029624,  555.557245543,  1245.2
1590.51056868,  11459.8,  9863.77,  648.215186447,  555.557490941,  1245.26
1590.53100319,  11452.3,  9857.61,  648.215310426,  555.557622385,  1245.7
1590.55143781,  11460.2,  9864.08,  648.215315064,  555.557104181,  1244.49
1590.57187222,  11465.8,  9868.93,  648.215456616,  555.55816849,  1243.91
1590.59230674,  11460.4,  9864.46,  648.215929814,  555.557575347,  1245.55
1590.61274136,  11455.3,  9859.79,  648.214454772,  555.557222907,  1245.29
1590.63317577,  11454.1,  9859.26,  648.215970779,  555.55804206,  1244.86
1590.65361029,  11462.6,  9866.08,  648.215640432,  555.556449782,  1244.99
1590.67404491,  11467.7,  9870.49,  648.214105541,  555.557561458,  1244.67
1590.69447942,  11459.3,  9863.28,  648.214811356,  555.557841771,  1243.98
1590.71491394,  11466.0,  9868.95,  648.214598832,  555.557669013,  1245.79
1590.73534846,  11452.6,  9857.92,  648.215077891,  555.55752489,  1244.71
1590.75578297,  11457.0,  9861.58,  648.215188608,  555.556428972,  1243.71
1590.77621749,  11463.9,  9867.33,  648.21530676,  555.557141333,  1243.93
1590.79665201,  11467.3,  9870.26,  648.215364287,  555.557893521,  1244.26
1590.81708652,  11460.5,  9864.51,  648.214467409,  555.557679883,  1244.06
1590.83752114,  11454.6,  9859.77,  648.214724426,  555.557762455,  1243.42
1590.85795556,  11463.7,  9867.59,  648.214188088,  555.557914,  1243.46
1590.87839008,  11458.9,  9863.05,  648.216541896,  555.557487327,  1243.27
1590.89882469,  11465.3,  9868.9,  648.215518389,  555.557763369,  1244.04
1590.91925911,  11464.1,  9867.75,  648.214136583,  555.558316265,  1244.48
1590.93969373,  11464.5,  9867.84,  648.215786434,  555.557887427,  1243.99
1590.96012825,  11460.0,  9864.37,  648.215803845,  555.557956088,  1244.04
1590.98056267,  11466.7,  9865.67,  648.216404937,  555.55624692,  1243.09
1591.00099728,  11453.3,  9855.98,  648.214720851,  555.557492946,  1244.2
