Kepler I.D.-----Channel

[9711751]--------[38]

-TTYPE1--------TTYPE8------------TTYPE4-----------TTYPE15------------TTYPE17-----------TTYPE6

['TIME']---['PDCSAP_FLUX']---['SAP_FLUX']---['MOM_CENTR1']---['MOM_CENTR2']---['SAP_BKG']

['BJD - 2454833']--['e-/s']--------['e-/s']---------['pixel']---------['pixel']----------['e-/s']

CROWDSAP --- 0.993

9711751

1559.24643628,  43590.5,  38181.3,  243.821345526,  389.192087319,  1196.73
1559.26687042,  43632.8,  38219.7,  243.822003013,  389.191993946,  1198.13
1559.28730466,  43668.4,  38248.2,  243.821956324,  389.191821913,  1195.13
1559.3077387,  43706.2,  38279.1,  243.82229765,  389.191645164,  1197.53
1559.32817284,  43744.4,  38313.6,  243.821623207,  389.19172735,  1196.41
1559.34860708,  43775.9,  38337.7,  243.822147697,  389.191313582,  1195.56
1559.36904112,  43782.2,  38343.0,  243.822155808,  389.191789729,  1196.14
1559.38947537,  43802.1,  38361.4,  243.822415359,  389.191443912,  1196.62
1559.40990951,  43813.7,  38366.8,  243.821936089,  389.191567127,  1196.56
1559.43034365,  43825.7,  38378.2,  243.82206134,  389.191364815,  1196.39
1559.45077779,  43842.4,  38390.8,  243.822046836,  389.191554253,  1195.38
1559.47121194,  43829.7,  38377.7,  243.822191246,  389.191664369,  1196.68
1559.49164608,  43807.9,  38360.3,  243.821914754,  389.19179353,  1194.87
1559.51208022,  43804.8,  38355.1,  243.822043307,  389.191367942,  1195.73
1559.53251437,  43784.0,  38335.6,  243.821931353,  389.191660448,  1195.26
1559.55294851,  43771.1,  38325.3,  243.821889691,  389.191231337,  1194.57
1559.57338265,  43745.0,  38298.8,  243.822561771,  389.191560902,  1195.84
1559.5938168,  43725.6,  38282.8,  243.822474345,  389.191403007,  1197.09
1559.61425094,  43697.2,  38258.4,  243.82229916,  389.191831135,  1194.58
1559.63468509,  43678.0,  38237.7,  243.822518372,  389.191622679,  1195.73
1559.65511923,  43654.0,  38218.5,  243.822606866,  389.191071016,  1195.75
1559.67555348,  43649.2,  38213.1,  243.821920724,  389.191700177,  1195.71
1559.69598752,  43494.5,  38076.3,  243.82245099,  389.191016205,  1194.43
1559.71642167,  41812.4,  36619.6,  243.822940196,  389.19083062,  1193.76
1559.73685591,  39042.7,  34214.8,  243.822373847,  389.190473553,  1193.95
1559.75728996,  36793.0,  32263.0,  243.822458941,  389.18942266,  1193.34
1559.7777242,  36497.9,  32009.1,  243.824008052,  389.189376513,  1191.89
1559.79815835,  38358.8,  33618.2,  243.822901416,  389.190415358,  1193.48
1559.81859239,  41169.0,  36055.2,  243.822685923,  389.190822848,  1193.12
1559.83902664,  43272.7,  37880.8,  243.822722316,  389.190520561,  1192.5
1559.85946079,  43636.2,  38191.2,  243.822354247,  389.191043118,  1193.26
1559.87989483,  43640.6,  38197.5,  243.822849184,  389.191102175,  1192.3
1559.90032908,  43656.4,  38210.7,  243.822727056,  389.190725853,  1191.71
1559.92076323,  43678.4,  38227.7,  243.822826054,  389.190899999,  1191.35
1559.94119748,  43687.1,  38236.3,  243.822897881,  389.190726975,  1192.34
1559.96163152,  43726.0,  38268.2,  243.822999545,  389.190694533,  1191.33
1559.98206567,  43736.3,  38275.5,  243.822727514,  389.190355105,  1192.42
1560.00249992,  43761.6,  38299.8,  243.823023225,  389.190690473,  1191.25
1560.02293397,  43780.7,  38312.7,  243.822504349,  389.190559109,  1189.3
1560.04336812,  43789.0,  38321.0,  243.823038225,  389.190593292,  1190.62
1560.06380236,  43821.8,  38350.3,  243.822969672,  389.190588232,  1192.15
1560.08423641,  43838.6,  38361.9,  243.823331671,  389.190568236,  1189.7
1560.10467066,  43845.4,  38369.3,  243.822715396,  389.190564235,  1191.24
1560.12510481,  43846.3,  38368.9,  243.822466649,  389.190466974,  1190.63
1560.14553886,  43834.4,  38357.0,  243.823121273,  389.190506,  1190.11
1560.16597311,  43832.9,  38358.5,  243.823044588,  389.190529718,  1189.95
1560.18640726,  43829.7,  38352.9,  243.822591083,  389.19029749,  1190.68
1560.20684131,  43808.8,  38334.4,  243.822618747,  389.190451669,  1188.91
1560.22727556,  43780.4,  38311.6,  243.822753853,  389.190423273,  1191.53
1560.24770971,  43771.0,  38301.3,  243.823317021,  389.18996413,  1190.53
1560.26814376,  43747.4,  38281.4,  243.823158892,  389.189999991,  1189.63
1560.28857801,  43721.4,  38259.3,  243.822632381,  389.189842109,  1189.74
1560.30901216,  43669.7,  38211.7,  243.82292798,  389.190085886,  1190.42
1560.32944631,  43645.7,  38194.3,  243.823086832,  389.190120505,  1188.45
1560.34988047,  43602.7,  38155.5,  243.823356995,  389.190259681,  1190.22
1560.37031462,  43541.8,  38100.8,  243.822883129,  389.190542689,  1190.45
1560.39074887,  43509.9,  38075.9,  243.823312852,  389.190048119,  1191.27
1560.41118292,  43454.5,  38025.9,  243.822991163,  389.190181774,  1189.19
1560.43161707,  43427.4,  38002.2,  243.823164991,  389.189951473,  1189.53
1560.45205133,  43384.3,  37966.8,  243.823027919,  389.189873178,  1189.42
1560.47248538,  43336.1,  37922.5,  243.823292164,  389.190177017,  1191.71
1560.49291963,  43308.4,  37899.7,  243.823178165,  389.190273249,  1190.03
1560.51335378,  43264.4,  37862.3,  243.822407329,  389.190315452,  1190.67
1560.53378784,  43235.0,  37834.1,  243.823135498,  389.189658361,  1189.85
1560.55422209,  43099.3,  37719.3,  243.822777556,  389.190402249,  1190.49
1560.57465624,  42108.3,  36858.7,  243.822916675,  389.190132211,  1190.78
1560.5950903,  40675.8,  35616.3,  243.823412925,  389.189339744,  1189.5
1560.61552455,  39594.6,  34680.4,  243.823585118,  389.188946397,  1188.64
1560.63595871,  39599.3,  34682.0,  243.823186324,  389.189520264,  1189.35
1560.65639286,  40619.0,  35566.1,  243.823267842,  389.189630179,  1189.88
1560.67682701,  42013.7,  36777.7,  243.823622183,  389.189596373,  1189.84
1560.69726117,  43069.4,  37690.6,  243.822841155,  389.189968267,  1189.32
1560.73812948,  43234.3,  37835.4,  243.823095182,  389.190131403,  1187.91
1560.75856363,  43263.6,  37858.0,  243.823306728,  389.190289804,  1187.56
1560.77899789,  43320.1,  37909.0,  243.822894922,  389.189720506,  1188.42
1560.79943195,  43318.7,  37907.1,  243.823284154,  389.190139762,  1189.31
1560.8198661,  43359.1,  37940.8,  243.822965751,  389.189934422,  1189.68
1560.84030036,  43409.8,  37989.5,  243.824066689,  389.189570436,  1198.64
1560.9629053,  43675.4,  38224.3,  243.822427328,  389.190918093,  1213.82
1560.98333936,  43678.6,  38223.6,  243.82300147,  389.190691459,  1210.97
1561.00377361,  43754.2,  38291.1,  243.824444326,  389.19053636,  1210.61
1561.02420777,  43828.5,  38353.2,  243.822408905,  389.19058643,  1207.76
1561.04464203,  43844.3,  38366.3,  243.82252113,  389.191047881,  1208.82
1561.06507609,  43827.3,  38354.3,  243.823756772,  389.190883048,  1208.79
1561.08551025,  43892.4,  38408.0,  243.823684061,  389.190171813,  1206.49
1561.1059445,  43927.7,  38437.7,  243.823560007,  389.190358417,  1208.58
1561.12637856,  43858.4,  38380.5,  243.823188296,  389.190990652,  1206.57
1561.14681272,  43852.5,  38371.9,  243.822828568,  389.190218917,  1202.69
1561.16724698,  43841.0,  38363.6,  243.82270818,  389.190441224,  1202.12
1561.18768104,  43837.7,  38362.5,  243.82381168,  389.189842696,  1202.06
1561.2081152,  43846.8,  38366.8,  243.823310977,  389.189959361,  1200.98
1561.22854946,  43790.8,  38319.3,  243.82352647,  389.189720429,  1197.5
1561.24898352,  43767.5,  38299.0,  243.822547192,  389.191160388,  1197.63
1561.26941778,  43785.0,  38312.5,  243.823630299,  389.190037599,  1195.38
1561.28985194,  43759.4,  38292.8,  243.822729986,  389.190143993,  1197.23
1561.3102861,  43729.6,  38263.1,  243.822945064,  389.190203953,  1194.76
1561.33072026,  43707.2,  38244.7,  243.822958716,  389.190297035,  1194.96
1561.35115442,  43681.5,  38224.0,  243.823208481,  389.189847067,  1194.43
1561.37158858,  43637.0,  38183.8,  243.822650052,  389.189833285,  1193.61
1561.39202274,  43627.0,  38176.4,  243.822867505,  389.189016291,  1193.41
1561.41245691,  43301.9,  37893.2,  243.821900823,  389.189578138,  1193.45
1561.43289117,  41162.1,  36036.8,  243.823243123,  389.189368241,  1192.29
1561.45332523,  38375.8,  33621.2,  243.823052583,  389.18875429,  1189.96
1561.47375939,  36504.9,  31998.6,  243.823480401,  389.188572929,  1190.03
1561.49419355,  36778.1,  32233.5,  243.8243159,  389.1887686,  1190.14
1561.51462772,  38998.6,  34161.5,  243.824416643,  389.187874769,  1190.94
1561.53506188,  41791.3,  36581.7,  243.823195003,  389.18966652,  1189.54
1561.55549614,  43465.8,  38033.0,  243.82338225,  389.189618433,  1189.6
1561.5759302,  43634.3,  38180.7,  243.823842556,  389.189696738,  1188.66
1561.59636437,  43640.1,  38183.0,  243.822997744,  389.189840719,  1187.58
1561.61679863,  43653.0,  38194.5,  243.823283862,  389.190280497,  1189.0
1561.63723269,  43667.8,  38207.6,  243.823491098,  389.188435576,  1188.6
1561.65766696,  43692.7,  38227.1,  243.823585844,  389.189604022,  1187.23
1561.67810112,  43719.5,  38252.0,  243.823381521,  389.189647811,  1187.43
1561.69853519,  43730.3,  38260.4,  243.823405136,  389.189498151,  1186.93
1561.71896945,  43745.3,  38272.7,  243.823622934,  389.189656607,  1186.29
1561.73940362,  43784.6,  38307.9,  243.823229551,  389.188959955,  1187.58
1561.75983768,  43797.5,  38316.4,  243.822977945,  389.18965489,  1186.95
1561.78027195,  43801.6,  38320.0,  243.823391972,  389.189776052,  1186.51
1561.80070611,  43826.0,  38343.0,  243.823411771,  389.189752429,  1187.17
1561.82114038,  43823.1,  38337.7,  243.823240942,  389.189107126,  1186.78
1561.84157444,  43823.4,  38339.6,  243.823300465,  389.189164401,  1184.25
1561.86200861,  43811.3,  38329.2,  243.823221457,  389.189160456,  1186.85
1561.88244287,  43815.3,  38329.7,  243.822891456,  389.189345052,  1184.29
1561.90287694,  43813.9,  38329.9,  243.823455134,  389.189917926,  1185.41
1561.92331111,  43784.9,  38303.5,  243.823154579,  389.189662618,  1184.62
1561.94374537,  43756.4,  38278.2,  243.823171638,  389.18939884,  1186.11
1561.96417944,  43739.7,  38265.9,  243.823375668,  389.189560152,  1185.07
1561.98461361,  43680.2,  38211.6,  243.823172776,  389.189510099,  1183.51
1562.00504787,  43667.2,  38201.2,  243.823189609,  389.189249655,  1182.86
1562.02548204,  43612.8,  38156.2,  243.823455312,  389.189112681,  1184.07
1562.04591621,  43575.3,  38119.1,  243.823245295,  389.189363357,  1184.47
1562.06635037,  43510.0,  38064.5,  243.823028614,  389.189178411,  1183.83
1562.08678444,  43486.9,  38044.6,  243.823213677,  389.189437852,  1184.08
1562.10721871,  43440.0,  38001.7,  243.823130435,  389.189287235,  1183.05
1562.12765288,  43400.1,  37969.4,  243.823291277,  389.189549728,  1182.81
1562.14808695,  43351.3,  37925.7,  243.823353119,  389.189392128,  1182.19
1562.16852122,  43313.2,  37892.0,  243.823058534,  389.188924797,  1181.09
1562.18895538,  43270.5,  37856.8,  243.823473119,  389.18950689,  1181.97
1562.20938965,  43243.5,  37830.2,  243.823371202,  389.189290757,  1180.45
1562.22982372,  43234.4,  37823.1,  243.823816666,  389.189409343,  1181.81
1562.25025789,  43185.1,  37782.5,  243.823577112,  389.188744356,  1180.93
1562.27069216,  42910.8,  37541.2,  243.823483652,  389.188860404,  1181.56
1562.29112623,  41715.4,  36507.0,  243.823627184,  389.188976475,  1180.94
1562.3115604,  40305.7,  35284.7,  243.82342718,  389.188652917,  1179.34
1562.33199467,  39445.7,  34536.9,  243.82459298,  389.18783082,  1180.7
1562.35242874,  39760.4,  34811.9,  243.824200622,  389.188215008,  1179.5
1562.37286301,  40972.4,  35861.4,  243.823681063,  389.188827981,  1178.09
1562.39329718,  42352.1,  37057.4,  243.823890754,  389.18893369,  1179.47
1562.41373125,  43152.3,  37753.2,  243.82335196,  389.188796655,  1180.29
1562.43416552,  43230.6,  37819.2,  243.823086353,  389.188976044,  1179.75
1562.4545997,  43254.8,  37839.7,  243.823282009,  389.189433442,  1180.49
1562.47503377,  43275.1,  37859.2,  243.823914742,  389.188995727,  1179.35
1562.49546804,  43300.4,  37878.3,  243.823190318,  389.188448203,  1178.79
1562.51590221,  43352.6,  37925.6,  243.823939756,  389.188817751,  1180.51
1562.53633638,  43401.5,  37967.8,  243.823316629,  389.188707552,  1180.66
1562.55677055,  43463.0,  38019.5,  243.823568703,  389.1883595,  1179.65
1562.57720473,  43502.2,  38055.2,  243.823581816,  389.189172013,  1179.14
1562.597639,  43551.4,  38096.6,  243.823622754,  389.188957765,  1178.26
1562.61807307,  43629.8,  38164.3,  243.8239171,  389.188983463,  1178.98
1562.63850725,  43647.8,  38182.0,  243.823623544,  389.188685847,  1178.99
1562.65894152,  43690.6,  38216.5,  243.823584104,  389.188533522,  1179.74
1562.67937569,  43745.5,  38264.6,  243.823214391,  389.188780759,  1178.66
1562.69980977,  43780.2,  38295.8,  243.823682909,  389.188789869,  1179.36
1562.72024404,  43802.5,  38312.9,  243.823503176,  389.188564416,  1178.11
1562.74067811,  43839.3,  38346.5,  243.823664547,  389.189089524,  1179.44
1562.76111239,  43837.7,  38344.3,  243.823308288,  389.188781118,  1179.64
1562.78154656,  43865.6,  38367.4,  243.823786322,  389.188923129,  1178.51
1562.80198064,  43874.5,  38377.2,  243.824370338,  389.18853543,  1179.16
1562.82241491,  43879.3,  38379.4,  243.82350955,  389.188481297,  1179.54
1562.84284909,  43885.6,  38384.9,  243.823190932,  389.189172879,  1178.09
1562.86328316,  43864.4,  38369.5,  243.8231021,  389.18886218,  1178.73
1562.88371744,  43853.7,  38356.9,  243.823630702,  389.188738077,  1178.23
1562.90415161,  43842.2,  38347.3,  243.824185965,  389.188257937,  1180.75
1562.92458569,  43831.4,  38339.8,  243.823843241,  389.188878903,  1179.96
1562.94501996,  43801.1,  38310.5,  243.823666125,  389.188293421,  1178.19
1562.96545414,  43785.5,  38298.4,  243.823394676,  389.18899372,  1178.27
1562.98588841,  43757.1,  38273.8,  243.82343816,  389.188180176,  1177.35
1563.00632249,  43740.8,  38258.5,  243.824081615,  389.188549983,  1179.22
1563.02675667,  43715.9,  38238.8,  243.823603599,  389.188403814,  1180.62
1563.04719094,  43679.0,  38205.3,  243.823639838,  389.188330578,  1177.55
1563.06762502,  43668.8,  38196.4,  243.823851705,  389.188226352,  1179.84
1563.0880592,  43634.2,  38168.0,  243.823473715,  389.188636545,  1176.69
1563.10849347,  43613.6,  38147.2,  243.823790973,  389.188468057,  1178.13
1563.12892755,  42928.1,  37554.4,  243.824082191,  389.18824702,  1178.4
1563.14936183,  40480.0,  35432.5,  243.824349285,  389.187844519,  1176.82
1563.16979601,  37762.8,  33073.9,  243.82349976,  389.187417578,  1178.8
1563.19023019,  36352.3,  31853.0,  243.824041154,  389.187176131,  1177.74
1563.21066436,  37176.2,  32566.2,  243.824089941,  389.186596578,  1178.56
1563.23109854,  39690.9,  34745.3,  243.824315973,  389.18742673,  1175.55
1563.25153272,  42364.1,  37066.0,  243.82404975,  389.188428101,  1180.62
1563.2719669,  43588.1,  38125.3,  243.823619163,  389.188360683,  1183.3
1563.29240108,  43632.5,  38164.6,  243.823982641,  389.18809588,  1182.51
1563.31283526,  43654.9,  38185.2,  243.823882588,  389.188223888,  1183.18
1563.33326954,  43674.4,  38200.2,  243.823876432,  389.188300415,  1183.73
1563.35370362,  43693.3,  38217.5,  243.823700464,  389.188513553,  1185.3
1563.3741378,  43697.4,  38221.8,  243.823999035,  389.188101126,  1183.5
1563.39457198,  43710.3,  38230.7,  243.823382986,  389.188394834,  1183.6
1563.41500616,  43751.8,  38268.8,  243.824025298,  389.187797045,  1182.76
1563.43544044,  43753.8,  38270.2,  243.824010421,  389.188132444,  1182.04
1563.45587452,  43762.1,  38276.1,  243.824580065,  389.188339029,  1181.85
1563.4763087,  43775.4,  38290.4,  243.824302826,  389.187863022,  1181.33
1563.49674298,  43800.9,  38309.4,  243.82364898,  389.187913393,  1180.85
1563.51717706,  43817.0,  38323.9,  243.823923464,  389.18818719,  1179.5
1563.53761134,  43800.3,  38311.8,  243.824037184,  389.188143481,  1181.26
1563.55804552,  43807.1,  38314.0,  243.823979997,  389.187791598,  1182.61
1563.5784796,  43789.7,  38300.9,  243.82405742,  389.187971045,  1180.1
1563.59891388,  43767.8,  38282.3,  243.823613417,  389.188050932,  1180.13
1563.61934807,  43765.1,  38278.0,  243.824320086,  389.188293333,  1179.53
1563.63978215,  43734.8,  38254.0,  243.824030092,  389.18821315,  1179.05
1563.66021643,  43712.5,  38233.6,  243.823974176,  389.187496593,  1179.44
1563.68065061,  43678.0,  38202.3,  243.824121893,  389.187705092,  1179.08
1563.72151898,  43587.5,  38123.9,  243.824054135,  389.18826077,  1176.83
1563.74195316,  43557.5,  38097.4,  243.824362865,  389.187431974,  1178.21
1563.76238744,  43500.4,  38048.9,  243.823776184,  389.187798777,  1179.47
1563.78282153,  43449.7,  38002.9,  243.823986411,  389.187862277,  1178.06
1563.80325571,  43424.1,  37981.5,  243.824212105,  389.187916286,  1178.23
1563.82369,  43360.4,  37927.4,  243.823834441,  389.188028155,  1177.96
1563.84412418,  43324.4,  37893.6,  243.824228522,  389.18872421,  1179.45
1563.86455826,  43270.5,  37849.7,  243.82458028,  389.187465577,  1177.33
1563.88499255,  43242.4,  37823.7,  243.824415762,  389.187817576,  1179.18
1563.90542673,  43193.5,  37781.2,  243.823960144,  389.187721262,  1179.89
1563.92586092,  43187.3,  37777.3,  243.824349101,  389.187941823,  1180.05
1563.9462951,  43178.7,  37768.6,  243.823448102,  389.188704807,  1179.21
1563.96672929,  43136.2,  37732.4,  243.823986611,  389.187858476,  1179.81
1563.98716347,  42667.8,  37327.5,  243.824307041,  389.187958677,  1180.42
1564.00759766,  41333.9,  36168.7,  243.824449995,  389.187759546,  1179.83
1564.02803184,  39978.6,  34995.0,  243.82481859,  389.187944243,  1178.53
1564.04846603,  39398.3,  34492.1,  243.824454933,  389.18735393,  1179.22
1564.06890021,  40036.4,  35044.0,  243.824162636,  389.187371246,  1180.24
1564.0893345,  41370.7,  36203.8,  243.824668374,  389.187229124,  1178.98
1564.10976859,  42654.3,  37314.6,  243.824463347,  389.187962158,  1179.32
1564.13020277,  43223.0,  37807.9,  243.824085498,  389.187823147,  1179.45
1564.15063706,  43259.9,  37841.8,  243.823779792,  389.187926693,  1179.18
1564.17107115,  43312.2,  37885.6,  243.823850455,  389.187772524,  1177.84
1564.19150533,  43332.9,  37903.9,  243.824262039,  389.187961562,  1179.75
1564.21193962,  43392.0,  37956.6,  243.8236599,  389.188334791,  1179.07
1564.23237371,  43429.6,  37986.5,  243.824162452,  389.18810605,  1176.55
1564.2528079,  43489.4,  38039.7,  243.82415049,  389.187671041,  1176.98
1564.27324218,  43545.1,  38088.2,  243.823986964,  389.187841478,  1176.47
1564.29367627,  43588.6,  38124.0,  243.824358713,  389.18806207,  1176.69
1564.31411056,  43632.7,  38164.8,  243.824203844,  389.187893,  1177.2
1564.33454475,  43678.2,  38202.4,  243.824297456,  389.188063173,  1178.33
1564.35497884,  43727.6,  38245.2,  243.824405092,  389.187948733,  1174.48
1564.37541313,  43758.2,  38273.7,  243.824250332,  389.187790095,  1176.14
1564.39584731,  43786.3,  38295.3,  243.82408149,  389.187861744,  1176.19
1564.4162815,  43824.1,  38328.7,  243.82424995,  389.187552599,  1177.7
1564.43671569,  43853.0,  38354.9,  243.824325637,  389.188127784,  1175.22
1564.45714988,  43877.0,  38372.7,  243.823639784,  389.187228177,  1175.56
1564.47758417,  43895.9,  38391.5,  243.824448246,  389.187767678,  1174.39
1564.49801836,  43907.1,  38400.3,  243.823962284,  389.187727815,  1173.07
1564.51845245,  43893.8,  38387.2,  243.824148559,  389.187478411,  1174.93
1564.53888674,  43918.5,  38410.9,  243.823677797,  389.187499652,  1174.25
1564.55932093,  43900.6,  38392.7,  243.824241561,  389.187343239,  1172.53
1564.57975502,  43877.4,  38372.9,  243.82395724,  389.187600554,  1172.08
1564.60018931,  43883.6,  38380.8,  243.824059428,  389.187752397,  1171.67
1564.6206235,  43838.2,  38337.4,  243.82381371,  389.188245373,  1170.95
1564.6410576,  43825.9,  38328.1,  243.824064368,  389.188038308,  1170.8
1564.66149189,  43798.2,  38305.3,  243.823991514,  389.187734622,  1168.1
1564.68192598,  43768.4,  38277.1,  243.824218441,  389.187723122,  1169.71
1564.70236027,  43742.6,  38256.2,  243.824144463,  389.187763997,  1168.26
1564.72279446,  43716.4,  38232.4,  243.82433206,  389.187808671,  1167.29
1564.74322855,  43692.3,  38209.7,  243.823880706,  389.187927177,  1168.71
1564.76366285,  43665.4,  38189.1,  243.823998326,  389.188037752,  1168.14
1564.78409704,  43639.1,  38163.8,  243.824430119,  389.187683231,  1167.22
1564.80453113,  43622.8,  38149.0,  243.824739721,  389.187451619,  1167.03
1564.82496542,  43588.0,  38120.7,  243.824386325,  389.187636177,  1165.79
1564.84539962,  42447.8,  37129.3,  243.824757822,  389.187217717,  1165.16
1564.86583391,  39790.6,  34825.6,  243.824572932,  389.187015127,  1165.03
1564.886268,  37236.1,  32611.8,  243.824606966,  389.18629685,  1166.67
1564.9067022,  36341.4,  31832.8,  243.824595106,  389.185680287,  1165.44
1564.92713649,  37687.6,  33002.7,  243.824020821,  389.186748466,  1165.06
1564.94757058,  40385.3,  35341.3,  243.824889296,  389.186737297,  1165.42
1564.96800478,  42853.2,  37479.7,  243.824412602,  389.187502944,  1164.0
1564.98843907,  43628.1,  38153.5,  243.824413501,  389.187376427,  1165.45
1565.00887316,  43632.7,  38155.9,  243.8243008,  389.187569889,  1164.41
1565.02930736,  43649.1,  38169.7,  243.824605726,  389.187203595,  1163.58
1565.04974165,  43671.3,  38190.2,  243.824227454,  389.187183336,  1164.41
1565.07017585,  43682.9,  38197.6,  243.824211683,  389.187759485,  1164.1
1565.09061004,  43705.6,  38218.0,  243.824396918,  389.187143578,  1164.57
1565.11104424,  43714.2,  38227.3,  243.824427688,  389.187264594,  1165.08
1565.13147843,  43727.7,  38235.3,  243.824049608,  389.187093623,  1164.63
1565.15191263,  43738.1,  38246.7,  243.824177604,  389.187619349,  1163.35
1565.17234683,  43751.9,  38258.1,  243.824493788,  389.187429517,  1164.23
1565.19278102,  43755.0,  38259.4,  243.824151747,  389.187210662,  1163.46
1565.21321532,  43770.5,  38274.8,  243.824480865,  389.187437645,  1164.36
1565.23364941,  43753.7,  38258.0,  243.824448937,  389.18683441,  1164.0
1565.25408371,  43758.7,  38261.9,  243.824524663,  389.187250332,  1164.31
1565.27451791,  43740.8,  38248.5,  243.824250001,  389.187120802,  1163.95
1565.294952,  43728.0,  38234.0,  243.824071023,  389.186857805,  1165.05
1565.3153863,  43732.1,  38239.6,  243.824577421,  389.187437106,  1164.52
1565.3358204,  43704.3,  38215.5,  243.824150243,  389.187059915,  1164.41
1565.35625459,  43665.5,  38179.5,  243.824092287,  389.186984055,  1162.55
1565.37668889,  43634.2,  38154.8,  243.824613808,  389.186607575,  1163.45
1565.39712299,  43596.1,  38120.4,  243.8246644,  389.18694438,  1165.17
1565.41755719,  43565.1,  38092.0,  243.824549956,  389.186716217,  1164.02
1565.43799149,  43529.6,  38063.9,  243.824276263,  389.186855447,  1162.89
1565.45842558,  43474.0,  38012.8,  243.824552132,  389.186940326,  1164.44
1565.47885988,  43425.0,  37970.9,  243.824468111,  389.187143399,  1164.16
1565.49929408,  43387.2,  37939.5,  243.824781939,  389.186787779,  1162.06
1565.51972818,  43336.5,  37893.0,  243.824017577,  389.18721162,  1163.81
1565.54016248,  43302.7,  37864.8,  243.824668013,  389.186315769,  1163.92
1565.56059668,  43272.9,  37839.6,  243.824291485,  389.187136661,  1164.49
1565.58103088,  43239.9,  37808.8,  243.824658414,  389.186842407,  1165.22
1565.60146508,  43196.8,  37773.0,  243.824337457,  389.187055703,  1165.47
1565.62189928,  43183.2,  37759.9,  243.824289439,  389.186660576,  1163.9
1565.64233358,  43160.8,  37739.5,  243.824523433,  389.186760293,  1162.24
1565.66276768,  43148.5,  37731.4,  243.824556239,  389.186994338,  1164.05
1565.68320188,  43113.5,  37698.8,  243.824783701,  389.186605445,  1162.44
1565.70363618,  42382.0,  37064.5,  243.824503694,  389.186942444,  1163.68
1565.72407038,  40954.7,  35828.7,  243.825119286,  389.186892589,  1163.03
1565.74450448,  39737.5,  34770.1,  243.82482615,  389.185983842,  1161.89
1565.76493878,  39467.9,  34538.0,  243.825120652,  389.186085783,  1164.17
1565.78537298,  40356.5,  35309.5,  243.824811399,  389.18659879,  1162.0
1565.80580718,  41759.0,  36523.0,  243.824662661,  389.186973031,  1161.69
1565.82624138,  42954.1,  37560.6,  243.824939244,  389.186355408,  1164.4
1565.84667558,  43304.5,  37864.1,  243.824510849,  389.187109766,  1163.5
1565.86710989,  43333.0,  37887.6,  243.824833876,  389.18675296,  1162.42
1565.88754399,  43382.4,  37932.9,  243.824645783,  389.18681566,  1160.77
1565.90797819,  43410.2,  37954.0,  243.824672791,  389.186359035,  1162.18
1565.92841249,  43463.0,  38000.7,  243.824409392,  389.186500753,  1161.76
1565.94884659,  43503.3,  38037.8,  243.824631407,  389.186516151,  1161.33
1565.9692808,  43556.4,  38080.3,  243.824508757,  389.186665541,  1162.02
1565.989715,  43624.5,  38140.7,  243.824460552,  389.186147847,  1162.45
1566.0101492,  43656.1,  38169.4,  243.824730573,  389.186800058,  1161.21
1566.03058351,  43707.6,  38211.9,  243.824751783,  389.18671272,  1162.11
1566.05101761,  43762.0,  38261.3,  243.824827396,  389.186645813,  1161.61
1566.07145181,  43790.0,  38283.6,  243.824718014,  389.186474097,  1161.24
1566.09188612,  43831.8,  38318.4,  243.824826638,  389.185991658,  1160.61
1566.11232022,  43862.2,  38347.6,  243.824829693,  389.186390288,  1160.76
1566.13275442,  43883.9,  38364.4,  243.824521113,  389.18655907,  1160.63
1566.15318873,  43926.9,  38402.2,  243.824643154,  389.186422355,  1159.38
1566.17362283,  43928.0,  38404.2,  243.824776,  389.186585444,  1162.31
1566.19405714,  43952.3,  38422.9,  243.824836956,  389.186516922,  1161.32
1566.21449134,  43947.2,  38420.6,  243.824929617,  389.186704265,  1161.21
1566.23492545,  43929.8,  38405.7,  243.824641842,  389.186545432,  1159.17
1566.25535975,  43921.7,  38397.3,  243.824733996,  389.186409121,  1160.25
1566.27579396,  43932.5,  38408.3,  243.824945048,  389.186338402,  1160.74
1566.29622816,  43900.6,  38379.0,  243.824442895,  389.18643657,  1160.3
1566.31666237,  43874.7,  38356.6,  243.824740729,  389.186221953,  1160.32
1566.33709657,  43862.2,  38347.7,  243.824597649,  389.186668521,  1158.54
1566.35753078,  43848.1,  38333.4,  243.824944256,  389.186175037,  1157.06
1566.37796509,  43805.1,  38296.8,  243.824763015,  389.186578805,  1159.31
1566.39839919,  43779.6,  38275.6,  243.824737578,  389.186621195,  1159.15
1566.4188335,  43760.8,  38257.7,  243.824502174,  389.186534806,  1157.05
1566.43926771,  43729.5,  38232.2,  243.825000268,  389.186193,  1158.41
1566.45970181,  43736.5,  38237.8,  243.824749294,  389.185798736,  1156.81
1566.48013612,  43695.3,  38200.2,  243.825100028,  389.186328762,  1157.82
1566.50057033,  43675.2,  38185.3,  243.824607912,  389.186337106,  1158.95
1566.52100443,  43655.8,  38166.2,  243.824861772,  389.1864016,  1158.31
1566.54143874,  43537.3,  38063.1,  243.824750814,  389.186073789,  1156.2
1566.56187295,  41894.5,  36640.9,  243.825427566,  389.186218555,  1158.02
1566.58230716,  39128.6,  34239.7,  243.8251528,  389.185469536,  1158.52
1566.60274137,  36868.3,  32282.5,  243.8252005,  389.184553616,  1156.98
1566.62317547,  36517.4,  31978.8,  243.824897511,  389.184233298,  1156.97
1566.64360978,  38315.5,  33534.7,  243.824754097,  389.185269968,  1157.36
1566.66404399,  41103.2,  35954.4,  243.825290006,  389.186116541,  1157.35
1566.70491241,  43635.6,  38147.7,  243.824726538,  389.186205278,  1158.32
1566.72534662,  43647.2,  38158.7,  243.825018956,  389.185948315,  1159.24
1566.74578083,  43660.8,  38168.6,  243.82467124,  389.186055173,  1158.08
1566.76621504,  43675.4,  38181.2,  243.825005934,  389.186048018,  1156.98
1566.78664925,  43678.3,  38185.9,  243.825084864,  389.186106664,  1156.99
1566.80708356,  43697.3,  38199.1,  243.824773472,  389.185879717,  1157.36
1566.82751767,  43704.4,  38206.8,  243.824921927,  389.186316466,  1156.62
1566.84795188,  43709.6,  38212.3,  243.825027045,  389.1862118,  1156.5
1566.86838619,  43709.7,  38210.1,  243.824761468,  389.186513988,  1156.54
1566.8888204,  43721.9,  38222.5,  243.824838454,  389.186471155,  1157.09
1566.90925451,  43722.3,  38222.0,  243.824376529,  389.18661999,  1155.66
1566.92968882,  43713.4,  38213.6,  243.824983564,  389.18610718,  1155.79
1566.95012303,  43710.9,  38214.3,  243.824867172,  389.186539995,  1157.22
1566.97055724,  43691.1,  38194.4,  243.824085655,  389.186330979,  1157.24
1566.99099145,  43672.2,  38179.6,  243.825114656,  389.18629881,  1155.44
1567.01142566,  43652.2,  38163.5,  243.824407964,  389.185873875,  1155.24
1567.03185988,  43633.1,  38144.1,  243.824991549,  389.186596031,  1154.7
1567.05229409,  43618.1,  38133.2,  243.824298926,  389.18584574,  1154.47
1567.0727283,  43584.4,  38104.1,  243.824730101,  389.186227175,  1154.43
1567.09316261,  43566.6,  38086.8,  243.824807954,  389.186322551,  1156.1
1567.11359672,  43513.4,  38043.2,  243.825181493,  389.186536351,  1154.2
1567.13403104,  43470.8,  38005.3,  243.824735976,  389.185916342,  1154.7
1567.15446525,  43428.1,  37967.2,  243.824867767,  389.186202717,  1155.2
1567.17489936,  43386.0,  37932.8,  243.824704559,  389.186366003,  1154.82
1567.19533367,  43362.0,  37909.8,  243.824774442,  389.186415766,  1155.03
1567.21576789,  43302.6,  37858.9,  243.824661469,  389.186371733,  1154.22
1567.236202,  43280.1,  37841.9,  243.824912198,  389.186144983,  1155.01
1567.25663632,  43239.4,  37803.8,  243.82439565,  389.185848919,  1153.67
1567.27707043,  43205.1,  37775.7,  243.825159846,  389.185712395,  1154.17
1567.29750464,  43188.6,  37760.5,  243.825147935,  389.186025922,  1153.55
1567.31793896,  43170.7,  37743.4,  243.825198722,  389.186136237,  1153.21
1567.33837307,  43160.9,  37738.2,  243.824575234,  389.186132523,  1153.28
1567.35880739,  43157.1,  37731.9,  243.824538766,  389.185727506,  1154.23
1567.3792416,  43142.6,  37719.0,  243.825016029,  389.186118523,  1153.29
1567.39967572,  43030.0,  37624.0,  243.824687746,  389.18575326,  1153.33
1567.42011003,  42046.9,  36768.6,  243.824972167,  389.185650909,  1154.31
1567.44054425,  40597.2,  35512.1,  243.825409427,  389.186057085,  1153.77
1567.46097846,  39504.5,  34566.7,  243.824784355,  389.185314183,  1151.78
1567.48141268,  39596.1,  34642.3,  243.825051259,  389.185270803,  1153.64
1567.50184689,  40720.0,  35619.8,  243.825325342,  389.18556632,  1152.87
1567.52228121,  42139.1,  36849.3,  243.824772201,  389.185690671,  1159.01
1567.54271532,  43147.9,  37721.8,  243.824974598,  389.185827768,  1153.01
1567.56314954,  43330.5,  37883.1,  243.824931554,  389.185944055,  1153.31
1567.58358386,  43368.3,  37913.7,  243.825043431,  389.185835363,  1153.11
1567.60401807,  43420.7,  37958.1,  243.825075106,  389.185924152,  1152.5
1567.62445219,  43467.3,  38000.6,  243.824919886,  389.185746762,  1152.94
1567.64488651,  43529.9,  38052.0,  243.824908044,  389.185920431,  1152.41
1567.66532072,  43574.7,  38091.9,  243.824819125,  389.18584612,  1151.53
1567.68575484,  43626.0,  38138.4,  243.825159932,  389.18562848,  1151.94
1567.70618916,  43699.8,  38198.5,  243.824543985,  389.185795521,  1150.9
1567.72662337,  43726.3,  38223.6,  243.825223423,  389.18590506,  1153.42
1567.74705769,  43786.4,  38275.0,  243.825123335,  389.185740265,  1153.04
1567.76749181,  43799.4,  38284.7,  243.824530359,  389.185823126,  1153.63
1567.78792603,  43839.9,  38321.9,  243.825116863,  389.185877179,  1152.16
1567.80836035,  43874.2,  38349.5,  243.824996605,  389.185941775,  1153.96
1567.82879446,  43908.4,  38379.5,  243.825367779,  389.185390357,  1152.1
1567.84922868,  43930.1,  38399.5,  243.825163449,  389.185946488,  1152.5
1567.869663,  43957.0,  38419.6,  243.824824295,  389.185967651,  1151.65
1567.89009712,  43951.0,  38416.0,  243.825308815,  389.185404856,  1151.11
1567.91053144,  43963.7,  38427.7,  243.825191505,  389.185855452,  1150.07
1567.93096556,  43951.8,  38414.6,  243.825139202,  389.185481712,  1152.74
1567.95139978,  43947.4,  38412.8,  243.825191152,  389.185463054,  1152.42
1567.9718341,  43943.0,  38408.3,  243.824645989,  389.185803713,  1151.33
1567.99226822,  43920.1,  38386.9,  243.825147078,  389.186015694,  1152.77
1568.01270244,  43902.3,  38373.3,  243.824988351,  389.185510598,  1151.4
1568.03313676,  43898.9,  38368.9,  243.824568901,  389.185624269,  1151.15
1568.05357088,  43848.7,  38324.5,  243.825587657,  389.185949712,  1151.1
1568.0740051,  43828.8,  38309.4,  243.825038875,  389.185562665,  1151.89
1568.09443942,  43812.4,  38292.8,  243.824934475,  389.185753068,  1151.04
1568.11487364,  43783.3,  38268.4,  243.825138023,  389.185625665,  1150.61
1568.13530786,  43751.6,  38241.9,  243.825070784,  389.185550104,  1150.98
1568.15574208,  43727.9,  38218.7,  243.824569721,  389.185623875,  1152.63
1568.1761763,  43733.9,  38225.4,  243.825382442,  389.186124724,  1152.1
1568.19661052,  43687.3,  38184.7,  243.825248996,  389.185335699,  1150.87
1568.21704474,  43659.8,  38158.7,  243.824724561,  389.185526654,  1153.13
1568.23747897,  43677.5,  38176.5,  243.824849213,  389.185023144,  1152.3
1568.25791329,  43348.6,  37889.5,  243.824951692,  389.18516635,  1151.75
1568.27834741,  41301.9,  36114.1,  243.825091347,  389.184840618,  1150.76
1568.29878173,  38503.3,  33689.8,  243.825650031,  389.184516328,  1151.65
1568.31921595,  36576.3,  32016.6,  243.825440482,  389.184224927,  1150.82
1568.33965008,  36806.8,  32216.5,  243.825063492,  389.184078995,  1151.76
1568.3600844,  38983.0,  34105.2,  243.825639108,  389.184304533,  1152.62
1568.38051862,  41748.0,  36499.9,  243.825506227,  389.185275338,  1151.17
1568.40095275,  43500.3,  38021.5,  243.825120317,  389.184992484,  1151.98
1568.42138707,  43645.1,  38147.1,  243.824933606,  389.185389494,  1152.31
1568.44182129,  43642.8,  38143.1,  243.825464834,  389.184949413,  1151.3
1568.46225542,  43647.4,  38149.4,  243.825693147,  389.185167394,  1151.3
1568.48268974,  43654.3,  38153.3,  243.825486209,  389.185293521,  1149.46
1568.50312396,  43663.6,  38161.4,  243.825596407,  389.184892278,  1151.92
1568.52355829,  43669.7,  38168.1,  243.825237283,  389.185031848,  1152.4
1568.54399241,  43674.0,  38169.8,  243.825679747,  389.185097935,  1151.23
1568.56442654,  43661.8,  38159.9,  243.826091382,  389.185475168,  1151.43
1568.58486086,  43678.2,  38175.1,  243.82512552,  389.185308815,  1152.67
1568.60529509,  43662.0,  38158.1,  243.824979793,  389.185077456,  1151.21
1568.62572931,  43657.1,  38156.2,  243.82473,  389.185029269,  1151.39
1568.64616354,  43641.8,  38141.6,  243.825002227,  389.184752466,  1153.24
1568.66659776,  43632.9,  38133.2,  243.824733618,  389.185228423,  1152.67
1568.68703209,  43618.9,  38123.5,  243.825077255,  389.184856512,  1153.24
1568.70746621,  43611.4,  38115.5,  243.825355029,  389.184896084,  1152.66
1568.72790044,  43583.0,  38090.2,  243.825295158,  389.184979043,  1155.71
1568.74833476,  43546.2,  38061.0,  243.825479781,  389.185122185,  1156.48
1568.76876899,  43510.1,  38025.9,  243.825541639,  389.184917238,  1156.27
1568.78920311,  43465.7,  37988.8,  243.825882677,  389.184732512,  1156.23
1568.80963744,  43433.2,  37961.6,  243.825572038,  389.184955278,  1157.12
1568.83007167,  43410.7,  37939.3,  243.825089934,  389.184703187,  1155.84
1568.85050589,  43391.7,  37925.4,  243.82538532,  389.184853143,  1155.45
1568.87094012,  43343.1,  37882.3,  243.825604333,  389.184870878,  1154.43
1568.89137435,  43298.3,  37843.1,  243.825689752,  389.18483407,  1153.99
1568.91180868,  43283.9,  37832.5,  243.825629478,  389.184931974,  1154.11
1568.9322428,  43246.6,  37797.8,  243.825562951,  389.184228056,  1153.78
1568.95267703,  43216.1,  37771.5,  243.825394566,  389.185487519,  1161.92
1568.97311136,  43181.4,  37743.8,  243.825217579,  389.185169319,  1153.84
1568.99354549,  43167.9,  37729.3,  243.825850694,  389.184715064,  1152.05
1569.01397971,  43145.0,  37710.6,  243.825858224,  389.184702914,  1151.87
1569.03441404,  43142.8,  37709.7,  243.825466158,  389.185000249,  1152.86
1569.05484817,  43141.3,  37706.0,  243.825405015,  389.18507993,  1151.66
1569.0752825,  43145.4,  37711.9,  243.825812494,  389.18503413,  1152.53
1569.09571673,  43145.6,  37710.2,  243.825630968,  389.184599052,  1150.94
1569.11615086,  42907.3,  37503.3,  243.82534365,  389.184624142,  1151.62
1569.13658519,  41702.2,  36460.9,  243.825650639,  389.184479297,  1152.12
1569.15701941,  40226.6,  35178.6,  243.82600396,  389.18454211,  1149.78
1569.17745354,  39401.7,  34464.1,  243.825926626,  389.184174336,  1151.16
1569.19788787,  39779.0,  34793.7,  243.826012624,  389.184004786,  1151.93
1569.218322,  41115.5,  35949.1,  243.826455648,  389.184549853,  1153.21
1569.23875633,  42529.9,  37177.3,  243.825796859,  389.184701491,  1151.73
1569.25919056,  43318.8,  37862.1,  243.825527483,  389.184812079,  1150.89
1569.27962469,  43402.0,  37932.6,  243.825556898,  389.184090003,  1151.55
1569.30005902,  43464.6,  37989.0,  243.82564301,  389.184885,  1151.24
1569.32049325,  43502.0,  38020.1,  243.825583083,  389.18482899,  1150.6
1569.34092748,  43540.4,  38052.4,  243.825986008,  389.184065069,  1150.53
1569.36136171,  43599.1,  38106.2,  243.825763193,  389.184670811,  1150.77
1569.38179595,  43642.4,  38140.9,  243.825893278,  389.184534966,  1152.1
1569.40223018,  43695.3,  38188.1,  243.825607474,  389.184548321,  1151.53
1569.42266441,  43741.8,  38229.4,  243.825822525,  389.184607239,  1151.01
1569.44309864,  43778.0,  38258.2,  243.825924458,  389.184735706,  1151.35
1569.46353297,  43811.0,  38288.4,  243.825751574,  389.184330008,  1152.29
1569.4839672,  43847.5,  38320.7,  243.825510422,  389.184786134,  1150.48
1569.50440133,  43880.2,  38347.8,  243.825242738,  389.184454027,  1148.69
1569.52483567,  43904.3,  38369.9,  243.826045549,  389.183946646,  1149.32
1569.5452699,  43933.5,  38393.9,  243.825338977,  389.184176858,  1148.37
1569.56570403,  43930.4,  38391.6,  243.825917103,  389.184618008,  1148.48
1569.58613836,  43947.3,  38407.9,  243.825545401,  389.184516167,  1147.75
1569.6065726,  43953.7,  38409.8,  243.825881973,  389.184270607,  1149.0
1569.62700693,  43941.6,  38401.3,  243.82578162,  389.184433741,  1147.78
1569.64744106,  43953.1,  38412.7,  243.82539912,  389.184335802,  1148.73
1569.68830963,  43931.5,  38392.7,  243.825315219,  389.184586962,  1147.26
1569.70874376,  43910.3,  38373.5,  243.825698219,  389.184626008,  1146.99
1569.729178,  43888.5,  38352.5,  243.825325518,  389.184566285,  1146.69
1569.74961233,  43862.6,  38331.6,  243.826190338,  389.184391126,  1147.33
1569.77004646,  43840.4,  38311.2,  243.824977835,  389.184807319,  1148.13
1569.7904807,  43834.7,  38306.4,  243.825963242,  389.184276403,  1145.46
1569.81091503,  43794.8,  38273.2,  243.825693888,  389.184371153,  1147.91
1569.83134917,  43788.4,  38265.4,  243.825320422,  389.18438034,  1146.77
1569.8517835,  43752.1,  38235.3,  243.825683395,  389.184398557,  1146.4
1569.87221764,  43723.5,  38212.5,  243.824993506,  389.184625732,  1147.29
1569.89265187,  43717.8,  38204.8,  243.825659705,  389.184442455,  1147.22
1569.91308621,  43697.7,  38190.2,  243.825707681,  389.184653091,  1144.93
1569.93352034,  43685.0,  38177.8,  243.825923411,  389.184436242,  1147.06
1569.95395458,  43669.9,  38164.1,  243.825687302,  389.184559827,  1145.47
1569.97438891,  43034.7,  37616.2,  243.82541957,  389.18414491,  1146.04
1569.99482315,  40628.0,  35527.1,  243.825906622,  389.184357793,  1146.03
1570.01525738,  37894.9,  33157.7,  243.82557143,  389.183739691,  1145.4
1570.03569162,  36423.7,  31884.5,  243.825523257,  389.183454661,  1145.04
1570.05612586,  37183.7,  32540.2,  243.825794944,  389.183627995,  1145.28
1570.07656009,  39664.0,  34692.6,  243.82570109,  389.184376776,  1145.08
1570.09699433,  42332.5,  37007.7,  243.825235524,  389.184612031,  1145.17
1570.11742857,  43614.9,  38117.6,  243.825164738,  389.184655355,  1145.16
1570.1378629,  43644.4,  38145.4,  243.825623714,  389.18457456,  1144.23
1570.15829704,  43662.1,  38159.9,  243.825449049,  389.18476099,  1143.38
1570.17873138,  43644.8,  38143.8,  243.825666054,  389.185094096,  1143.66
1570.19916562,  43647.1,  38149.0,  243.825550251,  389.184341804,  1146.06
1570.21959975,  43647.6,  38146.4,  243.825410424,  389.18460223,  1144.64
1570.24003409,  43664.8,  38161.3,  243.825744568,  389.184339594,  1145.24
1570.26046833,  43676.0,  38172.8,  243.825818198,  389.184482134,  1144.63
1570.28090247,  43652.2,  38149.8,  243.825500842,  389.184167885,  1145.65
1570.3013368,  43653.1,  38151.7,  243.825799361,  389.183847631,  1144.9
1570.32177104,  43645.7,  38145.9,  243.825447202,  389.184596982,  1143.25
1570.34220518,  43631.9,  38132.3,  243.825322006,  389.184303457,  1143.1
1570.36263952,  43630.4,  38133.4,  243.825272433,  389.184895454,  1142.13
1570.38307376,  43593.1,  38098.8,  243.82531589,  389.184174768,  1143.36
1570.403508,  43587.3,  38092.8,  243.825383898,  389.184271216,  1144.03
1570.42394224,  43548.4,  38060.9,  243.825552,  389.184355017,  1145.55
1570.44437648,  43513.2,  38028.5,  243.825605024,  389.18432042,  1143.63
1570.46481072,  43510.5,  38025.6,  243.825681099,  389.184505643,  1143.45
1570.48524496,  43477.5,  37998.7,  243.825815014,  389.184340739,  1143.83
1570.5056792,  43423.8,  37949.3,  243.82606837,  389.184359075,  1143.61
1570.52611344,  43395.5,  37926.9,  243.82609348,  389.184259881,  1144.18
1570.54654768,  43352.8,  37889.2,  243.825667776,  389.184293507,  1143.19
1570.56698202,  43330.0,  37868.1,  243.825156868,  389.184491734,  1142.11
1570.58741616,  43295.9,  37840.8,  243.825487692,  389.184263334,  1142.44
1570.6078504,  43267.9,  37813.6,  243.825795277,  389.183949594,  1141.04
1570.62828474,  43251.6,  37799.0,  243.825489823,  389.184268002,  1141.96
1570.64871898,  43226.2,  37779.4,  243.82571626,  389.184076461,  1142.74
1570.66915312,  43205.5,  37758.8,  243.825747089,  389.184201711,  1140.57
1570.68958746,  43191.0,  37746.5,  243.826001776,  389.184167811,  1141.71
1570.7100217,  43173.2,  37732.9,  243.825777886,  389.184164895,  1141.32
1570.73045584,  43164.7,  37722.5,  243.825732451,  389.18421477,  1143.37
1570.75089018,  43173.5,  37731.5,  243.825603251,  389.183603911,  1141.09
1570.77132443,  43180.3,  37736.7,  243.825690256,  389.18384461,  1142.24
1570.79175877,  43187.9,  37741.0,  243.825857169,  389.184024957,  1142.74
1570.81219291,  43207.5,  37760.7,  243.825655033,  389.183956469,  1141.21
1570.83262715,  42749.5,  37361.9,  243.826281843,  389.183876557,  1141.94
1570.8530615,  41375.9,  36169.6,  243.825752854,  389.183553803,  1142.46
1570.87349564,  39950.5,  34936.6,  243.826713254,  389.182767527,  1140.92
1570.89392988,  39392.4,  34449.1,  243.826235362,  389.183113475,  1140.84
1570.91436422,  40090.0,  35054.9,  243.826307592,  389.183547548,  1141.87
1570.93479837,  41531.1,  36305.8,  243.826134155,  389.183472262,  1141.15
1570.95523271,  42883.7,  37475.0,  243.82582863,  389.183336791,  1141.42
1570.97566695,  43457.8,  37975.2,  243.825793301,  389.183287236,  1142.81
1570.9961011,  43498.0,  38010.1,  243.826494031,  389.183801081,  1140.74
1571.01653544,  43544.3,  38048.1,  243.825625225,  389.183664645,  1141.99
1571.03696968,  43587.6,  38087.6,  243.825832736,  389.183544974,  1141.55
1571.05740383,  43629.4,  38122.0,  243.825907624,  389.183669583,  1141.25
1571.07783817,  43672.2,  38158.9,  243.826127504,  389.183515156,  1141.3
1571.09827242,  43714.0,  38197.4,  243.825958008,  389.183871275,  1142.39
1571.11870656,  43751.7,  38227.0,  243.826128209,  389.183773994,  1142.27
1571.13914091,  43790.5,  38261.1,  243.825924537,  389.183916098,  1142.38
1571.15957515,  43829.2,  38296.1,  243.826247564,  389.183792837,  1142.56
1571.1800094,  43844.8,  38306.8,  243.825557204,  389.183364794,  1142.94
1571.20044364,  43876.8,  38336.3,  243.82647955,  389.183794651,  1143.8
1571.22087789,  43905.2,  38360.5,  243.825962702,  389.183530478,  1142.61
1571.24131213,  43909.9,  38363.7,  243.82582354,  389.183689851,  1143.13
1571.26174638,  43920.7,  38375.2,  243.825756347,  389.184073135,  1141.37
1571.28218062,  43941.9,  38391.5,  243.826016369,  389.18366402,  1142.34
1571.30261487,  43932.9,  38383.1,  243.82583046,  389.184174711,  1142.76
1571.32304911,  43936.8,  38389.1,  243.825877008,  389.183611784,  1143.44
1571.34348346,  43919.9,  38371.8,  243.825770771,  389.184069031,  1143.66
1571.36391771,  43922.9,  38375.6,  243.826032358,  389.183768976,  1144.46
1571.38435185,  43905.5,  38361.0,  243.826525814,  389.183926561,  1144.05
1571.4047862,  43887.3,  38342.8,  243.825943495,  389.183807899,  1144.4
1571.42522045,  43886.5,  38343.7,  243.825782564,  389.183432033,  1145.47
1571.44565459,  43855.8,  38317.1,  243.825748255,  389.183023664,  1145.56
1571.46608894,  43846.1,  38306.9,  243.826050791,  389.183685813,  1145.28
1571.48652319,  43816.4,  38284.1,  243.825846286,  389.183743688,  1146.15
1571.50695734,  43790.5,  38259.2,  243.825699976,  389.183845255,  1145.52
1571.52739168,  43763.5,  38235.9,  243.825819088,  389.183187456,  1147.72
1571.54782593,  43746.0,  38221.8,  243.826107953,  389.183524398,  1146.04
1571.56826028,  43737.2,  38211.6,  243.825641239,  389.183495431,  1148.06
1571.58869443,  43724.7,  38202.2,  243.825993754,  389.183716229,  1148.2
1571.60912868,  43702.8,  38183.8,  243.82566409,  389.183488761,  1148.76
1571.62956302,  43692.8,  38172.6,  243.825778309,  389.1836153,  1146.09
1571.64999717,  43676.8,  38161.4,  243.825992181,  389.183774908,  1148.09
1571.67043142,  43659.7,  38145.7,  243.825907339,  389.183689444,  1144.51
1571.69086577,  42569.3,  37198.3,  243.826054236,  389.183054276,  1147.42
1571.71129992,  39949.0,  34929.6,  243.826456463,  389.182572203,  1145.04
1571.73173427,  37384.0,  32702.0,  243.826412339,  389.181674285,  1147.04
1571.75216852,  36403.5,  31852.9,  243.826768502,  389.181973312,  1145.62
1571.77260267,  37687.6,  32968.1,  243.82666833,  389.182456977,  1145.75
1571.79303702,  40362.0,  35284.2,  243.826719098,  389.183256521,  1145.19
1571.81347127,  42838.3,  37432.9,  243.826320694,  389.183400903,  1147.7
1571.83390542,  43627.4,  38117.4,  243.826153486,  389.183253482,  1147.76
1571.85433977,  43622.6,  38111.0,  243.825861443,  389.183399367,  1147.43
1571.87477402,  43630.8,  38120.6,  243.826464577,  389.183219387,  1147.76
1571.89520817,  43632.9,  38121.8,  243.82602367,  389.183115333,  1145.12
1571.91564252,  43622.8,  38111.7,  243.825910758,  389.183747765,  1145.43
1571.93607677,  43615.9,  38108.7,  243.82612464,  389.183309187,  1146.43
1571.95651112,  43626.1,  38115.1,  243.82615723,  389.183038536,  1145.86
1571.97694527,  43601.7,  38093.5,  243.825849604,  389.183087108,  1145.55
1571.99737952,  43605.5,  38098.6,  243.826303227,  389.182481251,  1144.31
1572.01781387,  43593.4,  38085.4,  243.825806009,  389.183253806,  1145.67
1572.03824802,  43584.8,  38080.4,  243.82607192,  389.1831865,  1146.66
1572.05868227,  43558.8,  38058.3,  243.825603725,  389.183048954,  1143.07
1572.07911663,  43536.0,  38036.2,  243.825929829,  389.182540142,  1144.3
1572.09955078,  43531.0,  38035.1,  243.825973232,  389.183200386,  1143.45
1572.11998513,  43492.1,  37999.3,  243.826802721,  389.183221261,  1142.65
1572.14041938,  43485.9,  37993.2,  243.826207698,  389.1833753,  1144.06
1572.16085353,  43439.2,  37954.7,  243.826019093,  389.182620116,  1142.87
1572.18128789,  43408.3,  37925.8,  243.8263179,  389.182816353,  1142.34
1572.20172214,  43391.9,  37911.9,  243.826245545,  389.182950178,  1141.41
1572.22215629,  43364.6,  37889.8,  243.82567255,  389.182619952,  1141.65
1572.24259065,  43328.6,  37855.9,  243.826251354,  389.183339293,  1141.86
1572.2630249,  43314.9,  37846.0,  243.826374649,  389.183006552,  1141.78
1572.28345915,  43288.7,  37823.5,  243.826692047,  389.183136392,  1142.19
1572.3038934,  43259.5,  37796.6,  243.826391789,  389.18301476,  1141.21
1572.32432766,  43255.0,  37795.5,  243.826387698,  389.182616407,  1141.54
1572.34476191,  43262.2,  37799.5,  243.825914429,  389.182812058,  1140.31
1572.36519617,  43240.1,  37779.5,  243.826075628,  389.183152255,  1142.48
1572.38563042,  43228.5,  37771.7,  243.826498819,  389.182972325,  1142.04
1572.40606467,  43219.5,  37761.2,  243.826553937,  389.182800377,  1142.04
1572.42649893,  43219.2,  37762.4,  243.826892441,  389.182875914,  1141.39
1572.44693318,  43225.1,  37769.3,  243.826275639,  389.182911127,  1140.43
1572.46736744,  43243.5,  37781.9,  243.826225745,  389.182779926,  1140.27
1572.48780169,  43251.4,  37792.5,  243.826398471,  389.183259669,  1141.56
1572.50823605,  43273.9,  37810.1,  243.826405388,  389.182781528,  1140.82
1572.5286703,  43271.5,  37807.3,  243.826013032,  389.183075345,  1141.93
1572.54910446,  42565.5,  37197.6,  243.826740504,  389.182878239,  1141.2
1572.56953881,  41072.8,  35901.2,  243.826495882,  389.182482263,  1140.61
1572.58997307,  39759.3,  34762.1,  243.826428428,  389.182346685,  1141.23
1572.61040722,  39458.4,  34503.7,  243.826563476,  389.182056645,  1139.97
1572.63084158,  40448.5,  35358.4,  243.826384585,  389.182419777,  1141.95
1572.67170999,  43201.5,  37747.9,  243.826847579,  389.182962755,  1142.38
1572.69214435,  43548.1,  38046.1,  243.826452544,  389.18304585,  1141.43
1572.7125786,  43588.9,  38084.0,  243.826306584,  389.182873023,  1142.52
1572.73301296,  43632.1,  38120.2,  243.826088387,  389.182915592,  1140.57
1572.75344712,  43668.4,  38150.1,  243.826002134,  389.183094128,  1143.08
1572.77388137,  43715.8,  38193.2,  243.826174461,  389.182786488,  1142.27
1572.79431573,  43752.7,  38223.4,  243.82605448,  389.182730044,  1142.9
1572.81474989,  43782.8,  38250.4,  243.826232674,  389.183166673,  1144.09
1572.83518415,  43819.3,  38283.7,  243.826297706,  389.182840532,  1148.09
1572.8556185,  43852.6,  38310.4,  243.825965594,  389.183123115,  1147.48
1572.87605266,  43880.9,  38336.9,  243.826098456,  389.183085814,  1150.22
1572.89648702,  43912.5,  38365.5,  243.826195296,  389.183050663,  1149.18
1572.91692128,  43921.7,  38371.4,  243.825985739,  389.183172162,  1147.89
1572.93735543,  43928.8,  38379.8,  243.826231773,  389.182845282,  1145.27
1572.95778979,  43950.2,  38397.9,  243.826374884,  389.183120565,  1139.65
1572.97822405,  43959.5,  38405.2,  243.82661972,  389.182653263,  1137.5
1572.99865831,  43959.6,  38408.5,  243.825934119,  389.183291548,  1137.24
1573.01909257,  43959.7,  38406.0,  243.826144643,  389.183099108,  1136.45
1573.03952683,  43953.8,  38402.1,  243.825998609,  389.182839298,  1137.45
1573.05996099,  43955.2,  38405.8,  243.826381712,  389.183026159,  1135.45
1573.08039534,  43933.4,  38382.9,  243.825942746,  389.182972289,  1134.54
1573.1008296,  43915.1,  38369.6,  243.826303392,  389.182801599,  1136.35
1573.12126386,  43904.8,  38359.9,  243.826197352,  389.182996923,  1136.16
1573.14169812,  43892.1,  38348.0,  243.82638725,  389.182951888,  1134.66
1573.16213238,  43873.7,  38335.1,  243.826440327,  389.183385846,  1135.14
1573.18256674,  43863.0,  38323.4,  243.825844047,  389.183085422,  1135.09
1573.2030009,  43840.5,  38303.8,  243.826205804,  389.18277019,  1134.6
1573.22343516,  43807.3,  38277.4,  243.826445102,  389.182677262,  1134.32
1573.24386952,  43793.9,  38262.6,  243.826204858,  389.182777908,  1134.5
1573.26430368,  43772.9,  38246.2,  243.826279861,  389.183040908,  1134.64
1573.28473804,  43751.5,  38227.7,  243.825606464,  389.182881932,  1134.21
1573.3051723,  43732.9,  38208.9,  243.825975933,  389.183118381,  1134.09
1573.32560646,  43727.8,  38207.1,  243.826118754,  389.183020188,  1134.85
1573.34604083,  43716.3,  38196.1,  243.826511655,  389.182864567,  1131.99
1573.36647509,  43695.5,  38177.9,  243.826235364,  389.183059528,  1131.98
1573.38690925,  43585.4,  38084.5,  243.825806693,  389.183111783,  1131.85
1573.40734361,  42030.4,  36732.6,  243.825950953,  389.182992542,  1132.22
1573.42777787,  39266.3,  34336.8,  243.826713689,  389.182183322,  1130.2
1573.44821203,  36949.5,  32329.2,  243.826173892,  389.181587287,  1128.36
1573.46864639,  36497.2,  31933.7,  243.826520489,  389.181654173,  1130.87
1573.48908066,  38263.5,  33467.0,  243.826281786,  389.181890361,  1129.16
1573.50951502,  41025.2,  35862.4,  243.826299145,  389.182391144,  1128.86
1573.52994918,  43218.8,  37762.7,  243.826249202,  389.182753112,  1128.53
1573.55038344,  43618.3,  38111.6,  243.826051728,  389.182663318,  1128.26
1573.57081781,  43629.2,  38118.1,  243.825981684,  389.182703487,  1128.36
1573.59125197,  43619.1,  38108.5,  243.826201727,  389.182565997,  1127.98
1573.61168623,  43611.1,  38104.1,  243.825866399,  389.182207377,  1126.64
1573.63212059,  43625.7,  38113.5,  243.82553973,  389.182868004,  1127.93
1573.65255486,  43596.0,  38088.4,  243.826482982,  389.182898099,  1126.74
1573.67298912,  43600.5,  38093.5,  243.826536589,  389.182725519,  1127.47
1573.69342338,  43595.9,  38086.8,  243.826085529,  389.182854708,  1126.52
1573.71385755,  43577.6,  38073.0,  243.826583228,  389.182756668,  1127.49
1573.73429191,  43555.3,  38053.2,  243.826410705,  389.182466773,  1125.34
1573.75472618,  43542.5,  38039.7,  243.825920028,  389.182444902,  1125.93
1573.77516034,  43543.3,  38042.6,  243.82652616,  389.182531283,  1126.45
1573.7955947,  43514.9,  38016.1,  243.826450035,  389.182626986,  1125.41
1573.81602897,  43500.3,  38002.5,  243.826353293,  389.182761702,  1126.8
1573.83646313,  43472.9,  37980.7,  243.825989469,  389.182660181,  1125.21
1573.8568975,  43431.2,  37941.5,  243.826025836,  389.182326517,  1126.71
1573.87733176,  43426.2,  37937.5,  243.826585975,  389.182378939,  1124.82
1573.89776613,  43399.7,  37916.8,  243.826470517,  389.182549773,  1125.1
1573.91820029,  43367.0,  37885.5,  243.826172865,  389.182568669,  1124.57
1573.93863456,  43350.1,  37872.3,  243.826169317,  389.182385267,  1124.54
1573.95906892,  43323.2,  37848.4,  243.826422868,  389.182656509,  1124.57
1573.97950309,  43297.1,  37824.1,  243.826257711,  389.182544077,  1125.77
1573.99993735,  43287.6,  37818.5,  243.826364608,  389.182461894,  1124.22
1574.02037172,  43364.6,  37882.2,  243.826487623,  389.184153481,  1124.37
1574.04080589,  43251.3,  37784.6,  243.826164436,  389.181923624,  1124.24
1574.06124025,  43250.9,  37786.8,  243.826768433,  389.182518523,  1124.39
1574.08167452,  43251.4,  37783.0,  243.826174086,  389.18229916,  1125.91
1574.10210868,  43250.4,  37784.2,  243.826207142,  389.182722356,  1126.05
1574.12254305,  43253.8,  37788.2,  243.826748111,  389.182432424,  1122.3
1574.14297732,  43274.1,  37802.5,  243.826568652,  389.182211933,  1123.0
1574.16341158,  43285.8,  37814.7,  243.826370212,  389.182501123,  1124.74
1574.18384585,  43292.9,  37819.9,  243.826233009,  389.182445088,  1122.38
1574.20428012,  43315.2,  37838.0,  243.826395069,  389.182273054,  1123.87
1574.22471439,  43339.2,  37861.8,  243.826636933,  389.182118698,  1122.95
1574.24514865,  43264.8,  37795.6,  243.826345038,  389.181969178,  1121.13
1574.26558292,  42268.7,  36931.4,  243.826187577,  389.182869978,  1122.86
1574.28601719,  40729.3,  35598.4,  243.826610707,  389.181947716,  1122.23
1574.30645156,  39583.3,  34601.2,  243.826755452,  389.181728674,  1123.57
1574.32688572,  39604.6,  34622.0,  243.826456003,  389.181340453,  1122.4
1574.34731999,  40803.4,  35661.6,  243.826183732,  389.182082477,  1121.49
1574.36775426,  42354.6,  37004.7,  243.826941541,  389.182216594,  1122.1
1574.38818853,  43421.7,  37932.8,  243.82644609,  389.182034515,  1121.58
1574.4086229,  43609.6,  38093.7,  243.825678615,  389.182712472,  1122.87
1574.42905707,  43646.2,  38124.4,  243.826662506,  389.181833731,  1121.19
1574.44949143,  43680.9,  38157.5,  243.825945466,  389.182442748,  1120.5
1574.4699257,  43731.7,  38198.0,  243.82605861,  389.182491131,  1120.8
1574.49035987,  43768.7,  38232.2,  243.826433261,  389.182198885,  1120.73
1574.51079424,  43799.8,  38259.6,  243.826530924,  389.182161781,  1120.99
1574.53122851,  43840.4,  38291.7,  243.826731647,  389.182218273,  1121.54
1574.55166268,  43855.9,  38308.3,  243.826332785,  389.182293746,  1119.95
1574.57209705,  43893.6,  38339.1,  243.826315328,  389.181895255,  1120.09
1574.59253132,  43915.9,  38358.4,  243.826085992,  389.182198457,  1119.59
1574.61296569,  43945.2,  38386.6,  243.82675499,  389.182359842,  1119.98
1574.63339986,  43943.9,  38383.5,  243.826285564,  389.182045779,  1121.09
1574.65383413,  43954.8,  38393.1,  243.826195118,  389.182402745,  1121.69
1574.6742685,  43963.5,  38402.2,  243.826587294,  389.182339344,  1121.8
1574.69470267,  43986.6,  38418.5,  243.826741314,  389.181804756,  1119.0
1574.71513694,  43960.2,  38398.2,  243.82637982,  389.182297989,  1118.48
1574.73557131,  43985.0,  38420.2,  243.826503584,  389.182007727,  1120.15
1574.75600548,  43985.0,  38417.0,  243.825868867,  389.181996523,  1119.45
1574.77643975,  43975.7,  38412.4,  243.826437729,  389.182276589,  1118.5
1574.79687413,  43960.8,  38398.0,  243.826579884,  389.181863391,  1118.29
1574.8173084,  43939.7,  38379.7,  243.826376952,  389.182162986,  1118.57
1574.83774267,  43917.0,  38362.4,  243.826332256,  389.182083466,  1118.68
1574.85817694,  43907.8,  38351.8,  243.826576823,  389.182252047,  1118.84
1574.87861121,  43890.8,  38338.2,  243.826546941,  389.182214133,  1118.48
1574.89904548,  43887.4,  38336.4,  243.826215377,  389.181647602,  1118.56
1574.91947976,  43854.4,  38304.6,  243.826065638,  389.18202493,  1118.76
1574.93991403,  43847.8,  38301.5,  243.82665786,  389.181913607,  1117.47
1574.9603483,  43825.9,  38282.9,  243.82666979,  389.182013321,  1118.41
1574.98078257,  43826.3,  38281.2,  243.82533804,  389.182496817,  1118.49
1575.00121685,  43772.8,  38237.6,  243.82671827,  389.181763159,  1118.53
1575.02165112,  43755.9,  38220.8,  243.826651787,  389.182068289,  1116.96
1575.04208539,  43737.6,  38205.0,  243.82615043,  389.182144601,  1119.03
1575.06251976,  43717.6,  38191.0,  243.826591305,  389.181925853,  1118.36
1575.08295394,  43693.1,  38166.7,  243.826487978,  389.182434629,  1115.96
1575.10338821,  43407.4,  37919.9,  243.826623294,  389.182005877,  1117.15
1575.12382258,  41382.6,  36166.0,  243.82632419,  389.181454732,  1116.65
1575.14425676,  38585.7,  33738.2,  243.826571584,  389.18077968,  1116.96
1575.16469103,  36603.0,  32021.5,  243.82663943,  389.180554882,  1117.43
1575.18512541,  36735.2,  32134.9,  243.827085136,  389.180742834,  1116.83
1575.20555958,  38874.5,  33989.9,  243.826621973,  389.181355378,  1117.48
1575.22599395,  41659.7,  36407.1,  243.826858689,  389.181316308,  1115.68
1575.24642823,  43427.2,  37937.5,  243.826002129,  389.18167755,  1116.61
1575.2668624,  43599.5,  38087.3,  243.826353298,  389.182150817,  1115.55
1575.28729678,  43589.4,  38080.6,  243.826734282,  389.181406987,  1116.55
1575.30773105,  43590.0,  38078.4,  243.826888889,  389.182022439,  1116.51
1575.32816523,  43589.1,  38079.6,  243.826867154,  389.181364013,  1116.79
1575.3485996,  43582.0,  38073.7,  243.826527935,  389.181436123,  1117.21
1575.36903388,  43569.2,  38061.2,  243.826499005,  389.18233662,  1116.03
1575.38946825,  43565.8,  38060.5,  243.826288859,  389.181636354,  1117.72
1575.40990243,  43539.7,  38036.8,  243.826620894,  389.181906777,  1118.21
1575.4303367,  43531.4,  38028.9,  243.826160522,  389.182460263,  1116.87
1575.45077108,  43520.4,  38022.5,  243.826449856,  389.181774601,  1116.87
1575.47120535,  43515.2,  38015.1,  243.826566847,  389.18186406,  1115.57
1575.49163953,  43493.9,  37997.9,  243.826231783,  389.181980547,  1115.86
1575.51207391,  43470.0,  37979.0,  243.826364351,  389.181541096,  1116.06
1575.53250818,  43463.9,  37971.3,  243.82643948,  389.181542494,  1116.32
1575.55294236,  43425.6,  37940.1,  243.82693097,  389.181564335,  1116.4
1575.57337674,  43423.2,  37937.3,  243.827131224,  389.182045381,  1116.32
1575.59381101,  43398.9,  37914.6,  243.826560213,  389.182134178,  1114.88
1575.61424529,  43383.9,  37905.2,  243.826602725,  389.181264422,  1116.85
1575.65511374,  43339.0,  37863.9,  243.826377594,  389.181809282,  1116.57
1575.67554812,  43336.7,  37863.8,  243.826671578,  389.181591203,  1116.02
1575.6959824,  43325.0,  37850.4,  243.826715457,  389.181936673,  1113.86
1575.71641657,  43290.4,  37822.4,  243.826460075,  389.181715176,  1115.07
1575.73685095,  43290.1,  37822.2,  243.826872645,  389.182185406,  1115.49
1575.75728523,  43301.8,  37830.4,  243.826333689,  389.181809011,  1113.67
1575.77771961,  43288.1,  37820.8,  243.827069446,  389.181733771,  1115.39
1575.79815379,  43293.0,  37824.5,  243.82699763,  389.18159788,  1115.14
1575.81858806,  43305.7,  37834.5,  243.826752345,  389.18227173,  1113.55
1575.83902244,  43295.1,  37828.4,  243.826235288,  389.181541753,  1114.51
1575.85945662,  43327.4,  37854.7,  243.826429681,  389.182042994,  1113.71
1575.8798909,  43337.0,  37863.6,  243.826281981,  389.181607223,  1113.56
1575.90032528,  43364.5,  37890.3,  243.826324998,  389.181723397,  1114.98
1575.92075946,  43363.9,  37887.1,  243.826267538,  389.182301779,  1113.53
1575.94119374,  43392.4,  37914.3,  243.826350615,  389.181788908,  1113.57
1575.96162811,  43179.0,  37728.7,  243.826576992,  389.181754682,  1111.84
1575.98206229,  41955.6,  36667.4,  243.82649283,  389.181439682,  1113.48
1576.00249667,  40418.0,  35336.8,  243.82690687,  389.181537019,  1114.44
1576.02293095,  39465.7,  34509.2,  243.826468866,  389.181295369,  1113.38
1576.04336523,  39781.8,  34783.3,  243.826783462,  389.181616585,  1112.41
1576.06379951,  41157.2,  35979.0,  243.826809239,  389.181479759,  1114.21
1576.08423379,  42709.8,  37322.2,  243.826199444,  389.181795682,  1112.05
1576.10466807,  43570.9,  38070.5,  243.826663996,  389.18211347,  1112.51
1576.12510235,  43653.9,  38144.0,  243.826196855,  389.182245597,  1112.39
1576.14553663,  43671.4,  38155.7,  243.826426138,  389.18218762,  1114.16
1576.16597091,  43708.3,  38191.0,  243.826197611,  389.181923025,  1112.82
1576.18640529,  43743.9,  38221.3,  243.826222971,  389.182206865,  1112.61
1576.20683947,  43764.4,  38238.6,  243.826032143,  389.181946404,  1111.4
1576.22727386,  43805.7,  38276.2,  243.826449805,  389.181677368,  1112.15
1576.24770814,  43827.6,  38293.1,  243.82606715,  389.182007836,  1112.43
1576.26814232,  43857.2,  38319.4,  243.826337448,  389.182247571,  1111.49
1576.2885767,  43903.3,  38361.0,  243.826406065,  389.181812963,  1110.23
1576.30901088,  43909.7,  38363.5,  243.82595263,  389.181766167,  1111.49
1576.32944516,  43937.9,  38389.4,  243.82651053,  389.182177811,  1111.49
1576.34987954,  43939.7,  38391.3,  243.82638537,  389.182125963,  1110.39
1576.37031373,  43968.5,  38433.9,  243.825666978,  389.182016934,  1124.74
1576.39074811,  43955.3,  38405.7,  243.826543925,  389.181870314,  1110.85
1576.41118239,  43969.1,  38415.6,  243.826417139,  389.181777079,  1111.19
1576.43161657,  43996.0,  38438.5,  243.826295295,  389.181754821,  1111.57
1576.45205095,  43978.2,  38425.2,  243.826225189,  389.182193128,  1112.07
1576.47248524,  43965.7,  38411.7,  243.82601049,  389.181369266,  1111.41
1576.49291942,  43971.0,  38416.8,  243.826403399,  389.182219556,  1111.19
1576.5133538,  43959.1,  38407.6,  243.826514229,  389.181738188,  1112.25
1576.53378808,  43936.3,  38385.9,  243.826130176,  389.181789854,  1107.86
1576.55422237,  43937.0,  38388.9,  243.826661666,  389.18132765,  1110.12
1576.57465665,  43900.6,  38356.2,  243.82652325,  389.181693787,  1110.56
1576.59509093,  43885.6,  38341.3,  243.826320964,  389.181891941,  1110.35
1576.61552532,  43870.4,  38330.6,  243.826467404,  389.18175576,  1109.06
1576.6359595,  43848.1,  38308.2,  243.826123334,  389.181734991,  1108.72
1576.65639378,  43812.9,  38278.0,  243.826255088,  389.181194728,  1108.52
1576.67682817,  43805.1,  38273.6,  243.826560499,  389.181738553,  1109.48
1576.69726245,  43757.8,  38229.3,  243.826508522,  389.181645573,  1107.99
1576.71769664,  43732.0,  38207.8,  243.826385113,  389.182010611,  1107.29
1576.73813102,  43719.7,  38197.7,  243.826356068,  389.181590808,  1108.0
1576.75856531,  43695.5,  38174.1,  243.826264958,  389.181804234,  1109.12
1576.77899959,  43674.6,  38158.3,  243.82643051,  389.18137005,  1108.47
1576.79943387,  43662.4,  38146.1,  243.826215398,  389.18166867,  1108.69
1576.81986816,  43059.8,  37622.3,  243.82643701,  389.181508482,  1107.92
1576.84030254,  40672.8,  35555.9,  243.826582842,  389.180972972,  1108.85
1576.86073673,  37933.8,  33177.7,  243.826512253,  389.180488911,  1107.83
1576.88117101,  36385.0,  31835.2,  243.826278002,  389.180054679,  1108.75
1576.9016054,  37080.3,  32439.5,  243.82666252,  389.180356682,  1107.8
1576.92203958,  39526.8,  34557.5,  243.826742691,  389.18099826,  1109.38
1576.94247387,  42214.1,  36889.9,  243.826576789,  389.181586456,  1107.71
1576.96290816,  43508.0,  38011.6,  243.826547386,  389.181508235,  1107.98
1576.98334244,  43561.1,  38055.9,  243.826602598,  389.181547596,  1108.58
1577.00377683,  43539.7,  38039.4,  243.826773585,  389.182176005,  1106.67
1577.02421101,  43543.8,  38040.8,  243.826629647,  389.181263701,  1107.2
1577.0446453,  43551.6,  38047.5,  243.826411339,  389.181823177,  1109.54
1577.06507969,  43534.0,  38033.6,  243.826719532,  389.181663773,  1108.26
1577.08551387,  43533.2,  38030.6,  243.826887279,  389.181480448,  1109.15
1577.10594816,  43523.7,  38023.5,  243.826658012,  389.181217469,  1107.24
1577.12638255,  43502.9,  38006.1,  243.826414326,  389.181641464,  1107.53
1577.14681673,  43502.2,  38003.1,  243.826594793,  389.181378471,  1107.0
1577.16725112,  43490.7,  37995.4,  243.826508008,  389.1812468,  1107.76
1577.18768541,  43478.0,  37983.1,  243.826576284,  389.180868693,  1105.11
1577.20811959,  43466.7,  37972.0,  243.826852582,  389.181357631,  1107.94
1577.22855398,  43479.6,  37985.6,  243.826621359,  389.181274931,  1107.29
1577.24898827,  43454.0,  37960.8,  243.826821186,  389.181490154,  1106.48
1577.26942256,  43432.6,  37943.8,  243.827022971,  389.181338139,  1105.94
1577.28985684,  43420.1,  37933.3,  243.827028534,  389.181494911,  1107.3
1577.31029113,  43397.9,  37911.1,  243.826644917,  389.181392381,  1106.15
1577.33072542,  43397.5,  37913.6,  243.826643598,  389.18140024,  1105.9
1577.35115981,  43382.9,  37900.1,  243.826998389,  389.180939682,  1106.46
1577.371594,  43370.2,  37887.7,  243.82684279,  389.181024198,  1104.68
1577.39202839,  43367.7,  37887.5,  243.826470862,  389.181501937,  1105.84
1577.41246267,  43343.3,  37865.1,  243.826377831,  389.181155191,  1105.18
1577.43289686,  43342.0,  37863.3,  243.827099803,  389.181528809,  1105.86
1577.45333125,  43347.1,  37870.4,  243.826920045,  389.181842503,  1105.49
1577.47376554,  43342.7,  37863.7,  243.826824764,  389.181330886,  1104.63
1577.49419973,  43350.3,  37871.8,  243.826616893,  389.181086232,  1105.38
1577.51463412,  43361.8,  37881.2,  243.82721514,  389.181102537,  1105.06
1577.53506841,  43363.6,  37881.8,  243.826229363,  389.181058438,  1104.64
1577.5555027,  43370.4,  37889.1,  243.827086664,  389.181131382,  1105.05
1577.57593699,  43388.2,  37904.5,  243.826907137,  389.180904189,  1102.95
1577.59637118,  43408.9,  37921.4,  243.827094614,  389.180950438,  1104.12
1577.61680557,  43430.3,  37941.9,  243.826603065,  389.181191513,  1103.07
1577.63723986,  43444.6,  37952.1,  243.826781362,  389.181213099,  1103.09
1577.65767405,  43473.3,  37977.8,  243.826459542,  389.181130444,  1104.24
1577.67810844,  43040.2,  37603.9,  243.826826638,  389.18094032,  1103.24
1577.69854273,  41637.4,  36384.5,  243.827125504,  389.180844798,  1103.5
1577.71897702,  40150.2,  35096.9,  243.827085043,  389.180607403,  1106.78
1577.73941131,  39449.0,  34488.8,  243.827154562,  389.180501639,  1103.74
1577.7598456,  40081.6,  35035.0,  243.826989327,  389.180208077,  1101.61
1577.78027999,  41558.4,  36317.8,  243.827197175,  389.181730111,  1103.06
1577.80071418,  43037.3,  37599.3,  243.827254667,  389.180658552,  1102.3
1577.82114847,  43644.1,  38125.2,  243.826896272,  389.180412854,  1103.57
1577.84158286,  43676.4,  38155.8,  243.826482099,  389.181044099,  1102.27
1577.86201716,  43697.1,  38170.6,  243.826520024,  389.180926274,  1101.75
1577.88245135,  43720.4,  38192.1,  243.82697984,  389.180650026,  1101.6
1577.90288574,  43736.0,  38207.1,  243.826902004,  389.180654813,  1102.04
1577.92332003,  43767.2,  38232.0,  243.826519681,  389.181213622,  1101.68
1577.94375432,  43788.4,  38252.7,  243.826729115,  389.180979064,  1101.95
1577.96418861,  43820.8,  38279.0,  243.827029413,  389.181171587,  1102.19
1577.98462291,  43841.2,  38297.1,  243.826883477,  389.180694564,  1101.56
1578.0050572,  43868.2,  38322.3,  243.827187276,  389.180353795,  1103.21
1578.02549149,  43891.0,  38339.0,  243.826965885,  389.180757103,  1103.14
1578.04592578,  43925.4,  38370.5,  243.826467558,  389.180906859,  1100.7
1578.06636018,  43920.4,  38367.5,  243.826743015,  389.180990644,  1108.47
1578.08679437,  43939.2,  38381.0,  243.82697665,  389.180447074,  1101.28
1578.10722866,  43943.4,  38387.4,  243.826675294,  389.180723434,  1101.11
1578.12766306,  43951.8,  38393.2,  243.826657201,  389.180640237,  1101.57
1578.14809725,  43947.8,  38388.8,  243.826299596,  389.181255763,  1102.28
1578.16853164,  43936.4,  38381.9,  243.826813296,  389.180835842,  1100.82
1578.18896594,  43936.1,  38380.7,  243.826690273,  389.180758204,  1102.33
1578.20940013,  43947.5,  38389.4,  243.826804811,  389.180840854,  1102.61
1578.22983452,  43934.4,  38380.7,  243.826789489,  389.180886402,  1101.07
1578.25026872,  43915.7,  38361.5,  243.826812994,  389.180923489,  1102.26
1578.27070301,  43922.8,  38369.8,  243.827183968,  389.180852202,  1101.85
1578.2911374,  43897.2,  38347.4,  243.826696591,  389.180912719,  1103.44
1578.3115716,  43865.5,  38318.6,  243.826937799,  389.181136649,  1102.3
1578.33200599,  43856.3,  38313.4,  243.826953772,  389.180710739,  1100.45
1578.35244029,  43829.0,  38287.4,  243.827303557,  389.180999689,  1101.56
1578.37287448,  43804.2,  38265.9,  243.826772735,  389.180880841,  1100.5
1578.39330888,  43781.7,  38248.8,  243.826718563,  389.18084338,  1101.51
1578.41374317,  43740.6,  38210.2,  243.827000776,  389.180550073,  1102.62
1578.43417747,  43725.1,  38198.6,  243.827175696,  389.180473853,  1101.06
1578.45461176,  43684.9,  38164.9,  243.827007521,  389.180840501,  1101.4
1578.47504606,  43661.0,  38142.1,  243.826902466,  389.180339694,  1100.71
1578.49548035,  43626.2,  38114.6,  243.827071682,  389.180926662,  1101.1
1578.51591465,  43607.8,  38097.6,  243.826543088,  389.180868632,  1100.11
1578.53634894,  42542.8,  37172.7,  243.826993983,  389.180698238,  1101.43
1578.55678334,  39953.4,  34929.8,  243.827187149,  389.180495213,  1101.93
1578.57721764,  37327.2,  32650.9,  243.826875666,  389.179390595,  1100.23
1578.59765183,  36275.0,  31738.1,  243.827071525,  389.179165414,  1100.13
1578.63852052,  40149.9,  35097.0,  243.826923938,  389.180476859,  1101.27
1578.65895472,  42663.3,  37277.9,  243.826852673,  389.180730959,  1101.59
1578.67938912,  43500.4,  38003.8,  243.826807882,  389.180856157,  1098.3
1578.69982341,  43503.4,  38004.7,  243.826769696,  389.180746287,  1100.03
1578.72025761,  43467.6,  37975.3,  243.827162805,  389.18084,  1099.56
1578.74069201,  43475.9,  37981.1,  243.826577552,  389.180503902,  1099.06
1578.7611263,  43466.6,  37972.9,  243.826605307,  389.180734598,  1099.28
1578.7815607,  43462.0,  37971.5,  243.827265956,  389.180882018,  1100.78
1578.8019949,  43449.5,  37958.6,  243.826602296,  389.181176836,  1100.0
1578.8224292,  43461.2,  37971.4,  243.82661162,  389.181363992,  1100.11
1578.84286359,  43455.2,  37966.6,  243.82667959,  389.180874607,  1098.65
1578.86329779,  43453.5,  37962.7,  243.826885125,  389.180845696,  1097.9
1578.88373209,  43443.4,  37957.6,  243.827065018,  389.18125736,  1099.38
1578.90416639,  43435.4,  37949.9,  243.826603711,  389.180976373,  1099.06
1578.92460068,  43431.4,  37945.1,  243.826795274,  389.181002738,  1100.26
1578.94503508,  43419.9,  37938.1,  243.82691269,  389.181011588,  1099.78
1578.96546928,  43426.5,  37941.8,  243.826571714,  389.181128484,  1098.22
1578.98590358,  43396.4,  37916.9,  243.826681405,  389.180664618,  1099.2
1579.00633798,  43392.4,  37915.3,  243.827115825,  389.181076296,  1097.36
1579.02677218,  43393.1,  37913.3,  243.826403915,  389.180799939,  1098.8
1579.04720647,  43382.5,  37905.9,  243.827425285,  389.180671578,  1099.83
1579.06764087,  43381.3,  37904.9,  243.826568143,  389.180788587,  1097.77
1579.08807517,  43389.5,  37910.7,  243.82659527,  389.18118442,  1098.57
1579.10850937,  43374.4,  37900.6,  243.827131933,  389.181093259,  1097.48
1579.12894377,  43374.6,  37898.8,  243.82647887,  389.181168519,  1097.47
1579.14937807,  43362.4,  37888.1,  243.82686828,  389.180888889,  1096.24
1579.16981237,  43374.3,  37900.8,  243.826814173,  389.180601245,  1097.81
1579.19024667,  43372.0,  37895.8,  243.826663453,  389.180977043,  1097.78
1579.21068097,  43390.3,  37912.6,  243.826693377,  389.180984046,  1096.23
1579.23111537,  43388.9,  37912.7,  243.826855469,  389.180996589,  1098.54
1579.25154957,  43423.0,  37940.3,  243.826507274,  389.1812713,  1097.15
1579.27198387,  43418.1,  37938.0,  243.826706645,  389.18103091,  1096.7
1579.29241827,  43439.9,  37955.4,  243.826690037,  389.180499162,  1096.96
1579.31285247,  43461.5,  37973.7,  243.827087698,  389.180969631,  1096.35
1579.33328687,  43475.8,  37988.2,  243.826593936,  389.180762147,  1097.33
1579.35372117,  43495.1,  38002.1,  243.826790718,  389.181028859,  1098.03
1579.37415537,  43491.2,  37999.6,  243.826750269,  389.18083467,  1096.99
1579.39458977,  42803.4,  37404.4,  243.826344094,  389.181098186,  1097.61
1579.41502407,  41282.5,  36082.8,  243.826743176,  389.180608689,  1095.63
1579.43545827,  39882.9,  34871.1,  243.82685186,  389.180207897,  1098.6
1579.45589267,  39481.3,  34522.6,  243.827309345,  389.1801434,  1098.01
1579.47632698,  40386.2,  35304.4,  243.827049545,  389.180192702,  1097.12
1579.49676118,  41964.8,  36676.0,  243.827497786,  389.181074484,  1098.7
1579.51719558,  43299.1,  37831.3,  243.826862256,  389.180516905,  1097.61
1579.53762978,  43662.3,  38145.5,  243.826941399,  389.180827838,  1096.37
1579.55806418,  43690.0,  38172.4,  243.827175789,  389.180978172,  1095.76
1579.57849848,  43702.6,  38180.2,  243.826745494,  389.181168062,  1096.92
1579.59893279,  43724.3,  38199.3,  243.827110214,  389.180590886,  1096.64
1579.61936709,  43748.4,  38221.9,  243.826692347,  389.180760709,  1096.06
1579.63980139,  43766.5,  38234.6,  243.826905437,  389.18075066,  1096.6
1579.66023569,  43785.2,  38253.2,  243.826601672,  389.180846706,  1096.8
1579.68067,  43812.9,  38275.9,  243.826626289,  389.180448541,  1097.34
1579.7011043,  43838.2,  38296.3,  243.826899606,  389.180677492,  1094.55
1579.7215387,  43861.0,  38318.6,  243.826289852,  389.18089528,  1095.55
1579.741973,  43885.8,  38337.4,  243.826756016,  389.180843555,  1095.36
1579.76240721,  43900.4,  38350.6,  243.826839803,  389.180762137,  1094.17
1579.78284161,  43915.8,  38365.8,  243.827009187,  389.180719423,  1092.34
1579.80327591,  43926.8,  38372.3,  243.826814584,  389.180760994,  1093.99
1579.82371012,  43941.0,  38385.9,  243.826934329,  389.18029626,  1093.93
1579.84414452,  43929.1,  38375.0,  243.827527926,  389.180367137,  1094.45
1579.86457882,  43945.4,  38387.2,  243.82675042,  389.180801672,  1094.4
1579.88501303,  43939.2,  38384.1,  243.826726505,  389.180360751,  1093.21
1579.90544743,  43932.3,  38377.0,  243.826612514,  389.180538252,  1093.02
1579.92588173,  43934.0,  38377.2,  243.826259542,  389.180763923,  1094.41
1579.94631614,  43942.9,  38386.3,  243.827084652,  389.180861823,  1092.56
1579.96675034,  43917.6,  38362.4,  243.826929643,  389.180400493,  1093.98
1579.98718465,  43913.3,  38359.3,  243.826430294,  389.180866703,  1093.99
1580.00761905,  43875.8,  38326.7,  243.826713177,  389.180678628,  1095.08
1580.02805326,  43851.4,  38302.9,  243.827138316,  389.180728615,  1093.69
1580.04848756,  43842.5,  38298.1,  243.827066677,  389.180183686,  1093.23
1580.06892197,  43825.2,  38281.8,  243.827126023,  389.180296544,  1093.67
1580.08935617,  43781.1,  38242.3,  243.826635483,  389.180680736,  1093.02
1580.10979048,  43746.4,  38214.0,  243.826748326,  389.180260257,  1091.89
1580.13022488,  43744.2,  38209.8,  243.826413356,  389.180236458,  1092.93
1580.15065909,  43701.6,  38172.8,  243.826986891,  389.180602648,  1092.99
1580.17109349,  43674.2,  38150.7,  243.827354989,  389.180350825,  1091.38
1580.1915277,  43627.3,  38108.0,  243.826719807,  389.180264361,  1093.78
1580.211962,  43611.5,  38095.3,  243.826842373,  389.180301903,  1089.57
1580.23239641,  43501.6,  38000.4,  243.826861317,  389.180425039,  1091.64
1580.25283061,  41964.9,  36665.4,  243.827359202,  389.18005963,  1091.19
1580.27326492,  39202.1,  34272.3,  243.827213975,  389.179642923,  1092.28
1580.29369933,  36852.0,  32232.3,  243.827100194,  389.178623041,  1091.29
1580.31413363,  36342.1,  31789.5,  243.827439446,  389.178463305,  1091.8
1580.33456794,  38032.2,  33257.2,  243.827383951,  389.17939516,  1090.02
1580.35500225,  40789.8,  35644.8,  243.827110378,  389.180040348,  1092.2
1580.37543655,  42992.1,  37556.7,  243.827123798,  389.179991657,  1091.38
1580.39587086,  43441.5,  37947.3,  243.827049103,  389.18005557,  1089.9
1580.41630517,  43416.0,  37922.3,  243.827153422,  389.180379436,  1090.9
1580.43673947,  43425.7,  37933.8,  243.826932818,  389.179973419,  1089.22
1580.45717388,  43418.2,  37926.4,  243.82712283,  389.180223188,  1089.67
1580.47760809,  43411.9,  37918.4,  243.827325138,  389.180136049,  1090.85
1580.49804239,  43417.6,  37926.2,  243.826817157,  389.179900843,  1090.5
1580.5184768,  43405.6,  37912.3,  243.827492802,  389.179871897,  1089.57
1580.53891101,  43393.5,  37902.5,  243.8270668,  389.180101687,  1091.36
1580.55934542,  43409.3,  37918.9,  243.827007718,  389.18016729,  1088.13
1580.57977972,  43404.8,  37912.4,  243.826908257,  389.180406719,  1088.22
1580.60021393,  43409.5,  37918.1,  243.827251444,  389.179921913,  1089.87
1580.62064834,  43422.2,  37928.9,  243.827683771,  389.180310087,  1089.53
1580.64108265,  43427.7,  37931.9,  243.827118659,  389.180118841,  1089.54
1580.66151686,  43429.2,  37935.0,  243.827445577,  389.179832764,  1089.94
1580.68195126,  43425.9,  37930.8,  243.826998084,  389.179974086,  1088.1
1580.70238557,  43428.5,  37931.8,  243.826741652,  389.179835874,  1088.95
1580.72281998,  43424.4,  37931.4,  243.826910474,  389.180282658,  1087.64
1580.74325419,  43437.1,  37939.5,  243.82713802,  389.179808421,  1088.22
1580.7636885,  43438.8,  37942.1,  243.82757804,  389.180087554,  1088.87
1580.78412291,  43415.3,  37922.7,  243.827054962,  389.18025444,  1087.48
1580.80455712,  43431.5,  37934.4,  243.826655237,  389.17988776,  1088.26
1580.82499143,  43417.3,  37924.3,  243.826587161,  389.179998318,  1088.61
1580.84542574,  43430.2,  37934.3,  243.827133704,  389.17987325,  1087.29
1580.86586004,  43435.6,  37937.9,  243.82711493,  389.18008104,  1087.37
1580.88629435,  43432.7,  37937.3,  243.827160919,  389.180152885,  1087.78
1580.90672866,  43449.8,  37950.3,  243.827294215,  389.179764781,  1087.3
1580.92716297,  43451.6,  37951.9,  243.82737027,  389.17971364,  1088.03
1580.94759738,  43460.1,  37961.4,  243.827148565,  389.179863867,  1085.44
1580.96803169,  43478.0,  37974.4,  243.826731959,  389.179851375,  1086.12
1580.9884659,  43484.3,  37981.7,  243.827229193,  389.179785927,  1086.31
1581.00890031,  43504.1,  37998.1,  243.826574253,  389.180578048,  1087.52
1581.02933462,  43507.8,  37999.7,  243.827279351,  389.180066968,  1086.7
1581.04976883,  43536.1,  38026.9,  243.827034817,  389.180171296,  1086.4
1581.07020324,  43542.2,  38029.5,  243.827223862,  389.179964317,  1087.02
1581.09063756,  43467.0,  37964.4,  243.827786421,  389.179569422,  1086.06
1581.11107197,  42509.9,  37137.2,  243.827147057,  389.17964572,  1085.78
1581.13150618,  40929.5,  35762.5,  243.827497075,  389.179913649,  1087.54
1581.15194049,  39681.7,  34683.5,  243.827364322,  389.179219854,  1087.05
1581.1723749,  39591.9,  34606.4,  243.827519628,  389.178823216,  1085.76
1581.19280911,  40728.8,  35590.2,  243.827108759,  389.178931315,  1086.46
1581.21324342,  42334.8,  36984.7,  243.827344587,  389.18005747,  1087.62
1581.23367783,  43503.8,  37997.3,  243.827690366,  389.179878117,  1085.57
1581.25411204,  43684.2,  38152.9,  243.827326174,  389.179721518,  1085.02
1581.27454636,  43707.0,  38175.1,  243.826791272,  389.179897872,  1087.26
1581.29498077,  43711.1,  38175.5,  243.827209561,  389.180235083,  1084.89
1581.31541498,  43733.6,  38196.6,  243.827462292,  389.179703255,  1084.72
1581.33584939,  43749.9,  38212.4,  243.827080691,  389.180076029,  1085.32
1581.3562837,  43775.4,  38231.6,  243.826716941,  389.179557805,  1083.78
1581.37671802,  43796.3,  38251.8,  243.826867276,  389.179517383,  1084.98
1581.39715233,  43806.8,  38259.9,  243.827520059,  389.180074688,  1085.04
1581.41758664,  43840.1,  38286.6,  243.827392242,  389.179481779,  1084.47
1581.43802095,  43852.7,  38299.9,  243.826706244,  389.17970173,  1085.2
1581.45845527,  43864.1,  38308.7,  243.826740298,  389.180072645,  1085.15
1581.47888958,  43897.0,  38336.7,  243.827234327,  389.179800279,  1084.2
1581.49932389,  43894.0,  38336.1,  243.827293534,  389.179914578,  1084.55
1581.5197582,  43918.6,  38353.7,  243.82729145,  389.179878303,  1084.44
1581.54019252,  43925.1,  38360.8,  243.827449944,  389.17955908,  1084.89
1581.56062683,  43926.0,  38361.3,  243.827335498,  389.180052977,  1085.99
1581.58106114,  43926.6,  38363.5,  243.826907122,  389.179898671,  1085.9
1586.83267627,  43825.2,  37931.4,  243.830069088,  389.176114478,  1063.57
1586.85311071,  43795.6,  37909.5,  243.829825157,  389.175775315,  1060.94
1586.87354495,  43765.9,  37881.9,  243.829575273,  389.176253879,  1062.81
1586.89397939,  43740.9,  37860.6,  243.830417051,  389.175662697,  1065.92
1586.91441373,  43712.2,  37838.1,  243.830208827,  389.175583909,  1062.56
1586.93484797,  43663.8,  37792.0,  243.830382541,  389.175307728,  1064.19
1586.95528241,  43629.4,  37765.3,  243.830488023,  389.175375408,  1064.29
1586.97571675,  43585.1,  37729.1,  243.830368567,  389.17537061,  1064.03
1586.99615109,  43555.5,  37701.0,  243.830363048,  389.175501823,  1062.73
1587.01658543,  43516.7,  37671.0,  243.830240372,  389.174900324,  1063.85
1587.03701977,  43479.9,  37639.3,  243.830345654,  389.174880213,  1065.15
1587.05745421,  43440.2,  37605.6,  243.830555282,  389.175200475,  1065.29
1587.07788856,  43337.3,  37519.9,  243.830848406,  389.174751465,  1063.22
1587.0983228,  41870.5,  36246.2,  243.831072417,  389.174808796,  1064.23
1587.11875724,  39123.7,  33867.5,  243.830803919,  389.174523869,  1063.69
1587.13919158,  36756.0,  31817.9,  243.830800181,  389.174103375,  1062.65
1587.15962582,  36204.2,  31338.6,  243.830818822,  389.173392771,  1061.97
1587.18006026,  37822.7,  32745.0,  243.830521968,  389.17416592,  1063.72
1587.2004946,  40555.4,  35118.3,  243.83008621,  389.174319715,  1060.85
1587.22092894,  42785.1,  37051.1,  243.830466104,  389.175219104,  1061.33
1587.24136328,  43271.3,  37478.1,  243.830660925,  389.175090485,  1060.06
1587.26179752,  43274.4,  37481.0,  243.830571691,  389.176014894,  1063.55
1587.28223197,  43281.4,  37488.7,  243.830323655,  389.17541572,  1062.02
1587.30266631,  43297.5,  37508.0,  243.831000643,  389.174988096,  1062.39
1587.32310055,  43311.8,  37519.3,  243.830809682,  389.174470297,  1062.39
1587.34353499,  43331.7,  37540.5,  243.830711391,  389.175534253,  1063.07
1587.36396933,  43360.8,  37570.8,  243.830594854,  389.175424969,  1061.64
1587.38440377,  43390.6,  37595.3,  243.829813889,  389.175407349,  1061.6
1587.40483802,  43404.8,  37612.4,  243.830366309,  389.17532163,  1061.43
1587.42527236,  43426.9,  37634.8,  243.83034183,  389.175460381,  1060.68
1587.4457068,  43450.7,  37655.0,  243.830335397,  389.175028755,  1061.84
1587.46614104,  43477.3,  37684.5,  243.83010712,  389.175727499,  1061.15
1587.50700983,  43527.0,  37729.7,  243.830190209,  389.175513898,  1060.98
1587.52744407,  43535.9,  37741.1,  243.829589218,  389.17560309,  1063.52
1587.54787851,  43574.6,  37774.0,  243.830005541,  389.175803689,  1060.5
1587.56831286,  43586.8,  37789.2,  243.830346114,  389.175512413,  1059.21
1587.5887472,  43606.6,  37809.5,  243.829859271,  389.175589872,  1061.24
1587.60918154,  43638.4,  37836.1,  243.830047236,  389.175511351,  1062.24
1587.62961588,  43639.1,  37843.1,  243.829980771,  389.175729438,  1060.73
1587.65005023,  43671.3,  37870.6,  243.830667625,  389.175051545,  1060.36
1587.67048457,  43686.9,  37886.6,  243.829984502,  389.175596586,  1061.03
1587.69091891,  43702.6,  37904.3,  243.830236951,  389.175369376,  1059.93
1587.71135336,  43696.6,  37898.7,  243.830013172,  389.175706036,  1061.25
1587.7317876,  43710.6,  37913.3,  243.829595294,  389.175062435,  1061.63
1587.75222194,  43726.4,  37931.6,  243.829910778,  389.175339406,  1062.44
1587.77265639,  43722.7,  37928.0,  243.830327389,  389.175565511,  1061.34
1587.79309073,  43741.1,  37948.5,  243.830366137,  389.175836896,  1062.04
1587.81352497,  43732.8,  37943.6,  243.829457378,  389.175422419,  1062.18
1587.83395942,  43735.8,  37946.2,  243.829463087,  389.17557402,  1060.62
1587.85439366,  43735.3,  37950.1,  243.830105406,  389.175517038,  1061.56
1587.87482811,  43735.4,  37950.7,  243.829697187,  389.175832044,  1061.6
1587.89526245,  43754.4,  37969.4,  243.829638322,  389.175642648,  1061.86
1587.91569669,  43752.5,  37972.4,  243.830042225,  389.175544735,  1062.12
1587.93613114,  43664.8,  37896.3,  243.829754952,  389.175376073,  1061.34
1587.95656548,  42697.8,  37060.4,  243.82969189,  389.17532245,  1060.62
1587.97699973,  41115.9,  35692.9,  243.829759588,  389.17547753,  1060.53
1587.99743417,  39824.6,  34572.5,  243.830007464,  389.174623191,  1059.84
1588.01786852,  39664.2,  34438.1,  243.829967781,  389.175047839,  1061.81
1588.03830276,  40779.8,  35406.3,  243.829995498,  389.17487861,  1062.84
1588.05873721,  42408.5,  36820.3,  243.830469964,  389.175428875,  1060.25
1588.07917155,  43598.0,  37855.9,  243.830087631,  389.17534042,  1060.37
1588.099606,  43794.3,  38026.3,  243.830073521,  389.175165947,  1060.89
1588.12004024,  43807.1,  38040.2,  243.830152624,  389.175302676,  1059.85
1588.14047459,  43833.4,  38066.6,  243.829745925,  389.175406521,  1059.76
1588.16090903,  43841.9,  38072.7,  243.829255997,  389.175258439,  1060.31
1588.18134328,  43858.3,  38091.9,  243.830097113,  389.174988205,  1059.51
1588.20177762,  43868.6,  38101.7,  243.829986189,  389.17491665,  1059.45
1588.22221207,  43891.5,  38122.2,  243.829652802,  389.175592969,  1058.32
1588.24264631,  43901.6,  38135.7,  243.830382927,  389.174676246,  1058.64
1588.26308076,  43910.7,  38143.1,  243.829744554,  389.175532565,  1058.09
1588.2835151,  43921.6,  38154.9,  243.829511255,  389.175503468,  1058.01
1588.30394945,  43927.8,  38164.6,  243.82955488,  389.17507478,  1059.24
1588.3243838,  43932.2,  38166.7,  243.829706915,  389.175728981,  1058.72
1588.34481814,  43933.3,  38170.8,  243.829445417,  389.17546301,  1057.05
1588.36525249,  43942.4,  38182.1,  243.829878961,  389.175607384,  1056.47
1588.38568683,  43913.9,  38157.1,  243.829525723,  389.175448015,  1057.23
1588.40612118,  43929.7,  38174.0,  243.829863076,  389.175587512,  1056.66
1588.42655553,  43899.5,  38148.7,  243.829406311,  389.175398004,  1056.54
1588.44698997,  43905.5,  38154.5,  243.829655749,  389.175372238,  1056.5
1588.46742422,  43877.3,  38134.4,  243.829599183,  389.175216319,  1055.89
1588.48785867,  43866.1,  38123.6,  243.829670421,  389.175630932,  1055.62
1588.50829291,  43839.8,  38102.8,  243.829286936,  389.175618954,  1056.73
1588.52872726,  43842.6,  38108.2,  243.829562946,  389.175220119,  1057.23
1588.54916171,  43780.1,  38052.8,  243.829944547,  389.175635797,  1056.66
1588.56959595,  43756.0,  38035.3,  243.829355792,  389.175396968,  1057.8
1588.5900303,  43729.2,  38014.5,  243.829712116,  389.175655876,  1056.21
1588.61046475,  43700.4,  37988.2,  243.829729176,  389.175336708,  1056.34
1588.63089899,  43653.7,  37952.8,  243.829976128,  389.175284753,  1056.08
1588.65133344,  43610.2,  37914.7,  243.829296672,  389.175520151,  1055.76
1588.67176779,  43582.7,  37891.4,  243.829513493,  389.175603322,  1055.21
1588.69220204,  43542.4,  37860.3,  243.830178968,  389.175795391,  1056.95
1588.71263648,  43505.7,  37827.0,  243.829216672,  389.176027495,  1055.52
1588.73307083,  43449.7,  37780.8,  243.829783511,  389.175993399,  1054.54
1588.75350508,  43424.0,  37761.1,  243.830203828,  389.175343609,  1055.28
1588.77393953,  43386.0,  37727.0,  243.829719288,  389.175427492,  1052.55
1588.79437387,  43146.1,  37522.3,  243.829268013,  389.175469228,  1055.74
1588.81480822,  41194.0,  35830.0,  243.829450964,  389.175350746,  1054.93
1588.83524257,  38390.5,  33399.3,  243.829103698,  389.174836058,  1055.47
1588.85567692,  36325.8,  31612.6,  243.829970556,  389.174268707,  1054.58
1588.87611137,  36319.7,  31606.5,  243.829925469,  389.174107582,  1055.86
1588.89654561,  38368.0,  33384.1,  243.829433756,  389.174859495,  1054.16
1588.91697996,  41139.1,  35790.7,  243.829294,  389.175693111,  1054.71
1588.93741441,  43019.8,  37418.5,  243.829175858,  389.175715549,  1056.05
1588.95784876,  43243.8,  37616.8,  243.829609751,  389.175694076,  1055.0
1588.97828301,  43241.4,  37615.9,  243.829388749,  389.175555827,  1054.65
1588.99871746,  43253.4,  37624.7,  243.829659868,  389.175572095,  1054.5
1589.01915181,  43272.4,  37646.0,  243.829319828,  389.175830929,  1053.23
1589.03958605,  43291.3,  37661.4,  243.828907248,  389.175819822,  1053.61
1589.0600205,  43311.1,  37679.1,  243.829051361,  389.175673332,  1055.52
1589.08045485,  43339.7,  37707.0,  243.82927098,  389.176156009,  1053.92
1589.1008893,  43374.5,  37735.7,  243.829426917,  389.175862235,  1056.23
1589.12132355,  43400.3,  37761.2,  243.829426537,  389.175655143,  1053.86
1589.1417579,  43433.0,  37791.4,  243.829422638,  389.175929967,  1054.77
1589.16219225,  43459.9,  37813.4,  243.829631464,  389.175922863,  1054.01
1589.1826266,  43505.8,  37856.6,  243.82875889,  389.176099626,  1053.14
1589.20306085,  43517.5,  37866.0,  243.829162724,  389.176103526,  1052.89
1589.2234953,  43550.8,  37895.8,  243.829423247,  389.176381338,  1053.38
1589.24392965,  43579.0,  37924.0,  243.829127494,  389.176041066,  1053.18
1589.2643641,  43609.0,  37948.4,  243.828748797,  389.175975976,  1053.06
1589.28479835,  43628.1,  37965.4,  243.829054646,  389.176184832,  1051.61
1589.3052327,  43651.1,  37988.4,  243.829185647,  389.175731357,  1052.99
1589.32566715,  43677.7,  38010.0,  243.829131143,  389.176088142,  1052.97
1589.3461014,  43693.8,  38026.7,  243.829282029,  389.175935553,  1052.08
1589.36653575,  43718.1,  38048.5,  243.829002476,  389.175945219,  1051.53
1589.3869702,  43733.5,  38060.8,  243.82894423,  389.175781008,  1053.79
1589.40740445,  43731.1,  38062.6,  243.82891518,  389.176062907,  1054.21
1589.4278388,  43754.6,  38081.2,  243.829354436,  389.175935374,  1052.79
1589.44827325,  43771.8,  38096.0,  243.828253177,  389.176049748,  1052.62
1589.4687076,  43766.4,  38094.2,  243.829024411,  389.175928748,  1051.12
1589.48914195,  43778.7,  38103.7,  243.829017094,  389.176579064,  1050.72
1589.5095763,  43758.6,  38087.4,  243.8290971,  389.176007871,  1053.84
1589.53001065,  43759.7,  38089.7,  243.828797054,  389.176551893,  1053.36
1589.550445,  43775.0,  38099.9,  243.828474735,  389.176334902,  1052.43
1589.57087935,  43772.5,  38100.9,  243.82955716,  389.17635223,  1052.04
1589.5913137,  43769.3,  38099.2,  243.829311475,  389.176258608,  1051.71
1589.61174815,  43758.6,  38089.6,  243.829017312,  389.176168953,  1051.96
1589.6321824,  43758.9,  38092.8,  243.829003722,  389.175981985,  1052.38
1589.65261675,  43542.9,  37903.8,  243.829168263,  389.175726037,  1051.91
1589.67305121,  42323.0,  36847.3,  243.829155809,  389.175831356,  1051.35
1589.69348546,  40714.0,  35455.4,  243.829208685,  389.176263171,  1050.18
1589.71391991,  39611.3,  34496.2,  243.828863063,  389.174945737,  1053.06
1589.73435426,  39813.2,  34673.8,  243.829003286,  389.175145773,  1051.87
1589.75478851,  41138.9,  35823.8,  243.828866075,  389.176134041,  1050.19
1589.77522296,  42739.9,  37210.7,  243.828814314,  389.176490504,  1052.59
1589.79565731,  43700.7,  38046.7,  243.829253357,  389.176259823,  1050.13
1589.81609157,  43800.7,  38132.3,  243.828223864,  389.176598906,  1051.17
1589.85696027,  43817.3,  38149.3,  243.829048645,  389.17630631,  1050.89
1589.87739472,  43821.0,  38149.5,  243.828832234,  389.176794909,  1049.38
1589.89782907,  43836.0,  38163.9,  243.829078934,  389.176224109,  1050.86
1589.91826333,  43852.8,  38180.2,  243.829158962,  389.176622556,  1049.69
1589.93869778,  43859.7,  38183.4,  243.828663103,  389.176385864,  1049.28
1589.95913213,  43877.0,  38201.0,  243.829263925,  389.176243502,  1048.88
1589.97956638,  43893.5,  38214.7,  243.828845289,  389.176476793,  1050.2
1590.00000084,  43895.3,  38215.0,  243.828699548,  389.176145082,  1048.43
1590.02043519,  43922.8,  38241.8,  243.829118136,  389.176751777,  1049.27
1590.04086954,  43907.1,  38226.2,  243.828964931,  389.176137992,  1048.73
1590.06130389,  43902.5,  38222.0,  243.828577243,  389.176569183,  1049.35
1590.08173825,  43900.0,  38222.4,  243.828750393,  389.176185816,  1050.0
1590.1021727,  43886.4,  38208.1,  243.828632733,  389.176679168,  1049.09
1590.12260695,  43891.2,  38214.0,  243.828784193,  389.176426484,  1049.13
1590.14304131,  43867.0,  38193.5,  243.828567734,  389.176415884,  1048.81
1590.16347576,  43849.7,  38176.4,  243.828472493,  389.176380469,  1049.63
1590.18391011,  43827.9,  38162.0,  243.828916652,  389.17649102,  1047.15
1590.20434436,  43806.0,  38140.4,  243.828796679,  389.176143081,  1048.49
1590.22477882,  43777.5,  38115.0,  243.828680149,  389.176522979,  1049.48
1590.24521317,  43752.4,  38097.2,  243.828895967,  389.176358671,  1048.2
1590.26564742,  43716.0,  38062.6,  243.828368144,  389.176202544,  1049.65
1590.28608188,  43671.5,  38025.6,  243.828991277,  389.176014499,  1047.54
1590.30651623,  43640.4,  38000.6,  243.828912045,  389.176079047,  1050.43
1590.32695069,  43602.5,  37965.7,  243.828725064,  389.176522884,  1050.01
1590.34738494,  43558.2,  37930.2,  243.828853358,  389.176293001,  1049.08
1590.36781929,  43519.0,  37894.9,  243.828926062,  389.176182009,  1049.04
1590.38825375,  43479.4,  37860.3,  243.828622609,  389.176795767,  1047.76
1590.408688,  43436.7,  37826.3,  243.829229149,  389.175904136,  1049.51
1590.42912236,  43388.2,  37781.7,  243.82897214,  389.176027008,  1049.2
1590.44955671,  43342.7,  37743.0,  243.828700551,  389.175952549,  1050.15
1590.46999106,  43312.6,  37719.6,  243.829178407,  389.175756911,  1048.83
1590.49042552,  43279.9,  37688.6,  243.828409608,  389.17607296,  1050.73
1590.51085977,  42735.8,  37219.0,  243.828761334,  389.176291514,  1048.57
1590.53129413,  40439.8,  35229.2,  243.828989507,  389.175663892,  1049.04
1590.55172858,  37658.6,  32815.6,  243.829004002,  389.175577843,  1048.47
1590.57216284,  36009.5,  31388.8,  243.829119006,  389.175095954,  1048.48
1590.59259719,  36595.1,  31894.0,  243.82884946,  389.174889562,  1047.45
1590.61303165,  38963.6,  33948.4,  243.828541095,  389.175102413,  1048.96
1590.6334659,  41689.8,  36316.2,  243.82859486,  389.176569923,  1048.07
1590.65390026,  43122.6,  37555.6,  243.828830522,  389.175901348,  1048.42
1590.67433471,  43189.7,  37614.5,  243.829098526,  389.176000682,  1048.48
1590.69476907,  43201.5,  37627.2,  243.829014318,  389.176793734,  1047.28
1590.71520342,  43214.5,  37635.5,  243.828750596,  389.176163852,  1048.77
1590.73563778,  43230.9,  37652.8,  243.828803335,  389.176212569,  1049.28
1590.75607213,  43266.2,  37682.6,  243.828948801,  389.176208809,  1047.12
1590.77650649,  43307.4,  37717.6,  243.828616043,  389.176451404,  1048.51
1590.79694084,  43331.5,  37740.8,  243.828288628,  389.176396456,  1047.29
1590.8173752,  43363.7,  37766.7,  243.828706927,  389.176276944,  1048.61
1590.83780965,  43410.1,  37808.0,  243.828439862,  389.175989593,  1047.22
1590.85824391,  43434.0,  37831.1,  243.828619532,  389.176467478,  1047.07
1590.87867826,  43477.0,  37865.5,  243.828246189,  389.176592349,  1047.74
1590.89911272,  43519.0,  37904.3,  243.829245915,  389.176446731,  1047.47
1590.91954698,  43561.5,  37941.3,  243.828683984,  389.176277134,  1047.95
1590.93998143,  43589.4,  37963.6,  243.828640855,  389.176681887,  1046.75
1590.96041579,  43615.8,  37989.0,  243.82881933,  389.176508824,  1045.71
1590.98085004,  43658.3,  38015.0,  243.827786043,  389.178242138,  1046.09
1591.0012845,  43685.9,  38040.6,  243.828640795,  389.17685509,  1046.74
