Kepler I.D.-----Channel

[8912911]--------[55]

-TTYPE1--------TTYPE8------------TTYPE4-----------TTYPE15------------TTYPE17-----------TTYPE6

['TIME']---['PDCSAP_FLUX']---['SAP_FLUX']---['MOM_CENTR1']---['MOM_CENTR2']---['SAP_BKG']

['BJD - 2454833']--['e-/s']--------['e-/s']---------['pixel']---------['pixel']----------['e-/s']

CROWDSAP --- 0.9966

8912911

1559.24589512,  78997.2,  63657.2,  1094.65387328,  638.580779997,  1412.67
1559.2663292,  79005.4,  63665.1,  1094.65381507,  638.580775002,  1415.82
1559.28676338,  79031.5,  63685.9,  1094.65386127,  638.581025604,  1411.86
1559.30719736,  78997.9,  63660.2,  1094.65356689,  638.581225607,  1411.92
1559.32763144,  79017.5,  63676.3,  1094.653764,  638.581297605,  1412.96
1559.34806562,  79011.0,  63670.5,  1094.6534223,  638.581644022,  1412.77
1559.3684996,  78985.3,  63649.0,  1094.65339389,  638.581524446,  1412.41
1559.38893378,  78999.9,  63663.3,  1094.65343444,  638.581650315,  1410.99
1559.40936787,  78983.3,  63649.4,  1094.6533881,  638.581967082,  1413.01
1559.42980195,  78978.9,  63648.0,  1094.65335708,  638.582145516,  1411.39
1559.45023603,  78955.1,  63627.9,  1094.65319484,  638.582355166,  1411.51
1559.47067011,  78930.9,  63610.4,  1094.65326754,  638.582499946,  1413.54
1559.49110419,  78915.5,  63598.4,  1094.65307281,  638.582719136,  1410.18
1559.51153828,  78863.4,  63556.9,  1094.65274501,  638.582848564,  1412.55
1559.53197236,  78865.9,  63559.6,  1094.65293202,  638.583202878,  1410.95
1559.55240644,  78824.4,  63527.0,  1094.65299854,  638.583041481,  1411.19
1559.57284053,  78787.1,  63497.2,  1094.65279088,  638.583399021,  1412.16
1559.59327461,  78761.7,  63477.4,  1094.65318208,  638.583355946,  1413.15
1559.61370869,  78736.8,  63459.2,  1094.65294093,  638.5834709,  1410.29
1559.63414278,  78709.4,  63436.1,  1094.65294165,  638.583741869,  1412.24
1559.65457686,  78690.9,  63422.9,  1094.65304178,  638.584161995,  1411.87
1559.67501105,  78655.6,  63394.7,  1094.65320017,  638.584079189,  1409.72
1559.69544503,  78619.0,  63365.4,  1094.65300209,  638.584094248,  1409.67
1559.71587912,  78590.0,  63342.7,  1094.65275581,  638.584155376,  1410.75
1559.7363133,  78571.5,  63327.8,  1094.65254861,  638.584628996,  1409.91
1559.75674729,  78527.6,  63292.8,  1094.6524126,  638.584692332,  1409.1
1559.77718147,  78484.6,  63258.9,  1094.65286632,  638.584669597,  1410.69
1559.79761556,  78470.0,  63246.2,  1094.6527437,  638.584242929,  1409.83
1559.81804955,  78446.4,  63227.4,  1094.65227682,  638.58515416,  1409.47
1559.83848373,  78435.6,  63220.8,  1094.65241448,  638.585085351,  1409.94
1559.85891782,  78383.4,  63178.8,  1094.65236183,  638.58520854,  1409.97
1559.87935181,  78355.4,  63157.2,  1094.65257274,  638.585315924,  1410.37
1559.899786,  78326.4,  63132.9,  1094.65228719,  638.585043785,  1408.17
1559.92022008,  78319.4,  63128.9,  1094.65207706,  638.585331636,  1409.73
1559.94065427,  78309.3,  63120.8,  1094.65272661,  638.585889424,  1407.48
1559.96108826,  78289.4,  63105.0,  1094.65217913,  638.58581582,  1410.11
1559.98152235,  78266.9,  63086.3,  1094.65217205,  638.585892924,  1410.34
1560.00195654,  78264.0,  63085.5,  1094.65235179,  638.585712392,  1407.11
1560.02239053,  78239.1,  63062.5,  1094.6522976,  638.586136333,  1409.17
1560.04282462,  78227.2,  63054.2,  1094.65232444,  638.586446986,  1408.95
1560.06325881,  78215.3,  63045.9,  1094.65230476,  638.586505544,  1407.48
1560.0836928,  78216.2,  63047.8,  1094.65199694,  638.586153995,  1409.42
1560.10412699,  78201.9,  63037.4,  1094.65208574,  638.586626092,  1407.37
1560.12456108,  78214.6,  63045.6,  1094.65197968,  638.586796547,  1409.66
1560.14499507,  78212.0,  63042.5,  1094.65181799,  638.586415088,  1408.23
1560.16542926,  78235.0,  63062.3,  1094.65237529,  638.586927695,  1408.25
1560.18586335,  78238.1,  63066.3,  1094.65212692,  638.586899,  1407.47
1560.20629734,  78247.9,  63073.6,  1094.65208251,  638.586777793,  1407.33
1560.22673153,  78261.4,  63084.0,  1094.65213784,  638.586820062,  1408.28
1560.24716563,  78265.5,  63088.2,  1094.65211131,  638.587104454,  1406.33
1560.26759962,  78283.7,  63101.8,  1094.65191359,  638.587594561,  1406.48
1560.28803381,  78306.1,  63119.7,  1094.65179536,  638.587132488,  1408.24
1560.3084679,  78325.1,  63134.8,  1094.65177818,  638.58725625,  1406.9
1560.328902,  78334.9,  63144.7,  1094.6518117,  638.587420353,  1408.4
1560.34933609,  78377.7,  63178.1,  1094.65163427,  638.587477397,  1406.75
1560.36977018,  78420.8,  63213.1,  1094.65165106,  638.5872336,  1407.99
1560.39020438,  78463.7,  63247.9,  1094.65174421,  638.587497204,  1406.95
1560.41063837,  78484.5,  63262.2,  1094.65164279,  638.587458931,  1406.47
1560.43107247,  78517.9,  63290.4,  1094.65165458,  638.587487021,  1406.26
1560.45150666,  78564.5,  63328.8,  1094.65180936,  638.587987837,  1405.5
1560.47194066,  78607.0,  63360.9,  1094.65179815,  638.587651031,  1408.95
1560.49237485,  78640.8,  63388.8,  1094.65147498,  638.587760222,  1406.95
1560.51280895,  78660.4,  63404.9,  1094.65162659,  638.588354207,  1407.82
1560.53324294,  78731.6,  63462.4,  1094.6516421,  638.588110183,  1407.44
1560.55367714,  78773.6,  63496.2,  1094.65167144,  638.588093273,  1404.97
1560.57411123,  78816.0,  63530.6,  1094.65172631,  638.588254677,  1404.84
1560.59454523,  78872.1,  63574.8,  1094.65148313,  638.587790677,  1406.74
1560.61497943,  78916.4,  63612.0,  1094.6516236,  638.588173814,  1405.35
1560.63541352,  78976.5,  63659.3,  1094.65150497,  638.58787286,  1405.94
1560.65584762,  79007.2,  63684.4,  1094.65160603,  638.588197045,  1406.94
1560.67628172,  79037.6,  63707.5,  1094.65155219,  638.588363194,  1406.11
1560.69671582,  79104.7,  63761.3,  1094.65114627,  638.588416895,  1405.85
1560.73758401,  79180.2,  63823.7,  1094.65158289,  638.588638847,  1404.72
1560.75801811,  79220.6,  63855.6,  1094.65101449,  638.589055237,  1404.49
1560.77845231,  79243.2,  63874.6,  1094.65123451,  638.588578162,  1404.45
1560.79888631,  79271.9,  63896.6,  1094.65125128,  638.588561115,  1405.34
1560.81932041,  79327.6,  63941.9,  1094.65078709,  638.58879208,  1405.61
1560.83975461,  79339.7,  63954.4,  1094.65120052,  638.588648955,  1408.87
1560.96235921,  79449.5,  64047.8,  1094.65102129,  638.588995118,  1412.38
1560.98279321,  79474.6,  64064.6,  1094.65055426,  638.588880505,  1414.72
1561.00322741,  79495.7,  64087.1,  1094.65051106,  638.589461341,  1414.56
1561.02366152,  79523.3,  64107.5,  1094.65044238,  638.58914293,  1411.41
1561.04409572,  79524.2,  64107.8,  1094.65050042,  638.589213647,  1407.39
1561.06452972,  79542.8,  64122.9,  1094.65061489,  638.589087809,  1409.36
1561.08496382,  79513.6,  64097.4,  1094.65111913,  638.589676591,  1409.24
1561.10539803,  79517.1,  64100.5,  1094.65080534,  638.589732882,  1410.15
1561.12583203,  79517.0,  64096.8,  1094.65092821,  638.589247705,  1408.99
1561.14626613,  79514.0,  64095.4,  1094.65059038,  638.58957878,  1408.67
1561.16670034,  79508.0,  64090.5,  1094.65034623,  638.589611599,  1409.4
1561.18713434,  79475.9,  64068.9,  1094.65077884,  638.589596451,  1407.62
1561.20756845,  79465.9,  64057.2,  1094.65078754,  638.589240803,  1407.49
1561.22800265,  79455.1,  64049.9,  1094.65098168,  638.589798504,  1407.72
1561.24843665,  79423.4,  64021.7,  1094.6504936,  638.589638144,  1405.48
1561.26887086,  79444.6,  64039.1,  1094.65022318,  638.589806028,  1405.43
1561.28930496,  79401.8,  64006.2,  1094.65065099,  638.589987302,  1406.63
1561.30973907,  79403.9,  64007.6,  1094.6504455,  638.590179775,  1403.23
1561.33017318,  79345.5,  63959.9,  1094.65066491,  638.590129886,  1403.91
1561.35060728,  79353.3,  63966.3,  1094.6505631,  638.590280337,  1403.31
1561.37104139,  79280.7,  63907.9,  1094.65056127,  638.59022915,  1403.57
1561.39147549,  79261.1,  63891.8,  1094.65065352,  638.590328402,  1403.93
1561.4119096,  79233.3,  63868.8,  1094.6505611,  638.590606641,  1401.48
1561.43234381,  79187.6,  63832.5,  1094.65042375,  638.590385422,  1405.28
1561.45277782,  79153.2,  63806.1,  1094.64978388,  638.590588196,  1402.03
1561.47321192,  79101.8,  63763.9,  1094.65035435,  638.590401753,  1403.93
1561.49364603,  79066.1,  63736.5,  1094.65029872,  638.590638949,  1401.56
1561.51408014,  79047.8,  63720.7,  1094.6504215,  638.59054732,  1400.76
1561.53451425,  78986.1,  63671.0,  1094.65025877,  638.590631799,  1401.38
1561.55494846,  78965.0,  63655.2,  1094.65037084,  638.590519893,  1401.81
1561.57538247,  78924.3,  63622.2,  1094.65065556,  638.591001722,  1402.29
1561.59581657,  78898.3,  63600.6,  1094.65061939,  638.590716501,  1401.99
1561.61625078,  78888.7,  63593.3,  1094.6506132,  638.590433737,  1401.08
1561.63668479,  78838.6,  63551.3,  1094.65043191,  638.590921669,  1399.77
1561.657119,  78779.3,  63506.0,  1094.6501188,  638.591307485,  1398.57
1561.67755311,  78752.0,  63483.7,  1094.65024955,  638.591127771,  1399.18
1561.69798712,  78734.2,  63468.8,  1094.64998425,  638.591605977,  1399.74
1561.71842133,  78689.0,  63434.1,  1094.65011118,  638.591406144,  1402.21
1561.73885545,  78679.2,  63425.0,  1094.65033351,  638.591417598,  1402.05
1561.75928946,  78651.2,  63402.0,  1094.65021795,  638.591673129,  1397.19
1561.77972367,  78606.1,  63368.3,  1094.64999397,  638.592150011,  1399.26
1561.80015778,  78582.5,  63349.0,  1094.650125,  638.591841043,  1397.43
1561.82059199,  78571.7,  63338.8,  1094.64996105,  638.592133717,  1398.66
1561.841026,  78563.1,  63332.8,  1094.64999783,  638.591743356,  1399.2
1561.86146012,  78544.6,  63317.0,  1094.65017659,  638.592082889,  1398.2
1561.88189433,  78538.7,  63312.1,  1094.64996812,  638.592791803,  1396.6
1561.90232834,  78507.6,  63288.4,  1094.64993577,  638.592135927,  1398.35
1561.92276246,  78505.9,  63285.8,  1094.64984301,  638.592435966,  1397.62
1561.94319667,  78490.8,  63274.7,  1094.6498001,  638.592359727,  1397.96
1561.96363068,  78483.9,  63269.0,  1094.64967855,  638.592343857,  1398.69
1561.9840648,  78472.7,  63258.9,  1094.64998786,  638.592291071,  1397.43
1562.00449901,  78472.2,  63258.8,  1094.64977857,  638.592655009,  1397.07
1562.02493313,  78485.7,  63271.3,  1094.65001406,  638.592710141,  1399.42
1562.04536724,  78473.7,  63260.6,  1094.64968005,  638.592780132,  1397.83
1562.06580135,  78474.8,  63263.3,  1094.64955476,  638.592575085,  1399.0
1562.08623537,  78492.5,  63276.4,  1094.64959192,  638.592703006,  1398.1
1562.10666959,  78478.0,  63265.4,  1094.64975356,  638.592879856,  1396.89
1562.1271037,  78494.5,  63276.8,  1094.64960056,  638.592875162,  1395.22
1562.14753772,  78513.1,  63293.0,  1094.64945975,  638.593300822,  1396.11
1562.16797193,  78528.1,  63304.9,  1094.6498933,  638.5931646,  1396.72
1562.18840605,  78534.2,  63311.1,  1094.6496467,  638.593366705,  1396.84
1562.20884027,  78571.9,  63339.6,  1094.64940849,  638.593160781,  1396.17
1562.22927428,  78590.9,  63355.5,  1094.64946716,  638.593124041,  1395.59
1562.2497084,  78601.2,  63363.7,  1094.6497052,  638.593687751,  1395.06
1562.27014262,  78607.7,  63367.1,  1094.64915974,  638.593544009,  1394.84
1562.29057664,  78633.7,  63389.7,  1094.64936555,  638.593305005,  1395.7
1562.31101075,  78653.8,  63407.7,  1094.64954429,  638.593203201,  1396.55
1562.33144497,  78664.1,  63414.1,  1094.6491541,  638.594032348,  1393.79
1562.35187899,  78678.0,  63425.9,  1094.64953487,  638.594089247,  1395.69
1562.37231321,  78721.0,  63460.2,  1094.64933945,  638.593956094,  1396.42
1562.39274733,  78728.4,  63464.9,  1094.64944307,  638.593768286,  1395.04
1562.41318135,  78750.2,  63483.7,  1094.64966688,  638.594278436,  1394.92
1562.43361557,  78779.1,  63505.3,  1094.6489241,  638.594693574,  1395.47
1562.45404969,  79189.9,  63835.1,  1094.65107941,  638.590384458,  1396.14
1562.47448371,  78829.4,  63547.2,  1094.64940975,  638.594294906,  1395.13
1562.49491793,  78838.9,  63554.6,  1094.6490143,  638.593899094,  1394.37
1562.51535205,  78853.5,  63566.9,  1094.6491698,  638.594447547,  1395.67
1562.53578617,  78877.0,  63586.0,  1094.64941977,  638.594426564,  1395.44
1562.55622029,  78905.1,  63608.2,  1094.64920795,  638.594434803,  1394.94
1562.57665441,  78915.8,  63618.6,  1094.64913719,  638.594353685,  1394.77
1562.59708863,  78921.2,  63620.7,  1094.64897732,  638.594594434,  1395.36
1562.61752266,  78940.2,  63635.5,  1094.64894305,  638.594299463,  1395.54
1562.63795678,  78966.6,  63657.5,  1094.64934137,  638.594346395,  1395.37
1562.658391,  78978.1,  63665.1,  1094.64941817,  638.594850622,  1394.79
1562.67882512,  78995.2,  63680.8,  1094.6492267,  638.594942702,  1394.0
1562.69925915,  79018.0,  63698.0,  1094.649172,  638.59500349,  1394.47
1562.71969337,  79004.6,  63686.3,  1094.64897636,  638.594904698,  1394.87
1562.74012739,  79013.9,  63695.8,  1094.64898926,  638.595530854,  1394.94
1562.76056162,  79015.1,  63696.5,  1094.64909304,  638.595210483,  1394.58
1562.78099574,  78999.3,  63683.1,  1094.64880896,  638.595318832,  1394.56
1562.80142976,  78997.4,  63681.8,  1094.64908868,  638.5952723,  1395.38
1562.82186399,  79001.0,  63685.8,  1094.64868817,  638.595821206,  1394.9
1562.84229811,  78983.8,  63671.7,  1094.6487647,  638.595647935,  1395.64
1562.86273214,  78977.9,  63666.4,  1094.6490063,  638.595441805,  1395.7
1562.88316636,  78955.9,  63646.8,  1094.64900709,  638.595744874,  1394.79
1562.90360049,  78954.6,  63648.5,  1094.64912128,  638.595738922,  1392.97
1562.92403451,  78911.1,  63611.7,  1094.64911582,  638.595312571,  1394.71
1562.94446874,  78916.1,  63614.1,  1094.64867149,  638.596181235,  1391.53
1562.96490286,  78879.8,  63585.4,  1094.64879122,  638.595613929,  1393.7
1562.98533709,  78850.0,  63564.0,  1094.64885611,  638.596031792,  1393.9
1563.00577112,  78844.5,  63558.0,  1094.64876858,  638.595790791,  1394.09
1563.02620524,  78824.6,  63544.1,  1094.64880584,  638.595769309,  1395.97
1563.04663947,  78782.2,  63508.6,  1094.6487554,  638.59627131,  1394.04
1563.0670735,  78755.7,  63488.4,  1094.64883386,  638.596111058,  1393.71
1563.08750763,  78722.7,  63462.5,  1094.64859339,  638.596083118,  1393.32
1563.10794185,  78685.6,  63428.6,  1094.64848259,  638.596088487,  1395.97
1563.12837588,  78673.9,  63421.8,  1094.64906522,  638.596682826,  1396.78
1563.14881011,  78652.7,  63404.5,  1094.64904671,  638.596582643,  1396.32
1563.16924424,  78607.7,  63368.1,  1094.64842468,  638.59660684,  1399.49
1563.18967837,  78584.5,  63350.4,  1094.64874157,  638.596853619,  1400.74
1563.2101125,  78553.9,  63326.5,  1094.64885796,  638.59680787,  1399.16
1563.23054663,  78520.5,  63298.5,  1094.64836933,  638.596857085,  1398.33
1563.25098076,  78483.2,  63268.6,  1094.6486697,  638.596689576,  1396.89
1563.27141489,  78464.3,  63252.6,  1094.64844432,  638.596710883,  1397.95
1563.29184902,  78444.6,  63237.2,  1094.64838831,  638.59696101,  1395.78
1563.31228315,  78410.3,  63211.0,  1094.64868927,  638.596766459,  1397.66
1563.33271738,  78410.8,  63211.4,  1094.64862217,  638.596548183,  1398.0
1563.35315141,  78348.9,  63161.3,  1094.64875795,  638.597039834,  1397.98
1563.37358554,  78333.5,  63148.1,  1094.64850809,  638.597518212,  1393.64
1563.39401967,  78333.1,  63147.0,  1094.64877783,  638.597024644,  1396.72
1563.4144538,  78308.9,  63128.5,  1094.64864688,  638.597713652,  1395.58
1563.43488803,  78286.3,  63109.7,  1094.6485049,  638.597030293,  1395.74
1563.45532207,  78263.5,  63090.4,  1094.64833467,  638.597376689,  1396.48
1563.4757562,  78273.3,  63100.5,  1094.64836012,  638.597575513,  1394.87
1563.49619043,  78245.3,  63079.0,  1094.64836769,  638.597630142,  1396.47
1563.51662446,  78243.9,  63076.3,  1094.64824481,  638.597923598,  1397.36
1563.5370587,  78220.3,  63057.2,  1094.64891078,  638.59758575,  1394.0
1563.55749283,  78233.9,  63067.7,  1094.64828359,  638.597849662,  1394.25
1563.57792686,  78234.3,  63070.1,  1094.64824028,  638.598087519,  1392.42
1563.5983611,  78225.1,  63060.3,  1094.64832003,  638.598194123,  1395.09
1563.61879523,  78250.7,  63081.6,  1094.64834638,  638.597656602,  1393.44
1563.63922927,  78226.7,  63063.2,  1094.64831777,  638.59830411,  1395.45
1563.6596635,  78246.5,  63077.1,  1094.64843882,  638.597793438,  1394.61
1563.68009764,  78285.6,  63109.4,  1094.64804906,  638.598095519,  1394.02
1563.72096591,  78280.4,  63104.5,  1094.64826696,  638.598007047,  1394.15
1563.74140004,  78317.0,  63134.2,  1094.6485848,  638.598326445,  1393.1
1563.76183428,  78308.4,  63129.3,  1094.64807393,  638.598545458,  1392.77
1563.78226831,  78363.2,  63171.5,  1094.6478756,  638.598164323,  1393.61
1563.80270245,  78372.5,  63181.9,  1094.64783785,  638.598483501,  1393.0
1563.82313669,  78412.8,  63213.1,  1094.64797773,  638.598371319,  1394.84
1563.84357082,  78419.2,  63218.1,  1094.64777977,  638.598198814,  1394.73
1563.86400486,  78487.4,  63272.8,  1094.6480439,  638.598813984,  1394.46
1563.8844391,  78517.4,  63296.8,  1094.64803871,  638.59881215,  1395.49
1563.90487324,  78547.0,  63320.8,  1094.64755298,  638.598751357,  1395.5
1563.92530737,  78585.1,  63351.5,  1094.64798226,  638.59874174,  1395.04
1563.94574151,  78634.8,  63390.8,  1094.64744641,  638.59866614,  1397.18
1563.96617565,  78667.6,  63417.6,  1094.64776114,  638.598815951,  1396.32
1563.98660979,  78712.6,  63454.2,  1094.64765551,  638.599349105,  1393.85
1564.00704393,  78782.0,  63509.5,  1094.64750795,  638.598611757,  1395.56
1564.02747807,  78800.7,  63524.7,  1094.64757329,  638.599269437,  1394.06
1564.04791221,  78851.1,  63564.4,  1094.64744493,  638.599188163,  1396.58
1564.06834635,  78891.4,  63597.6,  1094.64740433,  638.599074663,  1393.89
1564.08878059,  78948.4,  63644.1,  1094.64769187,  638.599276137,  1393.0
1564.10921463,  79006.2,  63690.1,  1094.64777589,  638.599251275,  1394.85
1564.12964877,  79031.8,  63709.1,  1094.64737579,  638.59930739,  1393.84
1564.15008301,  79090.2,  63757.6,  1094.64741358,  638.599240961,  1393.14
1564.17051705,  79122.6,  63784.3,  1094.64775405,  638.599916792,  1394.14
1564.19095119,  79163.3,  63815.8,  1094.64777243,  638.599718725,  1391.01
1564.21138543,  79199.9,  63844.5,  1094.64737978,  638.599258979,  1392.57
1564.23181947,  79217.7,  63859.7,  1094.64736413,  638.599256207,  1393.6
1564.25225361,  79276.2,  63906.7,  1094.64745953,  638.599504175,  1392.91
1564.27268786,  79295.1,  63922.1,  1094.64755635,  638.59970122,  1391.99
1564.2931219,  79325.3,  63946.0,  1094.6471355,  638.599558802,  1392.65
1564.31355614,  79364.5,  63977.6,  1094.64741494,  638.600121904,  1390.32
1564.33399028,  79387.9,  63995.2,  1094.6470501,  638.599828071,  1389.58
1564.35442433,  79413.8,  64015.6,  1094.6473874,  638.599940006,  1391.43
1564.37485857,  79427.8,  64028.6,  1094.64736111,  638.600016387,  1391.1
1564.39529271,  79440.6,  64037.7,  1094.64731979,  638.600224773,  1392.05
1564.41572686,  79451.6,  64048.3,  1094.64735487,  638.5999005,  1388.53
1564.436161,  79488.0,  64076.0,  1094.64734429,  638.600250258,  1388.64
1564.45659514,  79543.7,  64121.3,  1094.64657142,  638.599903526,  1390.0
1564.47702939,  79495.0,  64083.7,  1094.64736784,  638.600302633,  1387.78
1564.49746353,  79522.0,  64102.8,  1094.64729531,  638.600366101,  1389.18
1564.51789758,  79521.3,  64102.0,  1094.64733392,  638.600689242,  1387.7
1564.53833182,  79519.8,  64104.1,  1094.64713883,  638.600573049,  1387.11
1564.55876597,  79538.6,  64116.8,  1094.64738966,  638.600553064,  1384.21
1564.57920002,  79541.0,  64119.1,  1094.64718773,  638.600625831,  1385.14
1564.59963426,  79527.2,  64107.1,  1094.64738531,  638.600585645,  1384.97
1564.62006841,  79505.2,  64090.3,  1094.64703054,  638.600903582,  1384.63
1564.64050245,  79520.2,  64102.2,  1094.64698262,  638.600816895,  1384.02
1564.6609367,  79503.9,  64089.7,  1094.64715032,  638.60074729,  1383.18
1564.68137075,  79463.2,  64055.7,  1094.64700961,  638.600762357,  1382.92
1564.70180499,  79461.7,  64054.2,  1094.64729201,  638.601349151,  1384.12
1564.72223914,  79426.6,  64026.6,  1094.64711301,  638.600607757,  1381.55
1564.74267319,  79400.6,  64006.8,  1094.64683286,  638.601310558,  1380.97
1564.76310744,  79371.4,  63983.1,  1094.64685765,  638.601148383,  1384.36
1564.78354159,  79357.7,  63971.8,  1094.64721752,  638.601132458,  1383.28
1564.80397563,  79329.6,  63950.3,  1094.64689188,  638.601331789,  1381.88
1564.82440988,  79333.0,  63952.9,  1094.64704916,  638.601363477,  1383.41
1564.84484403,  79280.2,  63909.7,  1094.64678349,  638.601524442,  1381.41
1564.86527828,  79266.9,  63900.8,  1094.64718904,  638.60156512,  1382.16
1564.88571233,  79220.8,  63862.6,  1094.64706241,  638.60123806,  1381.06
1564.90614648,  79185.0,  63832.6,  1094.64670853,  638.601642562,  1382.62
1564.92658073,  79146.6,  63802.3,  1094.64669466,  638.601245007,  1380.25
1564.94701478,  79113.7,  63776.2,  1094.64665293,  638.601846819,  1382.23
1564.96744893,  79057.6,  63730.6,  1094.64696567,  638.601911922,  1380.12
1564.98788318,  79041.3,  63717.6,  1094.64684035,  638.601628428,  1381.66
1565.00831723,  78992.3,  63677.4,  1094.64676957,  638.601769381,  1380.01
1565.02875138,  78953.0,  63648.0,  1094.64658941,  638.602015512,  1381.52
1565.04918563,  78933.1,  63631.5,  1094.64691351,  638.601909239,  1379.51
1565.06961979,  78887.0,  63593.9,  1094.64672695,  638.602090787,  1379.85
1565.09005394,  78846.1,  63562.5,  1094.64665154,  638.602221558,  1380.46
1565.11048809,  78802.0,  63526.2,  1094.64679949,  638.602012412,  1381.29
1565.13092224,  78787.8,  63514.6,  1094.64622778,  638.602205153,  1380.11
1565.15135639,  78750.6,  63485.9,  1094.64648156,  638.60183566,  1380.75
1565.17179055,  78731.9,  63470.0,  1094.64638382,  638.60272963,  1380.21
1565.1922247,  78686.0,  63433.5,  1094.64626907,  638.602344249,  1379.04
1565.21265895,  78661.8,  63413.9,  1094.64667109,  638.602545276,  1380.42
1565.23309301,  78639.3,  63396.6,  1094.64662734,  638.602293851,  1380.37
1565.25352726,  78596.9,  63362.2,  1094.64639242,  638.602404229,  1380.19
1565.27396142,  78583.9,  63351.8,  1094.6464133,  638.602602729,  1380.53
1565.29439547,  78574.7,  63344.0,  1094.64642217,  638.60284745,  1380.18
1565.31482972,  78538.7,  63315.8,  1094.64687715,  638.602588015,  1380.67
1565.33526378,  78536.4,  63315.5,  1094.64659433,  638.603129473,  1380.53
1565.35569793,  78518.6,  63299.5,  1094.64640302,  638.602777907,  1380.16
1565.37613219,  78520.1,  63300.3,  1094.64647349,  638.602989675,  1380.66
1565.39656624,  78508.6,  63291.1,  1094.64645013,  638.603238493,  1378.83
1565.4170004,  78496.6,  63281.8,  1094.64625964,  638.603350525,  1378.14
1565.43743466,  78504.2,  63287.3,  1094.64638791,  638.603488068,  1379.72
1565.45786871,  78488.5,  63275.5,  1094.64619527,  638.603178155,  1379.77
1565.47830297,  78503.4,  63286.8,  1094.64631578,  638.602970281,  1381.09
1565.49873713,  78496.3,  63281.8,  1094.64629822,  638.603913001,  1378.01
1565.51917118,  78492.2,  63277.6,  1094.64632387,  638.603635832,  1379.68
1565.53960544,  78497.4,  63282.9,  1094.64638958,  638.603780924,  1379.11
1565.5600396,  78504.5,  63288.4,  1094.64631132,  638.603395105,  1378.89
1565.58047375,  78505.4,  63288.2,  1094.64618812,  638.603845465,  1380.1
1565.60090791,  78519.6,  63302.0,  1094.64621795,  638.60388587,  1380.64
1565.62134207,  78515.0,  63296.1,  1094.64608156,  638.603832647,  1377.14
1565.64177633,  78547.2,  63322.8,  1094.64620897,  638.604119829,  1377.48
1565.66221039,  78548.1,  63323.4,  1094.64628365,  638.603819363,  1378.07
1565.68264455,  78579.4,  63348.5,  1094.64607178,  638.604321124,  1379.18
1565.70307881,  78578.7,  63348.2,  1094.64585243,  638.603984616,  1376.83
1565.72351297,  78626.1,  63385.5,  1094.64641739,  638.604263367,  1377.14
1565.74394702,  78630.6,  63389.0,  1094.64607305,  638.604059246,  1376.55
1565.76438128,  78646.3,  63400.9,  1094.64623441,  638.604158594,  1378.23
1565.78481544,  78661.1,  63413.7,  1094.64602614,  638.604474189,  1377.83
1565.80524961,  78687.0,  63433.6,  1094.64597066,  638.604312548,  1377.71
1565.82568377,  78714.8,  63455.4,  1094.64599548,  638.60480618,  1378.01
1565.84611793,  78722.3,  63462.2,  1094.64605201,  638.60421712,  1376.74
1565.86655219,  78748.4,  63484.1,  1094.64602386,  638.604472314,  1378.17
1565.88698625,  78791.8,  63518.4,  1094.64616088,  638.604759254,  1377.33
1565.90742041,  78795.1,  63520.5,  1094.64576483,  638.605168675,  1377.69
1565.92785467,  78820.1,  63542.0,  1094.64578494,  638.604880224,  1377.45
1565.94828873,  78834.8,  63552.7,  1094.64577173,  638.604957712,  1375.42
1565.9687229,  78874.3,  63584.1,  1094.64572728,  638.605038172,  1374.36
1565.98915706,  78885.0,  63593.5,  1094.64625893,  638.605110222,  1376.22
1566.00959122,  78896.1,  63602.5,  1094.64587118,  638.605161724,  1376.21
1566.03002548,  78918.2,  63619.9,  1094.64568943,  638.605217729,  1375.41
1566.05045955,  78941.9,  63639.1,  1094.64608505,  638.605364213,  1375.09
1566.07089371,  78957.8,  63651.0,  1094.64559042,  638.605501688,  1376.44
1566.09132797,  78972.4,  63665.2,  1094.64564701,  638.605772839,  1375.23
1566.11176204,  78987.3,  63675.5,  1094.64594297,  638.605424906,  1376.44
1566.1321962,  79001.8,  63685.6,  1094.64545875,  638.605449535,  1375.34
1566.15263047,  79003.9,  63688.8,  1094.64568724,  638.606145592,  1377.19
1566.17306453,  79007.6,  63691.8,  1094.64553032,  638.605376206,  1374.87
1566.1934988,  79017.5,  63698.4,  1094.64567746,  638.60595967,  1374.1
1566.21393296,  79019.4,  63701.5,  1094.6457165,  638.605945888,  1374.31
1566.23436703,  79013.3,  63694.8,  1094.64570384,  638.606048881,  1375.53
1566.25480129,  79014.1,  63696.3,  1094.64570637,  638.605686658,  1373.42
1566.27523546,  79016.3,  63698.7,  1094.64582279,  638.605987047,  1372.05
1566.29566962,  79027.5,  63706.8,  1094.64563848,  638.60609505,  1372.3
1566.31610379,  78980.2,  63669.1,  1094.64557037,  638.605941284,  1374.52
1566.33653796,  78979.0,  63669.4,  1094.6457369,  638.606174985,  1375.44
1566.35697212,  78992.6,  63678.7,  1094.64543988,  638.606378252,  1372.87
1566.37740639,  78942.1,  63637.5,  1094.64526797,  638.606441413,  1371.77
1566.39784046,  78922.7,  63622.5,  1094.64567417,  638.606401212,  1370.79
1566.41827473,  78905.0,  63609.0,  1094.64552954,  638.6060466,  1372.67
1566.43870889,  78894.0,  63600.4,  1094.64578846,  638.606350829,  1370.87
1566.45914296,  78852.1,  63566.1,  1094.64545407,  638.606850757,  1373.75
1566.47957723,  78840.1,  63554.3,  1094.6454857,  638.606171306,  1370.41
1566.5000114,  78816.8,  63538.3,  1094.64567361,  638.606562855,  1372.4
1566.52044547,  78786.1,  63513.0,  1094.64512441,  638.60655659,  1372.62
1566.54087974,  78743.9,  63478.3,  1094.64538026,  638.607031646,  1372.52
1566.56131391,  78728.5,  63465.9,  1094.64550066,  638.606933127,  1372.2
1566.58174808,  78700.5,  63442.2,  1094.64547885,  638.606829069,  1372.27
1566.60218224,  78659.2,  63411.5,  1094.64557382,  638.606728938,  1370.39
1566.62261631,  78638.6,  63396.6,  1094.64541074,  638.606998639,  1371.15
1566.64305058,  78613.4,  63371.5,  1094.64520978,  638.606668164,  1371.42
1566.66348476,  78588.3,  63353.2,  1094.64526019,  638.607413286,  1373.13
1566.7043531,  78513.0,  63293.7,  1094.64527858,  638.606794308,  1370.17
1566.72478727,  78494.8,  63279.2,  1094.64530106,  638.607319892,  1371.78
1566.74522144,  78441.6,  63235.5,  1094.64489532,  638.607260352,  1371.82
1566.76565561,  78429.7,  63227.8,  1094.64500553,  638.607252377,  1369.51
1566.78608978,  78405.8,  63207.9,  1094.64492793,  638.607028329,  1369.53
1566.80652405,  78395.1,  63198.1,  1094.64464283,  638.607621511,  1368.8
1566.82695813,  78375.3,  63183.6,  1094.64474192,  638.607056844,  1371.61
1566.8473923,  78328.9,  63146.1,  1094.64486226,  638.607690028,  1370.41
1566.86782657,  78317.5,  63138.7,  1094.64451956,  638.607520359,  1368.7
1566.88826074,  78294.0,  63120.3,  1094.64464033,  638.607497145,  1370.14
1566.90869482,  78287.2,  63113.5,  1094.64466877,  638.607192083,  1369.94
1566.92912909,  78270.5,  63100.9,  1094.64442301,  638.607686668,  1368.67
1566.94956327,  78266.0,  63097.1,  1094.64459727,  638.607620921,  1368.64
1566.96999744,  78260.5,  63091.4,  1094.64458064,  638.607658659,  1369.87
1566.99043161,  78261.8,  63093.0,  1094.64457167,  638.607743985,  1368.95
1567.01086579,  78244.2,  63079.8,  1094.64468551,  638.607671563,  1368.25
1567.03129996,  78218.2,  63058.2,  1094.6440347,  638.607893643,  1368.44
1567.05173414,  78216.1,  63057.5,  1094.64440406,  638.607758292,  1368.99
1567.07216831,  78219.6,  63058.6,  1094.64448879,  638.607884686,  1369.24
1567.09260259,  78224.6,  63063.8,  1094.64462257,  638.607799272,  1369.67
1567.11303666,  78248.8,  63083.6,  1094.64458513,  638.608005463,  1368.09
1567.13347094,  78254.8,  63087.2,  1094.64437889,  638.608069106,  1367.67
1567.15390512,  78269.6,  63099.2,  1094.64403002,  638.608108537,  1368.48
1567.17433919,  78288.4,  63115.2,  1094.64471429,  638.608560067,  1367.37
1567.19477347,  78297.2,  63121.4,  1094.64432073,  638.608483206,  1367.16
1567.21520764,  78313.9,  63134.5,  1094.64446196,  638.608334463,  1367.66
1567.23564172,  78355.4,  63167.9,  1094.64442433,  638.608496132,  1367.28
1567.256076,  78374.4,  63183.2,  1094.64410073,  638.608672042,  1367.6
1567.27651008,  78403.6,  63207.4,  1094.64424737,  638.608530072,  1366.01
1567.29694425,  78446.6,  63240.9,  1094.64417879,  638.608819347,  1367.63
1567.31737853,  78462.3,  63252.8,  1094.64406307,  638.608579792,  1368.31
1567.33781261,  78503.4,  63286.8,  1094.64445371,  638.608774128,  1367.65
1567.35824689,  78527.9,  63305.7,  1094.64416424,  638.608690498,  1367.02
1567.37868107,  78585.6,  63352.6,  1094.64435667,  638.608742976,  1367.62
1567.39911515,  78613.2,  63373.9,  1094.64422127,  638.609120501,  1366.32
1567.41954943,  78656.0,  63407.8,  1094.64392075,  638.608893127,  1368.57
1567.4399836,  78718.0,  63458.9,  1094.64408358,  638.609179144,  1366.51
1567.46041778,  78755.7,  63489.3,  1094.64424378,  638.608876219,  1365.88
1567.48085196,  78811.1,  63533.3,  1094.64374244,  638.609093322,  1365.05
1567.50128614,  78823.7,  63542.9,  1094.64411677,  638.609108239,  1365.46
1567.52172042,  78896.9,  63602.7,  1094.64398107,  638.609447675,  1372.21
1567.54215451,  78943.4,  63639.0,  1094.64376304,  638.609508622,  1366.32
1567.56258869,  78995.1,  63681.9,  1094.64390207,  638.609440971,  1364.7
1567.58302297,  79035.2,  63713.5,  1094.64374833,  638.609259064,  1369.79
1567.60345715,  79068.6,  63740.0,  1094.64403877,  638.609369026,  1365.22
1567.62389123,  79119.0,  63780.9,  1094.64391859,  638.609412856,  1365.79
1567.64432551,  79157.3,  63811.6,  1094.64346216,  638.609721792,  1365.27
1567.66475969,  79205.3,  63850.6,  1094.64349643,  638.609892279,  1365.85
1567.68519378,  79243.8,  63880.6,  1094.64401415,  638.609739153,  1365.47
1567.70562806,  79253.5,  63889.4,  1094.64330385,  638.6102185,  1366.13
1567.72606224,  79283.1,  63913.6,  1094.64360717,  638.609939239,  1365.96
1567.74649652,  79329.3,  63951.3,  1094.64371569,  638.609910529,  1365.38
1567.76693061,  79361.4,  63975.2,  1094.64368856,  638.61007379,  1363.98
1567.78736479,  79385.4,  63996.4,  1094.64379585,  638.610121762,  1366.29
1567.80779907,  79432.5,  64032.9,  1094.64367172,  638.610134778,  1366.71
1567.82823316,  79424.2,  64026.1,  1094.64333184,  638.610355801,  1367.49
1567.84866734,  79464.3,  64058.6,  1094.6439265,  638.610490706,  1363.19
1567.86910163,  79476.1,  64067.5,  1094.64355608,  638.610592491,  1365.08
1567.88953571,  79500.4,  64087.8,  1094.64371103,  638.61076614,  1364.15
1567.90996999,  79498.0,  64084.7,  1094.64387904,  638.611006924,  1364.27
1567.93040408,  79509.7,  64095.0,  1094.64357068,  638.610597598,  1364.73
1567.95083826,  79507.1,  64093.1,  1094.64345666,  638.610714041,  1364.06
1567.97127255,  79516.7,  64102.5,  1094.6433319,  638.610852262,  1364.22
1567.99170664,  79537.6,  64118.2,  1094.64348208,  638.610953606,  1364.27
1568.01214082,  79539.2,  64119.2,  1094.6435949,  638.610983465,  1364.22
1568.03257511,  79528.9,  64109.0,  1094.64337511,  638.610469323,  1363.31
1568.05300919,  79531.3,  64112.9,  1094.64325022,  638.611041486,  1365.94
1568.07344338,  79545.6,  64123.9,  1094.64357476,  638.610971269,  1364.26
1568.09387767,  79506.9,  64093.5,  1094.64304601,  638.610959011,  1365.73
1568.11431185,  79505.0,  64091.0,  1094.64338446,  638.611312328,  1364.95
1568.13474604,  79494.7,  64083.7,  1094.6432188,  638.611572704,  1364.54
1568.15518023,  79449.0,  64046.2,  1094.64308737,  638.611057874,  1363.74
1568.17561442,  79433.2,  64034.1,  1094.64289062,  638.61149368,  1364.25
1568.19604861,  79419.4,  64023.4,  1094.64324772,  638.61124709,  1365.19
1568.21648279,  79406.2,  64012.9,  1094.64305355,  638.611597013,  1364.23
1568.23691698,  79381.3,  63991.9,  1094.64333641,  638.611538336,  1363.8
1568.25735127,  79352.9,  63968.9,  1094.64329882,  638.611698729,  1362.93
1568.27778536,  79328.5,  63950.6,  1094.64322972,  638.611394147,  1364.83
1568.29821965,  79294.7,  63922.5,  1094.6430943,  638.6116707,  1364.13
1568.31865384,  79268.2,  63900.1,  1094.64280061,  638.611804107,  1363.52
1568.33908793,  79235.2,  63875.3,  1094.64317494,  638.611744676,  1362.83
1568.35952222,  79206.9,  63852.1,  1094.6432486,  638.6121046,  1364.35
1568.37995641,  79186.4,  63834.1,  1094.643327,  638.611740979,  1365.68
1568.4003905,  79126.7,  63787.8,  1094.64352806,  638.611983111,  1364.95
1568.42082479,  79092.3,  63759.2,  1094.64320785,  638.611955952,  1369.04
1568.44125898,  79054.7,  63729.7,  1094.64275858,  638.612047145,  1365.3
1568.46169307,  79017.1,  63700.3,  1094.64338621,  638.612493863,  1364.88
1568.48212736,  78984.1,  63671.2,  1094.64304785,  638.612208894,  1365.69
1568.50256155,  78936.0,  63634.5,  1094.64328787,  638.612328145,  1367.94
1568.52299584,  78905.6,  63611.9,  1094.64328847,  638.61264068,  1368.23
1568.54342994,  78865.4,  63577.3,  1094.64327176,  638.61234482,  1367.47
1568.56386403,  78824.5,  63543.7,  1094.64336754,  638.612587921,  1367.35
1568.58429832,  78800.0,  63526.3,  1094.64292737,  638.612511674,  1365.7
1568.60473251,  78756.4,  63488.9,  1094.64286531,  638.612674274,  1366.6
1568.62516671,  78720.0,  63459.7,  1094.64325193,  638.612794743,  1365.18
1568.6456009,  78703.1,  63447.0,  1094.64292938,  638.612580134,  1366.79
1568.66603509,  78676.7,  63426.0,  1094.64293629,  638.61277861,  1365.7
1568.68646939,  78659.6,  63411.1,  1094.64318862,  638.612800209,  1365.35
1568.70690348,  78606.1,  63369.4,  1094.64269559,  638.612629412,  1366.18
1568.72733767,  78624.2,  63382.4,  1094.64315814,  638.612874109,  1363.59
1568.74777197,  78581.6,  63349.0,  1094.64325716,  638.613027501,  1364.21
1568.76820616,  78589.2,  63354.8,  1094.64295713,  638.613073673,  1365.12
1568.78864026,  78549.5,  63323.9,  1094.64315605,  638.6130716,  1365.69
1568.80907455,  78536.8,  63312.6,  1094.64301425,  638.612818038,  1363.86
1568.82950875,  78541.9,  63317.4,  1094.64309416,  638.613041861,  1363.16
1568.84994294,  78519.7,  63299.4,  1094.6429773,  638.613174027,  1364.82
1568.87037714,  78513.6,  63293.3,  1094.64324454,  638.613497351,  1360.32
1568.89081133,  78489.4,  63274.3,  1094.64284477,  638.613434086,  1361.7
1568.91124563,  78492.0,  63275.5,  1094.64298721,  638.613475634,  1363.69
1568.93167973,  78499.9,  63281.5,  1094.64328532,  638.613751334,  1362.57
1568.95211392,  78476.3,  63263.1,  1094.64302051,  638.613137446,  1367.4
1568.97254822,  78493.6,  63278.5,  1094.64311179,  638.61374055,  1362.54
1568.99298232,  78522.3,  63300.0,  1094.64283057,  638.613858113,  1361.59
1569.01341651,  78488.7,  63271.9,  1094.64335686,  638.613299794,  1365.27
1569.03385081,  78498.3,  63280.4,  1094.64321531,  638.613732846,  1360.09
1569.05428491,  78510.7,  63289.9,  1094.642636,  638.613710662,  1362.76
1569.07471921,  78519.7,  63299.1,  1094.64312155,  638.61345578,  1363.59
1569.09515341,  78533.1,  63308.0,  1094.64281998,  638.613679714,  1360.44
1569.1155875,  78554.7,  63326.2,  1094.64274043,  638.613952504,  1362.11
1569.1360218,  78573.3,  63340.4,  1094.64313954,  638.613832077,  1359.28
1569.156456,  78589.5,  63353.6,  1094.64281573,  638.614001517,  1361.48
1569.1768901,  78603.2,  63363.4,  1094.64282749,  638.613870516,  1360.36
1569.1973244,  78633.5,  63389.8,  1094.64274418,  638.614063114,  1360.77
1569.2177585,  78662.5,  63410.6,  1094.64302962,  638.614394593,  1362.62
1569.2381928,  78675.0,  63422.9,  1094.64292563,  638.614307844,  1359.83
1569.258627,  78689.0,  63433.3,  1094.64269788,  638.614145234,  1360.96
1569.2790611,  78706.7,  63447.2,  1094.64284964,  638.61416044,  1360.33
1569.2994954,  78736.8,  63472.1,  1094.64286647,  638.614339999,  1361.35
1569.3199296,  78752.2,  63484.4,  1094.64291543,  638.614042526,  1360.39
1569.3403638,  78786.8,  63511.0,  1094.64235378,  638.61480666,  1357.2
1569.360798,  78795.9,  63519.6,  1094.64310579,  638.614421918,  1359.45
1569.3812322,  78812.6,  63531.7,  1094.64248351,  638.61461257,  1356.09
1569.4016664,  78850.5,  63562.1,  1094.64247742,  638.614970799,  1357.77
1569.42210061,  78868.4,  63576.1,  1094.64273338,  638.614643104,  1358.49
1569.44253481,  78884.6,  63587.9,  1094.64270649,  638.614517629,  1358.21
1569.46296911,  78913.3,  63613.2,  1094.64272704,  638.614947132,  1359.39
1569.48340331,  78920.5,  63617.8,  1094.6428171,  638.614948588,  1359.88
1569.50383742,  78937.8,  63631.7,  1094.64250576,  638.614664687,  1357.33
1569.52427172,  78976.3,  63663.3,  1094.64281993,  638.614847645,  1357.31
1569.54470592,  79000.4,  63682.1,  1094.64231571,  638.615197463,  1357.35
1569.56514003,  78974.3,  63661.1,  1094.64275081,  638.614963189,  1355.81
1569.58557433,  79022.0,  63700.9,  1094.64252636,  638.615149295,  1355.64
1569.60600853,  79010.4,  63689.4,  1094.64276637,  638.614936352,  1357.13
1569.62644284,  79018.9,  63698.1,  1094.64279203,  638.6153577,  1357.46
1569.64687694,  79023.5,  63700.1,  1094.6427932,  638.615210644,  1357.56
1569.68774545,  79054.8,  63726.1,  1094.64237042,  638.615198325,  1355.15
1569.70817956,  79011.0,  63692.1,  1094.6419488,  638.615193094,  1356.41
1569.72861376,  79025.7,  63703.8,  1094.64223189,  638.615516211,  1356.76
1569.74904807,  79031.8,  63707.6,  1094.64195667,  638.615044906,  1357.74
1569.76948217,  79003.1,  63685.3,  1094.64181895,  638.615642035,  1355.1
1569.78991638,  78990.4,  63675.7,  1094.64197993,  638.615845745,  1356.79
1569.81035068,  78970.6,  63659.6,  1094.64214722,  638.615846822,  1355.53
1569.83078479,  78949.9,  63644.4,  1094.64171136,  638.615591577,  1355.28
1569.8512191,  78937.5,  63632.9,  1094.64232141,  638.615426863,  1355.26
1569.8716532,  78945.7,  63639.6,  1094.64194403,  638.615863901,  1356.8
1569.89208741,  78914.5,  63614.6,  1094.64174917,  638.615491942,  1356.33
1569.91252172,  78892.5,  63597.5,  1094.64217806,  638.616026977,  1354.03
1569.93295582,  78863.2,  63572.9,  1094.642039,  638.615864861,  1353.95
1569.95339003,  78843.5,  63556.9,  1094.6416621,  638.615679351,  1355.96
1569.97382434,  78804.0,  63526.7,  1094.64196098,  638.616172099,  1353.95
1569.99425855,  78792.0,  63517.0,  1094.64178989,  638.615929559,  1356.3
1570.01469276,  78761.8,  63491.6,  1094.64189213,  638.616111143,  1354.44
1570.03512696,  78702.3,  63445.3,  1094.6419239,  638.61584962,  1354.68
1570.05556117,  78699.5,  63440.7,  1094.64172435,  638.615913278,  1355.28
1570.07599538,  78661.6,  63411.7,  1094.641956,  638.616100184,  1353.2
1570.09642959,  78634.5,  63388.9,  1094.64189323,  638.616060414,  1353.61
1570.1168638,  78605.9,  63365.8,  1094.64158943,  638.616310182,  1354.4
1570.13729811,  78573.2,  63339.3,  1094.64172737,  638.616276202,  1352.78
1570.15773222,  78554.1,  63323.2,  1094.64172019,  638.616151717,  1353.71
1570.17816653,  78512.9,  63290.4,  1094.64176147,  638.616169782,  1350.96
1570.19860074,  78482.8,  63267.6,  1094.64161251,  638.616370416,  1352.82
1570.21903485,  78464.1,  63250.5,  1094.64185576,  638.615913189,  1352.56
1570.23946916,  78433.4,  63225.6,  1094.64159618,  638.616667941,  1353.21
1570.25990337,  78415.9,  63212.8,  1094.64156877,  638.616450104,  1353.51
1570.28033749,  78383.7,  63187.3,  1094.64148014,  638.61661351,  1349.56
1570.3007718,  78372.1,  63177.8,  1094.64156004,  638.616623239,  1352.7
1570.32120601,  78344.5,  63155.3,  1094.64143757,  638.616280227,  1352.35
1570.34164012,  78330.2,  63143.8,  1094.64177278,  638.616494114,  1351.15
1570.36207443,  78295.3,  63116.6,  1094.64134712,  638.616320853,  1352.12
1570.38250864,  78278.4,  63101.6,  1094.64142537,  638.616884054,  1350.69
1570.40294286,  78288.0,  63109.2,  1094.64123815,  638.616516069,  1351.3
1570.42337707,  78275.1,  63101.0,  1094.64147736,  638.616601369,  1351.47
1570.44381128,  78280.7,  63103.6,  1094.64120951,  638.617013766,  1350.49
1570.4642455,  78269.5,  63096.3,  1094.64142934,  638.616806361,  1351.01
1570.48467971,  78248.9,  63080.6,  1094.64123909,  638.617084128,  1349.75
1570.50511392,  78257.2,  63083.9,  1094.64110325,  638.616818329,  1350.55
1570.52554814,  78246.9,  63078.3,  1094.64124974,  638.617322876,  1350.47
1570.54598235,  78230.4,  63063.9,  1094.64136384,  638.617130113,  1353.58
1570.56641667,  78261.7,  63088.3,  1094.64091319,  638.617538315,  1350.65
1570.58685078,  78253.7,  63084.4,  1094.64125773,  638.617321078,  1350.25
1570.607285,  78275.8,  63099.6,  1094.64109502,  638.617811201,  1351.41
1570.62771931,  78298.1,  63119.0,  1094.64104953,  638.617199789,  1349.53
1570.64815353,  78291.4,  63112.1,  1094.64134534,  638.617809213,  1348.46
1570.66858764,  78320.3,  63136.3,  1094.64083754,  638.617054204,  1349.43
1570.68902196,  78354.9,  63162.6,  1094.64121446,  638.618189142,  1350.08
1570.70945617,  78352.3,  63161.6,  1094.64124035,  638.617900341,  1350.32
1570.72989029,  78405.3,  63204.4,  1094.64080374,  638.617999051,  1348.71
1570.75032461,  78440.7,  63233.2,  1094.64092301,  638.618413618,  1348.87
1570.77075882,  78454.5,  63244.2,  1094.64108738,  638.618045339,  1350.17
1570.79119314,  78508.9,  63286.2,  1094.64080579,  638.61809013,  1347.76
1570.81162726,  78544.6,  63316.7,  1094.6411896,  638.618576651,  1346.49
1570.83206147,  78563.0,  63331.3,  1094.64109767,  638.618471559,  1349.54
1570.85249579,  78614.0,  63371.9,  1094.64076601,  638.618688204,  1348.7
1570.87292991,  78645.8,  63397.3,  1094.64109805,  638.618594673,  1347.75
1570.89336413,  78692.6,  63433.4,  1094.64068366,  638.619200377,  1348.66
1570.91379844,  78749.4,  63481.4,  1094.64087442,  638.618533755,  1346.29
1570.93423256,  78795.5,  63517.5,  1094.64091507,  638.619022043,  1348.53
1570.95466688,  78832.0,  63545.1,  1094.64060377,  638.618796942,  1348.99
1570.9751011,  78874.7,  63581.9,  1094.64075297,  638.619042303,  1348.32
1570.99553522,  78915.0,  63614.6,  1094.64052078,  638.618970897,  1348.17
1571.01596954,  78949.1,  63642.0,  1094.64050646,  638.61892256,  1348.16
1571.03640376,  79010.5,  63692.0,  1094.64075837,  638.619564728,  1347.84
1571.05683788,  79037.6,  63710.7,  1094.64055014,  638.619457598,  1349.83
1571.0772722,  79104.7,  63765.8,  1094.64077623,  638.619376181,  1347.73
1571.09770642,  79145.8,  63799.7,  1094.64089678,  638.619402541,  1347.62
1571.11814054,  79179.4,  63825.8,  1094.64062348,  638.619587712,  1348.52
1571.13857486,  79202.5,  63844.4,  1094.64082416,  638.619488834,  1349.82
1571.15900908,  79249.5,  63883.1,  1094.64076435,  638.619668076,  1348.4
1571.1794433,  79294.9,  63918.9,  1094.64048345,  638.619478228,  1348.83
1571.19987752,  79325.8,  63943.5,  1094.64064673,  638.619796814,  1350.31
1571.22031174,  79341.5,  63956.1,  1094.64095556,  638.619906569,  1347.96
1571.24074596,  79398.0,  64002.2,  1094.64036057,  638.619409491,  1348.3
1571.26118019,  79403.8,  64005.0,  1094.64060942,  638.619962968,  1351.9
1571.28161441,  79429.0,  64026.7,  1094.64058765,  638.620056384,  1350.52
1571.30204863,  79456.9,  64049.5,  1094.64052991,  638.620086135,  1351.06
1571.32248285,  79465.8,  64056.2,  1094.64064367,  638.620023366,  1350.7
1571.34291718,  79489.4,  64073.9,  1094.64030011,  638.61984186,  1353.54
1571.3633514,  79502.2,  64084.8,  1094.64037801,  638.620203471,  1354.09
1571.38378552,  79524.9,  64102.1,  1094.6407665,  638.620395288,  1353.32
1571.40421985,  79540.8,  64115.6,  1094.64017758,  638.620008201,  1355.61
1571.42465407,  79528.5,  64107.0,  1094.64029341,  638.620255945,  1352.14
1571.44508819,  79543.8,  64119.3,  1094.64022179,  638.620664015,  1352.1
1571.46552252,  79555.9,  64129.3,  1094.64041848,  638.620127844,  1353.12
1571.48595674,  79557.5,  64129.3,  1094.64079402,  638.620370714,  1354.2
1571.50639087,  79548.3,  64122.2,  1094.64028532,  638.620133026,  1351.4
1571.52682519,  79533.0,  64108.3,  1094.64049013,  638.620928269,  1350.72
1571.54725942,  79541.5,  64117.7,  1094.64047338,  638.62079488,  1351.02
1571.56769374,  79517.9,  64095.4,  1094.64031788,  638.620703616,  1353.16
1571.58812787,  79502.5,  64084.3,  1094.6405298,  638.620500112,  1355.51
1571.60856209,  79490.4,  64075.0,  1094.64071035,  638.620758526,  1354.55
1571.62899642,  79483.2,  64069.3,  1094.63999333,  638.620606674,  1351.93
1571.64943054,  79477.7,  64065.2,  1094.64042844,  638.620945446,  1354.8
1571.66986477,  79434.4,  64030.1,  1094.64047059,  638.620966644,  1351.98
1571.6902991,  79415.7,  64015.8,  1094.64014151,  638.620804808,  1354.32
1571.71073322,  79390.6,  63996.2,  1094.6406864,  638.620798267,  1354.09
1571.73116755,  79365.9,  63972.8,  1094.64021366,  638.620989691,  1352.62
1571.75160178,  79318.6,  63935.6,  1094.6403741,  638.620865786,  1352.82
1571.77203591,  79285.8,  63912.4,  1094.64034243,  638.620936355,  1351.87
1571.79247023,  79263.0,  63892.0,  1094.64018853,  638.621194615,  1352.43
1571.81290446,  79218.8,  63856.0,  1094.64026792,  638.620876688,  1352.28
1571.83333859,  79205.9,  63845.2,  1094.64044531,  638.62146233,  1353.23
1571.85377292,  79173.2,  63819.3,  1094.64017104,  638.621322888,  1351.22
1571.87420715,  79117.6,  63776.7,  1094.64031152,  638.621217182,  1350.71
1571.89464127,  79040.4,  63713.6,  1094.6404707,  638.621121862,  1348.9
1571.9150756,  79028.1,  63702.6,  1094.64030902,  638.620866069,  1350.41
1571.93550983,  79005.8,  63685.4,  1094.6402277,  638.621193633,  1348.84
1571.95594416,  78978.5,  63662.6,  1094.64017132,  638.621418494,  1348.59
1571.97637829,  78934.8,  63627.5,  1094.63997332,  638.621428118,  1347.33
1571.99681252,  78886.7,  63589.1,  1094.64055873,  638.621431329,  1349.02
1572.01724685,  78873.3,  63578.4,  1094.63994725,  638.621382659,  1347.59
1572.03768098,  78821.9,  63537.3,  1094.64041542,  638.621473687,  1346.83
1572.05811521,  78791.1,  63513.0,  1094.6399921,  638.621418394,  1345.18
1572.07854954,  78771.2,  63496.7,  1094.64005088,  638.621815191,  1344.47
1572.09898367,  78722.5,  63459.4,  1094.6401491,  638.621782505,  1346.55
1572.119418,  78692.0,  63432.4,  1094.64005534,  638.621576528,  1345.36
1572.13985224,  78682.9,  63424.7,  1094.63986163,  638.621489415,  1345.38
1572.16028637,  78650.6,  63398.7,  1094.64034964,  638.622101403,  1346.26
1572.1807207,  78625.3,  63376.6,  1094.6397456,  638.621942722,  1344.0
1572.20115493,  78609.0,  63364.4,  1094.64028374,  638.622090109,  1344.94
1572.22158906,  78599.5,  63357.9,  1094.63999748,  638.622253605,  1346.14
1572.2420234,  78569.7,  63332.6,  1094.63983043,  638.621672667,  1344.64
1572.26245763,  78558.4,  63324.5,  1094.64010665,  638.622485812,  1345.32
1572.28289186,  78570.2,  63333.7,  1094.63993636,  638.621515707,  1345.26
1572.30332609,  78516.8,  63289.7,  1094.63998282,  638.621852403,  1343.43
1572.32376033,  78522.5,  63294.8,  1094.6401998,  638.622297181,  1343.74
1572.34419456,  78518.6,  63291.4,  1094.63964683,  638.622145217,  1345.05
1572.36462879,  78515.7,  63289.9,  1094.63979486,  638.622002959,  1343.5
1572.38506303,  78517.5,  63290.8,  1094.64008238,  638.622725131,  1345.81
1572.40549726,  78503.2,  63279.0,  1094.63984369,  638.622227938,  1344.9
1572.4259315,  78519.9,  63290.6,  1094.64011505,  638.622006086,  1345.19
1572.44636573,  78499.8,  63274.8,  1094.63972496,  638.622012897,  1343.16
1572.46679997,  78522.7,  63293.7,  1094.63969234,  638.622591384,  1343.81
1572.4872342,  78511.2,  63285.4,  1094.63974244,  638.62273205,  1345.27
1572.50766854,  78529.8,  63298.0,  1094.6400341,  638.622246892,  1345.42
1572.52810277,  78514.1,  63286.6,  1094.63975809,  638.622493097,  1344.9
1572.54853691,  78557.6,  63322.4,  1094.64013501,  638.622728616,  1344.84
1572.56897124,  78536.2,  63304.9,  1094.63995353,  638.622356094,  1346.27
1572.58940548,  78566.3,  63328.9,  1094.63986362,  638.622375673,  1347.86
1572.60983961,  78578.1,  63337.2,  1094.64011689,  638.623013026,  1344.31
1572.63027395,  78613.0,  63364.7,  1094.6395188,  638.622809164,  1343.89
1572.67114232,  78632.2,  63380.7,  1094.64003357,  638.622588366,  1344.63
1572.69157666,  78657.9,  63403.4,  1094.63956352,  638.62238064,  1344.93
1572.7120109,  78706.7,  63441.1,  1094.63962578,  638.623158685,  1343.74
1572.73244524,  78713.4,  63446.7,  1094.63942418,  638.622923683,  1344.66
1572.75287937,  78718.7,  63450.2,  1094.63969034,  638.622852069,  1346.69
1572.77331361,  78752.9,  63480.1,  1094.63964528,  638.623305828,  1345.23
1572.79374795,  78761.5,  63485.0,  1094.63947473,  638.623044448,  1349.38
1572.81418209,  78790.1,  63508.6,  1094.63919718,  638.623328533,  1350.52
1572.83461633,  78840.4,  63549.0,  1094.63956226,  638.623520264,  1350.92
1572.85505067,  78857.8,  63562.9,  1094.63911823,  638.623141821,  1352.37
1572.87548481,  78872.6,  63575.6,  1094.63912092,  638.622964102,  1345.92
1572.89591914,  78879.8,  63580.7,  1094.63928412,  638.622809094,  1342.87
1572.91635338,  78936.6,  63627.2,  1094.63921892,  638.623185156,  1341.22
1572.93678752,  78916.4,  63610.0,  1094.63924673,  638.623339686,  1343.44
1572.95722186,  78961.0,  63644.4,  1094.63901571,  638.623447554,  1342.21
1572.9776561,  78963.5,  63648.5,  1094.63895581,  638.623328249,  1342.87
1572.99809034,  78980.9,  63662.2,  1094.63911793,  638.623753499,  1340.22
1573.01852458,  78993.8,  63671.0,  1094.63899344,  638.623554517,  1341.83
1573.03895883,  78995.8,  63673.0,  1094.63920499,  638.623260727,  1340.52
1573.05939297,  79033.5,  63704.4,  1094.63936038,  638.623152054,  1341.45
1573.07982731,  79020.8,  63691.2,  1094.63884893,  638.623298873,  1341.1
1573.10026155,  79035.1,  63706.3,  1094.63916456,  638.623433238,  1340.15
1573.12069579,  79045.8,  63712.6,  1094.63915568,  638.623232299,  1340.04
1573.14113003,  79040.1,  63708.2,  1094.6387148,  638.623624515,  1338.42
1573.16156427,  79058.7,  63723.8,  1094.63901163,  638.623501847,  1337.3
1573.18199862,  79039.8,  63707.1,  1094.63881187,  638.623537341,  1335.38
1573.20243276,  79053.5,  63718.8,  1094.63912321,  638.623589163,  1335.96
1573.222867,  79020.3,  63692.4,  1094.63909985,  638.623282689,  1336.87
1573.24330134,  79017.1,  63688.2,  1094.63900761,  638.623681597,  1335.59
1573.26373549,  79015.5,  63688.4,  1094.6388295,  638.623483947,  1334.37
1573.28416983,  79001.1,  63675.3,  1094.63911091,  638.623740823,  1338.06
1573.30460407,  78966.3,  63647.3,  1094.63851984,  638.623687504,  1335.34
1573.32503822,  78949.0,  63635.6,  1094.63876556,  638.623922929,  1334.39
1573.34547256,  78941.6,  63626.1,  1094.63891254,  638.623856752,  1334.28
1573.36590681,  78920.2,  63609.9,  1094.63865204,  638.623913917,  1333.85
1573.38634095,  78883.4,  63582.0,  1094.63887007,  638.624133733,  1332.51
1573.40677529,  78867.5,  63568.4,  1094.63859035,  638.623988198,  1333.12
1573.42720954,  78829.0,  63537.7,  1094.6385731,  638.624280753,  1331.91
1573.44764368,  78803.8,  63518.4,  1094.6387486,  638.624013712,  1334.11
1573.46807803,  78775.8,  63494.1,  1094.63872653,  638.624001142,  1333.04
1573.48851228,  78759.1,  63481.0,  1094.63862131,  638.624091942,  1330.69
1573.50894662,  78716.6,  63445.4,  1094.63897167,  638.624117408,  1332.79
1573.52938077,  78686.7,  63423.1,  1094.63858021,  638.624007947,  1331.11
1573.54981501,  78658.8,  63400.4,  1094.63886993,  638.624279603,  1331.23
1573.57024936,  78621.4,  63369.5,  1094.63866275,  638.624246479,  1331.3
1573.59068351,  78607.8,  63358.9,  1094.63885016,  638.624279342,  1330.47
1573.61111775,  78566.4,  63326.6,  1094.63877233,  638.624404142,  1329.55
1573.6315521,  78517.9,  63285.5,  1094.63853013,  638.624759301,  1328.74
1573.65198635,  78513.4,  63283.0,  1094.63841037,  638.624555124,  1330.54
1573.67242059,  78491.6,  63265.5,  1094.63858003,  638.624746173,  1327.76
1573.69285484,  78459.6,  63239.0,  1094.63818939,  638.624456032,  1330.99
1573.71328899,  78429.3,  63215.6,  1094.6384055,  638.624602728,  1330.57
1573.73372334,  78416.2,  63204.7,  1094.63859246,  638.624857496,  1330.25
1573.75415758,  78370.5,  63167.4,  1094.63829301,  638.624960546,  1332.24
1573.77459173,  78359.2,  63158.3,  1094.63844554,  638.625268876,  1330.95
1573.79502608,  78342.9,  63144.1,  1094.63811574,  638.625109378,  1328.31
1573.81546033,  78325.7,  63130.3,  1094.63851004,  638.625216693,  1329.52
1573.83589448,  78315.8,  63123.8,  1094.63841336,  638.625334569,  1328.05
1573.85632883,  78293.4,  63104.3,  1094.63793953,  638.625075544,  1329.05
1573.87676308,  78290.4,  63102.8,  1094.63833303,  638.625413304,  1330.36
1573.89719743,  78285.1,  63098.2,  1094.63851691,  638.62535502,  1329.19
1573.91763158,  78259.0,  63077.2,  1094.63834746,  638.625515023,  1331.3
1573.93806583,  78259.6,  63079.0,  1094.63829041,  638.62583087,  1326.67
1573.95850018,  78256.9,  63075.9,  1094.63835843,  638.625713643,  1326.02
1573.97893433,  78253.0,  63072.7,  1094.63823914,  638.625394943,  1329.92
1573.99936858,  78268.9,  63086.0,  1094.63826766,  638.625567423,  1325.87
1574.01980293,  78252.4,  63071.3,  1094.63797982,  638.625621115,  1327.31
1574.04023708,  78279.8,  63092.5,  1094.63820516,  638.625855026,  1327.08
1574.06067143,  78294.6,  63106.0,  1094.6381832,  638.625952747,  1328.01
1574.08110568,  78286.0,  63099.1,  1094.63774928,  638.626085444,  1327.09
1574.10153984,  78319.8,  63125.6,  1094.63764729,  638.625801601,  1326.37
1574.12197419,  78318.9,  63125.6,  1094.63827626,  638.626208681,  1325.48
1574.14240844,  78358.3,  63155.0,  1094.63788821,  638.626028493,  1324.61
1574.16284269,  78364.5,  63162.0,  1094.63815983,  638.626493387,  1327.92
1574.18327694,  78401.1,  63190.0,  1094.63790285,  638.626245031,  1326.74
1574.2037112,  78423.9,  63207.9,  1094.63785166,  638.626360891,  1325.22
1574.22414545,  78450.2,  63230.0,  1094.63787347,  638.626203926,  1325.92
1574.2445797,  78483.5,  63256.8,  1094.63797737,  638.626494223,  1324.83
1574.26501396,  78521.6,  63285.2,  1094.63787477,  638.626071448,  1324.9
1574.28544821,  78568.3,  63326.2,  1094.63767608,  638.626523925,  1326.52
1574.30588256,  78610.1,  63356.4,  1094.63740985,  638.626624304,  1326.05
1574.32631672,  78648.9,  63389.9,  1094.63794998,  638.626879185,  1324.21
1574.34675097,  78699.5,  63429.9,  1094.63779391,  638.626677435,  1325.58
1574.36718523,  78716.8,  63443.8,  1094.63798356,  638.627054778,  1326.1
1574.38761948,  78764.9,  63481.7,  1094.63790715,  638.627088861,  1325.69
1574.40805384,  78824.7,  63530.5,  1094.63755296,  638.626833244,  1324.39
1574.42848799,  78859.0,  63556.4,  1094.63754536,  638.626689727,  1324.48
1574.44892235,  78915.4,  63603.7,  1094.63778135,  638.626817796,  1324.71
1574.4693566,  78953.9,  63633.6,  1094.63744971,  638.62697776,  1323.64
1574.48979076,  78994.0,  63665.8,  1094.63762423,  638.627028017,  1322.5
1574.51022511,  79037.8,  63700.8,  1094.63749662,  638.627214723,  1324.61
1574.53065937,  79079.1,  63731.9,  1094.63771808,  638.626975556,  1324.64
1574.55109352,  79136.1,  63779.5,  1094.63750861,  638.627080529,  1324.15
1574.57152788,  79168.7,  63804.5,  1094.63734266,  638.627301888,  1322.41
1574.59196214,  79224.2,  63850.1,  1094.63723033,  638.627492259,  1322.33
1574.6123965,  79235.8,  63859.1,  1094.63727884,  638.62722316,  1321.54
1574.63283065,  79262.0,  63880.0,  1094.63744337,  638.627113833,  1321.1
1574.65326491,  79323.1,  63929.0,  1094.63739238,  638.627678244,  1322.59
1574.67369927,  79344.4,  63947.4,  1094.63786938,  638.627050912,  1320.79
1574.69413342,  79386.7,  63978.2,  1094.63727155,  638.627688711,  1324.24
1574.71456768,  79387.2,  63979.6,  1094.63716535,  638.627486848,  1321.89
1574.73500204,  79435.7,  64018.5,  1094.6375505,  638.627807516,  1321.49
1574.7554362,  79436.3,  64018.9,  1094.63729805,  638.628042378,  1321.16
1574.77587046,  79464.5,  64042.1,  1094.63740578,  638.627483072,  1319.66
1574.79630482,  79486.7,  64059.5,  1094.63721968,  638.628127252,  1322.02
1574.81673908,  79492.6,  64063.7,  1094.63732846,  638.627883635,  1323.81
1574.83717333,  79524.6,  64090.0,  1094.63734589,  638.628047694,  1322.25
1574.85760759,  79523.7,  64087.1,  1094.637223,  638.62781742,  1322.0
1574.87804185,  79543.0,  64104.9,  1094.63728043,  638.628120508,  1322.51
1574.89847611,  79549.4,  64109.4,  1094.63740089,  638.628005888,  1321.13
1574.91891037,  79558.1,  64114.3,  1094.63697889,  638.628051031,  1321.21
1574.93934463,  79563.2,  64119.0,  1094.63759161,  638.628149089,  1322.43
1574.95977889,  79559.2,  64116.3,  1094.63716313,  638.627794785,  1319.9
1574.98021315,  79572.1,  64125.7,  1094.63696296,  638.628239476,  1321.38
1575.00064741,  79532.4,  64095.2,  1094.63729247,  638.628542613,  1320.4
1575.02108168,  79556.4,  64113.3,  1094.63713584,  638.627446779,  1320.52
1575.04151594,  79528.9,  64092.4,  1094.6377095,  638.627966989,  1320.27
1575.0619503,  79503.8,  64071.1,  1094.63711394,  638.627958187,  1319.68
1575.08238446,  79487.9,  64057.1,  1094.63721621,  638.627737053,  1321.68
1575.10281872,  79476.1,  64049.1,  1094.63716223,  638.628291691,  1320.18
1575.12325308,  79439.7,  64018.5,  1094.63706488,  638.628318249,  1320.91
1575.14368725,  79428.9,  64008.3,  1094.63718599,  638.62776962,  1321.69
1575.16412151,  79406.3,  63992.9,  1094.63719662,  638.628603949,  1320.4
1575.18455587,  79387.7,  63976.7,  1094.63714524,  638.627989399,  1320.1
1575.20499003,  79365.6,  63957.6,  1094.63698638,  638.628262227,  1321.3
1575.2254244,  79336.2,  63935.9,  1094.63720592,  638.628356264,  1318.06
1575.24585866,  79305.2,  63909.6,  1094.63723069,  638.628366152,  1319.38
1575.26629282,  79275.9,  63887.6,  1094.63724658,  638.628281583,  1319.24
1575.28672719,  79220.0,  63841.2,  1094.63727304,  638.628359192,  1319.19
1575.30716145,  79185.1,  63812.4,  1094.63705584,  638.628197903,  1318.97
1575.32759562,  79174.1,  63803.8,  1094.63727905,  638.628707113,  1320.93
1575.34802998,  79115.1,  63756.5,  1094.63717072,  638.62836958,  1320.06
1575.36846424,  79077.6,  63725.7,  1094.63726958,  638.62823699,  1317.54
1575.38889861,  79042.0,  63698.3,  1094.637103,  638.628323962,  1319.41
1575.40933277,  79000.3,  63663.8,  1094.63707068,  638.62859524,  1318.55
1575.42976704,  78980.6,  63647.6,  1094.63718521,  638.628579301,  1319.08
1575.4502014,  78923.2,  63602.1,  1094.63763299,  638.628376779,  1318.85
1575.47063567,  78897.9,  63580.4,  1094.63707995,  638.628942027,  1315.89
1575.49106984,  78856.1,  63547.1,  1094.63707901,  638.628336199,  1317.16
1575.5115042,  78833.0,  63528.9,  1094.63697254,  638.628611084,  1317.33
1575.53193847,  78794.4,  63495.3,  1094.63715886,  638.628372969,  1317.61
1575.55237263,  78763.3,  63472.8,  1094.63720882,  638.629009874,  1316.31
1575.572807,  78744.4,  63456.6,  1094.63727253,  638.628498037,  1318.4
1575.59324127,  78714.6,  63431.8,  1094.63716871,  638.628396491,  1317.79
1575.61367553,  78673.2,  63400.4,  1094.63763308,  638.628733092,  1316.97
1575.65454397,  78635.5,  63370.7,  1094.63705965,  638.628541993,  1315.58
1575.67497834,  78623.5,  63361.1,  1094.63702503,  638.628920755,  1315.52
1575.6954126,  78595.8,  63337.4,  1094.63697523,  638.628555236,  1315.44
1575.71584677,  78580.8,  63326.4,  1094.63683412,  638.628772207,  1313.81
1575.73628114,  78571.3,  63319.4,  1094.63693973,  638.628873917,  1315.29
1575.75671541,  78551.9,  63302.1,  1094.6368316,  638.628901255,  1317.46
1575.77714978,  78529.8,  63285.9,  1094.63715083,  638.629062534,  1315.43
1575.79758394,  78559.5,  63309.2,  1094.63640567,  638.628307815,  1316.29
1575.81801821,  78522.6,  63278.8,  1094.63666043,  638.628588656,  1315.4
1575.83845258,  78528.9,  63284.4,  1094.63695945,  638.628421554,  1315.08
1575.85888675,  78524.5,  63280.4,  1094.63657939,  638.628732277,  1314.83
1575.87932102,  78526.4,  63281.7,  1094.6366376,  638.628647096,  1314.22
1575.89975539,  78526.5,  63281.4,  1094.63685063,  638.628717768,  1316.02
1575.92018956,  78549.7,  63299.8,  1094.63675812,  638.628656227,  1315.17
1575.94062383,  78544.4,  63296.5,  1094.6366687,  638.62896212,  1316.12
1575.9610582,  78545.9,  63296.3,  1094.63699754,  638.628655471,  1316.62
1575.98149237,  78549.4,  63300.3,  1094.63678932,  638.628874536,  1316.53
1576.00192674,  78553.4,  63302.9,  1094.63689437,  638.62881455,  1312.96
1576.02236101,  78586.0,  63329.0,  1094.63659478,  638.628990888,  1314.74
1576.04279529,  78596.8,  63336.5,  1094.63665649,  638.628955876,  1313.7
1576.06322956,  78597.2,  63338.8,  1094.63705195,  638.628719546,  1315.69
1576.08366383,  78625.7,  63358.9,  1094.63683387,  638.628909983,  1313.39
1576.1040981,  78649.6,  63378.5,  1094.63649053,  638.628776609,  1315.2
1576.12453237,  78645.3,  63377.4,  1094.63681111,  638.628903457,  1316.13
1576.14496664,  78662.1,  63389.7,  1094.63641573,  638.62902699,  1313.85
1576.16540092,  78688.9,  63411.6,  1094.63680904,  638.628763659,  1314.87
1576.18583529,  78712.9,  63429.4,  1094.63656524,  638.62894684,  1313.46
1576.20626946,  78737.7,  63450.0,  1094.63664321,  638.628977039,  1312.99
1576.22670383,  78748.7,  63460.2,  1094.63668083,  638.629305498,  1312.5
1576.24713811,  78786.5,  63487.9,  1094.63647326,  638.629019875,  1311.99
1576.26757228,  78820.3,  63516.3,  1094.63658221,  638.629130901,  1312.37
1576.28800665,  78837.1,  63529.8,  1094.63650889,  638.629438989,  1312.07
1576.30844083,  78872.2,  63556.7,  1094.636475,  638.629322533,  1313.61
1576.3288751,  78877.0,  63562.8,  1094.63650975,  638.629458284,  1313.03
1576.34930948,  78900.1,  63579.8,  1094.63660143,  638.629111267,  1313.26
1576.36974365,  78912.4,  63596.9,  1094.63620941,  638.629382521,  1335.49
1576.39017803,  78948.5,  63619.0,  1094.63665873,  638.629362871,  1312.47
1576.4106123,  78968.0,  63633.1,  1094.63629818,  638.629864706,  1312.62
1576.43104647,  78983.4,  63646.2,  1094.63625153,  638.629561396,  1314.43
1576.45148085,  79008.1,  63665.5,  1094.63642383,  638.629784021,  1313.77
1576.47191513,  79016.1,  63672.2,  1094.63611623,  638.629487907,  1313.33
1576.4923493,  79024.8,  63679.0,  1094.63634886,  638.629503622,  1313.55
1576.51278368,  79045.3,  63696.7,  1094.63665595,  638.629616373,  1310.28
1576.53321795,  79043.7,  63692.7,  1094.63615793,  638.629884371,  1311.04
1576.55365223,  79055.6,  63704.2,  1094.63638196,  638.629540498,  1309.95
1576.5740865,  79055.5,  63701.1,  1094.63641417,  638.629641372,  1313.25
1576.59452078,  79069.7,  63713.4,  1094.63611861,  638.629849561,  1312.29
1576.61495516,  79042.5,  63693.1,  1094.63639374,  638.63011956,  1312.15
1576.63538933,  79054.8,  63702.6,  1094.63609065,  638.630246505,  1310.51
1576.65582361,  79064.8,  63710.5,  1094.63616578,  638.630010429,  1311.81
1576.67625799,  79055.6,  63702.5,  1094.63592019,  638.629677409,  1309.07
1576.69669227,  79051.7,  63699.6,  1094.63605514,  638.630272155,  1311.9
1576.71712644,  79052.6,  63700.7,  1094.63615876,  638.630489372,  1311.73
1576.73756082,  79019.0,  63672.2,  1094.63648436,  638.630523818,  1310.05
1576.7579951,  79005.2,  63661.8,  1094.63614385,  638.630292745,  1311.05
1576.77842938,  78990.7,  63650.8,  1094.63602766,  638.630644954,  1311.42
1576.79886366,  78959.7,  63625.8,  1094.63591976,  638.630361933,  1311.34
1576.81929794,  78940.0,  63609.6,  1094.63586839,  638.630551543,  1310.24
1576.83973231,  78908.3,  63584.0,  1094.63626423,  638.630747758,  1311.36
1576.86016649,  78878.0,  63559.2,  1094.63599787,  638.630780094,  1309.46
1576.88060077,  78852.7,  63540.4,  1094.63596861,  638.630717153,  1311.24
1576.90103515,  78837.1,  63526.1,  1094.63585811,  638.630627497,  1309.23
1576.92146933,  78815.5,  63510.3,  1094.63584931,  638.630599522,  1310.18
1576.94190361,  78789.7,  63489.7,  1094.63595494,  638.631071147,  1310.21
1576.96233789,  78743.9,  63452.7,  1094.63610934,  638.630805058,  1310.29
1576.98277217,  78718.4,  63431.8,  1094.6360348,  638.630944301,  1307.86
1577.00320655,  78680.0,  63401.4,  1094.63620949,  638.630803747,  1310.38
1577.02364073,  78660.1,  63384.1,  1094.63586136,  638.631025849,  1309.47
1577.04407501,  78639.9,  63368.8,  1094.635948,  638.631299074,  1310.79
1577.0645094,  78603.4,  63338.1,  1094.6364538,  638.630730704,  1309.41
1577.08494358,  78567.6,  63309.2,  1094.63599923,  638.630680335,  1310.48
1577.10537786,  78559.0,  63304.1,  1094.63587073,  638.631558096,  1307.61
1577.12581224,  78515.6,  63268.9,  1094.63578569,  638.630769903,  1306.96
1577.14624642,  78486.0,  63244.0,  1094.6359838,  638.631263369,  1308.03
1577.1666808,  78465.6,  63228.5,  1094.6359364,  638.631237687,  1308.25
1577.18711509,  78446.1,  63211.4,  1094.63591948,  638.631403862,  1308.89
1577.20754927,  78434.1,  63202.2,  1094.63579908,  638.631042671,  1309.09
1577.22798365,  78397.2,  63173.7,  1094.63591432,  638.631301091,  1307.46
1577.24841793,  78370.3,  63151.9,  1094.63563142,  638.631217345,  1308.14
1577.26885222,  78359.0,  63141.9,  1094.63572187,  638.631628622,  1308.13
1577.2892865,  78348.3,  63134.6,  1094.63580441,  638.631401675,  1308.09
1577.30972078,  78343.5,  63128.4,  1094.63550956,  638.631484005,  1308.1
1577.33015507,  78307.6,  63100.4,  1094.63565783,  638.631889841,  1306.88
1577.35058945,  78313.2,  63105.6,  1094.63586516,  638.63157701,  1308.11
1577.37102363,  78277.6,  63076.1,  1094.63580017,  638.631712227,  1309.19
1577.39145802,  78300.2,  63093.3,  1094.6358033,  638.631674354,  1308.5
1577.4118923,  78320.1,  63109.6,  1094.63548568,  638.63163674,  1307.89
1577.43232649,  78273.2,  63073.0,  1094.63559755,  638.632269567,  1306.23
1577.45276087,  78272.6,  63069.8,  1094.6360997,  638.631685242,  1309.8
1577.47319516,  78265.8,  63066.0,  1094.63545428,  638.632000821,  1306.85
1577.49362934,  78284.8,  63081.0,  1094.63566795,  638.63219269,  1307.55
1577.51406373,  78304.9,  63097.6,  1094.63562403,  638.632547378,  1307.64
1577.53449801,  78318.1,  63107.0,  1094.63556764,  638.631715869,  1305.6
1577.5549323,  78316.6,  63105.9,  1094.63596446,  638.632012479,  1307.86
1577.57536659,  78356.8,  63137.7,  1094.63555183,  638.63207863,  1306.13
1577.59580077,  78343.9,  63126.9,  1094.63561375,  638.632528985,  1307.75
1577.61623516,  78400.1,  63172.1,  1094.63575681,  638.632493242,  1307.14
1577.63666944,  78392.0,  63166.6,  1094.63574203,  638.632288835,  1306.76
1577.65710363,  78439.6,  63204.4,  1094.63563845,  638.633043365,  1306.2
1577.67753802,  78455.3,  63217.4,  1094.63531593,  638.632364438,  1305.73
1577.69797231,  78509.1,  63259.7,  1094.63527866,  638.632917085,  1306.41
1577.71840659,  78515.2,  63264.9,  1094.63533405,  638.632518029,  1310.52
1577.73884088,  78576.0,  63313.1,  1094.63507965,  638.632576665,  1306.38
1577.75927517,  78597.9,  63329.7,  1094.63544311,  638.632865962,  1306.1
1577.77970956,  78647.6,  63371.7,  1094.63535324,  638.632543309,  1303.48
1577.80014374,  78690.1,  63403.2,  1094.63529628,  638.633180329,  1304.56
1577.82057803,  78740.3,  63443.1,  1094.63550366,  638.633367267,  1305.51
1577.84101242,  78774.9,  63472.2,  1094.63549017,  638.633143359,  1306.3
1577.86144671,  78819.7,  63507.5,  1094.63525003,  638.632473336,  1306.22
1577.8818809,  78867.7,  63546.8,  1094.63518648,  638.633430383,  1306.0
1577.90231529,  78908.0,  63579.8,  1094.63522729,  638.633012587,  1304.82
1577.92274958,  78947.3,  63609.9,  1094.63494894,  638.633443564,  1306.22
1577.94318387,  79008.5,  63659.2,  1094.63517956,  638.633101334,  1307.09
1577.96361816,  79034.9,  63679.2,  1094.63515925,  638.63323632,  1305.32
1577.98405244,  79080.1,  63717.4,  1094.63512431,  638.633645445,  1304.04
1578.00448673,  79161.2,  63783.6,  1094.63514163,  638.633303793,  1303.84
1578.02492103,  79174.9,  63791.5,  1094.63481339,  638.633760824,  1304.82
1578.04535532,  79219.6,  63828.6,  1094.63484778,  638.633272103,  1302.73
1578.06578971,  79252.6,  63855.2,  1094.635244,  638.633330494,  1306.67
1578.0862239,  79277.9,  63874.2,  1094.63483449,  638.633481018,  1303.61
1578.10665819,  79315.7,  63904.7,  1094.63497682,  638.633986568,  1304.83
1578.12709258,  79359.7,  63939.5,  1094.63505539,  638.633769124,  1304.22
1578.14752677,  79378.1,  63954.4,  1094.63526299,  638.633435777,  1306.58
1578.16796116,  79425.8,  63992.5,  1094.63529686,  638.633707867,  1302.72
1578.18839545,  79443.3,  64006.5,  1094.63531663,  638.633102967,  1305.06
1578.20882965,  79451.2,  64012.1,  1094.63477188,  638.63402764,  1305.12
1578.22926404,  79486.1,  64041.9,  1094.63512659,  638.63394521,  1304.37
1578.24969823,  79504.2,  64054.9,  1094.63504948,  638.633560945,  1302.83
1578.27013252,  79503.4,  64055.3,  1094.63524935,  638.63381967,  1302.42
1578.29056691,  79511.0,  64061.4,  1094.6348712,  638.633757255,  1302.78
1578.31100111,  79528.2,  64072.9,  1094.63511848,  638.633776228,  1303.68
1578.3314355,  79565.1,  64102.8,  1094.63496915,  638.634089765,  1302.17
1578.35186979,  79575.7,  64112.1,  1094.63502634,  638.63380392,  1303.61
1578.37230399,  79561.2,  64099.5,  1094.63488932,  638.633960028,  1303.34
1578.39273838,  79574.0,  64111.6,  1094.63499284,  638.633838289,  1303.3
1578.41317267,  79589.4,  64122.8,  1094.6351073,  638.634235199,  1304.4
1578.43360697,  79576.1,  64110.6,  1094.63489316,  638.634381173,  1303.31
1578.45404126,  79561.5,  64099.1,  1094.63484543,  638.633954171,  1302.24
1578.47447556,  79557.9,  64096.0,  1094.63489483,  638.63407253,  1302.13
1578.49490985,  79544.3,  64085.5,  1094.63498202,  638.633727428,  1303.12
1578.51534415,  79525.2,  64070.8,  1094.63465804,  638.634684516,  1302.23
1578.53577844,  79539.9,  64081.0,  1094.63494995,  638.634355235,  1303.21
1578.55621284,  79510.3,  64059.7,  1094.63506897,  638.634298969,  1300.56
1578.57664713,  79465.5,  64022.4,  1094.63484751,  638.634321595,  1302.65
1578.59708133,  79453.8,  64012.2,  1094.63526462,  638.634312411,  1302.35
1578.63795002,  79433.5,  63995.6,  1094.63462646,  638.633959142,  1302.95
1578.65838422,  79397.7,  63966.8,  1094.63460276,  638.634337738,  1300.31
1578.67881861,  79372.2,  63945.2,  1094.63461457,  638.633999754,  1304.28
1578.69925291,  79323.8,  63908.3,  1094.63457572,  638.634071397,  1303.96
1578.71968711,  79286.1,  63878.1,  1094.63457197,  638.634378903,  1300.6
1578.7401215,  79259.8,  63855.7,  1094.63467607,  638.63413889,  1300.62
1578.7605558,  79224.3,  63830.2,  1094.63439917,  638.634325467,  1302.45
1578.7809902,  79213.8,  63820.2,  1094.6346748,  638.634385935,  1300.74
1578.80142439,  79144.0,  63764.2,  1094.63473059,  638.634417217,  1302.46
1578.82185869,  79112.1,  63738.7,  1094.63455833,  638.634257669,  1302.65
1578.84229309,  79090.2,  63721.8,  1094.63442755,  638.634197839,  1300.99
1578.86272729,  79049.3,  63689.1,  1094.63444108,  638.634319453,  1298.68
1578.88316159,  79004.4,  63652.5,  1094.63446442,  638.634394171,  1300.84
1578.90359588,  78958.3,  63613.4,  1094.63465728,  638.634420327,  1300.94
1578.92403018,  78908.0,  63574.9,  1094.63433359,  638.634421004,  1298.5
1578.94446458,  78916.3,  63582.7,  1094.6347516,  638.633976168,  1301.51
1578.96489878,  78851.1,  63527.9,  1094.63437005,  638.634280665,  1302.17
1578.98533308,  78839.4,  63518.7,  1094.63454931,  638.634416523,  1300.78
1579.00576748,  78808.2,  63493.0,  1094.6346673,  638.634232311,  1301.54
1579.02620168,  78784.3,  63472.7,  1094.63428027,  638.634219277,  1299.69
1579.04663598,  78749.2,  63447.1,  1094.63441424,  638.634673257,  1298.01
1579.06707038,  78719.7,  63422.9,  1094.63458645,  638.634375651,  1300.5
1579.08750468,  78700.7,  63407.0,  1094.63436317,  638.634412117,  1301.54
1579.10793888,  78674.2,  63385.6,  1094.63468481,  638.634600723,  1300.85
1579.12837328,  78673.7,  63384.1,  1094.63423803,  638.634026439,  1301.54
1579.14880758,  78617.0,  63338.3,  1094.63435732,  638.634186495,  1299.14
1579.16924188,  78615.7,  63337.5,  1094.63430937,  638.634277581,  1300.56
1579.18967618,  78610.8,  63333.0,  1094.63421995,  638.634375214,  1298.39
1579.21011048,  78582.9,  63311.1,  1094.63421497,  638.634449823,  1299.18
1579.23054488,  78583.0,  63310.7,  1094.63442897,  638.634682298,  1301.75
1579.25097908,  78567.2,  63298.8,  1094.63448288,  638.634489503,  1301.18
1579.27141339,  78555.5,  63289.9,  1094.63452066,  638.634691887,  1298.46
1579.29184779,  78548.1,  63283.7,  1094.63435309,  638.63464811,  1300.91
1579.31228199,  78552.3,  63286.3,  1094.63437838,  638.634748585,  1299.09
1579.33271639,  78548.5,  63284.6,  1094.63458449,  638.6349148,  1297.5
1579.3531507,  78544.8,  63280.5,  1094.63399666,  638.63467887,  1301.6
1579.3735849,  78545.9,  63280.0,  1094.63456352,  638.634874925,  1300.47
1579.3940193,  78544.0,  63279.1,  1094.63417481,  638.634924006,  1299.87
1579.4144536,  78562.6,  63292.7,  1094.63404781,  638.634716968,  1298.81
1579.43488781,  78573.9,  63303.7,  1094.63422255,  638.635099967,  1299.98
1579.45532221,  78562.6,  63294.0,  1094.63434492,  638.634829207,  1299.5
1579.47575651,  78581.5,  63308.6,  1094.63394184,  638.634982129,  1299.5
1579.49619072,  78594.7,  63319.8,  1094.63433796,  638.635074757,  1299.55
1579.51662512,  78611.7,  63332.5,  1094.63409306,  638.635087202,  1300.08
1579.53705933,  78629.7,  63346.3,  1094.634239,  638.635140078,  1299.98
1579.55749373,  78655.5,  63368.1,  1094.63408991,  638.635218339,  1296.71
1579.57792803,  78665.9,  63375.4,  1094.63418529,  638.635052447,  1300.04
1579.59836234,  78675.9,  63384.1,  1094.63382285,  638.635481049,  1298.76
1579.61879664,  78709.6,  63412.5,  1094.63424153,  638.635111058,  1300.0
1579.63923095,  78711.6,  63412.2,  1094.63407846,  638.635310934,  1296.81
1579.65966525,  78724.2,  63423.6,  1094.63396621,  638.635441994,  1297.35
1579.68009956,  78779.2,  63467.1,  1094.63406936,  638.635811995,  1295.49
1579.70053387,  78787.6,  63473.1,  1094.6337247,  638.635804277,  1298.68
1579.72096827,  78810.3,  63493.3,  1094.63392666,  638.635899428,  1295.94
1579.74140258,  78854.3,  63528.2,  1094.63374002,  638.63549918,  1295.68
1579.76183678,  78861.1,  63533.0,  1094.63414095,  638.635860211,  1296.93
1579.78227119,  78884.7,  63551.7,  1094.63408184,  638.635623073,  1295.96
1579.8027055,  78914.0,  63575.5,  1094.63350956,  638.635753232,  1296.9
1579.8231397,  78922.0,  63581.0,  1094.63429976,  638.635761818,  1294.97
1579.84357411,  78933.9,  63591.0,  1094.63376345,  638.635956256,  1297.58
1579.86400842,  78972.6,  63622.1,  1094.63381019,  638.636071713,  1297.13
1579.88444263,  78995.6,  63642.3,  1094.6338302,  638.636043577,  1296.81
1579.90487703,  78995.2,  63640.2,  1094.63374693,  638.6359323,  1295.76
1579.92531134,  79052.9,  63688.1,  1094.6339008,  638.636255884,  1294.47
1579.94574575,  79032.6,  63670.5,  1094.63375087,  638.63638382,  1294.85
1579.96617996,  79045.8,  63680.5,  1094.63366943,  638.636596234,  1297.44
1579.98661426,  79056.5,  63690.9,  1094.63352407,  638.636632151,  1295.12
1580.00704867,  79070.1,  63702.0,  1094.63377278,  638.636214367,  1296.57
1580.02748288,  79071.2,  63701.1,  1094.63335577,  638.63656022,  1293.84
1580.04791719,  79090.5,  63717.4,  1094.63372978,  638.636653485,  1294.38
1580.0683516,  79081.4,  63709.7,  1094.63359622,  638.636855227,  1296.09
1580.08878581,  79093.0,  63719.2,  1094.63339315,  638.636895923,  1295.31
1580.10922012,  79070.4,  63701.6,  1094.63368309,  638.636456157,  1296.44
1580.12965453,  79064.5,  63695.2,  1094.63348687,  638.636658225,  1294.94
1580.15008874,  79037.4,  63674.4,  1094.63387752,  638.636808752,  1296.1
1580.17052315,  79049.4,  63683.3,  1094.63374641,  638.637017174,  1294.39
1580.19095736,  79023.6,  63664.2,  1094.63346141,  638.636497964,  1293.4
1580.21139167,  79016.7,  63657.6,  1094.6338558,  638.637227573,  1293.65
1580.23182608,  79015.4,  63657.0,  1094.63367825,  638.637045986,  1293.08
1580.25226029,  79001.0,  63643.9,  1094.63325928,  638.636748396,  1293.91
1580.2726946,  78972.2,  63621.0,  1094.63354686,  638.637188459,  1294.63
1580.29312901,  78929.3,  63586.3,  1094.6333333,  638.637389089,  1293.77
1580.31356332,  78916.9,  63576.9,  1094.63331656,  638.637146795,  1293.49
1580.33399763,  78870.9,  63539.3,  1094.63364004,  638.637037962,  1292.38
1580.35443194,  78866.9,  63535.2,  1094.63359468,  638.637437351,  1295.0
1580.37486626,  78839.7,  63513.5,  1094.63350014,  638.636862197,  1294.12
1580.39530057,  78816.3,  63495.5,  1094.63361479,  638.637548028,  1292.38
1580.41573488,  78784.2,  63469.4,  1094.63348531,  638.637185713,  1292.06
1580.43616919,  78748.1,  63442.0,  1094.63343886,  638.637217617,  1290.87
1580.4566036,  78721.8,  63420.1,  1094.63312964,  638.637249783,  1293.67
1580.47703782,  78688.3,  63392.6,  1094.6333958,  638.637516783,  1292.3
1580.49747213,  78670.5,  63377.7,  1094.63350488,  638.637487249,  1291.84
1580.51790654,  78637.7,  63351.0,  1094.63326152,  638.637361292,  1293.11
1580.53834076,  78596.1,  63317.5,  1094.63338418,  638.637876925,  1291.64
1580.55877517,  78571.0,  63299.1,  1094.63330307,  638.637786713,  1292.34
1580.57920948,  78552.7,  63284.6,  1094.6335261,  638.637641307,  1290.59
1580.5996437,  78506.5,  63246.6,  1094.63347163,  638.637695222,  1292.6
1580.62007811,  78491.6,  63235.6,  1094.63346514,  638.637717348,  1292.54
1580.64051242,  78472.9,  63220.1,  1094.63339112,  638.637514085,  1292.84
1580.66094664,  78429.5,  63184.9,  1094.6337963,  638.638079816,  1292.19
1580.68138105,  78441.4,  63194.1,  1094.63320556,  638.637524741,  1288.87
1580.70181537,  78402.1,  63161.1,  1094.63336172,  638.63901405,  1290.57
1580.72224978,  78370.9,  63136.7,  1094.63362417,  638.637709073,  1292.48
1580.742684,  78358.5,  63126.9,  1094.63341316,  638.637860134,  1291.17
1580.76311831,  78362.0,  63130.8,  1094.63329275,  638.638182661,  1291.9
1580.78355273,  78327.3,  63100.8,  1094.63340829,  638.637858715,  1292.18
1580.80398694,  78318.1,  63095.3,  1094.63318925,  638.638044685,  1291.19
1580.82442126,  78307.7,  63088.2,  1094.63329258,  638.638344666,  1290.12
1580.84485557,  78295.9,  63076.7,  1094.63312635,  638.63779923,  1290.61
1580.86528989,  78287.4,  63070.5,  1094.63327538,  638.638366992,  1289.94
1580.88572421,  78293.8,  63075.7,  1094.63324199,  638.63832895,  1292.04
1580.90615852,  78306.0,  63083.0,  1094.63286671,  638.638102337,  1290.8
1580.92659284,  78279.5,  63064.3,  1094.63309353,  638.638471113,  1288.91
1580.94702726,  78310.3,  63087.1,  1094.63323466,  638.638700474,  1287.94
1580.96746157,  78304.0,  63082.1,  1094.63301392,  638.638444356,  1291.65
1580.98789579,  78323.9,  63098.0,  1094.63291547,  638.638541071,  1287.78
1581.00833021,  78324.0,  63097.6,  1094.63303157,  638.638267673,  1290.51
1581.02876453,  78342.8,  63113.9,  1094.63284871,  638.638175625,  1290.29
1581.04919874,  78383.0,  63146.0,  1094.63338471,  638.638402119,  1289.68
1581.06963316,  78385.7,  63147.4,  1094.63286958,  638.638522344,  1289.81
1581.09006748,  78417.4,  63172.6,  1094.63334387,  638.63880445,  1288.53
1581.1105019,  78421.8,  63178.6,  1094.63307481,  638.638608227,  1288.28
1581.13093612,  78475.3,  63219.9,  1094.63302179,  638.638333713,  1290.06
1581.15137043,  78507.7,  63246.5,  1094.63303321,  638.63893979,  1290.12
1581.17180485,  78516.7,  63252.6,  1094.63317345,  638.639083953,  1290.59
1581.19223907,  78562.3,  63288.2,  1094.63295177,  638.63908246,  1289.07
1581.21267339,  78600.8,  63321.2,  1094.63297982,  638.638968461,  1289.46
1581.23310781,  78693.6,  63395.2,  1094.63244644,  638.638383461,  1291.01
1581.25354203,  78679.6,  63383.6,  1094.63284737,  638.638795769,  1290.05
1581.27397635,  78732.0,  63427.5,  1094.63257484,  638.638878106,  1288.73
1581.29441077,  78763.6,  63450.1,  1094.63246513,  638.63932269,  1288.44
1581.31484499,  78796.5,  63477.7,  1094.63290036,  638.639251509,  1288.33
1581.33527941,  78846.9,  63517.8,  1094.63274116,  638.639128985,  1288.73
1581.35571373,  78882.2,  63545.8,  1094.63247715,  638.639620656,  1288.36
1581.37614805,  78945.5,  63598.1,  1094.63257433,  638.639483019,  1286.31
1581.39658237,  78982.9,  63626.1,  1094.63262528,  638.638959604,  1290.25
1581.41701669,  79044.8,  63675.7,  1094.63274888,  638.639448211,  1288.43
1581.43745101,  79085.6,  63709.7,  1094.63262523,  638.639698467,  1286.4
1581.45788533,  79121.1,  63736.9,  1094.6320828,  638.639334949,  1286.85
1581.47831966,  79144.3,  63756.8,  1094.63236472,  638.639435806,  1289.2
1581.49875398,  79198.1,  63800.0,  1094.63270271,  638.639139238,  1286.4
1581.5191883,  79220.5,  63817.3,  1094.63213364,  638.639785549,  1285.72
1581.53962262,  79255.4,  63845.0,  1094.63220762,  638.640101793,  1288.56
1581.56005694,  79283.0,  63866.9,  1094.63226068,  638.639922089,  1286.57
1581.58049127,  79303.8,  63886.2,  1094.63190317,  638.639677087,  1288.74
1586.8321108,  78848.0,  63572.8,  1094.62244346,  638.661998103,  1266.22
1586.85254527,  78883.2,  63601.1,  1094.6224207,  638.661772849,  1266.16
1586.87297953,  78911.9,  63622.8,  1094.62233602,  638.662185835,  1269.1
1586.893414,  78893.0,  63608.7,  1094.62277824,  638.662498014,  1266.65
1586.91384836,  78916.3,  63626.8,  1094.62266327,  638.662883612,  1266.69
1586.93428263,  78927.8,  63633.9,  1094.62265682,  638.663158722,  1265.36
1586.95471709,  78927.1,  63632.6,  1094.62268409,  638.663615837,  1267.25
1586.97515146,  78941.7,  63645.2,  1094.62266107,  638.663727408,  1267.26
1586.99558582,  78951.9,  63650.3,  1094.62247289,  638.663345197,  1266.15
1587.01602019,  78936.7,  63640.4,  1094.62287627,  638.663856924,  1267.1
1587.03645456,  78916.5,  63622.1,  1094.62264213,  638.663847878,  1267.51
1587.05688902,  78940.4,  63640.2,  1094.62262095,  638.663661132,  1266.04
1587.07732339,  78921.8,  63626.6,  1094.62270424,  638.663944502,  1267.56
1587.09775766,  78895.4,  63602.9,  1094.62264019,  638.663716703,  1266.36
1587.11819212,  78879.7,  63591.2,  1094.62261012,  638.663780552,  1266.07
1587.13862649,  78869.0,  63582.4,  1094.62246866,  638.664158234,  1266.07
1587.15906076,  78863.5,  63576.0,  1094.62236756,  638.663754291,  1265.75
1587.17949523,  78848.7,  63566.8,  1094.62234103,  638.663725329,  1261.65
1587.19992959,  78847.4,  63564.4,  1094.62258709,  638.663823206,  1264.29
1587.22036396,  78808.0,  63529.4,  1094.62215518,  638.664097266,  1264.26
1587.24079833,  78777.9,  63506.8,  1094.62261367,  638.663680876,  1264.85
1587.2612326,  78748.4,  63484.8,  1094.62231785,  638.663483198,  1264.62
1587.28166706,  78730.8,  63468.0,  1094.62246702,  638.663495695,  1265.76
1587.30210143,  78723.6,  63462.3,  1094.62269767,  638.663725229,  1264.67
1587.3225357,  78680.9,  63424.6,  1094.62225291,  638.663965618,  1263.8
1587.34297017,  78654.3,  63405.1,  1094.62238347,  638.663096382,  1266.99
1587.36340454,  78621.2,  63379.4,  1094.6227036,  638.662731382,  1263.9
1587.38383901,  78591.7,  63355.5,  1094.62243255,  638.663072132,  1265.13
1587.40427328,  78566.1,  63333.5,  1094.622591,  638.663289735,  1264.46
1587.42470765,  78544.9,  63315.3,  1094.62262718,  638.663017852,  1263.72
1587.44514211,  78510.7,  63287.2,  1094.62236887,  638.663142321,  1263.17
1587.46557638,  78492.5,  63273.0,  1094.62272977,  638.662769902,  1265.59
1587.50644522,  78421.6,  63215.0,  1094.62262392,  638.662813558,  1263.95
1587.52687949,  78387.0,  63186.8,  1094.6226311,  638.662625309,  1262.69
1587.54731396,  78383.8,  63182.4,  1094.62279182,  638.662788541,  1264.51
1587.56774833,  78358.8,  63162.3,  1094.62248036,  638.662618932,  1264.52
1587.5881827,  78346.2,  63152.1,  1094.62266513,  638.662435793,  1262.93
1587.60861707,  78309.3,  63119.6,  1094.62278521,  638.662370432,  1263.23
1587.62905145,  78276.0,  63093.8,  1094.62267822,  638.661867961,  1260.8
1587.64948582,  78264.1,  63083.6,  1094.62273163,  638.662705699,  1262.18
1587.66992019,  78240.9,  63065.2,  1094.6228115,  638.662349483,  1264.14
1587.69035456,  78219.2,  63045.9,  1094.62297922,  638.662424594,  1262.84
1587.71078903,  78214.1,  63041.1,  1094.62276111,  638.662442457,  1261.77
1587.7312233,  78219.0,  63045.9,  1094.62290599,  638.662105589,  1261.71
1587.75165767,  78195.5,  63025.8,  1094.62312752,  638.662562905,  1261.65
1587.77209214,  78208.1,  63035.4,  1094.62243847,  638.662236048,  1261.88
1587.79252652,  78204.2,  63032.2,  1094.6231726,  638.661977452,  1260.48
1587.81296079,  78167.1,  63001.5,  1094.6229202,  638.661867158,  1262.67
1587.83339526,  78191.9,  63022.0,  1094.62303218,  638.662086957,  1260.75
1587.85382953,  78197.0,  63024.4,  1094.62337748,  638.662031212,  1261.75
1587.874264,  78198.3,  63026.2,  1094.62266024,  638.662096658,  1261.68
1587.89469838,  78188.0,  63016.3,  1094.62320086,  638.662027988,  1263.15
1587.91513265,  78209.2,  63033.8,  1094.62346202,  638.661891269,  1260.5
1587.93556712,  78250.3,  63065.9,  1094.62322869,  638.661952295,  1260.26
1587.9560015,  78259.8,  63072.2,  1094.62363902,  638.662472688,  1261.72
1587.97643577,  78275.5,  63085.5,  1094.62358987,  638.661830553,  1259.85
1587.99687024,  78270.5,  63080.0,  1094.62363454,  638.66206028,  1261.69
1588.01730462,  78313.7,  63115.6,  1094.62332976,  638.661570167,  1260.51
1588.03773889,  78345.9,  63139.5,  1094.62354663,  638.66193908,  1261.61
1588.05817336,  78384.4,  63170.8,  1094.62354592,  638.661931074,  1258.39
1588.07860774,  78424.3,  63202.7,  1094.62361802,  638.662053021,  1260.24
1588.09904221,  78431.9,  63206.2,  1094.62364387,  638.66159004,  1258.79
1588.11947649,  78474.1,  63239.5,  1094.62387608,  638.661486075,  1260.72
1588.13991086,  78516.2,  63275.4,  1094.62414496,  638.661406414,  1259.17
1588.16034533,  78559.2,  63308.7,  1094.62367782,  638.661530829,  1258.02
1588.18077961,  78593.7,  63336.8,  1094.62429402,  638.661401725,  1260.38
1588.20121398,  78637.7,  63369.5,  1094.6240791,  638.661344476,  1257.11
1588.22164846,  78702.1,  63421.7,  1094.6237305,  638.661166187,  1259.09
1588.24208273,  78725.3,  63439.1,  1094.62409469,  638.661190304,  1257.8
1588.26251721,  78771.6,  63476.3,  1094.62363886,  638.661222276,  1257.21
1588.28295158,  78816.7,  63513.4,  1094.62380476,  638.661028322,  1258.62
1588.30338596,  78884.5,  63566.5,  1094.62431964,  638.661240363,  1257.07
1588.32382034,  78889.1,  63569.8,  1094.62395137,  638.660938317,  1258.43
1588.34425471,  78940.9,  63610.6,  1094.62422741,  638.660843244,  1258.68
1588.36468909,  79016.6,  63671.5,  1094.62418835,  638.661602651,  1256.6
1588.38512346,  79054.7,  63700.9,  1094.62417335,  638.660870118,  1258.04
1588.40555784,  79083.0,  63724.5,  1094.6243519,  638.660645563,  1257.34
1588.42599222,  79114.3,  63747.3,  1094.62419137,  638.660992591,  1256.82
1588.44642669,  79165.8,  63789.1,  1094.62421981,  638.66052254,  1258.66
1588.46686097,  79208.5,  63823.4,  1094.62422175,  638.660885083,  1257.31
1588.48729545,  79258.8,  63864.9,  1094.6238627,  638.660625459,  1256.85
1588.50772972,  79270.0,  63873.0,  1094.62391412,  638.660606677,  1256.56
1588.5281641,  79315.8,  63910.5,  1094.62439176,  638.660729298,  1256.76
1588.54859858,  79348.3,  63935.4,  1094.62432019,  638.660329544,  1259.41
1588.56903286,  79378.4,  63959.8,  1094.62445563,  638.660657074,  1258.85
1588.58946723,  79402.2,  63977.4,  1094.62403621,  638.660634079,  1256.51
1588.60990171,  79406.0,  63979.3,  1094.62435804,  638.661082373,  1255.18
1588.63033599,  79438.8,  64008.3,  1094.62453686,  638.660391036,  1256.33
1588.65077047,  79471.0,  64033.4,  1094.62415121,  638.660128529,  1255.0
1588.67120485,  79460.5,  64022.2,  1094.62419259,  638.660238714,  1256.83
1588.69163912,  79495.6,  64052.1,  1094.62436434,  638.660227599,  1255.85
1588.7120736,  79496.2,  64050.7,  1094.62423294,  638.660318666,  1257.42
1588.73250798,  79513.8,  64065.6,  1094.62436906,  638.660280398,  1256.83
1588.75294226,  79535.7,  64081.0,  1094.62440684,  638.660282582,  1256.03
1588.77337674,  79526.8,  64075.7,  1094.62448891,  638.659859641,  1256.43
1588.79381112,  79533.5,  64080.2,  1094.62450361,  638.660560212,  1255.63
1588.8142455,  79546.2,  64088.8,  1094.62419836,  638.659246987,  1255.0
1588.83467988,  79541.2,  64084.2,  1094.62417835,  638.660284837,  1255.84
1588.85511426,  79513.5,  64064.0,  1094.62431435,  638.660196491,  1255.92
1588.87554874,  79519.3,  64067.3,  1094.62438275,  638.660505128,  1255.12
1588.89598302,  79490.7,  64044.1,  1094.62416468,  638.659987921,  1255.77
1588.9164174,  79473.2,  64031.4,  1094.62426931,  638.65967837,  1254.8
1588.93685188,  79473.8,  64029.4,  1094.62402192,  638.659992595,  1253.77
1588.95728626,  79449.0,  64010.7,  1094.6245347,  638.659738521,  1253.39
1588.97772054,  79432.0,  63996.4,  1094.62430348,  638.659620319,  1253.37
1588.99815502,  79404.1,  63972.7,  1094.62436004,  638.659473172,  1254.8
1589.0185894,  79384.1,  63958.0,  1094.6244882,  638.659614716,  1255.12
1589.03902368,  79351.8,  63930.3,  1094.62465157,  638.659574516,  1252.1
1589.05945816,  79343.2,  63923.2,  1094.62419435,  638.659401736,  1252.94
1589.07989254,  79290.2,  63881.0,  1094.62433246,  638.659614498,  1255.73
1589.10032702,  79262.7,  63858.8,  1094.62452758,  638.659397617,  1252.97
1589.1207613,  79234.9,  63835.8,  1094.62462103,  638.659318263,  1255.24
1589.14119568,  79212.1,  63818.1,  1094.62471758,  638.659247059,  1252.52
1589.16163007,  79176.1,  63787.8,  1094.62438575,  638.659090652,  1252.16
1589.18206445,  79130.9,  63752.6,  1094.62478165,  638.65956533,  1253.82
1589.20249873,  79085.5,  63714.2,  1094.62439595,  638.659031376,  1254.43
1589.22293321,  79068.3,  63700.0,  1094.62441016,  638.658763565,  1252.07
1589.24336759,  79013.9,  63658.5,  1094.62455851,  638.659268932,  1252.61
1589.26380208,  78997.9,  63644.8,  1094.6243113,  638.659022485,  1252.37
1589.28423636,  78959.7,  63612.3,  1094.62436016,  638.658996566,  1252.48
1589.30467074,  78931.3,  63590.6,  1094.62462719,  638.658926378,  1250.71
1589.32510522,  78878.4,  63547.9,  1094.62447624,  638.658891676,  1252.57
1589.34553951,  78840.7,  63518.7,  1094.62459929,  638.658765828,  1252.43
1589.36597389,  78817.7,  63498.5,  1094.62467385,  638.65884785,  1251.82
1589.38640837,  78787.2,  63473.8,  1094.62451237,  638.658483364,  1251.8
1589.40684266,  78752.9,  63448.0,  1094.62465839,  638.658924204,  1250.96
1589.42727704,  78734.7,  63430.4,  1094.62457279,  638.65888244,  1252.13
1589.44771152,  78699.8,  63402.5,  1094.62460793,  638.658898196,  1251.63
1589.46814591,  78681.8,  63388.2,  1094.6249879,  638.658380514,  1250.46
1589.48858029,  78644.6,  63358.0,  1094.62442999,  638.658496245,  1251.25
1589.50901467,  78606.1,  63327.3,  1094.62465847,  638.658948813,  1249.97
1589.52944906,  78592.1,  63315.8,  1094.62481244,  638.658780215,  1251.27
1589.54988344,  78592.2,  63313.1,  1094.62420997,  638.658683194,  1253.8
1589.57031783,  78556.5,  63284.9,  1094.62489913,  638.658798084,  1249.41
1589.59075221,  78556.7,  63286.1,  1094.62451505,  638.658390308,  1250.98
1589.6111867,  78550.4,  63281.6,  1094.62471714,  638.658598531,  1250.6
1589.63162098,  78524.6,  63261.2,  1094.62490731,  638.658594849,  1251.48
1589.65205537,  78525.4,  63258.8,  1094.62446117,  638.658483832,  1251.71
1589.67248985,  78531.9,  63267.5,  1094.62467384,  638.658884567,  1251.42
1589.69292414,  78520.6,  63256.6,  1094.6249362,  638.658296998,  1251.06
1589.71335862,  78490.8,  63232.1,  1094.6249294,  638.658060863,  1250.49
1589.73379301,  78494.3,  63235.5,  1094.624746,  638.658291701,  1251.46
1589.75422729,  78510.0,  63247.6,  1094.62454748,  638.658760692,  1249.44
1589.77466178,  78495.5,  63235.8,  1094.62442764,  638.658432009,  1249.88
1589.79509617,  78512.9,  63251.4,  1094.62469127,  638.658319416,  1250.46
1589.81553045,  78519.9,  63255.9,  1094.62451391,  638.658729925,  1249.38
1589.85639923,  78556.2,  63284.1,  1094.62483503,  638.658343084,  1250.74
1589.87683371,  78537.1,  63267.7,  1094.62464704,  638.658444703,  1249.92
1589.8972681,  78579.9,  63301.5,  1094.62459787,  638.658381339,  1248.69
1589.91770239,  78576.6,  63299.9,  1094.62458997,  638.658648962,  1247.84
1589.93813687,  78590.8,  63310.9,  1094.62439994,  638.658046003,  1249.38
1589.95857126,  78638.8,  63348.6,  1094.62438962,  638.658624259,  1248.99
1589.97900555,  78627.9,  63341.0,  1094.62445661,  638.658663791,  1247.74
1589.99944003,  78659.9,  63364.5,  1094.62446757,  638.658177686,  1250.28
1590.01987442,  78695.4,  63394.2,  1094.62432114,  638.658462173,  1247.95
1590.04030881,  78678.7,  63381.7,  1094.62448809,  638.658547963,  1247.16
1590.0607432,  78725.4,  63418.2,  1094.62418861,  638.65836961,  1249.7
1590.08117759,  78761.7,  63447.6,  1094.62472945,  638.658600516,  1248.8
1590.10161207,  78759.9,  63445.6,  1094.62418631,  638.658382729,  1248.0
1590.12204636,  78796.3,  63475.4,  1094.62434407,  638.658835448,  1251.48
1590.14248075,  78818.4,  63492.3,  1094.62407754,  638.658829982,  1247.83
1590.16291524,  78838.0,  63507.8,  1094.62401499,  638.65829275,  1247.48
1590.18334963,  78869.5,  63534.1,  1094.62411928,  638.65822699,  1247.41
1590.20378392,  78892.7,  63550.2,  1094.62405176,  638.658693323,  1249.48
1590.2242184,  78910.8,  63566.2,  1094.62384266,  638.658406488,  1247.07
1590.24465279,  78935.7,  63586.5,  1094.62451244,  638.658526375,  1248.58
1590.26508708,  78943.8,  63591.4,  1094.62401167,  638.658523412,  1248.13
1590.28552157,  78966.4,  63610.3,  1094.62437121,  638.658651438,  1248.11
1590.30595596,  78986.5,  63625.8,  1094.62445542,  638.658781757,  1247.39
1590.32639045,  78992.9,  63629.5,  1094.6242209,  638.658574854,  1247.58
1590.34682474,  78985.5,  63626.0,  1094.62439602,  638.658590463,  1248.24
1590.36725913,  79001.2,  63637.1,  1094.62422374,  638.658701411,  1247.79
1590.38769362,  79038.5,  63665.1,  1094.6241621,  638.658414715,  1245.21
1590.40812791,  79037.9,  63666.0,  1094.62456381,  638.65875017,  1249.07
1590.4285623,  79040.8,  63667.8,  1094.62419675,  638.658934176,  1247.32
1590.44899669,  79044.7,  63671.2,  1094.62443194,  638.658616045,  1247.33
1590.46943108,  79055.0,  63680.3,  1094.62422006,  638.658741471,  1247.57
1590.48986557,  79028.2,  63658.3,  1094.62405649,  638.658775242,  1246.83
1590.51029986,  79044.0,  63671.1,  1094.62425028,  638.658730523,  1245.23
1590.53073426,  79042.9,  63669.5,  1094.62396492,  638.658809141,  1245.22
1590.55116875,  79035.5,  63662.4,  1094.62407146,  638.658825331,  1246.78
1590.57160304,  79028.5,  63658.6,  1094.62397122,  638.658359178,  1244.51
1590.59203743,  79001.7,  63635.9,  1094.62412976,  638.658500228,  1246.31
1590.61247192,  78991.1,  63628.1,  1094.62408912,  638.658657232,  1245.71
1590.63290621,  78972.4,  63612.6,  1094.62414326,  638.658369694,  1246.82
1590.6533406,  78955.2,  63597.7,  1094.62401809,  638.658616167,  1245.78
1590.6737751,  78941.3,  63587.7,  1094.62434316,  638.658580478,  1246.76
1590.69420949,  78901.1,  63554.4,  1094.62443882,  638.658189479,  1247.19
1590.71464388,  78895.6,  63550.5,  1094.62414625,  638.658462913,  1246.06
1590.73507827,  78843.5,  63508.2,  1094.62438752,  638.658608036,  1246.71
1590.75551267,  78829.8,  63498.9,  1094.62412464,  638.658668287,  1244.87
1590.77594706,  78801.1,  63474.0,  1094.62403996,  638.658648903,  1244.55
1590.79638145,  78767.3,  63448.2,  1094.62449872,  638.6587343,  1246.2
1590.81681584,  78733.1,  63417.1,  1094.62431603,  638.658568775,  1245.52
1590.83725034,  78724.8,  63411.3,  1094.62391769,  638.658761342,  1245.44
1590.85768463,  78679.1,  63375.9,  1094.62431064,  638.658614141,  1245.23
1590.87811902,  78664.9,  63363.2,  1094.62421308,  638.657900919,  1246.9
1590.89855352,  78633.8,  63339.2,  1094.62435505,  638.658580101,  1243.86
1590.91898781,  78600.8,  63312.0,  1094.62447984,  638.658489301,  1247.47
1590.9394223,  78549.0,  63270.5,  1094.62429207,  638.658423788,  1244.05
1590.9598567,  78543.9,  63266.4,  1094.62416877,  638.658783739,  1246.18
1590.98029099,  78511.6,  63220.3,  1094.62357652,  638.656859336,  1243.58
1591.00072549,  78447.5,  63173.8,  1094.62414,  638.658349315,  1244.89
