Kepler I.D.-----Channel

[8296467]--------[41]

-TTYPE1--------TTYPE8------------TTYPE4-----------TTYPE15------------TTYPE17-----------TTYPE6

['TIME']---['PDCSAP_FLUX']---['SAP_FLUX']---['MOM_CENTR1']---['MOM_CENTR2']---['SAP_BKG']

['BJD - 2454833']--['e-/s']--------['e-/s']---------['pixel']---------['pixel']----------['e-/s']

CROWDSAP --- 0.931

8296467

1559.24647184,  11453.3,  10076.4,  925.165455871,  882.819475895,  1283.43
1559.26690607,  11461.6,  10083.0,  925.165378862,  882.819219196,  1283.44
1559.28734039,  11459.3,  10080.6,  925.164444944,  882.820221621,  1282.82
1559.30777452,  11453.3,  10074.8,  925.166827513,  882.819991712,  1283.28
1559.32820875,  11463.2,  10082.9,  925.165192424,  882.820064136,  1282.82
1559.34864308,  11463.8,  10082.5,  925.165596535,  882.820345419,  1282.59
1559.36907721,  11463.0,  10081.0,  925.165852047,  882.819617185,  1283.51
1559.38951154,  11467.4,  10084.9,  925.165717983,  882.819375306,  1282.69
1559.40994577,  11461.5,  10078.8,  925.164873843,  882.819414593,  1281.75
1559.43038,  11456.0,  10074.2,  925.166194501,  882.819318673,  1283.13
1559.45081423,  11466.0,  10081.9,  925.165571036,  882.819898246,  1280.72
1559.47124846,  11465.8,  10080.6,  925.163696859,  882.818593022,  1281.51
1559.49168269,  11464.4,  10079.3,  925.164514373,  882.819590021,  1281.99
1559.51211692,  11450.0,  10067.1,  925.164057677,  882.818862905,  1282.57
1559.53255115,  11452.8,  10068.4,  925.164927838,  882.820625441,  1281.48
1559.55298538,  11469.2,  10082.0,  925.163831472,  882.819232037,  1281.07
1559.57341961,  11458.9,  10072.4,  925.167182367,  882.818390367,  1280.77
1559.59385384,  11467.1,  10078.1,  925.165912067,  882.821785622,  1281.18
1559.61428807,  11462.3,  10074.5,  925.163741805,  882.819545248,  1281.54
1559.63472231,  11467.7,  10078.1,  925.165429784,  882.819246652,  1280.07
1559.65515654,  11462.8,  10073.9,  925.165820358,  882.820050619,  1281.01
1559.67559087,  11467.0,  10076.8,  925.164828078,  882.819882044,  1280.59
1559.696025,  11454.6,  10066.0,  925.166845469,  882.819542804,  1280.89
1559.71645923,  11464.3,  10073.5,  925.165375893,  882.819045956,  1280.55
1559.73689357,  11461.8,  10070.8,  925.165691006,  882.818997067,  1279.79
1559.7573277,  11455.9,  10065.4,  925.165840404,  882.818863827,  1279.52
1559.77776203,  11461.0,  10069.7,  925.165754958,  882.819266472,  1280.03
1559.79819627,  11456.9,  10065.8,  925.164909273,  882.819974235,  1278.53
1559.8186304,  11466.3,  10072.9,  925.163965842,  882.82032478,  1278.88
1559.83906473,  11450.9,  10060.5,  925.164678385,  882.819265888,  1279.83
1559.85949897,  11454.5,  10062.3,  925.165511096,  882.819639024,  1278.4
1559.8799331,  11459.5,  10066.6,  925.166126637,  882.819503894,  1279.83
1559.90036744,  11462.2,  10068.8,  925.164789566,  882.818409626,  1279.07
1559.92080167,  11458.3,  10064.9,  925.167065437,  882.819159997,  1278.73
1559.941236,  11452.4,  10060.0,  925.166205456,  882.819264323,  1279.41
1559.96167014,  11450.2,  10057.9,  925.166265038,  882.819314733,  1279.72
1559.98210437,  11455.7,  10061.9,  925.165450886,  882.819883248,  1278.31
1560.00253871,  11451.7,  10058.9,  925.165217767,  882.819520193,  1279.14
1560.02297284,  11454.6,  10060.2,  925.165853766,  882.819736169,  1277.49
1560.04340708,  11448.9,  10055.6,  925.166539734,  882.81859775,  1277.2
1560.06384142,  11452.4,  10059.0,  925.164457799,  882.818808699,  1278.36
1560.08427555,  11444.7,  10051.5,  925.16610687,  882.819557728,  1278.1
1560.10470989,  11454.8,  10060.0,  925.166009722,  882.819334599,  1277.51
1560.12514412,  11448.7,  10055.2,  925.165453616,  882.819995866,  1277.04
1560.14557826,  11455.4,  10059.9,  925.165318956,  882.818748873,  1276.5
1560.1660126,  11451.1,  10056.7,  925.165517819,  882.82020748,  1277.12
1560.18644683,  11445.1,  10051.5,  925.165617399,  882.817997754,  1278.05
1560.20688097,  11447.1,  10052.8,  925.164847135,  882.82013703,  1276.07
1560.22731531,  11439.8,  10047.4,  925.166890506,  882.818406542,  1276.07
1560.24774955,  11440.8,  10047.5,  925.166054696,  882.818887321,  1275.82
1560.26818368,  11444.9,  10051.0,  925.164251476,  882.81919359,  1276.11
1560.28861802,  11450.9,  10055.8,  925.165269623,  882.820017453,  1276.7
1560.30905226,  11446.0,  10051.1,  925.165703064,  882.818578,  1276.41
1560.3294865,  11468.1,  10069.6,  925.16576826,  882.8185507,  1276.23
1560.34992074,  11438.7,  10045.6,  925.164481646,  882.818897865,  1274.96
1560.37035497,  11432.2,  10039.7,  925.164298244,  882.819064149,  1275.54
1560.39078931,  11434.0,  10042.0,  925.166039933,  882.818983411,  1274.59
1560.41122345,  11440.0,  10046.2,  925.164460356,  882.819918931,  1275.7
1560.43165769,  11440.0,  10046.0,  925.165849616,  882.819276515,  1275.15
1560.45209203,  11433.5,  10041.3,  925.165707935,  882.819500781,  1272.68
1560.47252617,  11435.9,  10042.3,  925.164560527,  882.819291321,  1275.5
1560.49296051,  11440.1,  10046.0,  925.164974178,  882.820237524,  1275.76
1560.51339475,  11436.3,  10043.1,  925.166507239,  882.819419845,  1275.29
1560.53382889,  11428.0,  10035.7,  925.165775172,  882.819902926,  1275.73
1560.55426323,  11433.1,  10040.6,  925.166742677,  882.817971849,  1275.31
1560.57469747,  11424.4,  10033.4,  925.165890017,  882.818598322,  1275.04
1560.59513161,  11438.4,  10044.5,  925.1652204,  882.817921327,  1274.32
1560.61556595,  11439.6,  10045.9,  925.164631086,  882.819074252,  1275.34
1560.63600019,  11428.9,  10037.0,  925.164992341,  882.819147809,  1275.6
1560.65643443,  11430.1,  10037.7,  925.165997613,  882.8175043,  1274.4
1560.67686868,  11420.1,  10029.7,  925.166580225,  882.818698692,  1274.19
1560.69730292,  11428.9,  10036.7,  925.165567641,  882.818893849,  1274.68
1560.7381714,  11427.7,  10036.1,  925.166326162,  882.818332,  1274.54
1560.75860564,  11425.0,  10033.7,  925.16695003,  882.819047024,  1273.12
1560.77903999,  11424.8,  10034.3,  925.166094595,  882.820059796,  1272.4
1560.79947413,  11416.6,  10027.7,  925.166469438,  882.819669078,  1272.72
1560.81990837,  11421.9,  10031.7,  925.164944034,  882.818192565,  1274.54
1560.84034271,  11414.1,  10027.1,  925.165142758,  882.819599202,  1277.78
1560.96294818,  11389.6,  10009.1,  925.163026084,  882.81823932,  1284.39
1560.98338232,  11456.0,  10063.2,  925.166351837,  882.817751228,  1282.59
1561.00381666,  11413.9,  10028.8,  925.16474639,  882.81984193,  1282.83
1561.02425091,  11442.9,  10052.5,  925.167309798,  882.822803998,  1278.39
1561.04468525,  11410.3,  10025.3,  925.163231069,  882.820548352,  1279.76
1561.0651194,  11401.8,  10019.3,  925.164337359,  882.819289858,  1278.73
1561.08555364,  11427.5,  10039.6,  925.167604091,  882.8193763,  1277.7
1561.10598799,  11443.1,  10052.2,  925.16865519,  882.818690364,  1275.66
1561.12642213,  11395.0,  10014.2,  925.165892286,  882.819277646,  1277.53
1561.14685638,  11417.9,  10032.4,  925.166669924,  882.821260091,  1278.36
1561.16729073,  11406.5,  10022.2,  925.163748645,  882.818391245,  1275.82
1561.18772487,  11402.0,  10019.1,  925.166679995,  882.819786819,  1277.56
1561.20815912,  11416.3,  10030.0,  925.165480327,  882.821056205,  1274.87
1561.22859347,  11405.8,  10021.8,  925.166279979,  882.820803167,  1274.41
1561.24902761,  11424.5,  10037.1,  925.163779745,  882.818154441,  1276.1
1561.26946196,  11398.8,  10016.1,  925.165645402,  882.819043246,  1273.31
1561.28989621,  11400.0,  10017.0,  925.164971222,  882.821153349,  1274.05
1561.31033045,  11412.9,  10027.2,  925.166617182,  882.820316862,  1272.88
1561.3307647,  11392.0,  10009.9,  925.166265998,  882.821691129,  1272.78
1561.35119895,  11405.0,  10021.1,  925.166509938,  882.819590228,  1271.66
1561.3716332,  11398.1,  10014.5,  925.166537706,  882.819033286,  1272.25
1561.39206744,  11399.0,  10015.3,  925.165483491,  882.818919672,  1271.29
1561.41250169,  11393.8,  10011.0,  925.167019126,  882.820827109,  1271.25
1561.43293604,  11398.0,  10013.9,  925.166379988,  882.820505564,  1270.98
1561.45337019,  11400.1,  10016.0,  925.167276114,  882.819627628,  1270.32
1561.47380444,  11398.5,  10014.6,  925.166536011,  882.819515951,  1270.36
1561.49423869,  11402.2,  10017.3,  925.165991125,  882.821184515,  1270.54
1561.51467294,  11409.4,  10023.4,  925.16591722,  882.8197965,  1270.71
1561.53510719,  11395.7,  10011.2,  925.166298103,  882.819399034,  1270.86
1561.55554154,  11394.8,  10010.7,  925.165500728,  882.819730311,  1269.47
1561.57597568,  11392.0,  10008.8,  925.166048475,  882.819157117,  1270.07
1561.59640993,  11389.2,  10005.7,  925.165306971,  882.820162209,  1268.83
1561.61684428,  11412.7,  10025.1,  925.167857539,  882.822305861,  1269.31
1561.63727844,  11393.7,  10009.6,  925.163756828,  882.81927528,  1269.75
1561.65771279,  11395.9,  10010.9,  925.165360329,  882.820268441,  1268.64
1561.67814704,  11391.1,  10007.4,  925.165662327,  882.82107547,  1267.58
1561.69858119,  11392.7,  10007.8,  925.165665858,  882.819785828,  1269.42
1561.71901554,  11391.0,  10006.0,  925.166436198,  882.819516808,  1268.39
1561.73944979,  11402.4,  10016.4,  925.165574677,  882.820054229,  1269.01
1561.75988394,  11396.9,  10010.7,  925.166655512,  882.8193493,  1267.33
1561.78031829,  11402.3,  10015.3,  925.165752739,  882.819356716,  1268.23
1561.80075254,  11395.0,  10009.7,  925.166183596,  882.820042367,  1267.36
1561.8211869,  11394.9,  10008.5,  925.165618013,  882.820114481,  1267.95
1561.84162105,  11397.6,  10011.0,  925.163843707,  882.819794991,  1267.97
1561.8620553,  11397.7,  10011.0,  925.1653764,  882.818763004,  1266.41
1561.88248965,  11387.1,  10001.7,  925.16538495,  882.820004281,  1266.68
1561.90292381,  11400.7,  10013.0,  925.166030191,  882.821144205,  1267.33
1561.92335806,  11390.0,  10004.5,  925.16478538,  882.819325771,  1266.58
1561.94379241,  11393.2,  10006.3,  925.165612073,  882.818828533,  1266.44
1561.96422656,  11395.0,  10008.2,  925.167296927,  882.81959005,  1268.73
1561.98466082,  11392.4,  10005.9,  925.165654898,  882.820329026,  1267.91
1562.00509517,  11391.3,  10004.7,  925.164918737,  882.818860977,  1266.0
1562.02552943,  11398.4,  10011.1,  925.164790135,  882.821003794,  1266.26
1562.04596368,  11391.1,  10003.8,  925.165109714,  882.818409369,  1267.3
1562.06639793,  11398.9,  10010.5,  925.166116232,  882.819223753,  1265.51
1562.08683209,  11400.2,  10012.2,  925.165985363,  882.819270827,  1266.07
1562.10726644,  11397.9,  10009.1,  925.166766033,  882.818697415,  1265.83
1562.1277007,  11402.6,  10013.9,  925.166454539,  882.818619754,  1265.03
1562.14813485,  11395.4,  10007.2,  925.165830577,  882.819495441,  1265.49
1562.16856921,  11393.6,  10006.0,  925.164934911,  882.818658217,  1264.31
1562.18900346,  11403.8,  10014.3,  925.166025392,  882.819782361,  1265.73
1562.20943782,  11391.4,  10003.3,  925.166442984,  882.820332049,  1265.59
1562.22987197,  11388.7,  10001.8,  925.16589725,  882.820054647,  1265.43
1562.25030623,  11403.3,  10013.7,  925.167201158,  882.820017514,  1265.37
1562.27074058,  11403.2,  10013.2,  925.16482176,  882.819320838,  1264.0
1562.29117474,  11400.2,  10011.1,  925.165545757,  882.819642893,  1264.67
1562.311609,  11405.8,  10015.6,  925.166772082,  882.820255837,  1263.78
1562.33204335,  11392.1,  10003.8,  925.166167177,  882.819193409,  1264.14
1562.35247751,  11407.4,  10017.2,  925.166715785,  882.818351575,  1263.82
1562.37291187,  11398.0,  10009.0,  925.16644524,  882.819700569,  1263.47
1562.39334612,  11404.3,  10013.6,  925.165674568,  882.820220129,  1263.21
1562.41378028,  11407.6,  10016.9,  925.16559239,  882.820728499,  1262.86
1562.43421464,  11408.3,  10016.8,  925.164272035,  882.819539827,  1262.8
1562.4546489,  11399.0,  10009.3,  925.164748542,  882.818234586,  1262.74
1562.47508305,  11402.1,  10012.6,  925.165544012,  882.820385801,  1262.05
1562.49551741,  11404.3,  10013.5,  925.165951908,  882.820190901,  1262.69
1562.51595167,  11402.0,  10011.8,  925.166911648,  882.818346481,  1262.28
1562.53638593,  11405.1,  10014.6,  925.166128077,  882.818841407,  1261.6
1562.55682019,  11411.8,  10019.3,  925.165844943,  882.818816448,  1261.16
1562.57725445,  11413.6,  10021.6,  925.165793323,  882.818865318,  1261.33
1562.59768881,  11396.7,  10007.2,  925.16519331,  882.819642767,  1262.33
1562.61812296,  11408.2,  10016.2,  925.165315177,  882.81893441,  1261.83
1562.63855722,  11408.4,  10017.2,  925.166556009,  882.818949468,  1262.57
1562.65899158,  11410.8,  10018.9,  925.166033456,  882.820329073,  1259.99
1562.67942584,  11406.5,  10015.3,  925.166039807,  882.8194535,  1261.43
1562.69986,  11406.5,  10015.5,  925.166180704,  882.820519094,  1261.06
1562.72029436,  11405.7,  10014.4,  925.166575591,  882.818861918,  1261.12
1562.74072852,  11411.1,  10018.9,  925.164668469,  882.820215598,  1260.22
1562.76116288,  11411.5,  10019.1,  925.167161028,  882.817826385,  1262.85
1562.78159714,  11404.0,  10012.4,  925.165599811,  882.819158344,  1261.31
1562.8020313,  11407.1,  10015.6,  925.165510271,  882.818975852,  1260.5
1562.82246567,  11414.3,  10020.9,  925.164897577,  882.820316398,  1260.66
1562.84289993,  11406.2,  10014.7,  925.165607733,  882.820504153,  1261.33
1562.86333409,  11421.0,  10026.9,  925.166776805,  882.819493495,  1260.81
1562.88376845,  11409.5,  10016.7,  925.165232125,  882.818989314,  1261.31
1562.90420271,  11411.3,  10018.9,  925.166039462,  882.819531315,  1259.63
1562.92463687,  11421.2,  10027.1,  925.16471246,  882.820088872,  1261.47
1562.94507123,  11408.3,  10015.5,  925.164566355,  882.819520173,  1260.55
1562.9655055,  11413.0,  10020.3,  925.165860875,  882.817340429,  1260.01
1562.98593986,  11413.9,  10020.5,  925.165159993,  882.818612306,  1260.56
1563.00637402,  11409.8,  10017.1,  925.166089614,  882.818343958,  1259.29
1563.02680828,  11420.6,  10026.5,  925.166923604,  882.820243995,  1262.21
1563.04724265,  11410.9,  10017.8,  925.166669058,  882.819856673,  1261.47
1563.06767681,  11417.7,  10023.6,  925.167104899,  882.819111724,  1260.06
1563.08811107,  11421.3,  10026.8,  925.167183614,  882.818805203,  1260.68
1563.10854544,  11412.3,  10018.9,  925.165829016,  882.81923469,  1260.1
1563.1289796,  11425.8,  10029.9,  925.167176896,  882.819267597,  1259.6
1563.14941396,  11416.9,  10023.2,  925.165949015,  882.819257081,  1260.87
1563.16984823,  11420.9,  10025.6,  925.16543506,  882.819373882,  1259.09
1563.19028249,  11419.2,  10024.6,  925.164985665,  882.819613043,  1259.22
1563.21071676,  11415.9,  10021.6,  925.163754648,  882.820292471,  1260.28
1563.23115102,  11435.7,  10037.4,  925.165912798,  882.819259376,  1259.57
1563.25158529,  11422.0,  10026.8,  925.165867604,  882.820061609,  1261.89
1563.27201955,  11419.3,  10024.5,  925.165892371,  882.81876639,  1264.22
1563.29245382,  11419.8,  10024.9,  925.164457957,  882.819711336,  1265.52
1563.31288808,  11419.5,  10025.4,  925.166046727,  882.819456635,  1266.43
1563.33332245,  11424.6,  10028.1,  925.164761191,  882.820559392,  1267.41
1563.35375661,  11428.2,  10031.7,  925.16573296,  882.819193074,  1266.89
1563.37419088,  11420.9,  10026.3,  925.165103687,  882.819468108,  1267.35
1563.39462514,  11417.5,  10022.4,  925.165257425,  882.819732685,  1266.44
1563.41505941,  11427.1,  10030.9,  925.166529936,  882.8185667,  1266.23
1563.43549378,  11426.3,  10030.4,  925.16501578,  882.818481042,  1265.43
1563.45592794,  11430.5,  10033.0,  925.164951681,  882.819744218,  1265.28
1563.47636221,  11426.4,  10030.4,  925.165937161,  882.819116912,  1266.26
1563.49679658,  11427.2,  10030.3,  925.166756584,  882.819541405,  1267.17
1563.51723074,  11418.5,  10023.2,  925.165119421,  882.819916004,  1266.93
1563.53766511,  11429.5,  10032.8,  925.168061772,  882.820537891,  1265.25
1563.55809938,  11422.3,  10026.5,  925.167013562,  882.819069593,  1264.82
1563.57853355,  11427.4,  10030.7,  925.166869847,  882.818945198,  1264.01
1563.59896791,  11432.6,  10035.5,  925.166554743,  882.819587583,  1264.76
1563.61940218,  11423.1,  10027.0,  925.16532105,  882.819004687,  1263.58
1563.63983635,  11422.6,  10027.0,  925.166435521,  882.818751211,  1263.64
1563.66027072,  11431.1,  10034.2,  925.16673909,  882.819052789,  1261.11
1563.68070499,  11424.7,  10028.4,  925.166421792,  882.819975418,  1261.75
1563.72157352,  11429.6,  10032.8,  925.165729355,  882.819977145,  1261.09
1563.74200779,  11433.5,  10035.9,  925.166066136,  882.818499658,  1261.06
1563.76244216,  11416.6,  10022.8,  925.166305615,  882.819719295,  1262.26
1563.78287633,  11431.3,  10034.8,  925.166402629,  882.817911977,  1259.42
1563.8033106,  11436.7,  10038.8,  925.166887997,  882.820376357,  1262.18
1563.82374497,  11428.7,  10033.2,  925.166969015,  882.818529081,  1261.41
1563.84417924,  11422.4,  10027.5,  925.166590099,  882.819965916,  1261.99
1563.86461341,  11424.8,  10030.5,  925.16699065,  882.819600483,  1262.44
1563.88504778,  11422.3,  10028.1,  925.165615654,  882.818903048,  1261.97
1563.90548205,  11426.4,  10031.3,  925.165870411,  882.820047615,  1261.67
1563.92591632,  11427.3,  10032.4,  925.166712754,  882.818858387,  1262.51
1563.94635059,  11426.5,  10032.2,  925.16571826,  882.819175808,  1262.93
1563.96678486,  11439.6,  10042.6,  925.166356757,  882.820223107,  1262.01
1563.98721913,  11435.1,  10039.7,  925.166154723,  882.819958353,  1262.52
1564.0076534,  11431.6,  10036.0,  925.167045871,  882.819933295,  1261.31
1564.02808768,  11425.5,  10031.3,  925.165365456,  882.820281438,  1262.27
1564.04852195,  11424.3,  10031.0,  925.166687331,  882.818835101,  1260.55
1564.06895622,  11427.3,  10032.7,  925.165246384,  882.819970025,  1262.64
1564.08939059,  11427.6,  10033.6,  925.165548416,  882.820274591,  1262.74
1564.10982476,  11428.3,  10034.0,  925.165868634,  882.8194575,  1263.61
1564.13025904,  11425.4,  10031.4,  925.165806811,  882.819337469,  1263.21
1564.15069341,  11431.4,  10036.6,  925.165872117,  882.819540872,  1261.85
1564.17112758,  11430.0,  10035.1,  925.166146448,  882.819715352,  1262.76
1564.19156185,  11427.9,  10033.7,  925.166859474,  882.818754016,  1263.33
1564.21199623,  11426.3,  10032.9,  925.165891011,  882.820426435,  1262.59
1564.2324304,  11424.7,  10030.9,  925.165268567,  882.819632388,  1261.4
1564.25286467,  11430.3,  10035.8,  925.16633162,  882.818962689,  1260.55
1564.27329905,  11418.3,  10026.1,  925.166551281,  882.819246924,  1259.38
1564.29373322,  11435.8,  10039.9,  925.165532321,  882.820001991,  1259.75
1564.31416759,  11431.9,  10037.2,  925.166492579,  882.82001169,  1258.69
1564.33460187,  11425.4,  10031.5,  925.165799108,  882.819450183,  1261.33
1564.35503604,  11423.6,  10029.8,  925.165264654,  882.819786653,  1257.35
1564.37547042,  11424.5,  10031.1,  925.165899739,  882.819477636,  1258.23
1564.39590469,  11422.6,  10028.9,  925.166274074,  882.820438902,  1258.53
1564.41633897,  11429.6,  10034.6,  925.165471996,  882.819933628,  1258.25
1564.43677324,  11427.5,  10033.4,  925.166810909,  882.819283768,  1257.65
1564.45720752,  11429.7,  10034.4,  925.166347471,  882.818787495,  1257.89
1564.47764189,  11418.1,  10025.0,  925.166803371,  882.819642874,  1257.94
1564.49807617,  11417.3,  10024.7,  925.166215383,  882.819173918,  1255.34
1564.51851034,  11428.5,  10033.2,  925.165831936,  882.817871656,  1255.43
1564.53894472,  11425.4,  10031.2,  925.166581612,  882.820091305,  1255.53
1564.55937899,  11432.0,  10036.0,  925.164871241,  882.819139621,  1254.63
1564.57981317,  11421.0,  10026.6,  925.164633179,  882.820586692,  1255.62
1564.60024755,  11432.5,  10036.7,  925.16527134,  882.819065021,  1253.97
1564.62068182,  11433.1,  10036.5,  925.166361421,  882.820358002,  1253.3
1564.641116,  11412.3,  10019.4,  925.166428348,  882.820912953,  1252.93
1564.66155038,  11427.8,  10032.4,  925.166762425,  882.819121671,  1251.6
1564.68198455,  11436.1,  10038.1,  925.16680519,  882.817043975,  1252.26
1564.70241893,  11416.8,  10022.9,  925.166668325,  882.8198857,  1251.13
1564.72285321,  11422.1,  10027.1,  925.16563972,  882.818703704,  1251.01
1564.74328739,  11423.8,  10028.0,  925.166846875,  882.819795263,  1250.88
1564.76372176,  11425.3,  10029.6,  925.165540105,  882.81922152,  1250.65
1564.78415604,  11427.2,  10031.1,  925.166671629,  882.818778786,  1249.33
1564.80459022,  11426.1,  10029.8,  925.166582239,  882.819117694,  1250.81
1564.8250246,  11422.4,  10027.0,  925.165525572,  882.820642942,  1250.28
1564.84545888,  11426.6,  10030.1,  925.166300318,  882.818523647,  1248.74
1564.86589325,  11420.4,  10024.8,  925.166476056,  882.819873623,  1248.77
1564.88632743,  11421.3,  10025.7,  925.165920656,  882.820702735,  1249.79
1564.90676171,  11424.6,  10028.2,  925.165798541,  882.820245379,  1248.16
1564.92719609,  11426.7,  10029.8,  925.165186718,  882.820408874,  1248.35
1564.94763027,  11418.8,  10023.1,  925.166792306,  882.819693673,  1249.06
1564.96806455,  11419.1,  10023.0,  925.166597067,  882.818788534,  1248.01
1564.98849893,  11418.6,  10023.0,  925.166845476,  882.819516834,  1246.94
1565.00893311,  11426.4,  10028.9,  925.165330478,  882.819626145,  1248.85
1565.02936739,  11415.2,  10019.9,  925.166462996,  882.81897174,  1246.49
1565.04980177,  11419.1,  10023.0,  925.165531797,  882.818815445,  1248.45
1565.07023605,  11420.5,  10023.5,  925.166788786,  882.820259222,  1248.62
1565.09067033,  11417.5,  10021.1,  925.16572857,  882.819340773,  1246.09
1565.11110461,  11425.9,  10028.3,  925.166902774,  882.819094532,  1247.75
1565.13153889,  11418.4,  10021.5,  925.16609265,  882.820038278,  1247.3
1565.15197317,  11422.3,  10025.0,  925.166189235,  882.820427219,  1246.73
1565.17240745,  11432.2,  10032.9,  925.167569582,  882.818441711,  1247.43
1565.19284174,  11418.8,  10021.6,  925.166499101,  882.819560752,  1246.35
1565.21327612,  11431.0,  10031.6,  925.16642309,  882.817935264,  1247.89
1565.2337103,  11418.7,  10021.3,  925.167417453,  882.819131146,  1247.32
1565.25414468,  11414.4,  10017.8,  925.166478192,  882.819533363,  1248.0
1565.27457896,  11411.6,  10015.4,  925.166637448,  882.818619883,  1247.81
1565.29501314,  11429.2,  10029.2,  925.166974392,  882.819355762,  1247.82
1565.31544753,  11422.8,  10024.3,  925.166276511,  882.81917244,  1247.11
1565.33588171,  11424.3,  10025.9,  925.16582003,  882.819144592,  1247.6
1565.35631599,  11424.0,  10024.7,  925.166755284,  882.820193386,  1248.18
1565.37675037,  11420.1,  10022.1,  925.166298707,  882.81943718,  1246.32
1565.39718456,  11214.7,  9854.71,  925.168294991,  882.819183529,  1246.99
1565.41761884,  10408.7,  9195.93,  925.170526143,  882.822816356,  1247.48
1565.43805322,  9187.39,  8200.87,  925.174785619,  882.825653006,  1245.38
1565.45848741,  7941.48,  7184.17,  925.180401343,  882.82950786,  1246.38
1565.47892179,  7465.32,  6795.29,  925.183998614,  882.833429293,  1247.54
1565.49935608,  8218.38,  7409.61,  925.179839758,  882.831294774,  1248.27
1565.51979026,  9475.1,  8434.78,  925.174245081,  882.826266189,  1248.93
1565.54022464,  10640.0,  9385.11,  925.168084457,  882.82078359,  1247.18
1565.56065893,  11325.6,  9944.69,  925.165550921,  882.819150312,  1247.64
1565.58109321,  11420.2,  10020.9,  925.166727853,  882.819193751,  1248.59
1565.6015275,  11425.4,  10025.4,  925.165770013,  882.819716253,  1247.9
1565.62196178,  11428.8,  10027.8,  925.165838345,  882.819845212,  1247.77
1565.64239617,  11423.0,  10022.9,  925.166632746,  882.819188514,  1247.04
1565.66283035,  11425.3,  10025.2,  925.166509849,  882.819447054,  1246.67
1565.68326464,  11421.5,  10021.9,  925.166787766,  882.818984341,  1247.72
1565.70369902,  11421.4,  10021.8,  925.166038429,  882.81904109,  1245.93
1565.72413331,  11428.3,  10027.7,  925.165972686,  882.819416811,  1246.81
1565.74456749,  11425.7,  10025.3,  925.164785484,  882.819268157,  1246.51
1565.76500188,  11423.3,  10023.4,  925.166906001,  882.818237277,  1245.83
1565.78543617,  11431.1,  10029.9,  925.166150492,  882.818783622,  1246.22
1565.80587045,  11423.0,  10022.5,  925.166045786,  882.819074797,  1245.56
1565.82630474,  11428.5,  10027.5,  925.166099384,  882.819610622,  1245.27
1565.84673903,  11432.0,  10030.3,  925.16696798,  882.819486146,  1244.85
1565.86717341,  11432.5,  10030.3,  925.167677701,  882.819697818,  1245.38
1565.8876076,  11430.4,  10029.1,  925.165945841,  882.819384601,  1244.6
1565.90804189,  11432.7,  10030.2,  925.165880856,  882.82031973,  1244.3
1565.92847628,  11431.9,  10029.9,  925.165646275,  882.819175263,  1244.47
1565.94891046,  11428.3,  10027.2,  925.166937604,  882.819489176,  1244.41
1565.96934475,  11433.4,  10030.7,  925.165814255,  882.818914046,  1245.28
1565.98977904,  11426.0,  10024.8,  925.16538874,  882.818716348,  1244.86
1566.01021333,  11421.9,  10022.1,  925.166008231,  882.81899436,  1244.46
1566.03064772,  11431.0,  10028.6,  925.166626801,  882.819829979,  1242.75
1566.0510819,  11434.6,  10032.4,  925.166553038,  882.819446318,  1243.29
1566.07151619,  11440.3,  10036.5,  925.166596093,  882.819280367,  1242.83
1566.09195058,  11428.9,  10027.1,  925.16659614,  882.819008462,  1242.92
1566.11238477,  11436.2,  10033.4,  925.16591007,  882.819332522,  1242.6
1566.13281906,  11440.1,  10036.1,  925.166457575,  882.819181586,  1243.0
1566.15325345,  11441.7,  10037.4,  925.166216915,  882.819895768,  1241.99
1566.17368764,  11440.1,  10036.7,  925.165381703,  882.81914089,  1242.87
1566.19412203,  11447.4,  10042.0,  925.165631503,  882.819860427,  1241.97
1566.21455632,  11441.6,  10037.6,  925.165864838,  882.81918231,  1241.88
1566.23499051,  11432.6,  10030.2,  925.16677124,  882.819523826,  1241.93
1566.2554249,  11424.7,  10023.0,  925.167075953,  882.820432604,  1241.88
1566.27585919,  11438.1,  10035.0,  925.167721119,  882.819466976,  1241.84
1566.29629348,  11436.0,  10033.2,  925.167171911,  882.819112995,  1240.51
1566.31672777,  11430.3,  10027.9,  925.165173905,  882.818296799,  1241.44
1566.33716206,  11437.9,  10034.5,  925.167921512,  882.818633041,  1240.48
1566.35759635,  11446.3,  10041.0,  925.166627219,  882.819065994,  1239.68
1566.37803074,  11447.1,  10041.6,  925.165850903,  882.819329452,  1239.89
1566.39846493,  11443.1,  10038.7,  925.166801951,  882.818318379,  1240.52
1566.41889932,  11447.8,  10042.4,  925.166974026,  882.818606041,  1239.0
1566.43933362,  11439.2,  10035.5,  925.167635569,  882.821372529,  1240.13
1566.45976781,  11435.7,  10032.3,  925.166590835,  882.819294096,  1241.11
1566.4802022,  11439.2,  10035.4,  925.166491665,  882.818843228,  1240.57
1566.50063649,  11446.1,  10041.6,  925.165553448,  882.819189233,  1239.24
1566.52107068,  11445.8,  10040.3,  925.166191149,  882.820039724,  1240.96
1566.54150508,  11451.4,  10045.3,  925.165455126,  882.820128061,  1239.03
1566.56193937,  11442.7,  10038.6,  925.165729176,  882.818792007,  1239.74
1566.58237366,  11437.4,  10033.6,  925.16569196,  882.818233045,  1239.94
1566.60280795,  11444.2,  10039.4,  925.16562058,  882.819964206,  1240.55
1566.62324215,  11442.4,  10038.4,  925.166738837,  882.81900928,  1238.84
1566.64367654,  11450.9,  10044.5,  925.165658543,  882.81874306,  1238.59
1566.66411083,  11451.4,  10045.1,  925.166714011,  882.820145661,  1239.84
1566.70497942,  11451.8,  10045.2,  925.165391077,  882.819053072,  1239.18
1566.72541371,  11444.6,  10039.7,  925.166759503,  882.819214292,  1240.18
1566.74584801,  11450.7,  10044.9,  925.166659455,  882.820234589,  1238.84
1566.7662823,  11451.4,  10045.6,  925.166481858,  882.818640849,  1237.97
1566.7867166,  11453.0,  10047.6,  925.165791378,  882.819808017,  1239.18
1566.80715099,  11454.5,  10047.8,  925.16451792,  882.819721798,  1238.9
1566.82758519,  11451.3,  10046.0,  925.16678576,  882.818450598,  1238.95
1566.84801948,  11448.2,  10044.1,  925.166168798,  882.819973952,  1239.3
1566.86845388,  11448.5,  10042.9,  925.167008022,  882.818559878,  1238.02
1566.88888817,  11456.8,  10050.6,  925.16683584,  882.818707819,  1238.79
1566.90932237,  11436.8,  10034.4,  925.166481546,  882.81924796,  1238.15
1566.92975676,  11452.6,  10047.0,  925.166491286,  882.819010368,  1237.49
1566.95019106,  11451.8,  10047.3,  925.166303822,  882.819577672,  1239.01
1566.97062535,  11460.6,  10054.1,  925.167154931,  882.819269845,  1237.78
1566.99105965,  11455.4,  10049.8,  925.165564117,  882.820816385,  1238.42
1567.01149395,  11446.9,  10043.0,  925.167219487,  882.819717463,  1237.94
1567.03192824,  11457.6,  10051.8,  925.167284685,  882.820312777,  1237.26
1567.05236254,  11457.9,  10052.2,  925.165752157,  882.819410002,  1237.58
1567.07279684,  11465.5,  10058.4,  925.167786275,  882.819845172,  1239.07
1567.09323123,  11458.7,  10052.8,  925.166811568,  882.819353506,  1237.86
1567.11366543,  11463.4,  10057.0,  925.166128262,  882.819716519,  1236.51
1567.13409983,  11463.1,  10056.6,  925.16535898,  882.81869799,  1236.67
1567.15453412,  11451.6,  10046.6,  925.166244039,  882.819448084,  1237.39
1567.17496832,  11457.3,  10052.2,  925.166378661,  882.818837594,  1236.92
1567.19540272,  11462.8,  10056.0,  925.167507511,  882.818851121,  1236.53
1567.21583702,  11462.6,  10056.0,  925.166627057,  882.818753801,  1235.64
1567.23627121,  11457.7,  10052.6,  925.164517133,  882.819879248,  1236.77
1567.25670561,  11457.9,  10051.5,  925.167059218,  882.81948013,  1237.25
1567.27713981,  11460.8,  10054.7,  925.166541476,  882.820580673,  1237.25
1567.29757411,  11466.4,  10059.5,  925.166498993,  882.820245808,  1236.53
1567.31800851,  11466.9,  10059.5,  925.165910112,  882.819756168,  1233.92
1567.33844271,  11460.9,  10054.7,  925.167031408,  882.819218098,  1234.83
1567.35887711,  11462.4,  10055.9,  925.167092927,  882.818280498,  1236.07
1567.37931141,  11462.8,  10055.8,  925.16692052,  882.819878218,  1235.69
1567.3997456,  11465.4,  10058.5,  925.166077594,  882.820106083,  1235.05
1567.42018,  11466.1,  10058.0,  925.166422937,  882.820445308,  1235.68
1567.4406143,  11467.6,  10059.6,  925.167070605,  882.820262068,  1235.23
1567.4610486,  11464.4,  10057.7,  925.167103035,  882.818991824,  1235.22
1567.4814829,  11471.4,  10062.6,  925.166809053,  882.818494836,  1235.37
1567.5019172,  11464.6,  10057.1,  925.166692849,  882.819346797,  1235.34
1567.5223516,  11462.2,  10055.4,  925.165916546,  882.819041392,  1243.6
1567.5427858,  11468.5,  10059.8,  925.166595011,  882.818610847,  1235.77
1567.5632201,  11458.5,  10051.6,  925.16604079,  882.82002871,  1236.53
1567.58365451,  11458.5,  10051.8,  925.165030165,  882.820027424,  1237.3
1567.60408881,  11464.9,  10056.5,  925.167256626,  882.819014673,  1234.56
1567.62452301,  11461.1,  10053.9,  925.167301896,  882.819856488,  1235.41
1567.64495741,  11468.5,  10059.1,  925.165500051,  882.820597373,  1235.05
1567.66539171,  11467.3,  10058.4,  925.166578909,  882.819584143,  1234.8
1567.68582591,  11466.7,  10058.1,  925.167159777,  882.818837076,  1234.94
1567.70626031,  11472.1,  10062.1,  925.167304441,  882.819825344,  1234.18
1567.72669461,  11465.2,  10056.6,  925.166455748,  882.81933902,  1234.36
1567.74712902,  11471.6,  10061.3,  925.166859605,  882.820137727,  1232.81
1567.76756322,  11483.3,  10070.5,  925.169046884,  882.820194462,  1233.8
1567.78799752,  11461.3,  10052.8,  925.165548342,  882.818303847,  1234.56
1567.80843192,  11467.0,  10057.3,  925.166133522,  882.819240395,  1233.93
1567.82886613,  11461.8,  10052.6,  925.166329323,  882.819621485,  1234.79
1567.84930043,  11476.8,  10065.6,  925.165410549,  882.819203193,  1234.29
1567.86973483,  11470.5,  10059.8,  925.165964793,  882.818778765,  1232.64
1567.89016903,  11478.6,  10066.3,  925.166663522,  882.818737068,  1232.54
1567.91060344,  11474.5,  10062.9,  925.16772246,  882.819046698,  1234.06
1567.93103764,  11471.4,  10060.5,  925.166847928,  882.819338055,  1232.45
1567.95147195,  11468.0,  10057.5,  925.167428862,  882.819113908,  1233.73
1567.97190635,  11474.3,  10062.6,  925.166562148,  882.819591429,  1232.74
1567.99234055,  11470.8,  10059.0,  925.16726147,  882.81898796,  1233.47
1568.01277486,  11477.8,  10065.6,  925.16688414,  882.818822019,  1233.58
1568.03320926,  11475.3,  10063.2,  925.167133962,  882.819176,  1233.31
1568.05364347,  11469.2,  10057.8,  925.166837299,  882.821023922,  1233.5
1568.07407777,  11485.4,  10071.6,  925.166517642,  882.819631062,  1233.61
1568.09451217,  11475.4,  10062.9,  925.16719232,  882.820129474,  1233.28
1568.11494648,  11478.8,  10065.3,  925.166867497,  882.818409175,  1233.34
1568.13538078,  11476.5,  10064.2,  925.166586971,  882.819301509,  1232.72
1568.15581509,  11469.9,  10057.9,  925.167144875,  882.819355485,  1232.96
1568.1762494,  11475.3,  10062.6,  925.165280647,  882.819067666,  1233.57
1568.1966837,  11472.5,  10060.2,  925.167109564,  882.819111787,  1233.06
1568.21711801,  11484.2,  10069.0,  925.166559574,  882.820235882,  1233.62
1568.23755231,  11476.5,  10063.5,  925.166951301,  882.819592618,  1232.74
1568.25798672,  11476.6,  10063.1,  925.168341682,  882.819464386,  1233.11
1568.27842092,  11478.3,  10064.3,  925.167494843,  882.819127932,  1233.29
1568.29885533,  11482.2,  10068.0,  925.167753361,  882.819433218,  1232.86
1568.31928964,  11470.2,  10057.7,  925.166205797,  882.819451107,  1233.22
1568.33972384,  11481.6,  10067.0,  925.166478907,  882.819387605,  1234.74
1568.36015825,  11479.9,  10066.2,  925.164971842,  882.819007947,  1233.09
1568.38059256,  11485.1,  10069.1,  925.16637688,  882.818539414,  1234.34
1568.40102676,  11486.6,  10071.0,  925.166243558,  882.819042672,  1233.6
1568.42146117,  11484.2,  10069.3,  925.165786638,  882.819901032,  1232.26
1568.44189548,  11480.9,  10066.0,  925.166606185,  882.818658527,  1233.2
1568.46232969,  11487.3,  10071.6,  925.166599617,  882.820687768,  1233.18
1568.48276409,  11474.9,  10060.8,  925.166967468,  882.82037889,  1233.08
1568.5031984,  11490.1,  10072.8,  925.1654984,  882.819664903,  1233.56
1568.52363281,  11486.1,  10070.9,  925.166550806,  882.819691045,  1232.65
1568.54406702,  11490.2,  10073.4,  925.166288568,  882.818473908,  1234.0
1568.56450123,  11490.9,  10073.5,  925.167050266,  882.818563182,  1232.42
1568.58493563,  11489.0,  10072.6,  925.166974786,  882.819340558,  1232.52
1568.60536994,  11484.3,  10067.9,  925.167381889,  882.818817153,  1233.16
1568.62580425,  11491.1,  10074.0,  925.167923275,  882.818695872,  1232.25
1568.64623856,  11485.8,  10069.7,  925.166415998,  882.821196873,  1233.08
1568.66667287,  11485.7,  10069.1,  925.166844625,  882.818780249,  1232.99
1568.68710728,  11488.0,  10071.4,  925.166217892,  882.819455909,  1232.74
1568.70754149,  11488.8,  10071.8,  925.16621756,  882.819666213,  1232.97
1568.7279758,  11486.3,  10069.6,  925.166709866,  882.818194465,  1232.79
1568.74841021,  11486.2,  10070.1,  925.167588358,  882.819171916,  1232.95
1568.76884452,  11485.9,  10069.0,  925.166951407,  882.819813879,  1231.95
1568.78927873,  11485.3,  10068.2,  925.165108358,  882.820073971,  1234.17
1568.80971314,  11488.3,  10071.3,  925.166716967,  882.819596392,  1232.07
1568.83014745,  11484.9,  10067.4,  925.167645785,  882.818846488,  1234.21
1568.85058176,  11483.7,  10067.5,  925.166220152,  882.819718132,  1233.97
1568.87101607,  11482.2,  10065.8,  925.166479762,  882.819094949,  1234.25
1568.89145038,  11487.7,  10070.3,  925.166009428,  882.818109545,  1234.4
1568.91188479,  11484.2,  10067.9,  925.167643757,  882.81932047,  1235.06
1568.932319,  11487.2,  10069.5,  925.166781342,  882.818754729,  1235.92
1568.95275331,  11487.1,  10069.8,  925.167018018,  882.819080235,  1246.14
1568.97318773,  11485.7,  10069.0,  925.165811029,  882.820294753,  1236.96
1568.99362194,  11486.5,  10068.9,  925.166063679,  882.818221996,  1237.1
1569.01405625,  11492.2,  10073.9,  925.166150182,  882.81829686,  1238.08
1569.03449066,  11494.7,  10076.2,  925.166424418,  882.818936827,  1236.94
1569.05492487,  11484.1,  10067.1,  925.166827086,  882.819964937,  1237.67
1569.07535929,  11493.3,  10074.6,  925.165888608,  882.81850234,  1237.74
1569.0957936,  11483.8,  10066.9,  925.166160584,  882.81970648,  1235.43
1569.11622781,  11477.1,  10061.0,  925.167995982,  882.818767202,  1236.03
1569.13666222,  11485.8,  10069.1,  925.167231351,  882.820681096,  1235.93
1569.15709654,  11476.0,  10060.1,  925.16596287,  882.819705181,  1236.3
1569.17753075,  11480.7,  10063.9,  925.167442397,  882.819243005,  1235.63
1569.19796516,  11491.4,  10073.7,  925.167225404,  882.818969548,  1234.84
1569.21839937,  11217.7,  9849.27,  925.167006351,  882.819935897,  1235.31
1569.23883379,  10446.6,  9220.75,  925.169814203,  882.822805926,  1234.92
1569.2592681,  9328.53,  8309.34,  925.175363702,  882.824730082,  1235.01
1569.27970232,  8012.34,  7234.96,  925.18167918,  882.831492902,  1235.1
1569.30013673,  6590.9,  6076.07,  925.189689848,  882.838328715,  1235.54
1569.32057104,  5288.73,  5013.4,  925.200576153,  882.84703419,  1235.15
1569.34100536,  5002.45,  4779.58,  925.206296273,  882.847326022,  1233.88
1569.36143967,  6022.26,  5611.97,  925.195121709,  882.840225138,  1235.21
1569.38187399,  7453.31,  6779.03,  925.183373817,  882.833767034,  1233.75
1569.4023083,  8842.13,  7911.94,  925.178655362,  882.826645723,  1234.17
1569.42274262,  10036.3,  8886.82,  925.169803292,  882.825001935,  1233.87
1569.44317693,  10960.5,  9640.35,  925.16726311,  882.820696265,  1232.49
1569.46361135,  11439.9,  10031.8,  925.167375532,  882.818784171,  1233.49
1569.48404566,  11479.4,  10063.8,  925.166746106,  882.818960515,  1233.7
1569.50447988,  11482.2,  10065.6,  925.165928934,  882.819749182,  1232.33
1569.52491429,  11462.9,  10049.9,  925.167071453,  882.819263682,  1233.18
1569.54534861,  11480.7,  10064.5,  925.166517092,  882.819839726,  1231.47
1569.56578282,  11471.5,  10056.7,  925.166722123,  882.819566926,  1230.78
1569.58621724,  11472.7,  10058.3,  925.167026806,  882.818622907,  1230.76
1569.60665156,  11477.5,  10061.7,  925.16709702,  882.819193324,  1230.91
1569.62708597,  11473.8,  10059.1,  925.166866448,  882.819279026,  1229.99
1569.64752019,  11473.9,  10059.3,  925.16654842,  882.819377105,  1230.89
1569.68838892,  11468.5,  10054.5,  925.166745635,  882.819168293,  1230.06
1569.70882314,  11475.7,  10061.1,  925.167220491,  882.819438305,  1228.52
1569.72925746,  11473.7,  10059.2,  925.167066656,  882.818890749,  1229.47
1569.74969187,  11470.7,  10057.3,  925.166421957,  882.819777658,  1229.6
1569.77012609,  11464.0,  10051.3,  925.167104075,  882.819585442,  1229.83
1569.79056041,  11470.1,  10056.5,  925.167017557,  882.820119472,  1229.42
1569.81099483,  11462.4,  10050.8,  925.166286733,  882.820173699,  1229.6
1569.83142904,  11458.6,  10047.8,  925.167513947,  882.819235268,  1229.11
1569.85186346,  11457.9,  10047.4,  925.167318098,  882.820051802,  1229.33
1569.87229768,  11466.7,  10055.4,  925.166993126,  882.820129887,  1229.09
1569.892732,  11466.9,  10054.9,  925.167386243,  882.818693115,  1228.01
1569.91316642,  11467.4,  10056.0,  925.166974019,  882.819121147,  1228.4
1569.93360064,  11458.3,  10048.3,  925.166765468,  882.820620794,  1228.35
1569.95403495,  11457.0,  10047.6,  925.166538635,  882.820096869,  1227.58
1569.97446937,  11462.6,  10052.5,  925.166674072,  882.82026351,  1227.84
1569.99490369,  11453.4,  10044.8,  925.167513428,  882.818754561,  1229.1
1570.01533801,  11460.8,  10050.9,  925.16684425,  882.820511292,  1228.25
1570.03577233,  11449.7,  10042.6,  925.167004252,  882.819895141,  1227.91
1570.05620665,  11452.9,  10044.4,  925.166239735,  882.819991091,  1227.42
1570.07664097,  11440.6,  10034.9,  925.167706224,  882.82030876,  1226.55
1570.09707529,  11450.5,  10043.4,  925.167491254,  882.820020167,  1227.28
1570.11750961,  11453.9,  10045.4,  925.166191466,  882.819373393,  1227.29
1570.13794403,  11458.6,  10050.0,  925.167102196,  882.819374682,  1226.9
1570.15837825,  11446.4,  10040.0,  925.167625093,  882.819146106,  1226.37
1570.17881267,  11455.5,  10047.1,  925.167355626,  882.820016232,  1228.02
1570.19924699,  11450.2,  10043.4,  925.167940724,  882.819895155,  1227.02
1570.21968121,  11446.4,  10039.7,  925.166386381,  882.820013139,  1227.25
1570.24011563,  11449.3,  10042.1,  925.166816359,  882.819253601,  1225.87
1570.26054995,  11444.3,  10038.7,  925.167909561,  882.819392119,  1227.61
1570.28098417,  11441.1,  10034.7,  925.168776002,  882.819707064,  1225.9
1570.3014186,  11449.3,  10042.3,  925.167491366,  882.819949625,  1227.05
1570.32185292,  11440.2,  10034.9,  925.167871962,  882.820005788,  1226.68
1570.34228714,  11435.9,  10030.9,  925.167007962,  882.820946508,  1226.08
1570.36272156,  11442.5,  10036.5,  925.167357774,  882.820513996,  1225.86
1570.38315588,  11443.5,  10037.4,  925.167157217,  882.819950375,  1225.46
1570.4035902,  11438.2,  10032.9,  925.166876704,  882.819636188,  1224.61
1570.42402453,  11430.9,  10026.9,  925.167136818,  882.820179145,  1225.65
1570.44445885,  11430.1,  10026.1,  925.1671317,  882.819481095,  1225.03
1570.46489317,  11443.5,  10037.0,  925.166748332,  882.819203628,  1224.95
1570.48532749,  11424.5,  10021.4,  925.166458429,  882.81941468,  1224.2
1570.50576182,  11435.6,  10029.6,  925.167533045,  882.818991618,  1225.97
1570.52619614,  11438.2,  10032.2,  925.165964367,  882.820184482,  1223.94
1570.54663046,  11429.2,  10025.1,  925.166498906,  882.819765614,  1224.06
1570.56706489,  11426.3,  10022.1,  925.166317444,  882.820004686,  1222.68
1570.58749911,  11431.4,  10026.6,  925.167265078,  882.820172182,  1223.85
1570.60793343,  11430.7,  10025.5,  925.166987294,  882.819641872,  1222.77
1570.62836786,  11427.6,  10022.5,  925.167227806,  882.819725908,  1222.98
1570.64880218,  11436.1,  10030.5,  925.167363838,  882.819357206,  1223.52
1570.6692364,  11426.4,  10021.4,  925.166467268,  882.819419245,  1223.46
1570.68967083,  11422.0,  10017.7,  925.166470684,  882.820185277,  1223.44
1570.71010515,  11418.0,  10015.2,  925.16620013,  882.819262186,  1223.97
1570.73053938,  11419.9,  10015.7,  925.16763408,  882.819717471,  1224.06
1570.7509738,  11410.2,  10007.9,  925.167371165,  882.819619029,  1223.73
1570.77140813,  11419.1,  10015.3,  925.16710496,  882.820247234,  1223.56
1570.79184255,  11416.7,  10013.0,  925.167212828,  882.820923582,  1223.28
1570.81227678,  11422.6,  10018.2,  925.167544165,  882.819449663,  1221.61
1570.8327111,  11416.1,  10012.2,  925.167438845,  882.82028109,  1223.4
1570.85314553,  11424.2,  10018.9,  925.167173088,  882.820317796,  1222.89
1570.87357975,  11414.9,  10011.7,  925.167034683,  882.818988234,  1222.55
1570.89401408,  11412.8,  10009.4,  925.167714087,  882.820079662,  1222.64
1570.9144485,  11412.8,  10009.3,  925.166984685,  882.819848207,  1221.36
1570.93488273,  11407.8,  10005.4,  925.167169008,  882.820454324,  1222.2
1570.95531716,  11415.7,  10011.5,  925.166543417,  882.819407023,  1221.26
1570.97575148,  11404.3,  10001.9,  925.167914987,  882.819740792,  1222.42
1570.99618571,  11410.8,  10007.4,  925.167123154,  882.818156766,  1221.76
1571.01662013,  11411.6,  10007.1,  925.166509318,  882.819782645,  1221.77
1571.03705446,  11406.8,  10003.7,  925.166345665,  882.820056471,  1221.26
1571.05748869,  11401.9,  9999.42,  925.166684939,  882.819358952,  1222.1
1571.07792311,  11399.6,  9997.52,  925.166297353,  882.819161444,  1221.43
1571.09835744,  11404.8,  10002.3,  925.167569025,  882.819644118,  1222.48
1571.11879167,  11394.8,  9993.24,  925.166084555,  882.820071341,  1221.69
1571.1392261,  11401.3,  9998.91,  925.166633228,  882.818904984,  1221.62
1571.15966042,  11396.6,  9995.29,  925.167164826,  882.819251601,  1221.43
1571.18009475,  11401.3,  9998.51,  925.166310503,  882.81982569,  1221.75
1571.20052908,  11394.5,  9992.84,  925.166957369,  882.819355985,  1222.91
1571.22096341,  11402.6,  9999.79,  925.167053258,  882.819196438,  1222.33
1571.24139773,  11402.4,  9999.23,  925.167868946,  882.820043179,  1221.94
1571.26183206,  11393.2,  9992.24,  925.16696142,  882.819587062,  1221.13
1571.28226639,  11399.3,  9996.54,  925.165736479,  882.819318929,  1223.48
1571.30270072,  11399.8,  9996.64,  925.166988702,  882.819608084,  1224.48
1571.32313505,  11397.7,  9995.43,  925.16642331,  882.819501289,  1223.33
1571.34356948,  11396.0,  9993.88,  925.167370842,  882.818656469,  1222.73
1571.36400381,  11395.2,  9993.53,  925.168024391,  882.818531518,  1224.27
1571.38443803,  11392.9,  9991.06,  925.166082477,  882.819537725,  1225.3
1571.40487246,  11394.3,  9992.17,  925.168163345,  882.818869796,  1224.88
1571.42530679,  11392.2,  9990.9,  925.16750618,  882.820098279,  1225.71
1571.44574102,  11393.5,  9991.66,  925.166809214,  882.81993215,  1225.04
1571.46617545,  11399.1,  9995.79,  925.168443479,  882.819339426,  1225.23
1571.48660978,  11398.0,  9995.18,  925.167105536,  882.818790912,  1226.22
1571.50704401,  11396.9,  9993.93,  925.166394527,  882.819084276,  1225.8
1571.52747844,  11407.4,  10002.4,  925.166132223,  882.819606655,  1225.6
1571.54791277,  11398.8,  9995.83,  925.167669744,  882.819328944,  1227.24
1571.5683472,  11392.0,  9989.5,  925.168188363,  882.81950263,  1227.01
1571.58878143,  11399.2,  9995.93,  925.168053429,  882.818964324,  1225.3
1571.60921576,  11395.3,  9993.04,  925.166430363,  882.81925574,  1224.8
1571.62965019,  11393.9,  9991.18,  925.167651824,  882.818985936,  1226.88
1571.65008443,  11390.4,  9988.96,  925.167329782,  882.8200624,  1226.56
1571.67051876,  11388.1,  9986.79,  925.167224688,  882.819567271,  1227.71
1571.69095319,  11392.0,  9989.39,  925.167575278,  882.819398773,  1227.27
1571.71138742,  11398.3,  9995.02,  925.166838651,  882.820061403,  1229.01
1571.73182185,  11395.0,  9991.67,  925.168128591,  882.820495688,  1227.99
1571.75225618,  11393.2,  9990.5,  925.167365799,  882.819356925,  1228.17
1571.77269041,  11389.3,  9987.56,  925.166750219,  882.819045628,  1228.17
1571.79312485,  11396.9,  9993.2,  925.165927607,  882.819832389,  1226.27
1571.81355918,  11397.5,  9993.8,  925.167210337,  882.820037795,  1226.78
1571.83399341,  11394.0,  9991.18,  925.165950703,  882.819577039,  1226.65
1571.85442784,  11395.4,  9991.88,  925.166902727,  882.819740107,  1226.89
1571.87486217,  11391.9,  9989.44,  925.166115375,  882.818845176,  1226.97
1571.89529641,  11392.1,  9989.38,  925.166995407,  882.819774416,  1226.59
1571.91573084,  11393.9,  9990.98,  925.167660384,  882.819213845,  1226.93
1571.93616517,  11399.5,  9996.04,  925.167769888,  882.820480609,  1226.94
1571.95659961,  11400.0,  9995.69,  925.16808154,  882.819372516,  1226.5
1571.97703384,  11401.3,  9996.81,  925.166412239,  882.819660716,  1225.44
1571.99746817,  11402.9,  9998.71,  925.165538115,  882.818829276,  1224.8
1572.01790261,  11392.2,  9989.46,  925.167446294,  882.820519118,  1225.3
1572.03833684,  11398.3,  9994.26,  925.166609655,  882.82078313,  1226.98
1572.05877117,  11395.2,  9992.32,  925.167450915,  882.819690579,  1224.66
1572.07920561,  11395.9,  9992.34,  925.165689317,  882.819811435,  1224.45
1572.09963984,  11407.9,  10002.6,  925.167098612,  882.819366491,  1223.39
1572.12007428,  11398.6,  9995.04,  925.166111707,  882.820307289,  1222.61
1572.14050861,  11394.8,  9991.48,  925.167909299,  882.819689544,  1223.62
1572.16094284,  11404.4,  9999.53,  925.165822779,  882.819508731,  1222.77
1572.18137728,  11399.5,  9995.17,  925.167477242,  882.81915218,  1222.03
1572.20181161,  11403.8,  9998.69,  925.16703485,  882.820049207,  1222.86
1572.22224585,  11398.0,  9994.36,  925.166222122,  882.81978205,  1222.73
1572.24268028,  11393.9,  9990.79,  925.167647985,  882.819044078,  1221.33
1572.26311462,  11405.7,  10000.4,  925.167113296,  882.819733559,  1221.5
1572.28354895,  11407.0,  10002.0,  925.166934563,  882.819796895,  1219.86
1572.30398329,  11416.8,  10009.6,  925.16905587,  882.819231923,  1220.43
1572.32441762,  11398.2,  9994.53,  925.167063709,  882.81972316,  1220.83
1572.34485196,  11410.0,  10003.9,  925.167867033,  882.820004866,  1219.29
1572.3652863,  11399.4,  9995.04,  925.167409941,  882.820741241,  1220.28
1572.38572063,  11396.2,  9993.05,  925.166667049,  882.819865832,  1220.02
1572.40615497,  11422.6,  10014.0,  925.166304131,  882.820389787,  1219.95
1572.4265893,  11407.5,  10002.0,  925.166781263,  882.820835906,  1220.98
1572.44702364,  11410.5,  10004.8,  925.16690785,  882.820039501,  1220.2
1572.46745798,  11403.8,  9998.79,  925.166405001,  882.820386356,  1220.72
1572.48789231,  11399.4,  9995.54,  925.167051591,  882.820563685,  1220.88
1572.50832675,  11412.6,  10006.4,  925.165113667,  882.819824484,  1219.88
1572.52876109,  11425.1,  10015.9,  925.168234745,  882.82098652,  1220.32
1572.54919533,  11406.6,  10001.4,  925.167454664,  882.819224625,  1220.1
1572.56962976,  11405.1,  10000.2,  925.167634633,  882.819162049,  1220.5
1572.5900641,  11401.7,  9996.85,  925.167215247,  882.818709487,  1220.68
1572.61049834,  11407.7,  10002.7,  925.167549191,  882.819278767,  1220.79
1572.63093278,  11409.7,  10003.7,  925.168202289,  882.82030066,  1219.67
1572.67180135,  11410.7,  10005.0,  925.166816639,  882.819467102,  1220.58
1572.69223579,  11411.2,  10005.3,  925.166901429,  882.820420157,  1220.95
1572.71267013,  11410.5,  10005.5,  925.166866453,  882.819693548,  1222.84
1572.73310457,  11413.4,  10008.1,  925.166979577,  882.819376096,  1222.69
1572.7535388,  11412.1,  10006.8,  925.168342797,  882.819800548,  1221.32
1572.77397314,  11416.1,  10010.6,  925.167099501,  882.819816446,  1222.42
1572.79440758,  11415.2,  10010.0,  925.167128203,  882.819921396,  1222.46
1572.81484182,  11415.5,  10010.4,  925.16732323,  882.81893482,  1222.27
1572.83527616,  11409.5,  10005.8,  925.168456321,  882.819404233,  1223.79
1572.8557106,  11407.6,  10004.1,  925.166460807,  882.820814062,  1225.95
1572.87614484,  11413.4,  10009.3,  925.168101265,  882.819370922,  1226.67
1572.89657928,  11412.1,  10008.8,  925.16680422,  882.819538405,  1230.82
1572.91701362,  11417.4,  10012.7,  925.167544814,  882.818981881,  1229.81
1572.93744786,  11411.3,  10008.5,  925.166788588,  882.820562977,  1230.14
1572.9578823,  11411.0,  10008.6,  925.166633811,  882.820190695,  1231.27
1572.97831664,  11413.7,  10010.5,  925.16835263,  882.819399914,  1227.6
1572.99875098,  11420.7,  10016.6,  925.169229766,  882.819993019,  1222.31
1573.01918532,  11416.7,  10012.9,  925.166416552,  882.820565763,  1219.76
1573.03961966,  11415.8,  10012.6,  925.167937219,  882.819728647,  1217.68
1573.0600539,  11420.2,  10016.5,  925.167261449,  882.821211934,  1217.67
1573.08048834,  11418.8,  10015.1,  925.168080427,  882.819789618,  1216.49
1573.10092268,  11423.0,  10019.0,  925.166992047,  882.819315691,  1216.6
1573.12135702,  11424.0,  10020.0,  925.168040757,  882.821435006,  1218.04
1573.14179136,  11418.2,  10014.8,  925.166397707,  882.819964444,  1216.22
1573.1622257,  11418.5,  10015.6,  925.167204361,  882.820163313,  1214.84
1573.18266014,  11419.3,  10015.8,  925.168084979,  882.820603255,  1214.82
1573.20309439,  11422.4,  10018.3,  925.166940165,  882.820193839,  1215.15
1573.22352873,  11424.3,  10020.4,  925.167311194,  882.820012382,  1213.67
1573.24396317,  11425.8,  10020.8,  925.167359056,  882.822116005,  1215.17
1573.26439741,  11425.5,  10021.0,  925.166741098,  882.821322144,  1213.89
1573.28483185,  11420.8,  10017.6,  925.16812584,  882.822250529,  1211.48
1573.30526619,  11418.4,  10015.2,  925.16692832,  882.820820354,  1212.49
1573.32570044,  11414.8,  10012.5,  925.16714925,  882.8200878,  1211.26
1573.34613488,  11424.3,  10020.2,  925.167515151,  882.820283977,  1211.72
1573.36656922,  11429.2,  10023.6,  925.166364504,  882.819393548,  1210.91
1573.38700346,  11419.8,  10016.4,  925.167125481,  882.820591557,  1210.64
1573.40743791,  11424.8,  10020.0,  925.165859788,  882.81977009,  1210.12
1573.42787225,  11427.7,  10022.7,  925.168207465,  882.820452513,  1210.17
1573.44830649,  11423.2,  10019.5,  925.167544667,  882.820681479,  1207.62
1573.46874094,  11430.7,  10024.4,  925.167856811,  882.819482385,  1208.59
1573.48917528,  11430.5,  10024.5,  925.168188896,  882.819752701,  1207.43
1573.50960972,  11423.9,  10019.0,  925.167305847,  882.820531947,  1208.28
1573.53004397,  11428.0,  10022.0,  925.167974687,  882.820827243,  1207.01
1573.55047831,  11420.1,  10015.9,  925.167344311,  882.82046086,  1206.64
1573.57091276,  11426.2,  10020.7,  925.166151315,  882.819535252,  1207.18
1573.591347,  11428.7,  10022.1,  925.16689485,  882.81990549,  1206.46
1573.61178134,  11423.9,  10018.8,  925.166465367,  882.820730196,  1207.07
1573.63221579,  11421.6,  10016.5,  925.167588601,  882.820678979,  1205.9
1573.65265013,  11431.2,  10024.1,  925.166025093,  882.820755159,  1207.61
1573.67308448,  11429.5,  10023.2,  925.16659525,  882.820148265,  1206.24
1573.69351882,  11427.4,  10020.5,  925.167350992,  882.819698558,  1205.11
1573.71395307,  11414.3,  10010.6,  925.167220676,  882.820348241,  1205.37
1573.73438751,  11423.5,  10017.8,  925.166933806,  882.821226706,  1206.49
1573.75482186,  11432.4,  10024.2,  925.166534613,  882.819483753,  1205.07
1573.7752561,  11422.4,  10016.4,  925.167768475,  882.819646296,  1205.3
1573.79569055,  11425.8,  10018.7,  925.166887816,  882.821726682,  1204.77
1573.81612489,  11426.7,  10019.2,  925.167546854,  882.818947697,  1206.07
1573.83655914,  11428.2,  10020.8,  925.166797688,  882.821145666,  1204.26
1573.85699358,  11432.8,  10023.6,  925.168256636,  882.820307628,  1205.6
1573.87742793,  11426.7,  10018.9,  925.165950915,  882.820130388,  1204.74
1573.89786238,  11433.9,  10025.5,  925.16806765,  882.820831235,  1204.07
1573.91829662,  11431.5,  10022.6,  925.167131876,  882.821019087,  1204.62
1573.93873097,  11417.2,  10011.4,  925.167570018,  882.818771165,  1203.64
1573.95916542,  11430.0,  10021.7,  925.168529325,  882.820894984,  1203.03
1573.97959966,  11429.8,  10021.0,  925.167604319,  882.820539189,  1203.56
1574.00003401,  11428.5,  10020.4,  925.167953253,  882.819998632,  1203.07
1574.02046846,  11426.8,  10018.4,  925.166296759,  882.820913289,  1203.19
1574.0409027,  11423.9,  10015.6,  925.167004206,  882.820057577,  1203.27
1574.06133715,  11423.7,  10016.4,  925.167849068,  882.819652135,  1201.78
1574.0817715,  11439.8,  10028.7,  925.166783069,  882.820532963,  1205.26
1574.10220574,  11428.3,  10019.4,  925.167501098,  882.821010332,  1203.06
1574.12264019,  11445.8,  10034.1,  925.167886646,  882.819499846,  1202.33
1574.14307454,  11429.4,  10019.9,  925.167006328,  882.820758603,  1201.9
1574.16350889,  11431.8,  10022.3,  925.167799237,  882.819724451,  1201.26
1574.18394324,  11437.5,  10027.2,  925.165505824,  882.820892211,  1201.72
1574.20437758,  11435.1,  10024.1,  925.166616336,  882.820576658,  1202.36
1574.22481193,  11438.4,  10027.5,  925.167170229,  882.81867125,  1201.83
1574.24524628,  11437.8,  10026.6,  925.167147486,  882.820382119,  1200.96
1574.26568063,  11433.3,  10022.9,  925.167226378,  882.82061767,  1200.32
1574.28611498,  11433.1,  10023.1,  925.166804088,  882.820213797,  1200.66
1574.30654943,  11422.1,  10013.6,  925.167040928,  882.820172146,  1200.99
1574.32698367,  11434.4,  10024.0,  925.166831209,  882.820514211,  1200.33
1574.34741802,  11434.1,  10023.7,  925.167788541,  882.82021292,  1200.86
1574.36785237,  11434.9,  10024.0,  925.167803305,  882.81956649,  1200.34
1574.38828672,  11430.8,  10021.2,  925.166769013,  882.820016011,  1198.95
1574.40872117,  11431.1,  10021.0,  925.167551603,  882.820027367,  1200.82
1574.42915542,  11427.1,  10017.5,  925.167519755,  882.82027351,  1200.29
1574.44958987,  11426.7,  10017.8,  925.167470593,  882.821341814,  1199.1
1574.47002422,  11439.3,  10027.3,  925.167796241,  882.819304672,  1200.11
1574.49045847,  11441.8,  10029.9,  925.167013008,  882.819405833,  1199.11
1574.51089292,  11433.5,  10023.7,  925.167256711,  882.820776073,  1200.04
1574.53132727,  11435.7,  10024.5,  925.167481723,  882.818523116,  1199.24
1574.55176152,  11443.5,  10031.3,  925.166808921,  882.820183486,  1196.82
1574.57219597,  11430.6,  10020.4,  925.167371931,  882.820495061,  1198.46
1574.59263032,  11441.8,  10029.3,  925.166098396,  882.820577145,  1198.26
1574.61306477,  11437.3,  10026.7,  925.167503691,  882.820585159,  1197.16
1574.63349902,  11436.3,  10025.2,  925.166562252,  882.819852826,  1198.28
1574.65393337,  11443.4,  10031.3,  925.166970785,  882.820019074,  1196.72
1574.67436782,  11445.8,  10033.5,  925.167715684,  882.819799438,  1196.91
1574.69480208,  11442.9,  10030.4,  925.167086681,  882.820059363,  1197.24
1574.71523643,  11441.1,  10029.2,  925.166100599,  882.820542598,  1197.23
1574.73567088,  11435.5,  10025.2,  925.167308176,  882.819654129,  1195.5
1574.75610513,  11444.6,  10032.3,  925.168002983,  882.819503968,  1194.35
1574.77653948,  11429.7,  10020.1,  925.167333934,  882.820191811,  1198.48
1574.79697393,  11443.1,  10030.9,  925.167009219,  882.820046664,  1196.11
1574.81740828,  11439.3,  10027.4,  925.165831241,  882.819342888,  1196.24
1574.83784264,  11442.8,  10031.2,  925.166194159,  882.820055218,  1195.39
1574.85827699,  11439.6,  10027.8,  925.166488973,  882.820484345,  1194.76
1574.87871134,  11439.5,  10028.1,  925.167915192,  882.819149725,  1196.28
1574.89914569,  11433.4,  10023.3,  925.166953659,  882.820843761,  1195.81
1574.91958005,  11447.3,  10034.0,  925.167630033,  882.820200624,  1195.53
1574.9400144,  11450.4,  10037.3,  925.166907101,  882.820051368,  1195.15
1574.96044875,  11445.3,  10033.0,  925.166601124,  882.821099747,  1194.34
1574.9808831,  11447.7,  10034.4,  925.167716774,  882.820486497,  1194.15
1575.00131746,  11444.3,  10032.5,  925.166537429,  882.820602585,  1195.26
1575.02175181,  11446.6,  10034.6,  925.166786952,  882.820050285,  1194.27
1575.04218616,  11442.5,  10030.8,  925.165917118,  882.819941925,  1194.09
1575.06262062,  11442.9,  10032.1,  925.167084987,  882.81981013,  1193.07
1575.08305487,  11445.9,  10033.9,  925.167230978,  882.819739215,  1195.36
1575.10348923,  11440.7,  10029.2,  925.166542466,  882.820306169,  1194.62
1575.12392368,  11440.7,  10029.8,  925.1664644,  882.820557263,  1194.96
1575.14435793,  11443.6,  10031.6,  925.165963136,  882.821193023,  1193.04
1575.16479229,  11446.9,  10035.1,  925.16740237,  882.820614802,  1194.05
1575.18522674,  11448.4,  10036.2,  925.167621789,  882.81956997,  1193.87
1575.205661,  11450.4,  10037.7,  925.168086319,  882.8192907,  1194.81
1575.22609545,  11449.1,  10037.5,  925.166771843,  882.821124414,  1192.84
1575.24652981,  11443.5,  10032.0,  925.166421025,  882.820626772,  1193.52
1575.26696406,  11448.0,  10036.0,  925.166410064,  882.81958499,  1193.34
1575.28739851,  11453.3,  10040.8,  925.165892214,  882.820148352,  1192.45
1575.30783287,  11442.2,  10031.0,  925.168058373,  882.820042119,  1192.56
1575.32826712,  11446.8,  10035.0,  925.166465611,  882.819692927,  1194.02
1575.34870158,  11448.0,  10036.5,  925.167398058,  882.819837353,  1192.67
1575.36913594,  11449.2,  10036.9,  925.167117744,  882.819690677,  1192.19
1575.38957039,  11449.9,  10038.0,  925.167259593,  882.820033866,  1191.96
1575.41000465,  11460.2,  10046.6,  925.166757782,  882.820138163,  1191.93
1575.430439,  11445.2,  10034.4,  925.166242169,  882.82093576,  1192.8
1575.45087346,  11450.1,  10038.7,  925.167658961,  882.819891911,  1192.22
1575.47130781,  11448.6,  10037.1,  925.167135524,  882.820026335,  1191.16
1575.49174207,  11460.5,  10046.9,  925.16551786,  882.822334111,  1191.05
1575.51217653,  11454.8,  10042.4,  925.168726198,  882.820270436,  1191.64
1575.53261088,  11461.9,  10047.7,  925.166752934,  882.820455869,  1191.29
1575.55304514,  11456.6,  10044.4,  925.166667738,  882.820505968,  1190.52
1575.5734796,  11457.2,  10044.9,  925.166952299,  882.819769782,  1190.9
1575.59391395,  11459.2,  10046.1,  925.165304047,  882.82065148,  1190.83
1575.61434831,  11466.9,  10053.1,  925.165443871,  882.820184546,  1190.41
1575.65521692,  11469.0,  10054.6,  925.168038295,  882.8197725,  1191.94
1575.67565138,  11458.9,  10047.0,  925.165859727,  882.821339677,  1190.64
1575.69608574,  11347.4,  9955.7,  925.168175673,  882.820557964,  1190.46
1575.71652,  10653.0,  9390.01,  925.170754967,  882.823630834,  1190.49
1575.73695445,  9516.79,  8463.52,  925.174102822,  882.826475743,  1189.41
1575.75738881,  8248.39,  7428.28,  925.181870219,  882.830374397,  1190.21
1575.77782327,  7514.88,  6830.73,  925.185578969,  882.836348465,  1190.75
1575.79825753,  8031.19,  7252.2,  925.184485963,  882.833058535,  1189.82
1575.81869189,  9264.87,  8258.32,  925.17777915,  882.827021337,  1188.66
1575.83912634,  10453.0,  9228.49,  925.172658572,  882.825768621,  1189.65
1575.8595606,  11272.1,  9896.53,  925.167295604,  882.821705512,  1190.01
1575.87999496,  11470.1,  10058.2,  925.168390199,  882.820467753,  1189.68
1575.90042942,  11461.2,  10051.9,  925.165647412,  882.819612077,  1190.15
1575.92086368,  11464.0,  10053.7,  925.167021967,  882.820606293,  1190.08
1575.94129804,  11463.8,  10053.9,  925.16716058,  882.821041989,  1189.56
1575.9617325,  11466.7,  10056.8,  925.167329202,  882.82167935,  1189.16
1575.98216675,  11459.0,  10050.4,  925.167152724,  882.82123954,  1188.13
1576.00260121,  11464.0,  10055.0,  925.167073379,  882.821171307,  1188.52
1576.02303557,  11464.8,  10055.9,  925.167143226,  882.8206013,  1188.23
1576.04346993,  11461.4,  10052.5,  925.167582728,  882.819963594,  1187.58
1576.06390429,  11475.8,  10065.1,  925.166337854,  882.820686636,  1188.79
1576.08433865,  11473.2,  10062.7,  925.16645522,  882.822169508,  1187.23
1576.10477301,  11473.2,  10062.9,  925.166630254,  882.820942813,  1187.91
1576.12520737,  11475.6,  10065.4,  925.166908355,  882.821308372,  1187.57
1576.14564173,  11470.2,  10060.5,  925.167636183,  882.820568987,  1187.25
1576.16607609,  11469.5,  10060.4,  925.167120192,  882.820096025,  1187.98
1576.18651055,  11476.6,  10065.9,  925.167183741,  882.821159964,  1188.65
1576.20694481,  11475.0,  10064.4,  925.167136676,  882.82001075,  1186.63
1576.22737927,  11477.2,  10066.6,  925.167751184,  882.820831803,  1186.39
1576.24781363,  11479.0,  10068.1,  925.16785956,  882.820814829,  1187.55
1576.2682479,  11475.4,  10064.5,  925.166650091,  882.820987825,  1188.29
1576.28868236,  11480.4,  10069.5,  925.167520727,  882.821255679,  1186.67
1576.30911662,  11475.1,  10064.6,  925.167586963,  882.820316983,  1187.21
1576.32955098,  11476.7,  10066.0,  925.167000036,  882.821558808,  1186.41
1576.34998544,  11502.4,  10087.4,  925.167635529,  882.820492358,  1185.96
1576.39085416,  11482.0,  10070.4,  925.167137614,  882.821652746,  1186.52
1576.41128852,  11477.7,  10066.7,  925.166719321,  882.821426472,  1186.54
1576.43172279,  11487.2,  10074.0,  925.16693688,  882.819863727,  1186.22
1576.45215725,  11478.3,  10067.4,  925.167298032,  882.821155285,  1185.6
1576.47259161,  11476.3,  10065.4,  925.166390094,  882.820903459,  1185.97
1576.49302587,  11475.6,  10064.7,  925.168408778,  882.820388574,  1185.07
1576.51346033,  11481.1,  10069.4,  925.166313803,  882.821384809,  1185.96
1576.5338947,  11481.9,  10069.5,  925.166573497,  882.821481108,  1184.79
1576.55432906,  11484.8,  10072.2,  925.166513953,  882.821269024,  1186.33
1576.57476342,  11477.2,  10065.8,  925.167009714,  882.820996228,  1185.37
1576.59519778,  11477.7,  10065.8,  925.167966542,  882.821020118,  1183.99
1576.61563225,  11490.2,  10076.2,  925.167650764,  882.82084538,  1185.39
1576.63606651,  11492.6,  10077.9,  925.167376275,  882.821282968,  1184.29
1576.65650087,  11485.3,  10071.5,  925.166981384,  882.821356806,  1186.48
1576.67693534,  11488.7,  10074.9,  925.168332401,  882.820238875,  1185.23
1576.6973697,  11486.8,  10072.4,  925.166991415,  882.821129597,  1184.25
1576.71780396,  11482.8,  10069.6,  925.166798438,  882.820900664,  1185.01
1576.73823843,  11488.5,  10074.1,  925.166058873,  882.820814656,  1184.92
1576.75867279,  11492.0,  10076.7,  925.167565401,  882.820929073,  1184.02
1576.77910716,  11486.7,  10072.8,  925.16699522,  882.821666272,  1183.45
1576.79954152,  11492.7,  10077.5,  925.168159062,  882.821671243,  1184.13
1576.81997588,  11492.2,  10076.5,  925.165080993,  882.820714596,  1184.14
1576.84041035,  11488.4,  10073.8,  925.166410004,  882.820878507,  1184.8
1576.86084461,  11497.1,  10080.6,  925.165604124,  882.820365231,  1183.95
1576.88127898,  11490.1,  10074.6,  925.167553627,  882.820677657,  1183.67
1576.90171344,  11493.5,  10077.6,  925.167085791,  882.820898802,  1183.51
1576.92214771,  11484.7,  10070.3,  925.167609094,  882.820853536,  1183.05
1576.94258207,  11499.9,  10082.1,  925.167921153,  882.82076718,  1183.65
1576.96301644,  11496.4,  10079.5,  925.166604868,  882.821177126,  1183.5
1576.9834508,  11502.1,  10083.8,  925.166514532,  882.820543265,  1182.18
1577.00388527,  11489.5,  10073.7,  925.166104385,  882.820590667,  1182.59
1577.02431953,  11497.2,  10080.2,  925.16706207,  882.821801077,  1182.23
1577.0447539,  11499.4,  10081.0,  925.167549429,  882.821462834,  1182.82
1577.06518836,  11505.1,  10086.7,  925.168427893,  882.81966872,  1182.7
1577.08562263,  11485.8,  10069.8,  925.1675532,  882.820561739,  1182.34
1577.10605699,  11499.1,  10081.1,  925.166467856,  882.820296041,  1181.42
1577.12649146,  11492.6,  10076.2,  925.167117798,  882.820911085,  1183.62
1577.14692572,  11504.4,  10085.0,  925.167808985,  882.820074239,  1183.5
1577.16736019,  11499.5,  10082.0,  925.168292,  882.821312547,  1181.73
1577.18779456,  11507.1,  10087.4,  925.165562655,  882.820533812,  1181.82
1577.20822882,  11508.2,  10088.1,  925.167134133,  882.821411371,  1181.33
1577.22866329,  11502.6,  10083.8,  925.16749844,  882.820291835,  1180.33
1577.24909766,  11503.1,  10083.8,  925.168114399,  882.820807781,  1182.68
1577.26953202,  11504.6,  10085.1,  925.166305676,  882.821049622,  1180.17
1577.28996639,  11502.3,  10084.0,  925.167328525,  882.820773,  1181.18
1577.31040076,  11497.3,  10078.6,  925.167080967,  882.820708268,  1183.24
1577.33083512,  11503.1,  10083.9,  925.16630587,  882.820676174,  1181.42
1577.35126959,  11513.7,  10092.5,  925.167559648,  882.820861317,  1180.63
1577.37170386,  11514.8,  10092.6,  925.164361432,  882.820341946,  1181.39
1577.39213833,  11501.4,  10082.2,  925.167086957,  882.821183656,  1181.32
1577.41257269,  11511.6,  10090.7,  925.16730581,  882.821221548,  1180.86
1577.43300696,  11503.6,  10083.9,  925.16720916,  882.821067151,  1180.86
1577.45344143,  11503.5,  10084.2,  925.16667049,  882.820964832,  1181.28
1577.4738758,  11513.3,  10091.5,  925.166860607,  882.82186478,  1180.83
1577.49431006,  11503.7,  10084.1,  925.166412343,  882.820333477,  1181.3
1577.51474453,  11505.8,  10086.0,  925.166975858,  882.821355572,  1179.9
1577.5351789,  11506.9,  10086.6,  925.164272688,  882.820820113,  1180.98
1577.55561327,  11516.4,  10094.7,  925.167140081,  882.820668676,  1181.31
1577.57604764,  11513.0,  10091.8,  925.166506172,  882.820712894,  1178.54
1577.59648191,  11514.9,  10093.1,  925.166632697,  882.820984439,  1179.78
1577.61691637,  11509.7,  10089.1,  925.166643934,  882.821425594,  1179.38
1577.63735074,  11508.2,  10087.5,  925.166822901,  882.821333105,  1179.53
1577.65778501,  11515.3,  10093.5,  925.166530588,  882.819746368,  1180.09
1577.67821948,  11510.3,  10089.9,  925.167656527,  882.820711978,  1179.42
1577.69865385,  11511.0,  10089.4,  925.167256191,  882.820705525,  1178.7
1577.71908822,  11509.9,  10089.0,  925.167032294,  882.819839174,  1182.1
1577.73952259,  11509.9,  10088.9,  925.167579482,  882.820555896,  1180.38
1577.75995696,  11506.0,  10085.7,  925.167117724,  882.820699654,  1179.55
1577.78039143,  11513.1,  10091.9,  925.167397634,  882.821702238,  1180.0
1577.8008257,  11519.1,  10095.9,  925.166461859,  882.820665012,  1178.99
1577.82126007,  11511.9,  10090.4,  925.165981424,  882.820097512,  1179.72
1577.84169454,  11512.8,  10091.9,  925.167266561,  882.821574589,  1178.26
1577.86212891,  11513.9,  10092.0,  925.16784812,  882.821397186,  1178.74
1577.88256318,  11520.1,  10097.5,  925.167296614,  882.820477741,  1176.96
1577.90299765,  11513.9,  10092.3,  925.167901006,  882.820233482,  1177.37
1577.92343202,  11510.9,  10089.1,  925.166854106,  882.821363805,  1178.62
1577.94386639,  11514.3,  10092.9,  925.166507719,  882.820724113,  1179.37
1577.96430076,  11517.4,  10095.5,  925.167887804,  882.821240746,  1177.33
1577.98473513,  11518.3,  10095.6,  925.166870741,  882.820611833,  1178.26
1578.0051695,  11514.2,  10093.4,  925.167561572,  882.820881299,  1177.16
1578.02560387,  11511.8,  10090.3,  925.166820644,  882.82086728,  1178.16
1578.04603824,  11520.3,  10097.8,  925.167597634,  882.820483062,  1176.77
1578.06647271,  11520.7,  10098.4,  925.168170961,  882.8212498,  1183.44
1578.08690699,  11513.2,  10091.8,  925.166775176,  882.821812169,  1178.98
1578.10734136,  11516.6,  10095.0,  925.166619109,  882.820003975,  1176.99
1578.12777583,  11519.2,  10097.1,  925.167718942,  882.820600315,  1176.31
1578.1482101,  11518.5,  10095.7,  925.166857397,  882.819697397,  1178.25
1578.16864457,  11515.2,  10094.0,  925.167060959,  882.820185655,  1177.72
1578.18907894,  11520.4,  10097.9,  925.167234774,  882.820760712,  1177.36
1578.20951322,  11514.5,  10092.8,  925.167142362,  882.820688008,  1177.34
1578.22994769,  11515.8,  10094.9,  925.168037601,  882.820411506,  1178.06
1578.25038196,  11515.3,  10093.8,  925.166689967,  882.820172893,  1177.81
1578.27081633,  11504.9,  10085.7,  925.167320843,  882.8203782,  1176.52
1578.29125081,  11520.0,  10097.9,  925.166470175,  882.820785774,  1176.42
1578.31168508,  11517.1,  10095.1,  925.167829627,  882.820229479,  1176.74
1578.33211955,  11519.8,  10097.6,  925.166986221,  882.821676518,  1177.86
1578.35255392,  11513.1,  10092.2,  925.166016817,  882.820763235,  1178.27
1578.3729882,  11511.7,  10090.8,  925.167103695,  882.820793904,  1178.16
1578.39342267,  11502.3,  10084.0,  925.165754057,  882.820905791,  1177.12
1578.41385704,  11505.2,  10085.8,  925.165873504,  882.820636847,  1176.25
1578.43429142,  11511.7,  10091.0,  925.167317948,  882.820920407,  1176.35
1578.45472579,  11503.2,  10084.8,  925.166300242,  882.820695385,  1177.58
1578.47516016,  11514.7,  10093.5,  925.166332012,  882.821697091,  1175.76
1578.49559454,  11510.3,  10090.2,  925.166216514,  882.821575401,  1176.56
1578.51602891,  11506.7,  10087.4,  925.165397353,  882.820632423,  1175.72
1578.53646328,  11511.1,  10090.7,  925.164802094,  882.821384232,  1176.64
1578.55689776,  11497.3,  10080.0,  925.167849503,  882.821385616,  1176.37
1578.57733213,  11508.9,  10089.1,  925.167761996,  882.820223041,  1175.39
1578.59776641,  11503.5,  10084.6,  925.166941941,  882.821202309,  1174.97
1578.63863525,  11503.2,  10084.6,  925.167673017,  882.821159447,  1175.43
1578.65906953,  11495.9,  10079.1,  925.165778312,  882.821670212,  1174.64
1578.679504,  11498.0,  10081.3,  925.166754047,  882.820565804,  1175.44
1578.69993838,  11496.2,  10079.5,  925.16816067,  882.820398671,  1175.08
1578.72037265,  11495.6,  10079.8,  925.166430696,  882.820538469,  1174.09
1578.74080713,  11492.9,  10077.2,  925.166822017,  882.820896214,  1174.82
1578.7612415,  11492.9,  10076.8,  925.168194995,  882.820676183,  1174.81
1578.78167598,  11498.4,  10082.7,  925.167375175,  882.820318189,  1174.14
1578.80211025,  11491.9,  10077.1,  925.167846997,  882.820642852,  1173.66
1578.82254463,  11499.0,  10083.1,  925.166388004,  882.821896001,  1176.1
1578.8429791,  11488.2,  10075.1,  925.166900952,  882.821016458,  1174.91
1578.86341338,  11493.9,  10079.6,  925.168279743,  882.820962217,  1173.71
1578.88384775,  11489.4,  10076.0,  925.16809922,  882.821496381,  1173.72
1578.90428213,  11482.3,  10070.6,  925.166452738,  882.821310335,  1174.23
1578.92471651,  11491.1,  10078.0,  925.166368556,  882.820801004,  1174.41
1578.94515098,  11500.4,  10086.3,  925.167738082,  882.822213454,  1174.37
1578.96558526,  11483.8,  10072.4,  925.16690182,  882.820924096,  1173.63
1578.98601963,  11498.3,  10084.1,  925.166660544,  882.82038521,  1173.57
1579.00645411,  11483.7,  10072.9,  925.167125132,  882.82249207,  1173.49
1579.02688839,  11486.7,  10074.9,  925.166911388,  882.823299922,  1174.0
1579.04732276,  11484.2,  10073.3,  925.167839461,  882.820206027,  1174.2
1579.06775724,  11479.5,  10069.8,  925.16787753,  882.821118088,  1172.75
1579.08819162,  11475.1,  10065.5,  925.167668398,  882.821230509,  1173.39
1579.10862589,  11474.3,  10065.6,  925.167734715,  882.820837593,  1173.62
1579.12906037,  11473.1,  10064.1,  925.16648298,  882.8229087,  1173.28
1579.14949475,  11475.4,  10066.0,  925.167824733,  882.822403291,  1172.51
1579.16992913,  11473.2,  10065.0,  925.167223106,  882.821584389,  1171.74
1579.1903635,  11479.5,  10069.4,  925.167868973,  882.82168489,  1173.35
1579.21079788,  11465.5,  10058.4,  925.167544833,  882.82188418,  1170.98
1579.23123236,  11468.5,  10061.0,  925.166969512,  882.820934326,  1171.8
1579.25166664,  11472.0,  10063.1,  925.16775512,  882.821322622,  1172.84
1579.27210101,  11476.4,  10067.3,  925.166818587,  882.820604248,  1172.14
1579.29253549,  11461.6,  10054.8,  925.166758905,  882.821851275,  1173.59
1579.31296977,  11465.1,  10057.1,  925.167188951,  882.820742986,  1171.82
1579.33340425,  11453.6,  10048.7,  925.167478304,  882.821935877,  1172.16
1579.35383863,  11454.6,  10049.2,  925.167425691,  882.822045537,  1172.39
1579.3742729,  11462.8,  10055.4,  925.168055643,  882.821411926,  1171.45
1579.39470738,  11462.0,  10055.2,  925.165969955,  882.82083644,  1169.95
1579.41514176,  11453.6,  10047.7,  925.167265554,  882.821120114,  1170.98
1579.43557604,  11455.0,  10049.0,  925.167944295,  882.820519402,  1171.26
1579.45601052,  11457.7,  10051.7,  925.166331732,  882.823075495,  1172.19
1579.4764449,  11454.6,  10048.1,  925.166541026,  882.821985536,  1172.56
1579.49687918,  11449.5,  10044.7,  925.167225333,  882.821510369,  1171.28
1579.51731365,  11280.6,  9906.64,  925.166155938,  882.820779199,  1171.36
1579.53774793,  10607.2,  9356.82,  925.170472945,  882.822781948,  1172.93
1579.55818241,  9555.13,  8499.27,  925.175876211,  882.826416668,  1172.53
1579.57861679,  8280.44,  7458.72,  925.181310389,  882.829581112,  1170.97
1579.59905117,  6875.02,  6311.29,  925.189124475,  882.836523108,  1173.15
1579.61948555,  5496.37,  5188.1,  925.201251135,  882.846462034,  1171.25
1579.63991993,  4895.96,  4697.0,  925.211380315,  882.857378613,  1171.3
1579.66035431,  5707.15,  5359.38,  925.199405797,  882.845084966,  1171.36
1579.68078869,  7106.84,  6500.78,  925.185718804,  882.836437632,  1171.64
1579.70122307,  8487.37,  7626.55,  925.17865313,  882.830308874,  1170.58
1579.72165755,  9744.08,  8652.31,  925.173486184,  882.82509952,  1169.91
1579.74209193,  10752.1,  9474.19,  925.16924245,  882.823003249,  1169.75
1579.76252621,  11334.5,  9949.04,  925.168297349,  882.820789195,  1169.73
1579.78296069,  11433.7,  10030.7,  925.169171989,  882.821212451,  1169.82
1579.80339507,  11431.0,  10027.2,  925.166900513,  882.821615617,  1170.87
1579.82382935,  11423.0,  10021.0,  925.16749821,  882.820874586,  1171.2
1579.84426383,  11423.6,  10022.0,  925.167738204,  882.821359709,  1168.53
1579.86469821,  11426.2,  10023.2,  925.166771247,  882.82112238,  1170.13
1579.8851325,  11434.4,  10030.5,  925.166966092,  882.820757263,  1168.9
1579.90556698,  11430.8,  10026.8,  925.16714106,  882.822109923,  1168.21
1579.92600136,  11413.0,  10012.1,  925.167968757,  882.822045476,  1167.5
1579.94643584,  11422.2,  10020.0,  925.167608048,  882.820835247,  1168.5
1579.96687012,  11418.5,  10016.4,  925.166967168,  882.820643118,  1168.06
1579.9873045,  11417.0,  10015.2,  925.167894248,  882.820893991,  1169.02
1580.00773898,  11412.2,  10011.6,  925.167367454,  882.821082999,  1168.57
1580.02817327,  11417.0,  10014.7,  925.167250332,  882.821831827,  1167.71
1580.04860765,  11408.7,  10008.4,  925.168582889,  882.822465939,  1167.31
1580.06904213,  11411.3,  10010.4,  925.166802842,  882.820953503,  1167.66
1580.08947641,  11410.2,  10008.7,  925.168797835,  882.821812564,  1167.99
1580.10991079,  11417.0,  10014.7,  925.168122794,  882.820887134,  1167.47
1580.13034528,  11406.8,  10006.4,  925.169566966,  882.824513388,  1166.29
1580.15077956,  11398.3,  9999.04,  925.168369937,  882.822182469,  1166.15
1580.17121404,  11399.8,  10000.9,  925.167828969,  882.82132051,  1166.64
1580.19164832,  11406.0,  10004.9,  925.167157722,  882.82046533,  1166.09
1580.21208271,  11402.9,  10002.9,  925.166684519,  882.821030694,  1167.13
1580.23251719,  11405.5,  10005.3,  925.167070483,  882.821344388,  1165.49
1580.25295147,  11402.9,  10002.0,  925.167537557,  882.82186064,  1167.29
1580.27338585,  11401.5,  10001.6,  925.168750447,  882.820714893,  1164.9
1580.29382034,  11393.2,  9994.6,  925.168309519,  882.821294995,  1165.83
1580.31425472,  11396.5,  9997.06,  925.168225448,  882.821583251,  1165.8
1580.3346891,  11396.1,  9997.2,  925.167261521,  882.820466079,  1164.71
1580.35512349,  11400.8,  9999.97,  925.168046521,  882.821217481,  1166.02
1580.37555787,  11394.9,  9995.43,  925.168604214,  882.82091497,  1166.56
1580.39599225,  11391.9,  9993.3,  925.167146857,  882.821852779,  1165.83
1580.41642664,  11391.8,  9992.5,  925.168236812,  882.823095599,  1166.19
1580.43686102,  11391.3,  9992.54,  925.168196274,  882.821571583,  1165.19
1580.4572955,  11391.9,  9993.07,  925.166587602,  882.82096334,  1165.81
1580.47772979,  11384.1,  9986.07,  925.167942334,  882.821356042,  1164.67
1580.49816417,  11383.1,  9986.18,  925.167356373,  882.820512646,  1164.08
1580.51859866,  11384.2,  9986.22,  925.167537795,  882.821806973,  1164.68
1580.53903294,  11389.3,  9990.32,  925.16700643,  882.820963047,  1164.39
1580.55946743,  11385.9,  9988.21,  925.167411873,  882.821798643,  1164.26
1580.57990181,  11377.7,  9981.07,  925.167610361,  882.821295664,  1163.64
1580.60033609,  11381.1,  9983.95,  925.167912589,  882.821150567,  1164.23
1580.62077058,  11372.2,  9976.81,  925.168174259,  882.821118883,  1163.41
1580.64120496,  11349.5,  9957.76,  925.168319306,  882.823032161,  1163.28
1580.66163925,  11376.9,  9980.68,  925.166826638,  882.820304201,  1163.38
1580.68207373,  11383.0,  9984.73,  925.167426508,  882.820366418,  1164.83
1580.70250812,  11384.0,  9985.52,  925.167019427,  882.822523399,  1163.33
1580.7229426,  11385.9,  9987.42,  925.168529396,  882.820872694,  1164.36
1580.74337689,  11381.2,  9983.2,  925.165002294,  882.821832267,  1163.42
1580.76381127,  11373.8,  9977.25,  925.167500635,  882.820571228,  1163.18
1580.78424576,  11374.2,  9978.61,  925.168103358,  882.820398725,  1162.97
1580.80468005,  11378.0,  9980.41,  925.167662498,  882.821292316,  1161.96
1580.82511443,  11377.8,  9981.0,  925.167538647,  882.82212126,  1162.36
1580.84554882,  11380.6,  9982.88,  925.16780194,  882.820859948,  1162.99
1580.8659832,  11379.4,  9981.95,  925.167229014,  882.821581362,  1162.28
1580.88641759,  11368.0,  9972.96,  925.167739331,  882.821338604,  1162.41
1580.90685198,  11380.2,  9982.55,  925.167823876,  882.821685508,  1161.21
1580.92728636,  11370.9,  9974.9,  925.166820425,  882.820738279,  1162.54
1580.94772085,  11375.4,  9979.16,  925.165991817,  882.821452509,  1162.13
1580.96815523,  11374.6,  9977.42,  925.167057208,  882.821762075,  1163.09
1580.98858952,  11378.9,  9981.22,  925.168652656,  882.821394659,  1162.55
1581.00902401,  11366.7,  9971.57,  925.167580953,  882.821366105,  1161.89
1581.02945839,  11385.7,  9986.71,  925.166997327,  882.822198655,  1161.12
1581.04989268,  11376.0,  9979.0,  925.168721958,  882.821813066,  1161.63
1581.07032717,  11385.1,  9986.39,  925.166855608,  882.822206668,  1161.92
1581.09076155,  11372.6,  9975.82,  925.166225556,  882.821803277,  1161.52
1581.11119604,  11298.2,  9915.58,  925.168321212,  882.822074062,  1160.98
1581.13163033,  11369.3,  9972.69,  925.166887339,  882.820807053,  1161.75
1581.15206472,  11336.6,  9946.44,  925.169759459,  882.819237124,  1162.18
1581.1724992,  11374.1,  9977.63,  925.166396972,  882.820913433,  1161.41
1581.19293349,  11373.5,  9976.21,  925.167847835,  882.821408801,  1161.07
1581.21336788,  11380.2,  9982.26,  925.168164493,  882.821516742,  1160.77
1581.23380237,  11373.0,  9976.24,  925.168560477,  882.821163038,  1160.2
1581.25423665,  11378.1,  9980.13,  925.168444768,  882.820318566,  1160.61
1581.27467104,  11374.5,  9977.7,  925.167419721,  882.82110448,  1160.46
1581.29510553,  11377.3,  9979.52,  925.169119246,  882.821867486,  1161.65
1581.31553982,  11382.0,  9983.21,  925.167294491,  882.821459744,  1161.12
1581.33597431,  11383.2,  9984.96,  925.167524763,  882.821465948,  1160.02
1581.3564087,  11378.8,  9980.64,  925.168218483,  882.821899237,  1159.47
1581.37684308,  11379.3,  9981.28,  925.167505976,  882.822156893,  1159.53
1581.39727747,  11377.1,  9979.39,  925.168584702,  882.82256931,  1160.27
1581.41771186,  11386.0,  9985.91,  925.166566048,  882.821560411,  1159.3
1581.43814625,  11389.5,  9989.61,  925.167518903,  882.820746378,  1160.44
1581.45858064,  11387.4,  9987.34,  925.168434531,  882.82209627,  1159.96
1581.47901503,  11390.2,  9989.9,  925.167100906,  882.822370554,  1159.18
1581.49944942,  11385.0,  9986.0,  925.168539228,  882.820787688,  1157.13
1581.5198838,  11383.8,  9984.57,  925.168062059,  882.821583407,  1159.7
1581.54031819,  11383.0,  9983.79,  925.166995318,  882.821440399,  1159.63
1581.56075258,  11387.2,  9987.31,  925.166796438,  882.821322807,  1159.27
1581.58118697,  11384.3,  9984.87,  925.168222477,  882.820822522,  1159.67
1586.83282111,  11506.5,  9943.84,  925.167188177,  882.812276014,  1136.93
1586.85325562,  11515.2,  9951.11,  925.166856982,  882.813290431,  1136.01
1586.87368993,  11505.3,  9942.57,  925.166351231,  882.813357825,  1136.2
1586.89412444,  11509.5,  9946.08,  925.168737724,  882.812715959,  1136.03
1586.91455885,  11511.7,  9948.48,  925.167381465,  882.812206798,  1135.78
1586.93499316,  11510.2,  9947.22,  925.167281097,  882.811505119,  1135.45
1586.95542768,  11507.1,  9944.62,  925.168759572,  882.811169461,  1137.01
1586.97586209,  11512.5,  9949.78,  925.16719607,  882.812586414,  1136.9
1586.9962965,  11505.0,  9943.49,  925.167670875,  882.812793855,  1135.66
1587.01673091,  11505.3,  9944.69,  925.166387385,  882.813285158,  1136.93
1587.03716532,  11510.5,  9948.92,  925.167523716,  882.811581092,  1137.72
1587.05759984,  11503.3,  9943.23,  925.1666979,  882.811920537,  1135.74
1587.07803425,  11503.9,  9945.08,  925.167057513,  882.812273923,  1135.86
1587.09846856,  11502.8,  9944.21,  925.166466575,  882.813080714,  1136.74
1587.11890307,  11501.7,  9943.73,  925.167240904,  882.813490775,  1136.4
1587.13933748,  11503.6,  9946.72,  925.16682605,  882.813128073,  1135.84
1587.1597718,  11505.1,  9947.56,  925.167259935,  882.812264097,  1138.6
1587.18020631,  11510.2,  9952.99,  925.166901785,  882.813343319,  1137.32
1587.20064072,  11503.6,  9948.7,  925.168614692,  882.813880723,  1137.18
1587.22107513,  11502.9,  9948.44,  925.167565947,  882.812644781,  1136.23
1587.24150955,  11501.3,  9947.95,  925.167470436,  882.814009764,  1137.11
1587.26194386,  11510.1,  9956.68,  925.168203505,  882.813712408,  1136.86
1587.28237837,  11502.0,  9950.64,  925.166572402,  882.813612933,  1135.46
1587.30281279,  11502.7,  9952.28,  925.167240775,  882.813820933,  1136.41
1587.3232471,  11492.7,  9945.16,  925.166308789,  882.813496029,  1136.22
1587.34368161,  11503.8,  9955.04,  925.167545668,  882.813134581,  1137.6
1587.36411603,  11500.7,  9954.36,  925.168179077,  882.81408083,  1136.41
1587.38455054,  11507.2,  9959.59,  925.168451078,  882.814499297,  1136.28
1587.40498485,  11500.4,  9955.68,  925.16792583,  882.814233871,  1136.3
1587.42541927,  11501.6,  9957.62,  925.168130156,  882.813391791,  1136.84
1587.44585378,  11493.8,  9951.83,  925.167195612,  882.8138063,  1137.31
1587.46628809,  11490.9,  9951.44,  925.167644438,  882.81436572,  1136.37
1587.50715702,  11498.1,  9958.68,  925.168205793,  882.813159589,  1136.06
1587.52759133,  11489.9,  9953.35,  925.167127195,  882.814776094,  1137.09
1587.54802585,  11490.7,  9954.53,  925.167888629,  882.814567485,  1136.79
1587.56846026,  11491.5,  9956.25,  925.167873824,  882.814399903,  1136.92
1587.58889468,  11491.3,  9958.07,  925.169463884,  882.814596686,  1135.48
1587.60932909,  11489.7,  9956.65,  925.167509569,  882.815128072,  1136.32
1587.6297635,  11494.8,  9961.95,  925.168376,  882.814772837,  1135.72
1587.65019792,  11495.2,  9963.66,  925.167072231,  882.815101605,  1134.61
1587.67063233,  11490.5,  9960.67,  925.167325513,  882.815029191,  1134.33
1587.69106675,  11487.6,  9959.92,  925.167055026,  882.816007845,  1135.4
1587.71150126,  11483.5,  9956.66,  925.167871679,  882.815434269,  1136.49
1587.73193558,  11478.7,  9953.83,  925.167007092,  882.814585758,  1135.98
1587.75236999,  11475.6,  9953.27,  925.167386309,  882.815068862,  1136.21
1587.7728045,  11468.4,  9947.85,  925.168221484,  882.815218725,  1136.63
1587.79323892,  11479.3,  9957.77,  925.168518718,  882.815608605,  1134.97
1587.81367323,  11475.5,  9955.66,  925.167712702,  882.815692849,  1135.21
1587.83410775,  11470.7,  9952.49,  925.167909433,  882.815320003,  1135.51
1587.85454206,  11471.8,  9954.7,  925.167376472,  882.815979823,  1135.64
1587.87497658,  11468.3,  9952.62,  925.169163623,  882.815449864,  1135.99
1587.89541099,  11472.5,  9956.74,  925.167934754,  882.815998078,  1135.72
1587.91584531,  11471.9,  9957.95,  925.168710681,  882.815624339,  1134.27
1587.93627982,  11468.5,  9955.53,  925.16807377,  882.816410176,  1135.67
1587.95671424,  11461.1,  9951.12,  925.167257005,  882.815365005,  1134.76
1587.97714855,  11459.2,  9950.55,  925.168069473,  882.816304416,  1135.24
1587.99758307,  11466.9,  9957.21,  925.166929955,  882.815824511,  1136.29
1588.01801748,  11458.5,  9951.71,  925.167903962,  882.816995069,  1135.47
1588.0384518,  11470.8,  9962.69,  925.166793858,  882.816809042,  1135.37
1588.05888632,  11458.0,  9952.92,  925.167049334,  882.815549647,  1134.76
1588.07932073,  11468.0,  9962.56,  925.166401992,  882.817565269,  1133.59
1588.09975525,  11461.0,  9957.56,  925.168022823,  882.815417761,  1133.97
1588.12018956,  11464.0,  9960.37,  925.168300146,  882.816638185,  1134.57
1588.14062398,  11458.8,  9957.92,  925.168249127,  882.817195416,  1133.95
1588.16105849,  11454.8,  9954.64,  925.166552156,  882.816378168,  1133.36
1588.18149281,  11455.0,  9956.13,  925.168016798,  882.816443736,  1134.49
1588.20192723,  11453.9,  9956.43,  925.167296732,  882.817328582,  1134.54
1588.22236174,  11448.9,  9952.69,  925.167442627,  882.816288339,  1134.43
1588.24279606,  11447.0,  9952.42,  925.166998142,  882.816018127,  1133.35
1588.26323057,  11442.8,  9949.81,  925.168916261,  882.817056154,  1132.37
1588.28366499,  11451.5,  9957.67,  925.166698838,  882.817129669,  1133.54
1588.30409941,  11449.4,  9957.32,  925.167200673,  882.81632663,  1131.84
1588.32453382,  11450.3,  9958.01,  925.167555048,  882.816881699,  1132.65
1588.34496824,  11447.7,  9956.81,  925.167724883,  882.817155313,  1132.36
1588.36540266,  11434.4,  9947.37,  925.167790594,  882.817608978,  1131.87
1588.38583707,  11441.6,  9953.27,  925.166755178,  882.815518789,  1132.14
1588.40627149,  11439.5,  9952.89,  925.167160351,  882.817194285,  1132.99
1588.42670591,  11432.3,  9947.6,  925.167754782,  882.817208359,  1132.03
1588.44714042,  11442.4,  9956.32,  925.16731042,  882.81590267,  1133.67
1588.46757474,  11438.3,  9954.03,  925.167148899,  882.817443566,  1132.97
1588.48800926,  11433.9,  9950.66,  925.166034882,  882.817737411,  1131.32
1588.50844357,  11438.4,  9955.23,  925.166929926,  882.81705596,  1131.81
1588.52887799,  11437.0,  9955.33,  925.167593539,  882.816978862,  1131.29
1588.54931251,  11433.2,  9951.9,  925.167105552,  882.817963811,  1132.73
1588.56974683,  11433.5,  9953.26,  925.16804788,  882.818954639,  1131.41
1588.59018124,  11432.5,  9953.48,  925.167974506,  882.81726426,  1130.41
1588.61061576,  11431.0,  9951.84,  925.168166041,  882.81795365,  1130.32
1588.63105008,  11428.0,  9950.92,  925.168848063,  882.817126682,  1130.25
1588.6514846,  11420.5,  9945.33,  925.169226038,  882.816901981,  1131.07
1588.67191901,  11424.7,  9949.02,  925.167274004,  882.817913327,  1130.0
1588.69235333,  11419.3,  9945.84,  925.166827852,  882.81685138,  1129.68
1588.71278785,  11422.4,  9948.5,  925.165705617,  882.818229091,  1130.43
1588.73322227,  11422.3,  9949.05,  925.167700548,  882.817778737,  1130.35
1588.75365658,  11423.3,  9950.82,  925.167194958,  882.817477706,  1128.86
1588.7740911,  11422.5,  9950.21,  925.167392317,  882.817354976,  1129.45
1588.79452552,  11419.6,  9949.09,  925.167199996,  882.818178433,  1129.48
1588.81495994,  11410.4,  9941.82,  925.168098556,  882.817525109,  1129.04
1588.83539436,  11410.8,  9942.35,  925.168645213,  882.817431316,  1129.84
1588.85582877,  11436.6,  9964.97,  925.168610853,  882.817087907,  1128.97
1588.87626329,  11419.3,  9950.67,  925.167502848,  882.819824029,  1128.37
1588.89669761,  11403.5,  9937.87,  925.168309973,  882.817751089,  1129.02
1588.91713203,  11410.9,  9945.1,  925.167108821,  882.818035961,  1129.34
1588.93756655,  11404.1,  9939.43,  925.167512932,  882.818323443,  1129.43
1588.95800096,  11407.5,  9943.43,  925.167507235,  882.817654934,  1127.8
1588.97843528,  11399.8,  9937.66,  925.167826898,  882.818592274,  1128.57
1588.9988698,  11403.4,  9940.76,  925.166953837,  882.818304603,  1128.79
1589.01930422,  11402.1,  9940.68,  925.16705477,  882.817759642,  1129.11
1589.03973854,  11403.1,  9941.83,  925.16806373,  882.818239787,  1128.39
1589.06017306,  11395.4,  9935.92,  925.168757256,  882.818608296,  1126.76
1589.08060748,  11392.9,  9935.03,  925.167719589,  882.81765418,  1127.73
1589.101042,  11396.3,  9937.78,  925.166827832,  882.818590255,  1127.33
1589.12147631,  11390.3,  9932.77,  925.167135208,  882.817994327,  1129.0
1589.14191073,  11392.8,  9936.19,  925.167880142,  882.818664411,  1127.69
1589.16234515,  11392.2,  9935.47,  925.169060636,  882.818891204,  1127.88
1589.18277957,  11390.5,  9934.87,  925.169144824,  882.818180068,  1127.14
1589.20321389,  11386.2,  9931.75,  925.166772719,  882.819498172,  1126.2
1589.22364841,  11388.9,  9934.02,  925.168028037,  882.818676038,  1127.6
1589.24408283,  11384.7,  9931.95,  925.167124837,  882.81819488,  1127.7
1589.26451735,  11391.6,  9936.95,  925.167645995,  882.818248683,  1127.22
1589.28495167,  11386.8,  9933.9,  925.168033992,  882.818986865,  1127.59
1589.30538609,  11384.7,  9933.15,  925.167513469,  882.819454285,  1127.88
1589.32582061,  11382.6,  9931.13,  925.167277472,  882.818835009,  1127.75
1589.34625493,  11382.8,  9931.85,  925.168127555,  882.819839093,  1128.09
1589.36668935,  11383.3,  9932.86,  925.168889043,  882.819367107,  1126.88
1589.38712387,  11380.9,  9930.33,  925.166498781,  882.8198548,  1126.36
1589.40755819,  11379.0,  9930.08,  925.168154108,  882.818998863,  1126.28
1589.42799261,  11374.0,  9925.86,  925.167417896,  882.819455664,  1126.45
1589.44842713,  11372.0,  9924.25,  925.168336276,  882.819626904,  1126.3
1589.46886155,  11371.2,  9924.37,  925.167650783,  882.818476534,  1126.77
1589.48929597,  11390.6,  9940.04,  925.169105314,  882.819502182,  1126.53
1589.50973039,  11370.8,  9924.36,  925.167486393,  882.819607971,  1125.41
1589.53016481,  11377.7,  9931.13,  925.167114879,  882.819609911,  1124.63
1589.55059923,  11370.4,  9924.25,  925.168405117,  882.818290256,  1126.64
1589.57103365,  11378.7,  9931.62,  925.168318629,  882.819164801,  1126.83
1589.59146807,  11366.5,  9922.25,  925.168827036,  882.819671086,  1126.84
1589.61190259,  11366.2,  9922.0,  925.167834875,  882.819996051,  1125.75
1589.63233691,  11366.5,  9923.09,  925.167468812,  882.81915219,  1126.52
1589.65277133,  11369.4,  9925.4,  925.168763434,  882.819546484,  1126.63
1589.67320585,  11366.1,  9923.04,  925.167037386,  882.819179824,  1125.42
1589.69364017,  11369.1,  9926.29,  925.167828447,  882.819892832,  1126.04
1589.71407469,  11374.0,  9929.68,  925.168162726,  882.820093879,  1126.09
1589.73450911,  11369.4,  9926.13,  925.16813711,  882.819935717,  1126.5
1589.75494343,  11368.8,  9926.32,  925.1677258,  882.820951831,  1125.34
1589.77537795,  11368.1,  9925.64,  925.168578191,  882.819163264,  1126.34
1589.79581237,  11370.7,  9928.63,  925.167548566,  882.818910334,  1124.38
1589.81624669,  11282.2,  9856.51,  925.167195806,  882.820394699,  1125.5
1589.85711554,  9732.96,  8593.02,  925.173858667,  882.822897733,  1125.14
1589.87755006,  8500.3,  7586.91,  925.1800364,  882.829432421,  1125.42
1589.89798448,  7119.61,  6460.92,  925.18590153,  882.834741933,  1124.9
1589.9184188,  5740.76,  5336.81,  925.199834186,  882.840060883,  1124.83
1589.93885332,  4903.89,  4653.84,  925.210380071,  882.850461247,  1124.49
1589.95928774,  5425.73,  5079.91,  925.201250559,  882.845669781,  1123.93
1589.97972206,  6785.99,  6189.65,  925.188557822,  882.839456685,  1125.14
1590.00015659,  8185.26,  7330.57,  925.182584658,  882.828640705,  1124.4
1590.02059101,  9452.72,  8364.97,  925.174609172,  882.825400231,  1124.58
1590.04102543,  10514.3,  9230.97,  925.170902077,  882.820366086,  1123.34
1590.06145985,  11189.2,  9781.5,  925.168289568,  882.81811675,  1123.66
1590.08189427,  11357.1,  9919.2,  925.167016155,  882.8191691,  1125.43
1590.10232879,  11365.3,  9925.13,  925.16655317,  882.81934592,  1123.98
1590.12276312,  11369.8,  9929.51,  925.170171908,  882.820406437,  1124.77
1590.14319754,  11369.0,  9929.17,  925.167861715,  882.820052091,  1125.49
1590.16363206,  11367.7,  9927.83,  925.168483323,  882.819412742,  1123.64
1590.18406648,  11367.8,  9928.37,  925.167277929,  882.819476201,  1124.32
1590.2045008,  11370.7,  9931.01,  925.168248206,  882.819771215,  1123.43
1590.22493533,  11371.4,  9931.39,  925.167608477,  882.818466813,  1122.41
1590.24536975,  11376.3,  9936.37,  925.169251824,  882.819835136,  1125.13
1590.26580407,  11373.4,  9933.25,  925.168908403,  882.819642974,  1123.87
1590.28623859,  11378.2,  9937.47,  925.167445062,  882.819440297,  1123.48
1590.30667301,  11365.2,  9927.4,  925.167017656,  882.819537936,  1122.88
1590.32710754,  11374.4,  9934.23,  925.168759119,  882.819532363,  1124.21
1590.34754186,  11376.0,  9936.84,  925.167771183,  882.818889314,  1123.16
1590.36797628,  11370.1,  9931.96,  925.168786835,  882.818974974,  1123.6
1590.38841081,  11382.2,  9941.56,  925.167838561,  882.819299542,  1125.31
1590.40884513,  11365.4,  9928.67,  925.167954819,  882.819838936,  1123.88
1590.42927955,  11371.8,  9933.36,  925.168764893,  882.81890918,  1122.65
1590.44971397,  11380.7,  9941.03,  925.168857972,  882.820875823,  1123.23
1590.4701484,  11375.7,  9937.76,  925.167888273,  882.820212852,  1122.75
1590.49058292,  11385.6,  9945.11,  925.168390564,  882.819670558,  1122.2
1590.51101724,  11379.6,  9940.4,  925.167870124,  882.81892162,  1122.53
1590.53145166,  11382.4,  9943.32,  925.168609037,  882.820553283,  1123.81
1590.55188619,  11374.2,  9936.52,  925.168436486,  882.819903059,  1123.2
1590.57232051,  11377.1,  9939.2,  925.168589968,  882.819542668,  1122.44
1590.59275493,  11385.8,  9946.5,  925.168283883,  882.820080689,  1122.84
1590.61318946,  11380.8,  9942.4,  925.167758388,  882.82066875,  1122.52
1590.63362378,  11384.7,  9946.39,  925.167437361,  882.820616545,  1121.89
1590.6540582,  11384.6,  9945.61,  925.168122621,  882.820738796,  1122.68
1590.67449273,  11379.5,  9941.44,  925.16904549,  882.819477274,  1122.37
1590.69492715,  11386.5,  9948.58,  925.168709463,  882.82011043,  1122.04
1590.71536157,  11388.3,  9949.04,  925.168587259,  882.818787732,  1122.47
1590.735796,  11389.4,  9950.81,  925.168495356,  882.82043684,  1122.58
1590.75623042,  11387.1,  9948.74,  925.168388248,  882.819073271,  1122.17
1590.77666485,  11394.6,  9954.9,  925.169017665,  882.820405377,  1122.88
1590.79709927,  11390.5,  9952.18,  925.167105063,  882.82069502,  1122.59
1590.81753369,  11395.7,  9955.76,  925.166867408,  882.820813102,  1123.47
1590.83796822,  11389.7,  9951.32,  925.167537008,  882.820014988,  1121.54
1590.85840254,  11391.6,  9953.63,  925.165921212,  882.820695969,  1120.9
1590.87883696,  11400.7,  9960.27,  925.168614269,  882.819967876,  1121.71
1590.89927149,  11399.2,  9959.61,  925.16870292,  882.819988432,  1121.63
1590.91970581,  11392.6,  9954.42,  925.168012861,  882.820166973,  1122.06
1590.94014034,  11398.3,  9958.73,  925.167451059,  882.820547159,  1120.91
1590.96057476,  11390.5,  9952.84,  925.165378543,  882.821425201,  1121.93
1590.98100908,  11398.5,  9955.74,  925.168925867,  882.820568445,  1121.78
1591.00144361,  11395.5,  9954.84,  925.168475818,  882.820127408,  1119.62
