Kepler I.D.-----Channel

[3347485]--------[83]

-TTYPE1--------TTYPE8------------TTYPE4-----------TTYPE15------------TTYPE17-----------TTYPE6

['TIME']---['PDCSAP_FLUX']---['SAP_FLUX']---['MOM_CENTR1']---['MOM_CENTR2']---['SAP_BKG']

['BJD - 2454833']--['e-/s']--------['e-/s']---------['pixel']---------['pixel']----------['e-/s']

CROWDSAP --- 0.9356

3347485

1559.24611986,  85474.9,  83661.1,  250.473378847,  855.17258514,  2835.59
1559.26655423,  85448.2,  83642.4,  250.473256766,  855.172433863,  2833.87
1559.2869887,  85416.9,  83613.0,  250.473584157,  855.17277495,  2833.6
1559.30742297,  85379.9,  83580.1,  250.473535184,  855.172907741,  2833.77
1559.32785734,  85368.0,  83575.0,  250.473136335,  855.17344553,  2834.74
1559.34829181,  85379.3,  83580.3,  250.473250615,  855.173582927,  2835.47
1559.36872608,  85378.2,  83583.1,  250.47321142,  855.17311758,  2834.99
1559.38916055,  85390.3,  83597.1,  250.472953993,  855.173446589,  2834.59
1559.40959492,  85430.4,  83631.6,  250.472903487,  855.173082857,  2835.31
1559.43002929,  85434.2,  83642.5,  250.473027545,  855.173642674,  2834.93
1559.45046366,  85474.1,  83678.1,  250.472909806,  855.174024722,  2830.0
1559.47089803,  85498.4,  83698.2,  250.473135587,  855.173672902,  2832.12
1559.4913324,  85500.8,  83707.9,  250.472722345,  855.174048736,  2833.27
1559.51176677,  85500.6,  83705.5,  250.472586131,  855.174047302,  2831.68
1559.53220114,  85539.2,  83743.9,  250.472340218,  855.174306342,  2831.61
1559.55263551,  85536.7,  83748.1,  250.472483094,  855.174191484,  2829.46
1559.57306989,  85560.4,  83764.0,  250.472491364,  855.174514539,  2830.35
1559.59350426,  85541.1,  83751.7,  250.472204869,  855.17447946,  2832.18
1559.61393863,  85564.2,  83776.0,  250.472255026,  855.174856308,  2826.98
1559.634373,  85608.6,  83812.3,  250.47202817,  855.174819206,  2829.55
1559.65480738,  85619.5,  83831.6,  250.472079821,  855.174894652,  2827.85
1559.67524185,  85665.8,  83870.5,  250.472319205,  855.17491912,  2828.21
1559.69567612,  85694.4,  83896.6,  250.471933653,  855.174824654,  2829.45
1559.7161105,  85745.9,  83950.5,  250.471517341,  855.1755537,  2825.89
1559.73654497,  85803.9,  84000.0,  250.471944345,  855.175197082,  2826.2
1559.75697925,  85836.3,  84031.5,  250.471588933,  855.174996769,  2827.63
1559.77741372,  85899.3,  84094.5,  250.47174176,  855.175321308,  2824.35
1559.7978481,  85933.2,  84118.8,  250.471596704,  855.175424554,  2824.48
1559.81828237,  85943.2,  84132.7,  250.471285839,  855.175603796,  2826.03
1559.83871685,  86018.8,  84204.6,  250.471972422,  855.175729232,  2824.62
1559.85915122,  86084.3,  84259.9,  250.471468089,  855.175763981,  2824.99
1559.8795855,  86116.7,  84296.7,  250.471398929,  855.176075317,  2823.93
1559.90001997,  86173.4,  84346.3,  250.471355841,  855.176014832,  2823.87
1559.92045435,  86230.8,  84399.3,  250.470861983,  855.175897943,  2822.63
1559.94088882,  86256.7,  84428.8,  250.4713793,  855.176007509,  2820.92
1559.9613231,  86365.6,  84521.7,  250.471125401,  855.17612454,  2821.65
1559.98175748,  86437.0,  84590.1,  250.471040851,  855.176407451,  2818.33
1560.00219196,  86517.0,  84668.0,  250.470935365,  855.176456859,  2825.65
1560.02262623,  86579.7,  84718.9,  250.47140602,  855.176426543,  2819.32
1560.04306061,  86638.0,  84775.4,  250.471256629,  855.17653622,  2823.71
1560.06349509,  86726.9,  84860.5,  250.471182707,  855.176404117,  2821.04
1560.08392937,  86789.3,  84912.6,  250.471035195,  855.176467207,  2818.35
1560.10436384,  86910.2,  85028.6,  250.471108494,  855.17661118,  2819.25
1560.12479822,  86981.0,  85090.2,  250.471346438,  855.176702318,  2821.31
1560.1452325,  87071.3,  85171.2,  250.470718672,  855.176278263,  2820.26
1560.16566698,  87155.2,  85253.7,  250.471370861,  855.176873014,  2818.94
1560.18610136,  87233.6,  85320.9,  250.471110241,  855.176498178,  2820.89
1560.20653564,  87307.5,  85389.0,  250.470715719,  855.176965824,  2819.33
1560.22697012,  87417.6,  85494.6,  250.470765108,  855.177048504,  2818.64
1560.2474045,  87520.3,  85582.7,  250.471106541,  855.176570734,  2817.1
1560.26783878,  87608.6,  85667.3,  250.47100466,  855.177102112,  2818.12
1560.28827326,  87679.7,  85733.3,  250.470604468,  855.177326226,  2817.77
1560.30870764,  87789.2,  85829.7,  250.470822243,  855.176828587,  2817.88
1560.32914202,  87875.8,  85915.3,  250.470701018,  855.177002368,  2818.5
1560.3495764,  87940.0,  85970.4,  250.470655628,  855.177309611,  2815.33
1560.37001078,  88042.7,  86063.1,  250.470328185,  855.177359164,  2817.14
1560.39044526,  88152.6,  86167.7,  250.47067952,  855.177597751,  2816.39
1560.41087954,  88230.5,  86231.2,  250.470444614,  855.177020939,  2818.47
1560.43131393,  88300.6,  86300.1,  250.47061276,  855.177384295,  2815.81
1560.45174841,  88348.8,  86347.4,  250.470537882,  855.177207496,  2815.72
1560.47218269,  88432.3,  86416.4,  250.470405807,  855.177300878,  2817.68
1560.49261717,  88525.2,  86507.2,  250.470514811,  855.177502119,  2815.76
1560.51305156,  88586.3,  86562.0,  250.471018122,  855.17758649,  2816.21
1560.53348584,  88668.7,  86634.0,  250.470520721,  855.177645275,  2814.21
1560.55392032,  88740.4,  86704.6,  250.469877021,  855.177847722,  2815.62
1560.57435471,  88840.5,  86793.0,  250.470459847,  855.177528042,  2811.36
1560.59478899,  88914.8,  86861.1,  250.470143658,  855.177649573,  2812.4
1560.61522347,  88997.7,  86943.5,  250.47045118,  855.177786751,  2810.47
1560.63565786,  89061.4,  86993.6,  250.469886371,  855.177685523,  2811.49
1560.65609224,  89138.8,  87064.7,  250.470246039,  855.177637942,  2811.08
1560.67652663,  89213.9,  87138.6,  250.47048466,  855.177803773,  2812.74
1560.69696101,  89277.7,  87191.3,  250.470344907,  855.178192248,  2809.04
1560.73782978,  89409.0,  87314.4,  250.470313656,  855.178029116,  2811.5
1560.75826417,  89497.0,  87389.9,  250.470233004,  855.177673688,  2810.3
1560.77869865,  89529.0,  87424.3,  250.469496317,  855.178058916,  2808.82
1560.79913294,  89556.0,  87442.9,  250.469483494,  855.17808236,  2807.76
1560.81956733,  89602.9,  87482.8,  250.469810323,  855.177930808,  2814.67
1560.84000181,  89668.7,  87551.8,  250.469370081,  855.177615011,  2845.9
1560.96260814,  89827.1,  87699.6,  250.468069354,  855.178355817,  2882.65
1560.98304242,  89868.4,  87739.3,  250.468602462,  855.177345873,  2875.93
1561.00347691,  89906.7,  87776.8,  250.469243174,  855.177524021,  2870.11
1561.0239113,  89919.6,  87785.0,  250.469126643,  855.178439952,  2865.77
1561.04434579,  89950.5,  87809.8,  250.469237027,  855.179519641,  2863.25
1561.06478008,  89944.2,  87808.7,  250.469023153,  855.178383478,  2858.77
1561.08521447,  89970.2,  87830.4,  250.46999936,  855.178420099,  2854.48
1561.10564896,  89945.7,  87806.4,  250.469444443,  855.177989924,  2852.14
1561.12608325,  89916.2,  87783.1,  250.469365028,  855.178024758,  2852.77
1561.14651764,  89925.4,  87784.5,  250.469278558,  855.178216733,  2848.29
1561.16695213,  89892.6,  87755.8,  250.469164158,  855.178311388,  2841.19
1561.18738642,  89892.8,  87753.2,  250.469078589,  855.178230192,  2840.2
1561.20782081,  89867.4,  87724.8,  250.468817201,  855.178739424,  2836.24
1561.2282553,  89871.1,  87735.2,  250.468134174,  855.178449342,  2836.64
1561.24868959,  89842.1,  87704.9,  250.468899014,  855.17824742,  2829.75
1561.26912408,  89808.1,  87668.4,  250.469265926,  855.178119342,  2828.54
1561.28955847,  89815.8,  87682.0,  250.468742597,  855.178477932,  2828.24
1561.30999286,  89752.8,  87619.4,  250.468798962,  855.17845534,  2824.0
1561.33042726,  89724.2,  87595.0,  250.469038451,  855.178597353,  2824.64
1561.35086165,  89692.6,  87568.5,  250.469519223,  855.178490552,  2822.22
1561.37129604,  89678.0,  87549.2,  250.469480949,  855.178403963,  2822.59
1561.39173043,  89617.0,  87498.9,  250.469326712,  855.178462661,  2817.95
1561.41216483,  89541.7,  87429.8,  250.469534701,  855.178293498,  2819.56
1561.43259932,  89523.8,  87410.2,  250.468733845,  855.178960314,  2817.31
1561.45303361,  89486.1,  87379.0,  250.46877541,  855.17915101,  2816.99
1561.473468,  89390.9,  87287.4,  250.468603848,  855.178764303,  2814.91
1561.4939024,  89343.0,  87244.4,  250.46848673,  855.17906979,  2811.49
1561.51433679,  89264.8,  87179.2,  250.46847502,  855.179180408,  2810.86
1561.53477119,  89176.6,  87090.2,  250.468668244,  855.179446917,  2808.85
1561.55520568,  89185.9,  87102.9,  250.468209025,  855.179289619,  2807.82
1561.57563998,  89064.3,  86991.1,  250.468794449,  855.179030887,  2807.63
1561.59607437,  89003.4,  86932.0,  250.468180751,  855.179357772,  2805.31
1561.61650887,  88957.4,  86895.9,  250.468317702,  855.179275569,  2804.97
1561.63694316,  88854.8,  86799.9,  250.468764144,  855.179970672,  2804.55
1561.65737766,  88760.6,  86708.8,  250.467884787,  855.179627914,  2803.6
1561.67781205,  88635.8,  86602.5,  250.468059417,  855.179480606,  2803.13
1561.69824635,  88539.6,  86510.6,  250.468112344,  855.179631317,  2804.37
1561.71868084,  88475.8,  86453.9,  250.4682674,  855.179862723,  2804.79
1561.73911524,  88414.7,  86399.4,  250.468171322,  855.179641065,  2801.88
1561.75954954,  88294.6,  86285.7,  250.467917133,  855.179793029,  2798.61
1561.77998403,  88242.6,  86243.4,  250.46838303,  855.179659747,  2799.75
1561.80041843,  88132.0,  86143.7,  250.468155434,  855.179636148,  2797.29
1561.82085293,  88061.9,  86073.5,  250.468226518,  855.180190593,  2797.2
1561.84128723,  87986.9,  86010.5,  250.467739911,  855.180155439,  2795.55
1561.86172162,  87906.4,  85933.6,  250.4675243,  855.180015741,  2796.64
1561.88215612,  87807.1,  85841.1,  250.468111671,  855.18013611,  2797.65
1561.90259042,  87699.4,  85745.2,  250.467119076,  855.18021163,  2798.13
1561.92302482,  87634.3,  85683.8,  250.467864931,  855.180018476,  2797.59
1561.94345932,  87530.2,  85589.8,  250.46783253,  855.180240439,  2794.19
1561.96389362,  87475.3,  85544.0,  250.467732504,  855.180366943,  2794.53
1561.98432802,  87363.3,  85434.7,  250.467680603,  855.180271997,  2794.88
1562.00476251,  87275.6,  85358.7,  250.467957177,  855.180843975,  2792.76
1562.02519691,  87189.5,  85283.1,  250.467525098,  855.180612254,  2792.81
1562.04563131,  87078.9,  85175.0,  250.467652141,  855.180581888,  2789.37
1562.06606571,  86989.2,  85097.0,  250.467264538,  855.180788526,  2789.81
1562.08650001,  86855.0,  84974.5,  250.467478393,  855.180649285,  2793.3
1562.10693451,  86776.9,  84898.4,  250.467960896,  855.180567121,  2792.85
1562.12736892,  86665.0,  84804.1,  250.467436522,  855.181069979,  2793.1
1562.14780322,  86597.8,  84738.5,  250.467522032,  855.180861022,  2788.5
1562.16823772,  86530.1,  84677.5,  250.46780426,  855.180869774,  2790.16
1562.18867212,  86425.8,  84585.7,  250.467410364,  855.181044092,  2790.3
1562.20910662,  86354.8,  84513.0,  250.467608967,  855.180953829,  2785.3
1562.22954092,  86276.3,  84444.4,  250.466934834,  855.181144798,  2790.62
1562.24997532,  86207.8,  84385.0,  250.467762911,  855.181128152,  2786.82
1562.27040983,  86118.8,  84296.2,  250.467517377,  855.181211925,  2786.81
1562.29084413,  86062.1,  84250.5,  250.46727421,  855.1813851,  2785.08
1562.31127853,  85994.0,  84189.1,  250.467056999,  855.181657096,  2785.91
1562.33171303,  85905.4,  84103.1,  250.467541362,  855.181170643,  2784.79
1562.35214734,  85805.3,  84017.9,  250.467569999,  855.181777841,  2784.14
1562.37258184,  85740.6,  83954.3,  250.467067295,  855.181421589,  2782.02
1562.39301624,  85664.8,  83887.2,  250.467045503,  855.181478475,  2784.05
1562.41345055,  85571.8,  83804.2,  250.467207908,  855.181505431,  2783.86
1562.43388505,  85516.3,  83745.8,  250.467527438,  855.181670225,  2781.78
1562.45431946,  85441.6,  83680.3,  250.466891637,  855.181310667,  2783.17
1562.47475376,  85358.2,  83608.3,  250.467340024,  855.181830857,  2783.1
1562.49518826,  85315.0,  83562.4,  250.467193353,  855.181698596,  2782.67
1562.51562267,  85285.2,  83539.5,  250.467035271,  855.181782754,  2781.75
1562.53605707,  85247.4,  83503.3,  250.467160166,  855.181688196,  2780.54
1562.55649148,  85171.7,  83434.0,  250.467481337,  855.181855032,  2780.21
1562.57692589,  85137.2,  83407.4,  250.46677248,  855.182035267,  2779.21
1562.59736039,  85055.6,  83326.0,  250.467161364,  855.182160677,  2779.54
1562.6177947,  85003.8,  83280.1,  250.466778374,  855.181984183,  2779.55
1562.6382291,  84936.5,  83223.4,  250.467069207,  855.182053233,  2776.58
1562.65866361,  84900.9,  83185.4,  250.467312526,  855.181986196,  2777.76
1562.67909802,  84856.7,  83146.5,  250.467274589,  855.182464135,  2776.06
1562.69953232,  84828.5,  83124.9,  250.46667073,  855.181957816,  2776.65
1562.71996683,  84775.9,  83070.5,  250.467004231,  855.182412458,  2777.73
1562.74040114,  84739.6,  83041.6,  250.46675207,  855.182427281,  2776.7
1562.76083564,  84697.3,  82999.4,  250.467036936,  855.182349925,  2777.74
1562.78127005,  84670.5,  82974.9,  250.466731185,  855.182489897,  2775.08
1562.80170436,  84657.5,  82967.9,  250.466910185,  855.182174047,  2776.14
1562.82213887,  84628.1,  82935.9,  250.466632711,  855.182445111,  2774.61
1562.84257328,  84592.0,  82904.9,  250.466587801,  855.18242396,  2777.82
1562.86300759,  84584.1,  82901.7,  250.466644162,  855.182906848,  2775.77
1562.88344209,  84561.7,  82875.3,  250.467038308,  855.18258581,  2772.4
1562.9038765,  84541.9,  82860.9,  250.466714064,  855.182256716,  2776.67
1562.92431081,  84554.7,  82870.2,  250.466791762,  855.182628951,  2776.89
1562.94474532,  84484.5,  82802.4,  250.466876748,  855.182507213,  2775.38
1562.96517973,  84369.9,  82703.9,  250.466609218,  855.182865766,  2772.38
1562.98561424,  84304.1,  82638.2,  250.466767319,  855.183175422,  2774.75
1563.00604855,  84169.4,  82513.4,  250.46628228,  855.182735908,  2774.86
1563.02648296,  84081.1,  82439.5,  250.466146589,  855.18310152,  2774.29
1563.04691747,  84036.9,  82393.2,  250.466479719,  855.183129488,  2771.96
1563.06735178,  83994.4,  82357.8,  250.466523969,  855.183087977,  2770.56
1563.08778619,  83954.8,  82326.2,  250.466479482,  855.183193452,  2772.64
1563.10822071,  83982.1,  82344.6,  250.466404106,  855.182604948,  2770.5
1563.12865502,  84041.1,  82401.9,  250.466421018,  855.183051217,  2772.98
1563.14908953,  84150.3,  82499.9,  250.466443813,  855.183194074,  2771.9
1563.16952394,  84241.0,  82583.2,  250.466448107,  855.183021003,  2773.41
1563.18995835,  84347.9,  82684.0,  250.466294354,  855.183327839,  2775.53
1563.21039276,  84503.4,  82822.2,  250.466535071,  855.183240606,  2781.88
1563.23082718,  84599.3,  82909.3,  250.466497733,  855.183271113,  2785.28
1563.25126159,  84651.1,  82962.2,  250.466012533,  855.183277369,  2782.65
1563.271696,  84685.6,  82988.3,  250.466212798,  855.183445205,  2783.28
1563.29213042,  84726.0,  83026.8,  250.466296182,  855.183536423,  2781.99
1563.31256483,  84780.4,  83080.3,  250.466431817,  855.183730089,  2785.53
1563.33299934,  84819.4,  83110.5,  250.466087685,  855.183245811,  2788.65
1563.35343366,  84848.1,  83141.7,  250.466411331,  855.183579215,  2792.31
1563.37386807,  84874.8,  83163.6,  250.466354433,  855.183240919,  2793.27
1563.39430248,  84916.3,  83200.8,  250.46610736,  855.183366275,  2790.9
1563.4147369,  84946.5,  83231.5,  250.466391141,  855.183819936,  2789.75
1563.43517141,  85009.4,  83284.0,  250.466169904,  855.183327841,  2789.14
1563.45560573,  85079.1,  83347.2,  250.46620216,  855.183874054,  2787.38
1563.47604014,  85127.9,  83397.7,  250.46607494,  855.183524607,  2790.81
1563.49647466,  85168.8,  83430.6,  250.466185549,  855.183561356,  2787.36
1563.51690897,  85208.9,  83466.9,  250.466311198,  855.183892711,  2784.25
1563.53734349,  85249.8,  83510.1,  250.465888929,  855.183886837,  2781.84
1563.55777791,  85343.1,  83589.2,  250.465804638,  855.183821777,  2781.66
1563.57821222,  85406.3,  83648.8,  250.466349986,  855.183792937,  2778.52
1563.59864674,  85452.9,  83689.9,  250.466511736,  855.184146472,  2780.61
1563.61908115,  85532.7,  83762.5,  250.465719993,  855.183620686,  2776.5
1563.63951547,  85605.4,  83834.9,  250.465845813,  855.18419182,  2774.27
1563.65994999,  85680.3,  83897.8,  250.465926456,  855.183823847,  2773.9
1563.68038441,  85739.0,  83952.0,  250.465642197,  855.184416898,  2776.28
1563.72125324,  85905.6,  84097.8,  250.465711242,  855.183776132,  2774.08
1563.74168766,  85991.8,  84179.4,  250.466424707,  855.183842057,  2771.23
1563.76212218,  86056.1,  84240.4,  250.46565648,  855.1836619,  2770.76
1563.7825565,  86153.2,  84321.8,  250.465451241,  855.183787795,  2772.35
1563.80299091,  86233.1,  84398.1,  250.465435303,  855.183695766,  2773.76
1563.82342543,  86331.2,  84488.3,  250.465675389,  855.18383798,  2771.32
1563.84385985,  86431.0,  84575.9,  250.465096051,  855.183777003,  2770.83
1563.86429417,  86547.7,  84685.1,  250.465272779,  855.183906232,  2771.71
1563.88472869,  86614.2,  84742.5,  250.465538852,  855.183841938,  2772.42
1563.90516311,  86753.9,  84871.7,  250.465166314,  855.184178429,  2770.99
1563.92559753,  86814.0,  84929.0,  250.465419888,  855.183822084,  2772.33
1563.94603195,  86948.6,  85045.6,  250.465141148,  855.184199726,  2768.54
1563.96646637,  87023.6,  85117.3,  250.464830134,  855.184209909,  2771.81
1563.98690079,  87093.2,  85181.2,  250.465316304,  855.183890389,  2769.96
1564.00733521,  87221.5,  85292.9,  250.465236847,  855.184057097,  2773.59
1564.02776963,  87311.3,  85381.2,  250.465200092,  855.18396012,  2771.58
1564.04820405,  87423.5,  85480.5,  250.465283686,  855.184193984,  2770.92
1564.06863847,  87574.1,  85615.8,  250.465140861,  855.183902895,  2768.6
1564.08907299,  87684.4,  85721.4,  250.464859951,  855.184202673,  2770.52
1564.10950732,  87793.3,  85815.9,  250.465063344,  855.184286091,  2768.74
1564.12994174,  87883.6,  85899.6,  250.464991686,  855.18399408,  2769.11
1564.15037626,  87998.7,  86007.6,  250.464677876,  855.184094148,  2769.74
1564.17081058,  88090.6,  86086.1,  250.464908729,  855.184361594,  2769.99
1564.19124501,  88199.5,  86188.5,  250.465408662,  855.184251887,  2766.3
1564.21167953,  88294.6,  86276.9,  250.46441061,  855.184270868,  2764.04
1564.23211385,  88399.9,  86367.8,  250.465058115,  855.184422038,  2761.35
1564.25254827,  88505.1,  86468.3,  250.464819918,  855.184317637,  2763.34
1564.2729828,  88614.3,  86565.8,  250.464917514,  855.184567757,  2766.15
1564.29341712,  88695.4,  86639.1,  250.464787839,  855.1841991,  2762.42
1564.31385165,  88815.8,  86754.6,  250.464978001,  855.184464995,  2759.47
1564.33428607,  88949.6,  86869.7,  250.464737789,  855.184271373,  2763.63
1564.35472039,  89037.1,  86951.4,  250.464797375,  855.184098861,  2757.03
1564.37515492,  89156.6,  87064.4,  250.464584053,  855.184806977,  2759.81
1564.39558934,  89241.2,  87138.2,  250.464535466,  855.184347653,  2761.32
1564.41602377,  89344.9,  87235.0,  250.464474594,  855.184548222,  2755.86
1564.43645819,  89444.6,  87326.7,  250.464929029,  855.184317216,  2757.97
1564.45689262,  89539.4,  87409.6,  250.464825124,  855.184745233,  2757.34
1564.47732714,  89624.3,  87490.6,  250.464605696,  855.184544398,  2760.38
1564.49776157,  89742.2,  87597.7,  250.46445559,  855.184532086,  2755.84
1564.51819589,  89838.7,  87683.1,  250.464789255,  855.184765786,  2754.16
1564.53863042,  89930.6,  87771.8,  250.464173874,  855.184632011,  2754.51
1564.55906485,  90027.3,  87855.7,  250.46478445,  855.184685207,  2751.27
1564.57949917,  90119.0,  87940.8,  250.464405496,  855.184794388,  2749.81
1564.5999337,  90215.0,  88031.1,  250.464732364,  855.185019195,  2749.75
1564.62036813,  90288.0,  88093.4,  250.464295672,  855.184941268,  2748.24
1564.64080245,  90365.3,  88168.0,  250.464250165,  855.185150471,  2746.16
1564.66123698,  90474.2,  88269.1,  250.464311937,  855.185183702,  2745.29
1564.68167131,  90528.5,  88313.5,  250.46427544,  855.184874876,  2746.03
1564.70210584,  90569.5,  88355.3,  250.464323091,  855.184902696,  2745.78
1564.72254027,  90673.8,  88450.5,  250.464375538,  855.184973781,  2746.68
1564.74297459,  90704.3,  88476.1,  250.463966824,  855.185078445,  2743.28
1564.76340912,  90749.6,  88522.9,  250.464371592,  855.185245105,  2742.29
1564.78384355,  90839.7,  88602.6,  250.464285495,  855.185241291,  2742.75
1564.80427788,  90888.2,  88645.3,  250.464194699,  855.185238429,  2742.85
1564.82471241,  90911.4,  88671.7,  250.464125727,  855.18551331,  2743.69
1564.84514684,  90967.9,  88716.7,  250.464340166,  855.185332209,  2740.65
1564.86558137,  90990.7,  88742.9,  250.464165318,  855.185326737,  2739.42
1564.8860157,  91050.6,  88799.5,  250.463959232,  855.185716743,  2737.85
1564.90645013,  91075.1,  88814.7,  250.46419166,  855.185421602,  2737.0
1564.92688466,  91099.4,  88843.2,  250.46321407,  855.185686649,  2740.82
1564.94731899,  91113.8,  88855.9,  250.464079704,  855.18556474,  2737.18
1564.96775342,  91168.8,  88901.4,  250.463665967,  855.185731774,  2741.59
1564.98818795,  91136.7,  88877.6,  250.463915366,  855.185709452,  2740.54
1565.00862228,  91170.6,  88905.3,  250.463813745,  855.185685931,  2738.54
1565.02905671,  91166.8,  88903.4,  250.463533654,  855.185838427,  2736.59
1565.04949124,  91182.8,  88921.9,  250.46373965,  855.185911642,  2738.49
1565.06992567,  91201.5,  88933.6,  250.463739504,  855.185624407,  2737.32
1565.0903601,  91185.5,  88924.2,  250.463875646,  855.186261044,  2735.87
1565.11079454,  91222.8,  88958.0,  250.46353547,  855.186122425,  2737.77
1565.13122897,  91214.4,  88945.7,  250.463963197,  855.186176234,  2737.41
1565.1516634,  91187.2,  88926.5,  250.463344759,  855.186288889,  2737.41
1565.17209783,  91205.9,  88941.1,  250.463719574,  855.186318079,  2736.48
1565.19253227,  91207.3,  88939.6,  250.4630814,  855.186371741,  2737.55
1565.2129668,  91172.0,  88914.3,  250.463239002,  855.186319748,  2735.52
1565.23340113,  91152.5,  88891.6,  250.463391812,  855.186120846,  2737.21
1565.25383567,  91130.1,  88870.6,  250.463341392,  855.186014552,  2736.01
1565.2742701,  91093.4,  88842.2,  250.463239803,  855.186525485,  2739.17
1565.29470443,  91070.0,  88816.3,  250.463489124,  855.186483142,  2734.33
1565.31513897,  91049.8,  88800.0,  250.463187653,  855.186354491,  2734.99
1565.3355733,  90999.6,  88754.2,  250.463291789,  855.186487302,  2733.67
1565.35600774,  90961.7,  88715.7,  250.46333475,  855.186342063,  2734.39
1565.37644227,  90928.7,  88692.1,  250.463133139,  855.186825083,  2732.23
1565.3968766,  90889.0,  88652.5,  250.463460582,  855.186668844,  2733.44
1565.41731104,  90828.5,  88595.8,  250.463132863,  855.187027832,  2737.99
1565.43774558,  90780.7,  88557.2,  250.463344831,  855.186818731,  2733.65
1565.45817991,  90713.0,  88488.5,  250.463057129,  855.186902998,  2736.1
1565.47861445,  90679.8,  88458.6,  250.462827583,  855.186795868,  2737.05
1565.49904888,  90604.5,  88394.7,  250.462834752,  855.186970988,  2731.47
1565.51948322,  90516.6,  88309.8,  250.462782052,  855.18697379,  2735.85
1565.53991775,  90465.1,  88267.3,  250.463471392,  855.187110353,  2732.57
1565.56035219,  90377.4,  88186.1,  250.462920582,  855.187149959,  2731.91
1565.58078663,  90291.8,  88105.2,  250.462946402,  855.186948623,  2732.12
1565.60122106,  90207.9,  88032.7,  250.463388092,  855.187413971,  2732.37
1565.6216555,  90110.4,  87939.7,  250.462775331,  855.186882907,  2731.07
1565.64209004,  90011.4,  87850.1,  250.463276176,  855.187223733,  2731.66
1565.66252438,  89949.2,  87798.2,  250.46282365,  855.187328079,  2728.1
1565.68295881,  89852.3,  87702.2,  250.462832216,  855.187371623,  2731.5
1565.70339335,  89759.5,  87622.0,  250.462826693,  855.187551069,  2729.39
1565.72382779,  89637.8,  87512.2,  250.462444061,  855.187741479,  2730.3
1565.74426213,  89576.9,  87449.0,  250.46306504,  855.187482727,  2731.68
1565.76469667,  89486.4,  87373.0,  250.462453646,  855.187521511,  2729.84
1565.78513111,  89412.9,  87305.9,  250.462329606,  855.187638349,  2727.94
1565.80556554,  89284.1,  87184.2,  250.462449383,  855.187685477,  2728.31
1565.82599998,  89187.7,  87100.4,  250.462752793,  855.187582348,  2728.23
1565.84643442,  89107.8,  87023.2,  250.462840876,  855.187933833,  2728.9
1565.86686896,  89012.6,  86937.3,  250.462453357,  855.187764117,  2725.45
1565.8873033,  88873.7,  86814.0,  250.462387116,  855.187966667,  2726.68
1565.90773774,  88821.7,  86759.4,  250.462918631,  855.187566911,  2726.98
1565.92817228,  88728.4,  86679.5,  250.462565675,  855.187803332,  2724.4
1565.94860662,  88626.2,  86586.9,  250.462291992,  855.187982995,  2724.73
1565.96904106,  88532.8,  86496.3,  250.462672147,  855.188069401,  2720.37
1565.9894755,  88433.1,  86411.6,  250.462320631,  855.188126316,  2723.2
1566.00990994,  88336.5,  86321.5,  250.462260009,  855.187957148,  2724.89
1566.03034449,  88247.2,  86235.1,  250.462317475,  855.188087422,  2723.86
1566.05077883,  88140.6,  86144.4,  250.462196603,  855.188345171,  2722.19
1566.07121327,  88044.1,  86050.6,  250.462418697,  855.188125711,  2721.59
1566.09164781,  87953.1,  85967.5,  250.46233037,  855.188136069,  2720.43
1566.11208215,  87848.0,  85875.5,  250.46223114,  855.188242035,  2722.04
1566.13251659,  87766.3,  85796.7,  250.461865857,  855.188380995,  2720.23
1566.15295114,  87661.3,  85702.8,  250.462431452,  855.188462605,  2719.33
1566.17338548,  87575.4,  85626.3,  250.462072298,  855.188476716,  2721.07
1566.19382002,  87483.3,  85537.6,  250.46216271,  855.188427515,  2718.2
1566.21425446,  87409.3,  85475.2,  250.461935023,  855.188764645,  2715.98
1566.23468881,  87308.4,  85380.4,  250.462248834,  855.188584405,  2717.97
1566.25512335,  87189.5,  85269.5,  250.461828312,  855.188517891,  2719.51
1566.27555779,  87153.1,  85240.9,  250.461898199,  855.188883642,  2718.52
1566.29599224,  87062.5,  85154.4,  250.462033459,  855.188552377,  2715.56
1566.31642668,  86984.3,  85082.2,  250.462060082,  855.188945303,  2718.16
1566.33686113,  86905.2,  85014.7,  250.462074965,  855.188610632,  2716.54
1566.35729557,  86832.0,  84940.3,  250.461814258,  855.188625162,  2712.31
1566.37773011,  86734.9,  84855.5,  250.462136332,  855.188814445,  2714.4
1566.39816446,  86665.0,  84791.9,  250.461929002,  855.188911629,  2714.55
1566.418599,  86582.7,  84711.7,  250.461603681,  855.189027028,  2714.86
1566.43903345,  86493.8,  84637.9,  250.462031301,  855.189196364,  2713.5
1566.4594678,  86454.1,  84597.5,  250.461906762,  855.189349231,  2711.86
1566.47990234,  86377.1,  84525.5,  250.461465611,  855.189179853,  2712.0
1566.50033679,  86297.1,  84460.1,  250.46175175,  855.189527977,  2711.46
1566.52077113,  86255.4,  84413.7,  250.461705005,  855.189238087,  2712.66
1566.54120568,  86172.6,  84338.9,  250.462024628,  855.189243294,  2711.45
1566.56164012,  86159.1,  84332.1,  250.461542563,  855.189247044,  2710.83
1566.58207457,  86076.7,  84250.1,  250.461935629,  855.189465466,  2712.85
1566.60250902,  86023.2,  84204.7,  250.461586764,  855.189248919,  2713.94
1566.62294336,  85964.3,  84150.9,  250.461644286,  855.189244459,  2712.79
1566.64337791,  85931.9,  84114.9,  250.461335823,  855.189053133,  2711.93
1566.66381236,  85931.6,  84121.8,  250.46162933,  855.189440373,  2712.54
1566.70468125,  85807.1,  84001.9,  250.46141988,  855.189158409,  2709.03
1566.7251157,  85736.3,  83941.3,  250.461430082,  855.189324043,  2708.63
1566.74555015,  85687.1,  83888.9,  250.461249165,  855.189583253,  2710.3
1566.7659846,  85589.5,  83802.1,  250.460892937,  855.189334946,  2707.21
1566.78641905,  85537.7,  83756.7,  250.461087079,  855.189614475,  2706.68
1566.8068536,  85512.6,  83724.6,  250.460832798,  855.189259409,  2707.93
1566.82728795,  85476.1,  83697.3,  250.460784375,  855.18968666,  2707.31
1566.84772239,  85454.5,  83674.8,  250.461025029,  855.189363215,  2708.75
1566.86815694,  85475.7,  83692.8,  250.460530595,  855.189871654,  2707.76
1566.88859139,  85456.3,  83678.1,  250.460688313,  855.189619893,  2705.14
1566.90902574,  85456.6,  83675.5,  250.460473552,  855.189711657,  2705.86
1566.92946029,  85436.8,  83655.8,  250.460631255,  855.189294326,  2704.76
1566.94989474,  85450.6,  83674.3,  250.460552303,  855.189769644,  2704.55
1566.97032919,  85492.1,  83703.7,  250.460700868,  855.189623272,  2707.2
1566.99076364,  85449.9,  83667.7,  250.460386096,  855.189638151,  2704.57
1567.01119809,  85496.9,  83712.4,  250.460767987,  855.189538293,  2705.85
1567.03163254,  85502.0,  83712.2,  250.460467632,  855.189531226,  2703.8
1567.052067,  85524.9,  83737.6,  250.460282326,  855.189845112,  2706.16
1567.07250145,  85536.3,  83748.4,  250.460624162,  855.189706792,  2701.8
1567.092936,  85543.8,  83748.2,  250.460746205,  855.189785531,  2706.28
1567.11337035,  85570.1,  83779.6,  250.460470458,  855.189806661,  2702.05
1567.1338049,  85594.4,  83796.2,  250.460616961,  855.189660101,  2704.41
1567.15423935,  85614.8,  83815.3,  250.46026419,  855.189840548,  2705.07
1567.17467371,  85654.2,  83856.7,  250.460132356,  855.18996575,  2703.18
1567.19510826,  85675.8,  83871.2,  250.46049985,  855.189979739,  2704.17
1567.21554271,  85714.5,  83910.5,  250.460277561,  855.190263977,  2700.22
1567.23597706,  85769.7,  83959.2,  250.460369498,  855.190175624,  2700.09
1567.25641162,  85798.4,  83982.1,  250.460179732,  855.18972671,  2699.62
1567.27684597,  85817.3,  84003.1,  250.459946509,  855.190314509,  2701.57
1567.29728042,  85871.0,  84050.6,  250.460509328,  855.189926459,  2699.11
1567.31771498,  85940.9,  84112.3,  250.460405628,  855.190259219,  2702.77
1567.33814933,  85974.1,  84148.9,  250.460279513,  855.190358737,  2700.9
1567.35858389,  86047.6,  84208.9,  250.459903711,  855.1902239,  2702.67
1567.37901834,  86098.3,  84257.7,  250.4602967,  855.189321468,  2701.43
1567.39945269,  86147.6,  84306.6,  250.460022654,  855.190338592,  2701.47
1567.41988725,  86215.6,  84361.1,  250.460149553,  855.190168074,  2699.25
1567.4403217,  86270.1,  84416.4,  250.460104191,  855.190232094,  2698.68
1567.46075616,  86322.4,  84464.7,  250.459807666,  855.190693691,  2698.13
1567.48119061,  86384.0,  84514.6,  250.459977724,  855.190166891,  2699.9
1567.50162507,  86464.2,  84593.5,  250.459984704,  855.190526985,  2700.19
1567.52205962,  86504.4,  84630.1,  250.459740709,  855.190594976,  2711.35
1567.54249398,  86582.3,  84697.8,  250.459995157,  855.190243396,  2698.18
1567.56292844,  86655.3,  84770.6,  250.459665403,  855.19077228,  2700.03
1567.58336299,  86725.4,  84832.3,  250.459750874,  855.190670346,  2697.87
1567.60379745,  86776.8,  84875.2,  250.459713342,  855.190950794,  2699.16
1567.62423181,  86882.8,  84977.3,  250.459334052,  855.190808911,  2697.22
1567.64466636,  86943.1,  85029.0,  250.459780629,  855.190948953,  2695.61
1567.66510082,  87022.7,  85102.3,  250.459469646,  855.190955004,  2697.01
1567.68553518,  87090.1,  85168.8,  250.45997288,  855.190562679,  2692.45
1567.70596973,  87185.7,  85249.6,  250.459628033,  855.190836454,  2696.98
1567.72640419,  87283.6,  85346.4,  250.459318005,  855.19056717,  2694.55
1567.74683875,  87372.5,  85422.5,  250.459363354,  855.1908514,  2693.45
1567.76727311,  87475.2,  85516.1,  250.459436792,  855.191617209,  2692.28
1567.78770756,  87542.7,  85585.1,  250.459559585,  855.191225605,  2694.62
1567.80814212,  87660.7,  85687.0,  250.459593065,  855.190889458,  2693.66
1567.82857648,  87760.6,  85779.9,  250.459542478,  855.19121302,  2695.14
1567.84901094,  87863.6,  85877.7,  250.459198175,  855.191211117,  2692.91
1567.8694455,  87940.2,  85942.6,  250.459245376,  855.191322985,  2693.5
1567.88987986,  88027.7,  86025.9,  250.459383198,  855.191216678,  2691.42
1567.91031442,  88100.9,  86096.9,  250.459349705,  855.191540085,  2691.37
1567.93074878,  88200.6,  86178.9,  250.459381724,  855.191227763,  2692.61
1567.95118324,  88274.7,  86252.3,  250.459291053,  855.191130535,  2693.0
1567.9716178,  88398.4,  86364.8,  250.459373714,  855.191411161,  2691.42
1567.99205216,  88464.7,  86422.9,  250.459143921,  855.191539859,  2692.15
1568.01248662,  88549.3,  86507.2,  250.459394636,  855.191400426,  2690.38
1568.03292118,  88631.5,  86576.0,  250.459203671,  855.191566019,  2691.38
1568.05335554,  88718.9,  86657.4,  250.459043984,  855.191420079,  2689.38
1568.07379,  88805.2,  86740.4,  250.45861604,  855.191661086,  2691.81
1568.09422456,  88867.8,  86790.7,  250.458856428,  855.191632511,  2692.62
1568.11465902,  88955.4,  86875.0,  250.459172211,  855.191768141,  2689.18
1568.13509348,  89041.6,  86954.9,  250.459063906,  855.191663143,  2690.62
1568.15552794,  89131.1,  87032.0,  250.459013681,  855.191705322,  2688.73
1568.1759624,  89199.6,  87098.8,  250.459015308,  855.191719194,  2689.48
1568.19639687,  89255.0,  87147.1,  250.459057492,  855.19165804,  2688.64
1568.21683133,  89326.4,  87211.5,  250.459053284,  855.191853024,  2690.03
1568.23726579,  89400.0,  87284.2,  250.458822333,  855.192016371,  2688.84
1568.25770035,  89439.4,  87315.5,  250.459025048,  855.191790332,  2689.8
1568.27813472,  89509.2,  87379.2,  250.458810924,  855.191912604,  2686.96
1568.29856928,  89562.3,  87431.8,  250.458990397,  855.191936825,  2689.98
1568.31900374,  89643.4,  87500.0,  250.458869766,  855.191781537,  2686.68
1568.3394381,  89694.1,  87553.2,  250.458798981,  855.19196867,  2685.85
1568.35987267,  89759.7,  87613.2,  250.458986015,  855.192119779,  2688.56
1568.38030713,  89849.3,  87689.1,  250.458797839,  855.192210012,  2689.33
1568.4007415,  89873.6,  87717.3,  250.459043864,  855.192040061,  2687.16
1568.42117606,  89901.7,  87740.7,  250.458847204,  855.192031318,  2685.74
1568.44161052,  89934.9,  87767.4,  250.458936966,  855.192047725,  2686.06
1568.46204489,  89997.9,  87830.0,  250.458933391,  855.192391546,  2682.63
1568.48247945,  90007.1,  87834.6,  250.458627413,  855.192033015,  2686.83
1568.50291392,  90050.9,  87874.5,  250.458719782,  855.192431484,  2685.73
1568.52334848,  90067.2,  87896.8,  250.458700063,  855.192469917,  2683.2
1568.54378285,  90060.5,  87880.9,  250.458595648,  855.192264285,  2685.56
1568.56421721,  90106.3,  87925.3,  250.458864921,  855.192267295,  2687.79
1568.58465178,  90140.7,  87961.1,  250.458417031,  855.192555825,  2682.07
1568.60508624,  90147.2,  87960.0,  250.458926009,  855.192598816,  2684.35
1568.62552071,  90117.7,  87940.2,  250.458975842,  855.19235792,  2684.96
1568.64595518,  90120.7,  87940.7,  250.458421411,  855.192732408,  2683.56
1568.66638964,  90125.1,  87941.9,  250.458584856,  855.192605705,  2684.04
1568.68682421,  90110.0,  87935.7,  250.458761908,  855.192781981,  2679.5
1568.70725857,  90099.4,  87917.3,  250.458877288,  855.192618611,  2684.96
1568.72769304,  90091.1,  87912.8,  250.458578751,  855.192527225,  2684.65
1568.74812761,  90103.6,  87925.6,  250.458477666,  855.192860088,  2681.65
1568.76856208,  90066.3,  87886.5,  250.458767908,  855.192872275,  2682.02
1568.78899644,  90044.1,  87869.1,  250.458327804,  855.192944466,  2683.86
1568.80943101,  90004.0,  87835.3,  250.458084615,  855.193033976,  2682.13
1568.82986548,  89952.0,  87781.6,  250.458124471,  855.192376742,  2684.1
1568.85029995,  89947.4,  87782.6,  250.458292593,  855.192989169,  2684.35
1568.87073441,  89893.4,  87731.5,  250.458194273,  855.192900362,  2685.64
1568.89116888,  89867.9,  87707.5,  250.458171602,  855.193156427,  2680.6
1568.91160345,  89827.5,  87674.7,  250.457958956,  855.192961337,  2685.21
1568.93203782,  89766.5,  87615.9,  250.458597955,  855.192957639,  2683.78
1568.95247229,  89725.2,  87579.0,  250.458093377,  855.19315227,  2701.98
1568.97290686,  89691.3,  87552.0,  250.458290131,  855.193086244,  2682.57
1568.99334123,  89610.5,  87472.3,  250.458207101,  855.193266841,  2681.84
1569.0137757,  89526.9,  87399.1,  250.458036052,  855.193143617,  2682.82
1569.03421027,  89494.6,  87368.9,  250.458539023,  855.193357608,  2685.03
1569.05464464,  89447.3,  87319.8,  250.458080316,  855.193281449,  2685.76
1569.07507921,  89375.4,  87261.6,  250.457571633,  855.193323299,  2684.75
1569.09551368,  89294.1,  87183.9,  250.458154598,  855.193543759,  2689.47
1569.11594805,  89213.5,  87108.3,  250.457712164,  855.193345322,  2693.66
1569.13638262,  89128.9,  87036.8,  250.457971014,  855.193239654,  2693.65
1569.15681709,  89079.2,  86984.8,  250.45781881,  855.193498082,  2691.57
1569.17725146,  88970.0,  86887.5,  250.457870446,  855.193693779,  2693.6
1569.19768603,  88888.9,  86817.2,  250.457919061,  855.193267865,  2688.61
1569.2181204,  88808.5,  86737.3,  250.457951864,  855.193102668,  2693.84
1569.23855497,  88729.0,  86669.6,  250.457853648,  855.193861027,  2693.96
1569.25898944,  88651.8,  86597.5,  250.457828715,  855.193862231,  2692.27
1569.27942382,  88582.0,  86530.1,  250.457561424,  855.19348268,  2692.34
1569.29985839,  88499.9,  86460.2,  250.458024566,  855.193700548,  2693.76
1569.32029286,  88398.9,  86363.3,  250.457839475,  855.193607782,  2690.72
1569.34072733,  88319.8,  86292.0,  250.457973948,  855.193739396,  2692.47
1569.3611618,  88227.2,  86213.6,  250.457537911,  855.193857383,  2692.32
1569.38159628,  88143.0,  86126.6,  250.457513392,  855.193775787,  2691.0
1569.40203075,  88091.0,  86081.4,  250.457751086,  855.193804343,  2691.42
1569.42246522,  87941.2,  85947.2,  250.457720425,  855.193873847,  2691.84
1569.4428997,  87844.9,  85853.2,  250.457602666,  855.193990286,  2688.2
1569.46333427,  87767.5,  85788.1,  250.457955322,  855.194144279,  2685.73
1569.48376874,  87671.3,  85697.2,  250.457850628,  855.194039901,  2685.23
1569.50420312,  87572.9,  85604.2,  250.45761991,  855.19450321,  2682.8
1569.52463769,  87468.2,  85515.7,  250.457551234,  855.193988779,  2682.15
1569.54507217,  87359.5,  85410.2,  250.457896064,  855.194477984,  2681.09
1569.56550654,  87275.7,  85332.6,  250.457532629,  855.194135087,  2678.64
1569.58594112,  87181.2,  85250.0,  250.457601536,  855.194218926,  2679.9
1569.60637559,  87124.3,  85194.0,  250.457238299,  855.194265155,  2675.24
1569.62681017,  87013.8,  85097.0,  250.457539396,  855.194546144,  2678.85
1569.64724454,  86923.8,  85014.2,  250.457514155,  855.194416369,  2676.47
1569.68811359,  86750.2,  84854.5,  250.457275702,  855.194366006,  2673.77
1569.70854797,  86649.4,  84756.5,  250.457028695,  855.194279641,  2676.68
1569.72898244,  86560.6,  84671.3,  250.456913007,  855.194165356,  2674.58
1569.74941702,  86462.7,  84585.8,  250.456905082,  855.194301092,  2673.28
1569.76985139,  86376.7,  84503.2,  250.456424502,  855.194363705,  2673.06
1569.79028587,  86305.4,  84436.8,  250.456830782,  855.194261914,  2675.24
1569.81072045,  86226.0,  84368.7,  250.456884781,  855.194255838,  2672.12
1569.83115482,  86121.4,  84267.2,  250.456545306,  855.194172133,  2672.8
1569.8515894,  86035.5,  84189.8,  250.456836646,  855.194492843,  2674.9
1569.87202378,  85951.3,  84114.0,  250.456667244,  855.194295469,  2672.61
1569.89245826,  85889.9,  84052.2,  250.456221311,  855.194405206,  2673.95
1569.91289283,  85829.8,  84003.4,  250.456325899,  855.194395056,  2672.15
1569.93332721,  85747.4,  83924.0,  250.456824086,  855.194373676,  2672.92
1569.95376169,  85686.1,  83866.1,  250.456480152,  855.194576296,  2672.85
1569.97419627,  85607.1,  83799.3,  250.456413116,  855.194488943,  2673.52
1569.99463075,  85531.6,  83722.6,  250.456487616,  855.19408496,  2668.47
1570.01506522,  85460.0,  83659.3,  250.456420844,  855.194563748,  2670.63
1570.0354997,  85399.6,  83608.3,  250.456175517,  855.194682778,  2667.89
1570.05593418,  85337.0,  83543.2,  250.456077854,  855.194550649,  2668.52
1570.07636866,  85281.3,  83495.9,  250.456137618,  855.195015997,  2670.54
1570.09680314,  85201.4,  83420.9,  250.45610961,  855.194758514,  2669.39
1570.11723762,  85160.5,  83379.0,  250.456122828,  855.194718025,  2668.94
1570.1376722,  85119.1,  83348.5,  250.45650884,  855.194838164,  2671.35
1570.15810658,  85087.3,  83314.0,  250.456195927,  855.194682139,  2669.96
1570.17854116,  85043.4,  83273.2,  250.455722438,  855.194902187,  2670.36
1570.19897564,  84980.8,  83222.0,  250.4558443,  855.194573597,  2671.88
1570.21941002,  84954.9,  83192.4,  250.456077915,  855.194894126,  2668.84
1570.2398446,  84918.1,  83161.0,  250.456414373,  855.194725988,  2667.9
1570.26027908,  84870.5,  83120.4,  250.456382901,  855.194914056,  2667.47
1570.28071346,  84842.4,  83086.8,  250.456218983,  855.194874666,  2670.08
1570.30114804,  84794.0,  83048.2,  250.45601153,  855.195097045,  2669.91
1570.32158252,  84756.0,  83012.5,  250.455942855,  855.195012574,  2669.03
1570.3420169,  84721.6,  82974.9,  250.456139422,  855.194865471,  2671.31
1570.36245148,  84710.1,  82972.4,  250.45585911,  855.195181232,  2670.34
1570.38288597,  84708.5,  82966.2,  250.456059256,  855.19503013,  2666.59
1570.40332045,  84698.4,  82958.1,  250.456054657,  855.195167749,  2662.37
1570.42375493,  84657.5,  82924.8,  250.455896717,  855.195397538,  2665.39
1570.44418941,  84659.3,  82920.3,  250.456032491,  855.195142491,  2666.27
1570.46462389,  84642.7,  82909.4,  250.455483514,  855.195521108,  2661.6
1570.48505838,  84607.5,  82878.4,  250.455785558,  855.195155042,  2662.11
1570.50549286,  84511.8,  82784.2,  250.455820769,  855.195220634,  2660.69
1570.52592734,  84388.6,  82676.3,  250.456111991,  855.195328171,  2661.44
1570.54636182,  84255.7,  82555.8,  250.455498706,  855.195274168,  2662.08
1570.56679641,  84166.1,  82468.8,  250.455756476,  855.195439378,  2661.37
1570.58723079,  84109.4,  82423.1,  250.455571189,  855.195729214,  2658.65
1570.60766528,  84061.2,  82373.0,  250.455789729,  855.195350459,  2660.58
1570.62809986,  84041.1,  82355.8,  250.455565909,  855.195581902,  2660.37
1570.64853434,  84031.0,  82351.8,  250.455799891,  855.195818935,  2659.34
1570.66896873,  84072.4,  82383.5,  250.455196451,  855.196200616,  2660.0
1570.68940331,  84117.4,  82427.8,  250.455700752,  855.195646991,  2659.9
1570.7098378,  84248.6,  82551.7,  250.455609564,  855.196028316,  2656.48
1570.73027218,  84380.9,  82665.0,  250.455335336,  855.195706866,  2661.25
1570.75070677,  84523.6,  82802.3,  250.455744861,  855.195823767,  2660.17
1570.77114125,  84650.6,  82915.4,  250.455641262,  855.195913691,  2658.19
1570.79157584,  84700.2,  82959.1,  250.455445371,  855.19565515,  2658.71
1570.81201022,  84762.7,  83022.3,  250.455479426,  855.196093778,  2659.32
1570.83244471,  84776.7,  83030.5,  250.455423994,  855.195656033,  2658.54
1570.85287929,  84807.1,  83058.4,  250.455424353,  855.195878981,  2659.27
1570.87331368,  84834.0,  83086.8,  250.45547143,  855.195900613,  2659.29
1570.89374816,  84864.1,  83108.2,  250.455474809,  855.196120337,  2657.24
1570.91418275,  84899.1,  83146.7,  250.45546281,  855.196071893,  2658.86
1570.93461714,  84953.2,  83196.1,  250.455163381,  855.196096358,  2656.52
1570.95505172,  84978.6,  83213.7,  250.455238588,  855.196271359,  2654.12
1570.97548621,  85025.6,  83261.0,  250.455312233,  855.196275233,  2656.39
1570.9959206,  85064.5,  83295.8,  250.455106589,  855.19622183,  2653.56
1571.01635518,  85111.9,  83336.6,  250.455324782,  855.196355772,  2657.49
1571.03678967,  85163.6,  83390.2,  250.455174727,  855.196362851,  2656.28
1571.05722406,  85210.5,  83427.3,  250.455160417,  855.196436625,  2655.02
1571.07765865,  85261.7,  83476.1,  250.455125648,  855.196253383,  2653.54
1571.09809313,  85339.1,  83550.7,  250.454999135,  855.196448718,  2654.61
1571.11852752,  85385.5,  83587.2,  250.455118618,  855.196410502,  2654.94
1571.13896211,  85459.8,  83660.1,  250.455134558,  855.196125159,  2652.49
1571.1593966,  85510.4,  83706.7,  250.454983853,  855.196272964,  2656.58
1571.17983109,  85577.9,  83763.9,  250.455035986,  855.196490342,  2654.32
1571.20026558,  85658.7,  83842.4,  250.45480969,  855.196628056,  2653.36
1571.22070006,  85747.9,  83921.0,  250.455273467,  855.196345639,  2654.12
1571.24113455,  85800.6,  83967.5,  250.454640134,  855.196608182,  2657.4
1571.26156904,  85863.9,  84030.2,  250.455254958,  855.196436116,  2653.44
1571.28200353,  85959.0,  84114.3,  250.455201453,  855.196604047,  2651.72
1571.30243802,  86038.6,  84187.3,  250.454890633,  855.196700215,  2655.22
1571.32287251,  86124.8,  84269.1,  250.454856337,  855.196705158,  2654.85
1571.3433071,  86210.9,  84341.9,  250.454711146,  855.19673696,  2655.43
1571.36374159,  86265.5,  84395.2,  250.454869018,  855.196829343,  2655.24
1571.38417598,  86376.3,  84498.1,  250.454916116,  855.19704125,  2656.62
1571.40461057,  86439.9,  84551.5,  250.454785713,  855.196714791,  2655.4
1571.42504506,  86566.0,  84671.6,  250.454868794,  855.196666979,  2654.35
1571.44547945,  86626.6,  84724.5,  250.455192073,  855.197023406,  2655.86
1571.46591404,  86727.6,  84813.0,  250.454477635,  855.196913864,  2658.44
1571.48634854,  86824.7,  84910.8,  250.454366753,  855.197020335,  2657.65
1571.50678293,  86912.7,  84982.6,  250.454521359,  855.196923411,  2658.8
1571.52721752,  87025.8,  85089.1,  250.454955181,  855.197142585,  2656.58
1571.54765201,  87108.6,  85168.5,  250.454804505,  855.197227347,  2659.19
1571.5680866,  87217.0,  85259.4,  250.454778042,  855.197105824,  2657.19
1571.58852099,  87314.6,  85354.4,  250.454769884,  855.197318101,  2659.39
1571.60895549,  87422.8,  85453.0,  250.45496964,  855.196932774,  2660.75
1571.62939008,  87514.6,  85532.1,  250.454721712,  855.19716437,  2659.22
1571.64982447,  87633.4,  85648.5,  250.454814771,  855.197068318,  2662.08
1571.67025896,  87740.3,  85742.2,  250.454578343,  855.197170305,  2658.3
1571.69069356,  87843.1,  85834.0,  250.454476425,  855.197213777,  2658.35
1571.71112795,  87969.6,  85955.9,  250.454595308,  855.197385683,  2660.16
1571.73156254,  88070.2,  86040.4,  250.454891861,  855.197231513,  2660.43
1571.75199704,  88163.7,  86128.6,  250.454319751,  855.19711459,  2661.01
1571.77243143,  88259.8,  86220.8,  250.454233043,  855.19728738,  2660.93
1571.79286602,  88378.6,  86322.4,  250.45476935,  855.196847478,  2664.61
1571.81330052,  88497.4,  86436.1,  250.454359398,  855.197483314,  2661.04
1571.83373491,  88607.6,  86535.4,  250.454590556,  855.197056817,  2661.75
1571.8541695,  88747.9,  86659.2,  250.454560153,  855.19781845,  2660.56
1571.874604,  88852.8,  86762.8,  250.454406302,  855.19731687,  2663.54
1571.89503839,  88964.9,  86862.1,  250.454436212,  855.197351335,  2660.36
1571.91547299,  89034.1,  86922.7,  250.454353173,  855.197500893,  2660.18
1571.93590748,  89143.1,  87026.8,  250.454245758,  855.197457075,  2660.83
1571.95634208,  89256.7,  87124.3,  250.45451633,  855.197463175,  2660.44
1571.97677647,  89320.0,  87184.1,  250.454677277,  855.197541636,  2659.41
1571.99721097,  89436.7,  87298.0,  250.454296817,  855.197495675,  2657.12
1572.01764556,  89524.7,  87368.8,  250.454690633,  855.19782922,  2659.85
1572.03807996,  89612.1,  87454.8,  250.454083623,  855.197761131,  2657.53
1572.05851446,  89742.9,  87572.7,  250.454149863,  855.197767559,  2655.53
1572.07894905,  89794.8,  87614.4,  250.454715161,  855.197833845,  2658.42
1572.09938345,  89904.2,  87724.1,  250.454138537,  855.197857925,  2654.86
1572.11981805,  89993.2,  87799.9,  250.454670688,  855.197396093,  2655.22
1572.14025254,  90049.9,  87851.1,  250.453558591,  855.197823311,  2655.81
1572.16068694,  90181.7,  87974.6,  250.454545059,  855.197706742,  2654.46
1572.18112154,  90249.8,  88031.6,  250.454341165,  855.197804965,  2654.73
1572.20155603,  90294.4,  88074.4,  250.454318582,  855.197598446,  2655.12
1572.22199043,  90393.7,  88169.1,  250.454416872,  855.197658313,  2655.12
1572.24242503,  90469.8,  88229.9,  250.454241374,  855.197636483,  2654.31
1572.26285952,  90546.0,  88307.7,  250.454303098,  855.198037523,  2649.71
1572.28329402,  90608.2,  88361.5,  250.453630408,  855.197848947,  2650.23
1572.30372852,  90647.9,  88394.5,  250.454072483,  855.197938681,  2651.43
1572.32416302,  90723.1,  88468.6,  250.4544471,  855.197807547,  2648.31
1572.34459752,  90741.8,  88479.5,  250.45425291,  855.197767705,  2649.2
1572.36503202,  90816.8,  88548.5,  250.4536887,  855.197968967,  2650.2
1572.38546651,  90879.1,  88610.9,  250.454191792,  855.198248318,  2647.68
1572.40590101,  90928.7,  88648.8,  250.454283586,  855.198200314,  2648.92
1572.42633551,  90972.3,  88692.5,  250.454134815,  855.197613348,  2649.44
1572.44677001,  90994.1,  88712.7,  250.453764777,  855.198054288,  2645.53
1572.46720451,  91029.2,  88739.0,  250.454364836,  855.197594424,  2649.87
1572.48763901,  91077.6,  88790.6,  250.453673783,  855.198262881,  2649.6
1572.50807361,  91072.1,  88781.0,  250.454021724,  855.197869037,  2650.45
1572.52850811,  91124.3,  88828.8,  250.453679497,  855.197663062,  2649.12
1572.54894251,  91139.4,  88846.4,  250.454250487,  855.198380185,  2653.54
1572.56937711,  91181.9,  88881.6,  250.45387027,  855.198157921,  2649.16
1572.58981161,  91205.3,  88903.9,  250.453718852,  855.198225435,  2650.43
1572.61024601,  91193.1,  88895.6,  250.453923085,  855.198561953,  2650.23
1572.63068061,  91239.7,  88930.9,  250.454058573,  855.198090711,  2651.95
1572.67154951,  91255.4,  88946.7,  250.453554971,  855.19804672,  2650.91
1572.69198411,  91270.2,  88955.8,  250.45356706,  855.198322353,  2650.69
1572.71241861,  91239.6,  88930.9,  250.453770417,  855.198304469,  2656.84
1572.73285322,  91225.9,  88914.0,  250.453716758,  855.198108317,  2658.03
1572.75328762,  91227.2,  88912.2,  250.453301765,  855.197883699,  2658.33
1572.77372212,  91194.4,  88885.5,  250.454114139,  855.197928322,  2660.43
1572.79415672,  91152.0,  88839.9,  250.453346102,  855.197883287,  2661.63
1572.81459112,  91133.4,  88825.1,  250.453367803,  855.198085821,  2662.61
1572.83502562,  91112.5,  88808.3,  250.453537406,  855.19805096,  2664.2
1572.85546023,  91037.7,  88736.4,  250.453285954,  855.198377805,  2664.52
1572.87589463,  91008.9,  88713.5,  250.45328969,  855.197882056,  2670.34
1572.89632923,  90953.5,  88660.1,  250.453238972,  855.198162536,  2677.09
1572.91676374,  90893.7,  88600.3,  250.453169237,  855.198045466,  2672.87
1572.93719814,  90815.3,  88535.5,  250.45335913,  855.198241903,  2672.7
1572.95763274,  90781.9,  88497.3,  250.45322669,  855.198281618,  2674.88
1572.97806725,  90759.8,  88479.5,  250.453027683,  855.1981939,  2668.91
1572.99850175,  90675.3,  88404.0,  250.452898434,  855.198293045,  2663.03
1573.01893625,  90626.0,  88352.1,  250.453005045,  855.19812836,  2653.08
1573.03937076,  90591.9,  88323.6,  250.45305445,  855.198200037,  2649.4
1573.05980516,  90501.5,  88242.4,  250.452797136,  855.198389415,  2646.56
1573.08023976,  90438.5,  88176.3,  250.452850935,  855.198132444,  2647.85
1573.10067427,  90384.7,  88134.6,  250.453195553,  855.198292743,  2643.86
1573.12110877,  90315.4,  88066.7,  250.452742552,  855.198236241,  2647.24
1573.14154328,  90237.0,  87993.9,  250.453032011,  855.198204195,  2647.75
1573.16197778,  90146.2,  87914.1,  250.45303802,  855.198382126,  2644.32
1573.18241239,  90057.5,  87826.6,  250.452716454,  855.198215788,  2645.25
1573.20284679,  89962.3,  87743.6,  250.45278089,  855.198400451,  2645.02
1573.2232813,  89850.9,  87643.8,  250.452745388,  855.198203503,  2643.65
1573.2437159,  89777.8,  87572.2,  250.453113824,  855.198242295,  2641.25
1573.26415031,  89687.4,  87492.6,  250.452444412,  855.198579072,  2639.93
1573.28458492,  89593.6,  87406.7,  250.453091701,  855.198494133,  2638.62
1573.30501942,  89466.1,  87284.5,  250.452666191,  855.198736568,  2636.41
1573.32545383,  89384.9,  87218.7,  250.452593019,  855.198460369,  2635.97
1573.34588843,  89295.8,  87131.4,  250.452950881,  855.198650524,  2634.63
1573.36632294,  89209.9,  87053.3,  250.452469525,  855.198884582,  2630.25
1573.38675735,  89122.0,  86976.8,  250.452498802,  855.198754693,  2630.98
1573.40719195,  88987.3,  86845.5,  250.452723465,  855.198535153,  2633.2
1573.42762646,  88896.8,  86766.3,  250.45251883,  855.199040133,  2629.54
1573.44806087,  88812.3,  86691.6,  250.452943899,  855.198857713,  2628.0
1573.46849548,  88692.7,  86577.9,  250.45256955,  855.198961583,  2624.47
1573.48892998,  88596.3,  86493.7,  250.452504528,  855.198758882,  2625.41
1573.50936459,  88517.7,  86419.9,  250.452449953,  855.199077632,  2624.57
1573.529799,  88384.4,  86295.9,  250.452271827,  855.198774045,  2623.12
1573.55023351,  88290.9,  86215.4,  250.452388226,  855.199134861,  2621.71
1573.57066812,  88186.3,  86115.1,  250.452587948,  855.199096512,  2620.97
1573.59110252,  88058.7,  85996.9,  250.452243432,  855.198990502,  2620.53
1573.61153703,  87973.7,  85925.2,  250.452257501,  855.199186882,  2618.01
1573.63197164,  87893.6,  85843.6,  250.452457816,  855.199200112,  2620.05
1573.65240615,  87832.1,  85793.3,  250.45235957,  855.199299536,  2620.08
1573.67284066,  87743.0,  85711.4,  250.45205517,  855.19922728,  2616.44
1573.69327517,  87625.1,  85598.7,  250.452315298,  855.19929048,  2617.83
1573.71370958,  87553.0,  85538.3,  250.452218352,  855.199299512,  2619.31
1573.73414419,  87455.2,  85447.2,  250.452225531,  855.199381064,  2618.84
1573.7545787,  87345.9,  85344.2,  250.452138096,  855.199413792,  2619.95
1573.77501311,  87269.2,  85280.0,  250.452231772,  855.199191896,  2616.06
1573.79544772,  87217.7,  85227.7,  250.45218861,  855.199455917,  2615.4
1573.81588223,  87120.2,  85141.0,  250.452244042,  855.199603074,  2615.81
1573.83631664,  87028.2,  85060.3,  250.451793032,  855.199688172,  2614.03
1573.85675125,  86978.1,  85005.1,  250.451985492,  855.199487159,  2616.57
1573.87718576,  86879.8,  84922.5,  250.45192824,  855.199769951,  2617.51
1573.89762037,  86802.5,  84853.1,  250.451788611,  855.199680013,  2614.08
1573.91805478,  86744.3,  84795.5,  250.451834586,  855.199901915,  2616.0
1573.93848929,  86684.2,  84746.1,  250.451596078,  855.199790866,  2613.91
1573.9589239,  86564.1,  84631.6,  250.451793574,  855.199746589,  2615.12
1573.97935831,  86538.8,  84608.0,  250.451803534,  855.199927138,  2612.43
1573.99979282,  86453.4,  84536.0,  250.451510042,  855.200039954,  2613.91
1574.02022743,  86377.5,  84458.1,  250.451513124,  855.199889261,  2616.92
1574.04066185,  86323.0,  84412.2,  250.451850472,  855.200017193,  2612.62
1574.06109646,  86269.0,  84364.0,  250.451862285,  855.200160965,  2611.17
1574.08153097,  86206.3,  84301.2,  250.451567328,  855.199964786,  2615.14
1574.10196538,  86158.4,  84262.4,  250.451289751,  855.200363505,  2609.15
1574.1224,  86105.5,  84214.4,  250.451994381,  855.200063824,  2611.06
1574.14283451,  86038.6,  84147.4,  250.451824287,  855.200076301,  2607.71
1574.16326902,  86006.2,  84125.2,  250.451554494,  855.200115305,  2608.93
1574.18370353,  85962.8,  84079.1,  250.451674234,  855.200067638,  2611.5
1574.20413805,  85900.1,  84024.5,  250.451759806,  855.200151641,  2611.42
1574.22457256,  85892.4,  84021.9,  250.451411913,  855.200179558,  2606.86
1574.24500707,  85857.2,  83984.7,  250.452103719,  855.200429388,  2608.09
1574.26544159,  85825.9,  83955.6,  250.451620937,  855.200466672,  2609.61
1574.2858761,  85742.0,  83883.7,  250.451679625,  855.20083733,  2608.23
1574.30631071,  85673.3,  83812.9,  250.45129497,  855.200023606,  2608.12
1574.32674513,  85627.7,  83778.5,  250.451379846,  855.200380872,  2609.33
1574.34717964,  85594.8,  83743.6,  250.451295989,  855.200672178,  2606.97
1574.36761416,  85555.4,  83706.3,  250.451551144,  855.20033387,  2607.02
1574.38804867,  85518.6,  83677.3,  250.451646619,  855.200456477,  2607.45
1574.40848329,  85506.3,  83661.3,  250.451255981,  855.200516353,  2606.38
1574.4289177,  85500.3,  83656.5,  250.45139682,  855.200536333,  2603.55
1574.44935232,  85498.7,  83659.1,  250.451281422,  855.200354464,  2605.1
1574.46978683,  85521.3,  83670.5,  250.451355558,  855.200398193,  2605.73
1574.49022125,  85516.4,  83672.6,  250.451189259,  855.200603158,  2605.63
1574.51065586,  85543.8,  83697.8,  250.451503742,  855.200860514,  2605.32
1574.53109038,  85603.8,  83747.0,  250.451216224,  855.200473526,  2605.42
1574.55152479,  85617.4,  83766.4,  250.451498198,  855.200841992,  2605.99
1574.57195941,  85613.9,  83755.7,  250.451259086,  855.200656153,  2606.96
1574.59239393,  85612.5,  83754.6,  250.451269324,  855.200837777,  2607.24
1574.61282854,  85633.1,  83779.2,  250.451049159,  855.201058845,  2605.25
1574.63326296,  85637.5,  83780.8,  250.451600069,  855.20055803,  2601.84
1574.65369747,  85678.9,  83818.4,  250.45111161,  855.200802837,  2604.77
1574.67413209,  85708.7,  83848.0,  250.451237887,  855.200360983,  2605.56
1574.69456651,  85741.8,  83871.5,  250.451286496,  855.200784763,  2602.09
1574.71500102,  85754.2,  83888.5,  250.451135576,  855.2009682,  2603.11
1574.73543564,  85786.5,  83915.1,  250.451225564,  855.200736094,  2605.59
1574.75587006,  85804.4,  83930.7,  250.451581475,  855.20097157,  2603.6
1574.77630458,  85845.8,  83971.8,  250.450726205,  855.200732822,  2603.75
1574.79673919,  85907.5,  84023.9,  250.451288141,  855.200853104,  2600.57
1574.81717371,  85972.7,  84083.1,  250.451233027,  855.201119448,  2602.82
1574.83760823,  85991.6,  84105.6,  250.451141004,  855.200822282,  2600.1
1574.85804275,  86063.5,  84166.3,  250.450821487,  855.200950155,  2605.35
1574.87847727,  86115.5,  84216.1,  250.451214975,  855.201122347,  2598.6
1574.89891178,  86137.9,  84235.9,  250.450820844,  855.201052446,  2602.08
1574.9193463,  86202.7,  84290.8,  250.451197969,  855.200950418,  2602.56
1574.93978082,  86247.0,  84337.4,  250.451184583,  855.201033062,  2601.39
1574.96021534,  86298.4,  84380.8,  250.450969929,  855.201208732,  2598.62
1574.98064986,  86350.0,  84423.4,  250.451270073,  855.201140577,  2600.92
1575.00108438,  86417.1,  84492.0,  250.451238155,  855.200967324,  2600.89
1575.0215189,  86452.3,  84516.8,  250.450590485,  855.200802846,  2601.85
1575.04195342,  86542.9,  84602.5,  250.451156481,  855.20083942,  2599.15
1575.06238804,  86591.4,  84650.3,  250.450868151,  855.201392246,  2599.01
1575.08282246,  86636.4,  84684.8,  250.450961648,  855.200936936,  2598.62
1575.10325698,  86713.6,  84759.6,  250.450738866,  855.201379859,  2598.16
1575.1236916,  86777.2,  84815.5,  250.451130792,  855.201106704,  2599.42
1575.14412602,  86874.8,  84902.4,  250.450883082,  855.201174351,  2594.59
1575.16456054,  86940.4,  84967.7,  250.450819397,  855.201563047,  2594.27
1575.18499516,  86999.3,  85016.9,  250.450806248,  855.201199026,  2597.05
1575.20542958,  87119.9,  85128.2,  250.451137275,  855.201083243,  2599.57
1575.2258642,  87168.8,  85176.1,  250.451037205,  855.201183442,  2593.37
1575.24629872,  87239.8,  85236.4,  250.451034373,  855.201252472,  2596.54
1575.26673314,  87328.1,  85318.7,  250.450853683,  855.201480033,  2594.92
1575.28716776,  87392.3,  85378.9,  250.450965682,  855.201425333,  2594.17
1575.30760228,  87482.8,  85455.8,  250.450837045,  855.201207654,  2596.98
1575.32803671,  87553.9,  85527.0,  250.451199318,  855.201377946,  2594.15
1575.34847133,  87623.9,  85588.8,  250.450813969,  855.201673139,  2595.91
1575.36890585,  87730.2,  85682.1,  250.450699372,  855.201009503,  2593.47
1575.38934047,  87819.3,  85766.9,  250.450785411,  855.201656808,  2594.07
1575.40977489,  87932.5,  85867.1,  250.450704661,  855.201496037,  2594.82
1575.43020942,  88004.3,  85930.7,  250.451059796,  855.201445275,  2591.13
1575.45064404,  88075.9,  86002.0,  250.45057064,  855.201297009,  2593.95
1575.47107856,  88153.3,  86065.6,  250.45110679,  855.201340999,  2594.67
1575.49151298,  88209.1,  86121.2,  250.450582443,  855.201334523,  2591.04
1575.51194761,  88318.6,  86222.4,  250.450997562,  855.201660159,  2591.29
1575.53238213,  88404.4,  86292.9,  250.450607267,  855.20115012,  2590.28
1575.55281655,  88493.1,  86379.4,  250.450646309,  855.201714731,  2592.38
1575.57325118,  88578.9,  86456.5,  250.450578479,  855.201189305,  2591.4
1575.5936857,  88668.1,  86536.0,  250.450917991,  855.201336507,  2593.58
1575.61412022,  88752.1,  86616.4,  250.450867417,  855.201788584,  2588.9
1575.65498917,  88927.5,  86769.7,  250.450425772,  855.2012546,  2595.05
1575.6754238,  88999.8,  86837.1,  250.450588996,  855.201339345,  2589.98
1575.69585832,  89075.7,  86897.8,  250.45033473,  855.201354299,  2589.33
1575.71629274,  89137.3,  86959.3,  250.450360997,  855.201162499,  2588.18
1575.73672737,  89212.0,  87025.1,  250.450248419,  855.201293519,  2589.35
1575.75716189,  89296.7,  87097.2,  250.450444559,  855.200946133,  2588.64
1575.77759652,  89361.6,  87163.6,  250.450224543,  855.20133573,  2586.34
1575.79803094,  89396.5,  87188.2,  250.450122401,  855.201122765,  2587.66
1575.81846547,  89445.7,  87232.7,  250.449961037,  855.201347979,  2587.41
1575.83890009,  89504.8,  87290.9,  250.450213706,  855.20104226,  2589.48
1575.85933452,  89558.7,  87334.4,  250.450201886,  855.201081944,  2585.23
1575.87976905,  89618.5,  87390.8,  250.450199198,  855.201159784,  2584.94
1575.90020367,  89664.1,  87433.9,  250.450019381,  855.201350614,  2587.37
1575.9206381,  89712.4,  87471.0,  250.450041306,  855.201191265,  2587.56
1575.94107262,  89754.1,  87514.1,  250.450523411,  855.201128459,  2585.28
1575.96150725,  89778.6,  87532.8,  250.450299806,  855.201017669,  2585.04
1575.98194168,  89812.1,  87560.9,  250.450058744,  855.201205783,  2586.64
1576.0023763,  89839.6,  87590.5,  250.44999216,  855.201199732,  2583.47
1576.02281083,  89882.8,  87625.5,  250.450214778,  855.201064438,  2585.79
1576.04324536,  89935.9,  87673.4,  250.449997251,  855.201261535,  2582.63
1576.06367988,  89938.0,  87678.8,  250.450246538,  855.201000524,  2584.44
1576.08411441,  89958.0,  87690.2,  250.450052689,  855.201232514,  2586.47
1576.10454894,  89952.8,  87689.2,  250.449962319,  855.201367217,  2584.0
1576.12498346,  89976.6,  87712.1,  250.449689823,  855.201154318,  2585.39
1576.14541799,  89992.0,  87717.6,  250.449988879,  855.201116606,  2585.51
1576.16585252,  89979.7,  87715.5,  250.450092138,  855.201375785,  2583.32
1576.18628715,  89957.9,  87689.7,  250.450014616,  855.200897234,  2584.5
1576.20672158,  89978.5,  87707.7,  250.450191125,  855.201262126,  2581.71
1576.2271562,  89972.4,  87706.8,  250.450202767,  855.201394869,  2582.15
1576.24759073,  89960.4,  87688.9,  250.44990955,  855.201173662,  2582.58
1576.26802516,  89948.5,  87680.1,  250.449630746,  855.201651363,  2580.6
1576.28845979,  89944.0,  87677.7,  250.450194423,  855.201398111,  2585.02
1576.30889422,  89937.5,  87667.3,  250.44983404,  855.201262017,  2582.16
1576.32932875,  89864.3,  87606.9,  250.449934747,  855.201325787,  2582.1
1576.34976338,  89839.7,  87580.8,  250.449992296,  855.201550494,  2582.91
1576.39063243,  89805.3,  87550.4,  250.449706903,  855.201566675,  2583.55
1576.41106696,  89756.7,  87502.6,  250.449676323,  855.202054643,  2582.07
1576.43150139,  89750.7,  87495.8,  250.449489036,  855.201613019,  2583.18
1576.45193602,  89729.1,  87483.0,  250.449853914,  855.202023034,  2576.68
1576.47237055,  89662.4,  87415.7,  250.449590051,  855.201321483,  2580.58
1576.49280498,  89602.3,  87362.8,  250.449560561,  855.201707183,  2583.01
1576.51323961,  89564.9,  87330.5,  250.449631437,  855.201543028,  2579.47
1576.53367414,  89495.9,  87262.4,  250.449895947,  855.201926215,  2579.4
1576.55410867,  89434.9,  87213.3,  250.449601924,  855.201808995,  2579.9
1576.5745432,  89383.0,  87161.2,  250.449609783,  855.201904032,  2580.76
1576.59497774,  89329.4,  87111.4,  250.449661588,  855.201690971,  2578.22
1576.61541237,  89270.8,  87063.1,  250.449455969,  855.201957855,  2579.5
1576.6358468,  89217.7,  87008.5,  250.449754902,  855.201897742,  2577.68
1576.65628133,  89149.5,  86950.2,  250.449822355,  855.201526418,  2578.81
1576.67671596,  89061.4,  86871.1,  250.449236141,  855.201593555,  2579.43
1576.69715049,  89011.1,  86819.6,  250.449575587,  855.201664801,  2577.83
1576.71758492,  88945.0,  86763.1,  250.449110851,  855.202298722,  2575.15
1576.73801955,  88859.0,  86684.1,  250.449703233,  855.202241031,  2578.57
1576.75845409,  88809.3,  86634.0,  250.44927759,  855.202097471,  2576.82
1576.77888862,  88732.8,  86570.8,  250.449372358,  855.201864775,  2577.93
1576.79932315,  88661.2,  86499.9,  250.449369642,  855.202228105,  2575.59
1576.81975768,  88581.4,  86428.2,  250.449160287,  855.202217032,  2577.26
1576.84019232,  88505.6,  86360.5,  250.449176942,  855.202152238,  2577.38
1576.86062675,  88432.8,  86291.3,  250.449371383,  855.20193772,  2577.02
1576.88106128,  88360.5,  86227.6,  250.449531548,  855.202320735,  2578.97
1576.90149591,  88249.2,  86125.8,  250.448993838,  855.202425997,  2574.42
1576.92193035,  88190.2,  86068.6,  250.449177846,  855.202357636,  2575.23
1576.94236488,  88108.5,  85998.6,  250.44925787,  855.202514587,  2575.79
1576.96279941,  88038.4,  85930.6,  250.449119357,  855.202539048,  2576.39
1576.98323395,  87949.3,  85848.3,  250.449051952,  855.202291981,  2573.05
1577.00366858,  87873.5,  85786.7,  250.448948032,  855.20250853,  2571.83
1577.02410301,  87768.9,  85682.7,  250.449300614,  855.202704639,  2575.99
1577.04453755,  87707.2,  85628.0,  250.449249069,  855.202756778,  2573.38
1577.06497218,  87608.1,  85541.1,  250.448707463,  855.202565723,  2573.96
1577.08540662,  87521.0,  85455.1,  250.448934989,  855.202581712,  2573.15
1577.10584115,  87423.2,  85370.4,  250.449091963,  855.202619968,  2572.7
1577.12627579,  87322.3,  85279.1,  250.448960914,  855.202792048,  2571.9
1577.14671022,  87222.7,  85184.5,  250.449046788,  855.202489381,  2570.95
1577.16714485,  87128.8,  85102.2,  250.448907428,  855.202806708,  2571.19
1577.18757939,  87041.9,  85019.9,  250.449010433,  855.202785385,  2570.14
1577.20801382,  86956.6,  84942.3,  250.44868101,  855.202940372,  2571.69
1577.22844846,  86855.4,  84852.7,  250.448621829,  855.202761517,  2572.08
1577.248883,  86759.8,  84762.4,  250.448824614,  855.202951255,  2568.88
1577.26931753,  86700.6,  84711.3,  250.44900288,  855.202671368,  2572.23
1577.28975207,  86608.1,  84627.8,  250.448728873,  855.203122994,  2572.35
1577.3101866,  86532.1,  84553.5,  250.448855716,  855.202708045,  2570.28
1577.33062114,  86421.4,  84456.6,  250.448733726,  855.202905166,  2568.78
1577.35105577,  86344.2,  84382.8,  250.448727413,  855.203030691,  2570.6
1577.37149021,  86260.3,  84304.7,  250.448507713,  855.203017092,  2570.35
1577.39192485,  86178.9,  84234.7,  250.448581898,  855.203017848,  2572.84
1577.41235938,  86107.8,  84165.1,  250.448701423,  855.203000623,  2566.6
1577.43279382,  86018.4,  84084.0,  250.448949237,  855.202825775,  2567.69
1577.45322846,  85955.4,  84030.0,  250.448874049,  855.203432351,  2567.92
1577.47366299,  85908.9,  83981.4,  250.448341202,  855.202979717,  2568.48
1577.49409743,  85847.1,  83929.4,  250.448557544,  855.203159716,  2567.81
1577.51453207,  85759.4,  83848.1,  250.448960894,  855.203177469,  2565.48
1577.5349666,  85686.5,  83777.8,  250.448435574,  855.202969169,  2567.58
1577.55540114,  85602.2,  83705.7,  250.448476591,  855.203410804,  2567.69
1577.57583568,  85556.6,  83659.8,  250.448557092,  855.203126017,  2566.67
1577.59627012,  85486.5,  83596.4,  250.448651266,  855.203521158,  2566.08
1577.61670476,  85441.5,  83558.5,  250.448341904,  855.203636721,  2566.56
1577.63713929,  85366.5,  83483.3,  250.448245188,  855.20311157,  2567.1
1577.65757373,  85315.9,  83441.8,  250.448901923,  855.203245603,  2566.31
1577.67800837,  85271.9,  83402.9,  250.448158428,  855.203822608,  2565.44
1577.69844291,  85237.9,  83366.1,  250.448826763,  855.203593657,  2566.1
1577.71887745,  85153.1,  83294.3,  250.448237601,  855.203517484,  2571.27
1577.73931199,  85121.5,  83262.5,  250.448218496,  855.203591531,  2562.34
1577.75974652,  85050.9,  83194.3,  250.449024126,  855.20332748,  2565.94
1577.78018116,  85027.6,  83178.6,  250.44834396,  855.203469534,  2565.03
1577.8006156,  85005.9,  83153.8,  250.448847013,  855.203565849,  2562.97
1577.82105014,  84938.6,  83093.1,  250.448558424,  855.203487551,  2565.34
1577.84148478,  84923.8,  83084.1,  250.448199515,  855.203833144,  2562.84
1577.86191932,  84896.9,  83052.3,  250.44817396,  855.203578391,  2559.21
1577.88235376,  84836.6,  83002.5,  250.44837807,  855.203698053,  2562.87
1577.9027884,  84821.8,  82986.6,  250.448413294,  855.203816762,  2563.56
1577.92322294,  84820.8,  82983.4,  250.448563323,  855.203633257,  2563.59
1577.94365748,  84791.8,  82962.0,  250.448407773,  855.203691626,  2559.76
1577.96409202,  84765.0,  82933.5,  250.448161425,  855.203900431,  2558.44
1577.98452656,  84762.6,  82933.0,  250.448504709,  855.203848957,  2560.06
1578.0049611,  84703.9,  82881.5,  250.447908257,  855.203784229,  2561.89
1578.02539564,  84712.4,  82883.0,  250.448450454,  855.203770911,  2560.45
1578.04583018,  84622.6,  82805.4,  250.447854031,  855.203871549,  2561.83
1578.06626482,  84507.0,  82700.5,  250.448236778,  855.203628067,  2574.09
1578.08669926,  84405.0,  82602.0,  250.44799152,  855.204115857,  2564.69
1578.1071338,  84289.5,  82503.0,  250.448001754,  855.204053157,  2560.72
1578.12756845,  84217.4,  82432.7,  250.447836851,  855.204002608,  2559.69
1578.14800289,  84160.1,  82378.4,  250.448401756,  855.203636993,  2560.95
1578.16843753,  84161.4,  82382.7,  250.448363966,  855.204037705,  2558.58
1578.18887207,  84149.4,  82367.2,  250.447720073,  855.203792491,  2559.54
1578.20930651,  84176.9,  82395.2,  250.448354976,  855.204037634,  2558.38
1578.22974115,  84222.0,  82438.7,  250.448165482,  855.203993323,  2558.81
1578.2501756,  84324.4,  82527.0,  250.448075161,  855.203750512,  2557.98
1578.27061014,  84428.7,  82626.3,  250.447861792,  855.204104476,  2555.57
1578.29104478,  84574.0,  82756.6,  250.44796334,  855.204157089,  2559.2
1578.31147922,  84700.9,  82868.7,  250.448161381,  855.204008138,  2559.79
1578.33191387,  84813.8,  82978.3,  250.4482155,  855.204599365,  2559.89
1578.35234841,  84808.4,  82969.1,  250.44790905,  855.203903969,  2559.25
1578.37278285,  84834.3,  82991.5,  250.448141983,  855.203769709,  2558.39
1578.3932175,  84858.0,  83018.0,  250.447670425,  855.203879334,  2559.43
1578.41365204,  84926.7,  83074.4,  250.447848118,  855.204015126,  2558.23
1578.43408658,  84961.6,  83110.3,  250.448120355,  855.203803279,  2554.66
1578.45452112,  85000.8,  83145.5,  250.447782078,  855.204085827,  2557.86
1578.47495567,  85062.2,  83197.9,  250.447871761,  855.204065794,  2555.05
1578.49539021,  85090.8,  83229.1,  250.44759517,  855.20420986,  2554.58
1578.51582476,  85157.0,  83285.9,  250.44803733,  855.204116296,  2558.37
1578.5362593,  85173.4,  83299.6,  250.448088949,  855.204284872,  2555.64
1578.55669394,  85192.3,  83320.9,  250.447755098,  855.204389605,  2558.23
1578.57712849,  85271.8,  83388.1,  250.447750305,  855.204072572,  2558.49
1578.59756293,  85303.1,  83418.1,  250.447968531,  855.204255925,  2555.24
1578.63843212,  85406.6,  83507.4,  250.447602004,  855.204382897,  2553.61
1578.65886657,  85451.8,  83551.6,  250.447616626,  855.204203378,  2553.48
1578.67930121,  85515.2,  83605.5,  250.447342716,  855.204225667,  2554.77
1578.69973576,  85573.4,  83657.0,  250.447376718,  855.204052668,  2553.47
1578.7201702,  85644.2,  83724.9,  250.447604834,  855.203761706,  2554.11
1578.74060485,  85719.4,  83786.9,  250.447420262,  855.204279388,  2554.91
1578.76103939,  85804.0,  83866.0,  250.447265406,  855.203992301,  2550.8
1578.78147404,  85873.2,  83932.2,  250.447357092,  855.203921165,  2550.88
1578.80190848,  85968.2,  84013.3,  250.447788938,  855.20372871,  2553.52
1578.82234303,  86039.8,  84080.9,  250.446660991,  855.203619468,  2554.31
1578.84277768,  86103.1,  84138.0,  250.447230832,  855.204246754,  2551.99
1578.86321212,  86152.8,  84180.8,  250.44739792,  855.204093859,  2551.16
1578.88364667,  86231.0,  84255.6,  250.447148424,  855.203958012,  2551.79
1578.90408121,  86310.7,  84324.2,  250.447362958,  855.204028552,  2552.56
1578.92451576,  86391.8,  84398.8,  250.447223346,  855.2039809,  2550.13
1578.94495041,  86492.3,  84492.9,  250.446902069,  855.204139293,  2551.4
1578.96538485,  86574.0,  84564.2,  250.446925024,  855.20406472,  2551.0
1578.9858194,  86672.4,  84653.1,  250.447320427,  855.20409202,  2549.82
1579.00625405,  86769.5,  84745.1,  250.447188705,  855.204014368,  2550.34
1579.0266885,  86875.3,  84834.1,  250.447119832,  855.203853137,  2549.8
1579.04712304,  86999.0,  84952.8,  250.447059601,  855.203722018,  2550.52
1579.06755769,  87078.1,  85020.3,  250.447252248,  855.204047291,  2549.12
1579.08799224,  87189.2,  85120.8,  250.447019422,  855.203864277,  2549.02
1579.10842669,  87284.7,  85214.3,  250.447225269,  855.204101045,  2553.3
1579.12886133,  87392.5,  85307.8,  250.447025057,  855.204008351,  2547.14
1579.14929588,  87501.5,  85406.8,  250.447004099,  855.203968416,  2545.66
1579.16973043,  87615.6,  85515.4,  250.447162875,  855.203859432,  2549.44
1579.19016498,  87716.5,  85600.0,  250.447093314,  855.203631786,  2546.47
1579.21059953,  87804.9,  85686.6,  250.446816556,  855.204014375,  2546.31
1579.23103417,  87915.1,  85787.5,  250.446913216,  855.203873043,  2543.76
1579.25146862,  88011.8,  85870.6,  250.447031777,  855.204080134,  2547.5
1579.27190317,  88071.8,  85931.2,  250.447134342,  855.204199908,  2546.97
1579.29233782,  88183.6,  86029.5,  250.446933528,  855.203798936,  2545.47
1579.31277227,  88324.7,  86157.8,  250.447221307,  855.203946692,  2546.29
1579.33320692,  88413.5,  86244.0,  250.447074905,  855.20418768,  2547.27
1579.35364147,  88508.2,  86325.1,  250.447079146,  855.20383913,  2546.49
1579.37407592,  88596.4,  86407.9,  250.447009712,  855.204245686,  2543.84
1579.39451057,  88690.8,  86494.5,  250.446953258,  855.204211106,  2541.55
1579.41494512,  88821.4,  86610.7,  250.446805472,  855.204166577,  2541.21
1579.43537957,  88944.7,  86729.4,  250.446789143,  855.20426371,  2544.09
1579.45581422,  89021.2,  86797.2,  250.446502417,  855.204350617,  2546.33
1579.47624877,  89150.6,  86913.5,  250.447150118,  855.204478039,  2542.98
1579.49668322,  89231.2,  86992.4,  250.447047936,  855.204125362,  2544.9
1579.51711787,  89352.7,  87097.5,  250.446846744,  855.204110289,  2546.29
1579.53755232,  89428.0,  87168.7,  250.447008513,  855.204216015,  2543.76
1579.55798697,  89513.6,  87250.1,  250.446557011,  855.204166457,  2545.27
1579.57842152,  89607.2,  87331.5,  250.446720235,  855.204339645,  2545.54
1579.59885607,  89705.2,  87423.5,  250.446791638,  855.204319969,  2543.2
1579.61929062,  89804.2,  87513.0,  250.446384335,  855.204535793,  2545.03
1579.63972517,  89900.6,  87598.7,  250.446882117,  855.204374854,  2543.08
1579.66015972,  89991.5,  87689.1,  250.446534293,  855.204534321,  2538.18
1579.68059427,  90073.5,  87756.0,  250.446501715,  855.204492905,  2542.87
1579.70102882,  90136.8,  87815.2,  250.446810178,  855.204238991,  2543.64
1579.72146348,  90204.7,  87883.2,  250.446886694,  855.204647055,  2542.5
1579.74189803,  90307.3,  87971.9,  250.446498668,  855.20440133,  2541.98
1579.76233248,  90386.5,  88045.8,  250.446284259,  855.204786473,  2539.46
1579.78276713,  90442.1,  88099.6,  250.446172594,  855.205264734,  2537.83
1579.80320168,  90517.7,  88162.7,  250.446462556,  855.204895124,  2539.16
1579.82363614,  90587.0,  88232.7,  250.446470481,  855.204553827,  2539.01
1579.84407079,  90645.8,  88282.4,  250.446114735,  855.204945504,  2538.63
1579.86450534,  90739.9,  88366.3,  250.446843157,  855.20435577,  2538.72
1579.88493979,  90787.7,  88416.2,  250.446155344,  855.204764902,  2539.36
1579.90537445,  90819.5,  88440.8,  250.446280255,  855.204798543,  2538.88
1579.925809,  90871.6,  88488.0,  250.446159119,  855.204572328,  2540.16
1579.94624365,  90915.5,  88533.0,  250.446137826,  855.204877245,  2538.02
1579.9666781,  90960.1,  88569.4,  250.446203804,  855.204645429,  2535.36
1579.98711266,  90982.3,  88593.5,  250.446431187,  855.204973894,  2532.23
1580.00754731,  91053.2,  88657.9,  250.446236007,  855.204940189,  2535.29
1580.02798176,  91083.7,  88680.8,  250.446213769,  855.20479843,  2534.07
1580.04841632,  91114.2,  88715.1,  250.446363664,  855.204802107,  2538.83
1580.06885097,  91152.1,  88746.5,  250.446236432,  855.204944706,  2533.39
1580.08928542,  91144.8,  88738.5,  250.446481234,  855.205153003,  2535.82
1580.10971998,  91146.6,  88746.2,  250.445949859,  855.205148595,  2534.02
1580.13015463,  91171.1,  88761.7,  250.446421314,  855.204869696,  2534.39
1580.15058909,  91204.5,  88796.6,  250.446084622,  855.205190554,  2533.28
1580.17102374,  91201.4,  88794.9,  250.446104893,  855.204954276,  2530.62
1580.1914582,  91206.0,  88794.0,  250.446143365,  855.204945659,  2532.6
1580.21189275,  91220.2,  88812.7,  250.445928689,  855.205123817,  2533.58
1580.2323274,  91229.7,  88820.0,  250.445869159,  855.205064539,  2530.82
1580.25276186,  91218.7,  88806.3,  250.445810137,  855.205086522,  2530.52
1580.27319641,  91190.5,  88788.2,  250.446083175,  855.205266629,  2530.25
1580.29363107,  91203.8,  88794.7,  250.446234651,  855.204946784,  2528.4
1580.31406562,  91190.4,  88784.4,  250.445810133,  855.205238339,  2530.34
1580.33450018,  91185.8,  88781.9,  250.445816784,  855.205062231,  2529.82
1580.35493474,  91146.1,  88741.4,  250.446402478,  855.205333455,  2530.34
1580.37536929,  91146.4,  88744.5,  250.446127608,  855.205461217,  2530.01
1580.39580385,  91100.8,  88703.3,  250.446180167,  855.205273984,  2527.95
1580.4162384,  91053.7,  88653.4,  250.445424336,  855.205386247,  2529.2
1580.43667296,  91024.8,  88633.9,  250.445542296,  855.2057514,  2528.46
1580.45710761,  90994.4,  88604.1,  250.445857207,  855.205743578,  2528.5
1580.47754207,  90928.6,  88543.6,  250.445889948,  855.205442012,  2528.72
1580.49797663,  90909.5,  88531.4,  250.445833133,  855.205576721,  2527.53
1580.51841128,  90834.0,  88454.3,  250.445640508,  855.205535941,  2528.41
1580.53884574,  90803.7,  88432.6,  250.445988418,  855.205395735,  2521.97
1580.5592804,  90754.0,  88387.9,  250.445083533,  855.205677491,  2527.46
1580.57971495,  90688.1,  88322.9,  250.445731807,  855.205729579,  2526.4
1580.60014941,  90629.2,  88272.1,  250.445735306,  855.205595987,  2524.52
1580.62058407,  90540.7,  88188.1,  250.445791331,  855.205466579,  2526.99
1580.64101862,  90452.3,  88105.9,  250.445507983,  855.20548408,  2523.29
1580.66145308,  90400.6,  88065.1,  250.445837685,  855.20565898,  2526.93
1580.68188774,  90319.7,  87985.4,  250.445440676,  855.20584827,  2525.44
1580.7023223,  90231.8,  87906.1,  250.445906083,  855.205496586,  2524.54
1580.72275695,  90144.6,  87830.8,  250.445279019,  855.205776928,  2521.82
1580.74319141,  90053.9,  87740.2,  250.445518164,  855.20578921,  2520.9
1580.76362597,  89961.1,  87662.8,  250.445495551,  855.205839129,  2521.8
1580.78406063,  89877.2,  87581.4,  250.445347659,  855.205769893,  2523.37
1580.80449509,  89779.0,  87490.4,  250.445772031,  855.206178428,  2522.16
1580.82492964,  89680.4,  87407.6,  250.44551778,  855.206075308,  2520.44
1580.8453642,  89596.6,  87323.8,  250.445050237,  855.205862674,  2523.37
1580.86579876,  89541.1,  87274.4,  250.44535817,  855.206129912,  2521.62
1580.88623332,  89423.0,  87170.7,  250.445447113,  855.206142861,  2522.41
1580.90666788,  89304.6,  87055.8,  250.444845819,  855.205944192,  2522.6
1580.92710244,  89195.9,  86959.1,  250.44521824,  855.206154226,  2521.07
1580.9475371,  89112.2,  86883.4,  250.445717454,  855.206066579,  2521.29
1580.96797166,  89022.3,  86798.5,  250.445246648,  855.20583092,  2521.19
1580.98840611,  88926.2,  86715.5,  250.44540329,  855.206386063,  2520.59
1581.00884077,  88820.3,  86615.8,  250.445404053,  855.205837211,  2521.34
1581.02927533,  88749.2,  86548.6,  250.445051625,  855.206414175,  2521.19
1581.04970979,  88663.8,  86477.0,  250.444974387,  855.205889761,  2518.2
1581.07014445,  88553.5,  86370.2,  250.445075251,  855.206407973,  2518.12
1581.09057901,  88470.4,  86293.6,  250.445604837,  855.206072985,  2519.6
1581.11101367,  88384.3,  86220.8,  250.445032354,  855.20654162,  2518.05
1581.13144813,  88286.8,  86124.2,  250.444956408,  855.206389951,  2516.27
1581.15188269,  88159.1,  86012.1,  250.44504272,  855.206213683,  2519.77
1581.17231735,  88072.5,  85933.0,  250.445056289,  855.206390728,  2517.28
1581.19275181,  87981.3,  85845.4,  250.445316062,  855.206634928,  2518.05
1581.21318637,  87883.7,  85762.3,  250.444829363,  855.206080909,  2519.83
1581.23362103,  87775.5,  85659.3,  250.444721194,  855.206639521,  2516.44
1581.25405549,  87705.7,  85595.4,  250.444669127,  855.206366063,  2516.62
1581.27449006,  87626.9,  85527.0,  250.444777799,  855.206980816,  2515.39
1581.29492472,  87557.6,  85458.0,  250.44504789,  855.206634599,  2514.96
1581.31535918,  87432.2,  85346.0,  250.444802216,  855.206404863,  2516.56
1581.33579384,  87358.9,  85280.4,  250.444596559,  855.20701151,  2515.71
1581.3562284,  87256.7,  85180.6,  250.444880125,  855.206702787,  2515.04
1581.37666296,  87184.4,  85123.3,  250.444888701,  855.206919828,  2515.48
1581.39709752,  87106.5,  85047.5,  250.444413964,  855.206573296,  2516.27
1581.41753208,  87040.9,  84984.9,  250.444878656,  855.206713143,  2512.45
1581.43796665,  86938.8,  84898.7,  250.444966904,  855.206798951,  2514.04
1581.45840121,  86849.0,  84810.2,  250.444468565,  855.206890497,  2514.66
1581.47883577,  86795.2,  84763.3,  250.44462654,  855.206671177,  2517.04
1581.49927033,  86724.8,  84701.9,  250.444657745,  855.206753902,  2514.66
1581.5197049,  86664.6,  84641.1,  250.444607198,  855.206675198,  2511.61
1581.54013946,  86599.0,  84586.4,  250.44474751,  855.206998923,  2513.08
1581.56057402,  86545.2,  84534.9,  250.444093321,  855.206745186,  2512.94
1581.58100858,  86458.3,  84455.0,  250.444146028,  855.206900294,  2512.3
1586.83268781,  88148.2,  86310.4,  250.43343201,  855.216012418,  2454.5
1586.8531225,  88266.3,  86423.2,  250.432624427,  855.215963862,  2456.46
1586.87355699,  88372.5,  86514.7,  250.432953233,  855.215807571,  2454.5
1586.89399168,  88472.4,  86604.5,  250.433152774,  855.216211843,  2454.51
1586.91442627,  88595.4,  86720.4,  250.43297386,  855.216451822,  2453.34
1586.93486076,  88714.5,  86821.0,  250.43299525,  855.216250702,  2456.04
1586.95529545,  88811.3,  86913.5,  250.433545943,  855.216308811,  2452.67
1586.97573004,  88873.2,  86967.2,  250.433222863,  855.216379798,  2454.95
1586.99616463,  88999.4,  87077.0,  250.433172247,  855.216413614,  2451.97
1587.01659922,  89084.8,  87159.6,  250.433238189,  855.216588132,  2454.65
1587.03703381,  89189.6,  87247.2,  250.433208371,  855.216688933,  2452.78
1587.0574685,  89285.8,  87335.0,  250.432891386,  855.216389024,  2454.45
1587.07790309,  89380.5,  87422.6,  250.432879112,  855.216986169,  2453.45
1587.09833758,  89486.4,  87512.0,  250.43311546,  855.216579949,  2452.43
1587.11877227,  89582.5,  87600.3,  250.43278419,  855.216728556,  2451.68
1587.13920686,  89645.5,  87657.1,  250.432577761,  855.216865939,  2454.99
1587.15964135,  89750.7,  87749.0,  250.432706819,  855.216825598,  2451.27
1587.18007604,  89842.1,  87831.9,  250.432768097,  855.216884897,  2452.16
1587.20051063,  89907.8,  87887.7,  250.432723254,  855.21677016,  2453.28
1587.22094522,  89999.6,  87965.5,  250.432530606,  855.216994242,  2453.3
1587.24137981,  90050.1,  88017.0,  250.432476828,  855.217115243,  2452.73
1587.2618143,  90162.7,  88114.8,  250.432304258,  855.216997138,  2454.74
1587.28224899,  90229.1,  88172.0,  250.432679483,  855.217302778,  2452.15
1587.30268358,  90277.3,  88217.3,  250.432643511,  855.217216708,  2452.48
1587.32311807,  90362.4,  88286.8,  250.433108266,  855.216927218,  2453.71
1587.34355276,  90434.3,  88351.7,  250.431881934,  855.217325988,  2454.72
1587.36398735,  90480.8,  88393.8,  250.432129988,  855.217280659,  2451.59
1587.38442204,  90552.9,  88451.4,  250.43247453,  855.217436872,  2451.68
1587.40485653,  90606.0,  88501.8,  250.43226542,  855.217179772,  2454.91
1587.42529113,  90704.4,  88587.4,  250.432155621,  855.217155333,  2451.6
1587.44572582,  90709.6,  88588.0,  250.43285921,  855.2172093,  2450.35
1587.46616031,  90749.0,  88627.5,  250.431736522,  855.217998185,  2451.14
1587.50702959,  90848.5,  88707.3,  250.432785257,  855.217321199,  2448.79
1587.52746408,  90892.2,  88746.7,  250.432412551,  855.217037766,  2451.76
1587.54789877,  90949.6,  88791.4,  250.432589294,  855.21728065,  2450.95
1587.56833337,  90971.6,  88811.5,  250.432564519,  855.217342072,  2454.11
1587.58876796,  90992.7,  88828.8,  250.432632003,  855.2171131,  2453.66
1587.60920255,  91017.1,  88842.7,  250.432659981,  855.217131798,  2453.0
1587.62963714,  91041.0,  88868.2,  250.432595984,  855.217231082,  2451.75
1587.65007173,  91076.8,  88894.6,  250.43305976,  855.21689019,  2451.2
1587.67050633,  91077.0,  88892.5,  250.433051546,  855.217269001,  2452.06
1587.69094092,  91087.9,  88902.3,  250.433077961,  855.21707988,  2454.41
1587.71137561,  91093.8,  88901.4,  250.43343413,  855.216752947,  2453.29
1587.7318101,  91091.3,  88897.0,  250.433079948,  855.217084786,  2453.57
1587.7522447,  91103.6,  88909.0,  250.43388087,  855.216709207,  2452.43
1587.77267939,  91096.7,  88893.0,  250.433444922,  855.216727495,  2451.19
1587.79311398,  91059.7,  88862.9,  250.433525715,  855.217138272,  2449.78
1587.81354847,  91054.1,  88854.1,  250.433869898,  855.216579716,  2450.1
1587.83398317,  91044.3,  88840.3,  250.433684349,  855.216756646,  2451.58
1587.85441766,  91016.3,  88816.1,  250.434094182,  855.216464058,  2449.77
1587.87485235,  90999.9,  88792.8,  250.433719294,  855.216818124,  2450.58
1587.89528695,  90964.0,  88758.7,  250.433534208,  855.216820092,  2450.2
1587.91572144,  90920.2,  88719.4,  250.43388607,  855.216566922,  2450.71
1587.93615613,  90889.6,  88685.0,  250.434471819,  855.21648163,  2449.19
1587.95659073,  90874.0,  88671.6,  250.434503925,  855.216322504,  2451.62
1587.97702522,  90838.4,  88637.8,  250.434031666,  855.216653329,  2447.49
1587.99745991,  90767.8,  88564.7,  250.434604394,  855.21634851,  2449.83
1588.01789451,  90742.8,  88543.9,  250.433726566,  855.216473147,  2448.26
1588.038329,  90701.9,  88502.7,  250.434881185,  855.216367308,  2450.16
1588.0587637,  90616.6,  88422.7,  250.434182042,  855.216157675,  2448.27
1588.07919829,  90551.1,  88365.2,  250.43483486,  855.216174119,  2448.11
1588.09963298,  90514.6,  88320.7,  250.434405528,  855.216078888,  2450.79
1588.12006748,  90449.0,  88263.7,  250.434706636,  855.216202757,  2448.6
1588.14050207,  90370.6,  88191.2,  250.434460769,  855.216083705,  2447.54
1588.16093677,  90298.1,  88117.6,  250.435038223,  855.215984706,  2448.39
1588.18137126,  90229.2,  88057.8,  250.435259647,  855.215692314,  2448.91
1588.20180585,  90162.7,  87991.0,  250.435175755,  855.21598935,  2446.66
1588.22224055,  90085.4,  87918.5,  250.434596994,  855.215934903,  2445.05
1588.24267504,  90012.8,  87852.0,  250.435302233,  855.215846436,  2445.88
1588.26310974,  89908.2,  87749.4,  250.434946827,  855.215641842,  2444.27
1588.28354433,  89841.6,  87688.5,  250.435033631,  855.215933297,  2443.85
1588.30397893,  89734.7,  87592.8,  250.435277095,  855.215538741,  2443.88
1588.32441352,  89648.8,  87505.6,  250.435149055,  855.215432587,  2447.61
1588.34484812,  89547.9,  87415.2,  250.435299447,  855.215607475,  2446.9
1588.36528271,  89455.3,  87329.1,  250.435280693,  855.215642959,  2445.17
1588.38571731,  89358.4,  87233.7,  250.435286153,  855.215418801,  2443.59
1588.4061519,  89239.5,  87128.6,  250.435192685,  855.215520435,  2444.75
1588.4265865,  89161.8,  87052.9,  250.435343196,  855.215367466,  2442.93
1588.44702119,  89085.8,  86979.0,  250.435291005,  855.215477356,  2441.05
1588.46745569,  88970.2,  86878.4,  250.435417462,  855.215377231,  2440.61
1588.48789038,  88852.8,  86763.3,  250.435521951,  855.215291578,  2438.82
1588.50832488,  88743.7,  86663.1,  250.435337364,  855.2155297,  2442.16
1588.52875947,  88633.4,  86563.6,  250.435100563,  855.215654593,  2443.02
1588.54919417,  88528.6,  86460.1,  250.435598659,  855.215038069,  2442.86
1588.56962867,  88472.7,  86412.9,  250.435616953,  855.215145615,  2440.05
1588.59006326,  88349.4,  86296.8,  250.435295298,  855.215305726,  2440.93
1588.61049796,  88255.6,  86205.9,  250.435488026,  855.215336276,  2443.76
1588.63093245,  88141.1,  86104.2,  250.435523444,  855.215096372,  2440.01
1588.65136715,  88047.0,  86012.5,  250.435284096,  855.215219592,  2440.89
1588.67180175,  87940.7,  85914.5,  250.435527955,  855.215314621,  2440.68
1588.69223624,  87866.6,  85849.1,  250.435516062,  855.215333598,  2438.3
1588.71267094,  87752.0,  85736.6,  250.435583892,  855.215076968,  2438.49
1588.73310553,  87640.6,  85637.0,  250.435336277,  855.215072082,  2437.56
1588.75354003,  87542.6,  85545.3,  250.435742638,  855.214856778,  2438.75
1588.77397473,  87465.6,  85470.8,  250.435685563,  855.21507309,  2438.89
1588.79440932,  87355.2,  85373.8,  250.435677007,  855.215215921,  2436.03
1588.81484392,  87307.0,  85323.4,  250.435223775,  855.215410815,  2437.81
1588.83527852,  87221.3,  85243.2,  250.435753788,  855.214959103,  2436.73
1588.85571311,  87139.1,  85172.0,  250.435524488,  855.214864057,  2436.8
1588.87614781,  87066.4,  85098.6,  250.435859191,  855.215195401,  2435.13
1588.89658231,  87007.1,  85044.6,  250.435756187,  855.215010129,  2437.24
1588.9170169,  86897.4,  84944.6,  250.435853356,  855.214954039,  2436.18
1588.9374516,  86796.2,  84847.3,  250.435740831,  855.215016966,  2436.15
1588.9578862,  86704.9,  84766.4,  250.435426383,  855.21515162,  2434.13
1588.9783207,  86655.2,  84718.4,  250.435608889,  855.21531444,  2435.11
1588.99875539,  86603.7,  84667.1,  250.435538785,  855.21484969,  2434.75
1589.01918999,  86489.0,  84566.4,  250.43552069,  855.215331853,  2435.71
1589.03962449,  86433.7,  84509.0,  250.435775455,  855.214909951,  2436.86
1589.06005919,  86353.1,  84436.9,  250.435705616,  855.214860018,  2432.46
1589.08049378,  86277.0,  84367.5,  250.435501846,  855.214853621,  2433.39
1589.10092848,  86225.1,  84312.6,  250.436042358,  855.214861296,  2435.59
1589.12136298,  86163.8,  84259.7,  250.435855605,  855.215128771,  2433.47
1589.14179758,  86109.1,  84208.4,  250.435498414,  855.214885371,  2433.03
1589.16223217,  86003.0,  84105.2,  250.435660018,  855.215082618,  2434.33
1589.18266677,  85990.5,  84098.5,  250.435539439,  855.214942965,  2434.42
1589.20310127,  85918.2,  84027.6,  250.435907713,  855.21477463,  2432.19
1589.22353597,  85853.3,  83965.1,  250.435364993,  855.214541968,  2433.0
1589.24397057,  85832.0,  83950.6,  250.435925824,  855.214995508,  2430.54
1589.26440527,  85774.1,  83893.2,  250.435602169,  855.214595428,  2429.69
1589.28483976,  85732.0,  83854.0,  250.435639007,  855.214588777,  2431.85
1589.30527436,  85697.9,  83824.5,  250.435818383,  855.214746008,  2432.45
1589.32570906,  85655.6,  83779.0,  250.435735155,  855.214860004,  2430.33
1589.34614356,  85624.9,  83753.1,  250.43565281,  855.21461512,  2431.96
1589.36657816,  85567.6,  83698.0,  250.435782938,  855.214889533,  2428.72
1589.38701286,  85495.8,  83629.5,  250.435731511,  855.214497407,  2432.45
1589.40744736,  85453.4,  83595.3,  250.435724406,  855.214726138,  2429.6
1589.42788195,  85409.1,  83550.4,  250.435955845,  855.214579346,  2431.04
1589.44831665,  85374.8,  83517.4,  250.435599276,  855.214691064,  2430.61
1589.46875125,  85341.0,  83489.6,  250.435575213,  855.214664208,  2430.78
1589.48918585,  85318.9,  83463.1,  250.435416411,  855.214533259,  2430.06
1589.50962045,  85306.7,  83453.5,  250.435954589,  855.214513297,  2429.42
1589.53005505,  85313.1,  83459.6,  250.435753556,  855.214746274,  2429.65
1589.55048965,  85313.6,  83451.9,  250.435703965,  855.214233125,  2428.59
1589.57092425,  85373.5,  83509.7,  250.435903985,  855.214426992,  2431.3
1589.59135885,  85370.3,  83507.8,  250.435407641,  855.214487294,  2427.87
1589.61179355,  85392.7,  83524.3,  250.435773182,  855.214801374,  2428.54
1589.63222805,  85402.1,  83538.9,  250.43580571,  855.214551069,  2428.24
1589.65266265,  85401.5,  83530.1,  250.435696353,  855.214652452,  2428.2
1589.67309735,  85410.7,  83540.2,  250.435662383,  855.214159402,  2430.23
1589.69353185,  85452.5,  83581.4,  250.435522239,  855.214712938,  2429.38
1589.71396655,  85505.5,  83623.8,  250.436028504,  855.21427967,  2427.72
1589.73440115,  85488.5,  83610.7,  250.435603399,  855.214602316,  2427.53
1589.75483565,  85529.2,  83644.4,  250.436209682,  855.214500617,  2428.34
1589.77527035,  85556.0,  83666.0,  250.435236899,  855.214199823,  2425.86
1589.79570495,  85582.5,  83697.4,  250.435460573,  855.214265389,  2427.94
1589.81613945,  85611.3,  83716.5,  250.43506398,  855.214469131,  2429.05
1589.85700865,  85670.5,  83772.3,  250.435564172,  855.214529167,  2428.84
1589.87744335,  85684.2,  83779.4,  250.435714751,  855.214242828,  2426.25
1589.89787795,  85723.3,  83818.0,  250.435658997,  855.21453881,  2427.6
1589.91831245,  85766.4,  83857.8,  250.435669496,  855.214458014,  2425.9
1589.93874715,  85800.9,  83881.1,  250.43554142,  855.214477223,  2428.01
1589.95918175,  85852.7,  83932.8,  250.435538654,  855.21441504,  2426.76
1589.97961625,  85892.1,  83968.3,  250.435687211,  855.214307438,  2423.71
1590.00005095,  85960.9,  84027.0,  250.435497512,  855.214296301,  2426.88
1590.02048555,  86005.6,  84074.4,  250.435479449,  855.214518833,  2424.5
1590.04092015,  86064.9,  84122.2,  250.435582415,  855.214141284,  2424.65
1590.06135476,  86142.5,  84192.8,  250.435246099,  855.214404777,  2425.93
1590.08178936,  86173.3,  84226.0,  250.435632568,  855.214500062,  2425.69
1590.10222406,  86244.0,  84282.2,  250.435252169,  855.214563034,  2425.0
1590.12265856,  86322.0,  84358.6,  250.435483906,  855.214290648,  2423.01
1590.14309316,  86388.3,  84416.5,  250.435388043,  855.214379786,  2424.38
1590.16352786,  86461.6,  84480.6,  250.435248983,  855.214266283,  2424.77
1590.18396246,  86527.7,  84546.7,  250.435070475,  855.214437531,  2424.19
1590.20439696,  86619.2,  84626.4,  250.435753866,  855.214272234,  2425.99
1590.22483167,  86703.4,  84702.2,  250.435350974,  855.214285663,  2422.95
1590.24526627,  86756.4,  84753.5,  250.43525555,  855.21438893,  2424.56
1590.26570077,  86850.5,  84833.3,  250.435293319,  855.21427633,  2424.03
1590.28613547,  86907.0,  84888.8,  250.43527555,  855.214235446,  2423.45
1590.30657007,  87002.8,  84977.8,  250.435556702,  855.214213406,  2423.95
1590.32700477,  87087.8,  85049.5,  250.435478365,  855.214245357,  2423.53
1590.34743928,  87202.9,  85157.9,  250.435393454,  855.214394241,  2422.87
1590.36787388,  87256.0,  85204.1,  250.435398555,  855.213912419,  2421.03
1590.38830858,  87361.1,  85298.0,  250.435218586,  855.214421196,  2421.7
1590.40874308,  87429.7,  85364.7,  250.4354085,  855.214275073,  2426.95
1590.42917769,  87514.5,  85437.5,  250.435641423,  855.21422099,  2419.87
1590.44961229,  87612.8,  85528.9,  250.435436462,  855.214018847,  2422.87
1590.47004689,  87677.0,  85588.6,  250.435274598,  855.214347874,  2421.32
1590.49048159,  87776.6,  85672.7,  250.435425615,  855.213883041,  2423.9
1590.5109161,  87866.4,  85761.1,  250.435352144,  855.214361726,  2422.71
1590.5313507,  87982.8,  85864.1,  250.435439026,  855.21404906,  2419.79
1590.5517854,  88069.8,  85939.9,  250.435526272,  855.214084407,  2419.72
1590.5722199,  88171.0,  86037.7,  250.435039683,  855.214491678,  2419.88
1590.59265451,  88248.0,  86104.1,  250.435495663,  855.213922893,  2422.31
1590.61308921,  88350.7,  86197.5,  250.435137073,  855.214179202,  2421.55
1590.63352371,  88426.9,  86271.7,  250.435114767,  855.214144542,  2420.63
1590.65395832,  88529.8,  86356.2,  250.435541103,  855.214079126,  2422.14
1590.67439302,  88615.6,  86437.6,  250.435348355,  855.215015591,  2421.05
1590.69482762,  88652.9,  86475.4,  250.435083222,  855.213841619,  2424.0
1590.71526222,  88760.2,  86566.8,  250.435566495,  855.213537141,  2422.38
1590.73569683,  88834.3,  86638.4,  250.435479669,  855.213711842,  2421.8
1590.75613143,  88895.7,  86692.4,  250.435695334,  855.213873448,  2418.89
1590.77656603,  88986.1,  86774.5,  250.435490731,  855.213391889,  2419.84
1590.79700064,  89041.4,  86827.8,  250.435364456,  855.214105897,  2422.1
1590.81743524,  89119.8,  86892.4,  250.435292634,  855.213708094,  2419.67
1590.83786994,  89198.8,  86967.4,  250.435663011,  855.2136004,  2421.23
1590.85830445,  89273.2,  87038.1,  250.435590363,  855.21370425,  2421.2
1590.87873905,  89349.2,  87099.7,  250.435498643,  855.213679039,  2417.49
1590.89917376,  89401.2,  87153.6,  250.43548298,  855.213458182,  2421.49
1590.91960826,  89473.6,  87218.5,  250.435751049,  855.213563155,  2418.18
1590.94004296,  89511.4,  87246.8,  250.435632205,  855.213564001,  2417.94
1590.96047757,  89551.3,  87292.6,  250.435388147,  855.213696978,  2418.89
1590.98091207,  89603.8,  87300.1,  250.433313903,  855.213875494,  2418.93
1591.00134678,  89644.6,  87350.5,  250.435482248,  855.213684757,  2417.26
