Kepler I.D.-----Channel

[8330092]--------[56]

-TTYPE1--------TTYPE8------------TTYPE4-----------TTYPE15------------TTYPE17-----------TTYPE6

['TIME']---['PDCSAP_FLUX']---['SAP_FLUX']---['MOM_CENTR1']---['MOM_CENTR2']---['SAP_BKG']

['BJD - 2454833']--['e-/s']--------['e-/s']---------['pixel']---------['pixel']----------['e-/s']

CROWDSAP --- 0.9722

8330092

1559.24581895,  54474.6,  47205.9,  244.569317177,  606.238710066,  2575.35
1559.26625304,  53903.7,  46727.2,  244.569164153,  606.239179733,  2574.62
1559.28668723,  54517.7,  47243.1,  244.569176834,  606.238606724,  2575.53
1559.30712123,  55362.3,  47953.1,  244.569294327,  606.237117596,  2575.76
1559.32755532,  55996.9,  48488.7,  244.56909506,  606.238169145,  2572.92
1559.34798952,  56194.1,  48653.2,  244.569159912,  606.237580696,  2575.91
1559.36842351,  55977.8,  48472.7,  244.569066822,  606.238920833,  2570.33
1559.38885771,  55391.2,  47979.2,  244.56938005,  606.23898714,  2573.77
1559.40929181,  54495.3,  47222.2,  244.569584351,  606.239481837,  2572.74
1559.4297259,  53981.7,  46791.1,  244.569782632,  606.239980095,  2574.41
1559.45016,  54492.6,  47222.0,  244.569614235,  606.240069777,  2570.57
1559.47059409,  55250.0,  47858.9,  244.569809927,  606.239382333,  2573.95
1559.49102819,  55730.9,  48264.2,  244.569919308,  606.239104769,  2573.27
1559.51146229,  55932.3,  48434.3,  244.570219803,  606.239040031,  2571.0
1559.53189639,  55708.7,  48245.2,  244.571228479,  606.238638954,  2570.68
1559.55233048,  55069.9,  47709.6,  244.570097905,  606.240229763,  2573.49
1559.57276458,  54240.8,  47009.7,  244.569947663,  606.240520427,  2571.38
1559.59319868,  53833.0,  46667.6,  244.570241989,  606.241067468,  2572.23
1559.61363278,  54689.9,  47389.7,  244.570423753,  606.240897238,  2571.77
1559.63406688,  55513.1,  48081.4,  244.570279551,  606.240587857,  2571.49
1559.65450098,  56001.6,  48492.8,  244.570198837,  606.24059385,  2569.72
1559.67493518,  56231.0,  48686.1,  244.570400322,  606.240133558,  2569.72
1559.69536918,  55735.9,  48269.4,  244.570640953,  606.240709939,  2569.76
1559.71580328,  55155.0,  47780.8,  244.570479028,  606.241335513,  2568.86
1559.73623748,  54265.8,  47032.4,  244.57082293,  606.241813268,  2570.7
1559.75667148,  53961.6,  46777.2,  244.570501629,  606.241834553,  2569.09
1559.77710568,  54800.1,  47481.7,  244.57040375,  606.24218927,  2568.42
1559.79753978,  55387.0,  47975.4,  244.570945518,  606.241517919,  2568.23
1559.81797378,  55845.8,  48361.5,  244.570889898,  606.241059237,  2568.35
1559.83840798,  56001.8,  48494.1,  244.57039141,  606.241125742,  2566.4
1559.85884208,  55474.0,  48048.6,  244.570817104,  606.241490502,  2567.71
1559.87927609,  54979.2,  47634.5,  244.571338916,  606.241997776,  2566.85
1559.89971029,  54003.5,  46811.9,  244.571197476,  606.242486062,  2567.81
1559.92014439,  53950.7,  46767.7,  244.571381,  606.242864699,  2566.75
1559.94057859,  54995.0,  47647.2,  244.571272883,  606.242461796,  2569.14
1559.9610126,  55587.7,  48146.6,  244.571125974,  606.241741776,  2567.98
1559.9814467,  56066.2,  48548.4,  244.571505014,  606.240868407,  2565.9
1560.0018809,  56105.1,  48582.7,  244.571024963,  606.241783648,  2565.74
1560.02231491,  55529.6,  48095.2,  244.571353676,  606.242209093,  2566.42
1560.04274901,  54922.4,  47585.8,  244.571278652,  606.24349206,  2565.27
1560.06318322,  54020.9,  46828.0,  244.571907844,  606.243034188,  2567.22
1560.08361722,  54066.1,  46864.3,  244.571848009,  606.243598627,  2565.6
1560.10405143,  54991.5,  47644.1,  244.571765271,  606.243469518,  2568.22
1560.12448553,  55480.8,  48055.4,  244.57172018,  606.242674532,  2565.52
1560.14491954,  55981.8,  48476.9,  244.571690943,  606.242216534,  2565.21
1560.16535375,  55906.5,  48416.5,  244.571353205,  606.243225434,  2563.9
1560.18578785,  55407.7,  47993.9,  244.572390899,  606.243175372,  2566.66
1560.20622186,  54756.9,  47446.0,  244.572348975,  606.243453546,  2566.11
1560.22665606,  53884.8,  46713.2,  244.571853076,  606.244295827,  2563.61
1560.24709017,  54300.9,  47061.2,  244.571657474,  606.244173862,  2563.35
1560.26752418,  55168.2,  47791.2,  244.572104247,  606.243424213,  2564.18
1560.28795839,  55811.7,  48334.5,  244.571713638,  606.243189096,  2565.25
1560.30839249,  56142.3,  48611.9,  244.571865317,  606.243181474,  2562.91
1560.3288266,  55974.2,  48472.2,  244.571337237,  606.243024833,  2562.5
1560.34926071,  55436.0,  48017.6,  244.571658163,  606.243683904,  2564.32
1560.36969482,  54622.7,  47333.6,  244.57172945,  606.2444921,  2563.13
1560.39012903,  53964.1,  46779.2,  244.571843597,  606.244828202,  2562.99
1560.41056304,  54290.2,  47052.8,  244.572052924,  606.244285357,  2561.48
1560.43099715,  55129.0,  47759.3,  244.57201459,  606.244068872,  2563.29
1560.45143136,  55618.3,  48171.7,  244.571903011,  606.244150611,  2562.19
1560.47186537,  55926.5,  48429.5,  244.57250689,  606.243860079,  2562.65
1560.49229958,  55765.0,  48294.7,  244.57242697,  606.243722635,  2562.69
1560.51273369,  55228.3,  47842.7,  244.572194764,  606.244504165,  2563.18
1560.5331677,  54498.1,  47226.8,  244.572066697,  606.245358965,  2562.32
1560.55360191,  53903.8,  46729.3,  244.572487715,  606.244707894,  2561.68
1560.57403602,  54449.8,  47187.8,  244.572591863,  606.245211115,  2560.38
1560.59447003,  55398.1,  47985.6,  244.57292248,  606.243631434,  2561.79
1560.61490424,  55851.8,  48368.6,  244.572123655,  606.24433677,  2563.21
1560.63533836,  56174.8,  48638.8,  244.572891462,  606.244127528,  2560.34
1560.65577247,  55892.7,  48401.5,  244.572913608,  606.244571761,  2559.76
1560.67620658,  55316.6,  47917.5,  244.572225579,  606.244977335,  2559.89
1560.69664069,  54468.5,  47203.4,  244.572983081,  606.245512651,  2560.71
1560.73750892,  54480.3,  47213.3,  244.572389807,  606.245512531,  2559.82
1560.75794303,  55218.5,  47835.1,  244.573317995,  606.245038336,  2559.0
1560.77837725,  55696.7,  48235.8,  244.572904036,  606.244419252,  2562.32
1560.79881126,  55944.2,  48445.0,  244.572940711,  606.244435991,  2559.9
1560.81924538,  55713.2,  48250.4,  244.573181127,  606.244488674,  2561.46
1560.83967959,  55054.8,  47699.0,  244.57380685,  606.245111269,  2570.29
1560.96228429,  56217.4,  48684.6,  244.572029959,  606.244382146,  2577.92
1560.9827183,  55732.4,  48272.3,  244.573733731,  606.244194838,  2580.58
1561.00315252,  55090.8,  47732.4,  244.573261479,  606.245609616,  2582.37
1561.02358664,  54205.9,  46987.9,  244.573491316,  606.245163623,  2577.73
1561.04402086,  53856.4,  46693.6,  244.573132076,  606.245268793,  2573.55
1561.06445487,  54700.8,  47404.4,  244.572867674,  606.246684808,  2576.48
1561.08488899,  55295.1,  47903.3,  244.572851909,  606.245536363,  2572.44
1561.10532321,  55862.3,  48380.9,  244.573085168,  606.245014081,  2572.33
1561.12575723,  55895.1,  48405.8,  244.573690922,  606.245247347,  2571.42
1561.14619135,  55543.1,  48107.7,  244.573853956,  606.244944451,  2571.85
1561.16662557,  54865.2,  47537.2,  244.573368046,  606.246457518,  2570.89
1561.18705959,  54031.1,  46838.3,  244.573724859,  606.247413772,  2569.75
1561.2074937,  54086.4,  46883.2,  244.573621618,  606.246255206,  2567.33
1561.22792792,  55013.1,  47664.1,  244.573695875,  606.24616566,  2566.11
1561.24836194,  55709.8,  48248.9,  244.57403198,  606.245663416,  2566.0
1561.26879617,  56105.3,  48580.4,  244.573725,  606.245619869,  2565.23
1561.28923029,  56161.8,  48629.7,  244.573020173,  606.245964284,  2562.64
1561.30966441,  55601.8,  48156.6,  244.573645768,  606.245945131,  2562.31
1561.33009853,  54840.1,  47517.0,  244.573775577,  606.246783609,  2558.95
1561.35053265,  54080.3,  46877.6,  244.573991785,  606.247691778,  2560.14
1561.37096677,  53994.6,  46803.5,  244.574249173,  606.247107131,  2559.33
1561.39140089,  54937.9,  47599.2,  244.573267718,  606.246227301,  2558.74
1561.41183502,  55449.9,  48030.2,  244.573550252,  606.246198913,  2559.01
1561.43226924,  55831.7,  48349.2,  244.574045113,  606.246053403,  2559.8
1561.45270326,  55899.6,  48407.2,  244.574078568,  606.246675927,  2557.01
1561.47313738,  55254.1,  47862.3,  244.5735252,  606.246575616,  2559.09
1561.49357151,  54724.8,  47417.8,  244.573959203,  606.247193019,  2556.88
1561.51400563,  53820.4,  46658.4,  244.573668074,  606.247866266,  2559.62
1561.53443975,  54228.0,  47000.3,  244.574202688,  606.247333439,  2557.5
1561.55487398,  55213.1,  47829.2,  244.574266673,  606.246525627,  2557.15
1561.575308,  55721.9,  48258.3,  244.573598619,  606.24656695,  2555.87
1561.59574213,  56138.0,  48607.4,  244.574162559,  606.24624839,  2557.46
1561.61617635,  55978.5,  48474.3,  244.573809278,  606.246832864,  2555.05
1561.63661038,  55358.1,  47952.2,  244.574533725,  606.24727087,  2554.29
1561.6570446,  54710.5,  47405.2,  244.574752568,  606.247110974,  2554.52
1561.67747873,  53832.1,  46666.6,  244.574037298,  606.247851919,  2555.02
1561.69791276,  54290.4,  47051.9,  244.574427599,  606.248011455,  2554.01
1561.71834698,  55118.7,  47749.5,  244.574620325,  606.247851076,  2553.14
1561.73878111,  55609.8,  48162.5,  244.574295252,  606.247177165,  2556.16
1561.75921514,  55969.7,  48464.3,  244.574875,  606.247178198,  2551.77
1561.77964936,  55809.4,  48329.7,  244.574818629,  606.24774082,  2555.51
1561.80008349,  55254.3,  47864.5,  244.574726615,  606.247265793,  2552.85
1561.82051772,  54518.4,  47243.1,  244.574938283,  606.248697566,  2551.91
1561.84095174,  53833.9,  46668.9,  244.575553593,  606.248443596,  2552.34
1561.86138587,  54512.0,  47238.9,  244.575023006,  606.248549821,  2551.07
1561.8818201,  55402.9,  47988.3,  244.574965425,  606.247802215,  2552.71
1561.90225413,  55844.9,  48360.5,  244.575143668,  606.247361778,  2551.26
1561.92268826,  56225.1,  48679.1,  244.574505101,  606.247570835,  2550.9
1561.94312249,  55851.4,  48365.6,  244.574888406,  606.248385949,  2551.97
1561.96355652,  55270.4,  47878.5,  244.574989356,  606.248489349,  2546.77
1561.98399065,  54423.4,  47162.7,  244.575436516,  606.248796869,  2548.85
1562.00442488,  53830.0,  46665.6,  244.574838978,  606.249847429,  2548.93
1562.02485901,  54499.2,  47228.7,  244.575225241,  606.249090671,  2549.53
1562.04529314,  55144.8,  47770.9,  244.574988485,  606.24842912,  2547.27
1562.06572727,  55757.3,  48286.4,  244.574857132,  606.248531469,  2547.24
1562.0861613,  55933.1,  48433.3,  244.575108597,  606.248164685,  2549.15
1562.10659553,  55672.6,  48215.0,  244.57500298,  606.248777185,  2548.69
1562.12702966,  55076.8,  47713.2,  244.575222449,  606.249176077,  2548.51
1562.14746369,  54148.8,  46930.6,  244.575459303,  606.249544507,  2548.91
1562.16789793,  53874.9,  46702.3,  244.575233362,  606.249656204,  2545.54
1562.18833206,  54647.6,  47352.4,  244.575862736,  606.249336599,  2546.87
1562.20876629,  55549.5,  48110.7,  244.575255388,  606.248658318,  2547.43
1562.22920032,  55999.2,  48489.5,  244.575338836,  606.248636526,  2545.1
1562.24963446,  56135.1,  48604.3,  244.575307832,  606.248936799,  2547.21
1562.27006869,  55746.2,  48276.1,  244.575511823,  606.24905253,  2545.02
1562.29050272,  54964.7,  47620.3,  244.575282066,  606.249622486,  2546.25
1562.31093686,  54169.1,  46949.4,  244.575116978,  606.250118601,  2545.67
1562.33137109,  53907.6,  46728.8,  244.575652924,  606.250269575,  2546.53
1562.35180513,  54626.2,  47333.6,  244.575314706,  606.25031928,  2545.98
1562.37223936,  55460.0,  48036.1,  244.575643489,  606.249252289,  2547.01
1562.3926735,  55753.6,  48283.4,  244.575560238,  606.249142327,  2545.0
1562.41310753,  55976.1,  48470.4,  244.575125962,  606.249228371,  2547.63
1562.43354177,  55499.3,  48068.7,  244.575480142,  606.249852468,  2546.25
1562.4539759,  54825.8,  47502.1,  244.575420039,  606.250073162,  2543.82
1562.47440994,  54010.2,  46816.3,  244.575402085,  606.250836759,  2546.01
1562.49484417,  53989.1,  46796.1,  244.575527982,  606.250775395,  2544.49
1562.51527831,  54957.1,  47612.3,  244.575720553,  606.250142974,  2544.96
1562.53571245,  55724.6,  48257.9,  244.57574666,  606.250031629,  2544.72
1562.55614659,  56075.2,  48552.8,  244.576035164,  606.250057563,  2545.07
1562.57658072,  56120.5,  48591.8,  244.575373318,  606.249499772,  2543.79
1562.59701496,  55542.2,  48102.9,  244.575498843,  606.250327744,  2544.73
1562.617449,  54759.5,  47444.9,  244.575897413,  606.251002454,  2545.34
1562.63788314,  54002.3,  46808.3,  244.575856869,  606.251165166,  2544.97
1562.65831737,  53992.5,  46799.5,  244.575917984,  606.251889673,  2544.02
1562.67875151,  54927.6,  47585.8,  244.576006869,  606.250811906,  2546.29
1562.69918555,  55462.4,  48037.3,  244.575554601,  606.250274178,  2546.28
1562.71961979,  55844.1,  48357.7,  244.576013937,  606.250341725,  2542.76
1562.74005383,  55864.4,  48374.9,  244.575761646,  606.25045786,  2545.52
1562.76048807,  55280.6,  47883.8,  244.575526572,  606.251266689,  2543.88
1562.78092221,  54666.0,  47364.7,  244.576277209,  606.251357298,  2545.19
1562.80135625,  53849.2,  46679.8,  244.576035702,  606.251479999,  2544.21
1562.82179049,  54215.5,  46987.5,  244.576381067,  606.2520576,  2542.91
1562.84222463,  55317.0,  47913.1,  244.577001418,  606.251039254,  2544.2
1562.86265867,  55747.7,  48277.2,  244.576286154,  606.2506049,  2544.75
1562.88309291,  56248.2,  48696.4,  244.576183733,  606.250777212,  2545.54
1562.90352705,  55944.5,  48442.2,  244.576473942,  606.250355437,  2541.99
1562.9239611,  55371.3,  47958.6,  244.576376931,  606.251153774,  2544.06
1562.94439534,  54602.9,  47312.8,  244.576471266,  606.252185026,  2542.89
1562.96482948,  53833.0,  46664.9,  244.576142278,  606.252634231,  2544.09
1562.98526372,  54284.4,  47044.9,  244.575881589,  606.252264238,  2542.37
1563.00569777,  55039.4,  47678.6,  244.576073192,  606.251551485,  2544.5
1563.02613191,  55559.6,  48117.4,  244.576545138,  606.251270739,  2543.23
1563.04656615,  55891.7,  48397.0,  244.57628254,  606.25131213,  2543.0
1563.0670002,  55637.1,  48183.0,  244.576388451,  606.251640971,  2543.32
1563.08743434,  55201.6,  47816.9,  244.576193023,  606.251330357,  2545.22
1563.10786858,  54305.9,  47062.2,  244.576533631,  606.252665416,  2547.21
1563.12830263,  53831.3,  46663.2,  244.576388747,  606.253185996,  2548.76
1563.14873687,  54478.4,  47207.6,  244.576020151,  606.252707818,  2549.32
1563.16917102,  55354.5,  47944.0,  244.577004875,  606.251402577,  2549.93
1563.18960516,  55905.4,  48410.1,  244.576211933,  606.252267699,  2550.01
1563.21003931,  56184.5,  48643.0,  244.576598486,  606.251632932,  2549.51
1563.23047345,  55903.6,  48406.2,  244.575953603,  606.252113152,  2548.54
1563.2509076,  55268.3,  47872.3,  244.57607128,  606.252445343,  2549.5
1563.27134175,  54435.7,  47170.8,  244.576853085,  606.252429193,  2547.39
1563.29177589,  53893.1,  46715.3,  244.576748256,  606.252838769,  2547.93
1563.31221004,  54508.8,  47234.0,  244.576650462,  606.253884464,  2547.37
1563.33264429,  55238.6,  47846.3,  244.576721626,  606.251972892,  2546.97
1563.35307833,  55738.4,  48267.1,  244.576486752,  606.252286758,  2547.93
1563.37351248,  55910.4,  48411.7,  244.576431843,  606.252253433,  2544.21
1563.39394663,  55634.5,  48179.0,  244.57659994,  606.252620038,  2547.46
1563.41438078,  54966.0,  47617.9,  244.576596652,  606.253256466,  2544.33
1563.43481502,  54156.3,  46934.6,  244.577004824,  606.253101595,  2545.3
1563.45524907,  53773.1,  46612.5,  244.576358227,  606.253950479,  2543.93
1563.47568322,  54680.5,  47378.4,  244.576902819,  606.253479657,  2546.37
1563.49611747,  55482.4,  48050.1,  244.576872532,  606.253102782,  2543.91
1563.51655152,  55971.3,  48463.3,  244.57717304,  606.252344995,  2544.49
1563.53698577,  56098.6,  48570.1,  244.576283444,  606.252413849,  2543.72
1563.55741992,  55693.7,  48228.0,  244.576959631,  606.252995698,  2540.32
1563.57785397,  54922.5,  47580.8,  244.576843369,  606.254541654,  2542.54
1563.59828822,  54175.4,  46951.9,  244.577331592,  606.254464565,  2541.29
1563.61872237,  53854.5,  46680.4,  244.576643351,  606.253432664,  2541.84
1563.63915642,  54747.0,  47433.4,  244.57669428,  606.253985725,  2538.71
1563.65959067,  55413.2,  47992.3,  244.577349448,  606.253006009,  2541.47
1563.68002482,  55851.6,  48360.4,  244.577425293,  606.253338274,  2541.94
1563.72089313,  55479.6,  48047.6,  244.577028422,  606.253333847,  2541.04
1563.74132728,  54858.0,  47526.2,  244.57688085,  606.254006572,  2541.64
1563.76176153,  54008.3,  46810.5,  244.577249386,  606.25463578,  2541.61
1563.78219558,  54037.3,  46834.3,  244.577556016,  606.254405263,  2541.18
1563.80262974,  55062.7,  47697.5,  244.577519026,  606.25368605,  2541.1
1563.82306399,  55690.4,  48225.7,  244.577579718,  606.253559062,  2542.38
1563.84349814,  56099.5,  48569.3,  244.577523271,  606.253045828,  2540.78
1563.8639322,  56079.2,  48553.6,  244.57719482,  606.253775732,  2543.86
1563.88436645,  55472.6,  48042.9,  244.577402978,  606.253793765,  2540.94
1563.9048006,  54771.8,  47452.4,  244.577517113,  606.254076661,  2543.48
1563.92523476,  53951.4,  46764.5,  244.577921456,  606.255210978,  2543.65
1563.94566891,  54022.2,  46821.3,  244.578331781,  606.254713469,  2542.23
1563.96610307,  54914.4,  47572.4,  244.577960175,  606.254347903,  2543.16
1563.98653722,  55516.2,  48079.7,  244.577804385,  606.254328889,  2542.81
1564.00697138,  55855.8,  48364.4,  244.578162585,  606.253700869,  2543.61
1564.02740553,  55865.6,  48374.2,  244.578071339,  606.254297605,  2542.64
1564.04783969,  55295.6,  47893.3,  244.57771521,  606.254546336,  2546.11
1564.06827385,  54575.1,  47286.7,  244.578160318,  606.254401321,  2546.1
1564.0887081,  53866.6,  46692.2,  244.577989465,  606.255161085,  2542.69
1564.10914216,  54268.2,  47028.3,  244.57806155,  606.255152566,  2542.6
1564.12957632,  55228.0,  47835.4,  244.578243608,  606.254317534,  2541.69
1564.15001057,  55856.9,  48366.6,  244.578054352,  606.254523263,  2541.66
1564.17044463,  56047.2,  48525.6,  244.578021133,  606.254115262,  2540.33
1564.19087879,  55933.3,  48429.2,  244.577849442,  606.254383762,  2541.66
1564.21131305,  55277.0,  47878.1,  244.577724874,  606.254314543,  2538.6
1564.23174711,  54518.3,  47237.7,  244.578170227,  606.254387874,  2539.24
1564.25218126,  53852.5,  46678.8,  244.5782678,  606.255997777,  2539.58
1564.27261552,  54253.4,  47015.8,  244.578118822,  606.255617024,  2537.46
1564.29304958,  55083.0,  47714.4,  244.57817885,  606.255205976,  2538.19
1564.31348384,  55626.4,  48171.5,  244.578150631,  606.2547542,  2536.53
1564.333918,  55899.6,  48401.0,  244.578453356,  606.25413303,  2537.35
1564.35435206,  55779.0,  48299.4,  244.57797391,  606.254962393,  2535.3
1564.37478632,  55185.9,  47801.0,  244.578238391,  606.25525882,  2537.33
1564.39522048,  54421.5,  47157.4,  244.578699676,  606.255953141,  2535.52
1564.41565464,  53873.8,  46695.9,  244.578595453,  606.255912495,  2536.17
1564.4360888,  54483.1,  47209.4,  244.578573597,  606.256023349,  2534.08
1564.45652296,  55458.7,  48028.8,  244.578180432,  606.255466701,  2534.67
1564.47695722,  55883.8,  48388.6,  244.578438949,  606.255107799,  2533.34
1564.49739139,  56175.1,  48631.8,  244.578239547,  606.254651386,  2531.25
1564.51782545,  55827.8,  48339.0,  244.57827979,  606.255147763,  2533.63
1564.53825971,  55091.6,  47720.6,  244.578139401,  606.255654796,  2530.46
1564.55869387,  54326.2,  47076.5,  244.578501389,  606.256231994,  2528.44
1564.57912793,  53756.7,  46596.6,  244.578766739,  606.256774641,  2525.77
1564.5995622,  54442.5,  47175.6,  244.578384817,  606.256747121,  2524.96
1564.61999636,  55193.2,  47804.8,  244.578664748,  606.25610433,  2525.71
1564.64043042,  55658.6,  48197.7,  244.578499432,  606.25571774,  2525.06
1564.66086469,  55922.0,  48419.8,  244.579157532,  606.256557037,  2523.97
1564.68129875,  55580.6,  48130.9,  244.578736579,  606.255281959,  2525.46
1564.70173301,  55008.9,  47650.7,  244.578963616,  606.25608072,  2523.0
1564.72216718,  54094.9,  46882.0,  244.57845882,  606.257220617,  2523.55
1564.74260124,  53889.5,  46708.4,  244.579235297,  606.256979301,  2521.31
1564.76303551,  54767.6,  47448.9,  244.578368965,  606.256491185,  2519.94
1564.78346967,  55540.7,  48097.3,  244.578981081,  606.256285423,  2522.67
1564.80390374,  56084.5,  48555.7,  244.578858086,  606.255963937,  2521.14
1564.824338,  56157.0,  48616.6,  244.579101597,  606.256250577,  2521.17
1564.84477217,  55665.1,  48202.1,  244.579246035,  606.256160401,  2521.03
1564.86520644,  54987.4,  47632.3,  244.578905491,  606.257188712,  2521.73
1564.8856405,  54021.1,  46819.2,  244.578628515,  606.257655701,  2522.3
1564.90607467,  53950.4,  46758.3,  244.5793239,  606.257771059,  2520.18
1564.92650894,  54695.1,  47386.4,  244.579022041,  606.257321063,  2521.78
1564.946943,  55399.9,  47978.8,  244.579340126,  606.256540523,  2518.84
1564.96737717,  55859.1,  48364.7,  244.579427858,  606.256929394,  2520.4
1564.98781144,  55850.3,  48358.3,  244.579272655,  606.256434934,  2519.4
1565.00824551,  55445.1,  48017.8,  244.57941306,  606.25702562,  2519.36
1565.02867967,  54795.5,  47469.5,  244.579752804,  606.257758158,  2519.77
1565.04911394,  53877.6,  46699.5,  244.579602273,  606.257390664,  2518.56
1565.06954811,  54060.7,  46850.7,  244.579664861,  606.257983113,  2521.18
1565.08998228,  54946.5,  47597.2,  244.579383773,  606.257722681,  2518.83
1565.11041645,  55726.4,  48254.4,  244.579570727,  606.256690904,  2520.31
1565.13085062,  56134.5,  48595.8,  244.579638957,  606.25659007,  2518.62
1565.15128479,  55996.6,  48480.9,  244.579805888,  606.256949263,  2520.42
1565.17171896,  55575.1,  48126.0,  244.579765028,  606.25772698,  2519.02
1565.19215313,  54661.1,  47355.4,  244.579483357,  606.25801906,  2520.49
1565.2125874,  53992.8,  46793.8,  244.57974555,  606.258168421,  2519.62
1565.23302147,  54089.0,  46875.4,  244.580043788,  606.258514362,  2516.44
1565.25345574,  54907.7,  47562.3,  244.579927762,  606.257721196,  2520.87
1565.27388991,  55595.0,  48143.6,  244.579835831,  606.257086377,  2518.06
1565.29432398,  55845.6,  48352.1,  244.579863284,  606.257534025,  2519.67
1565.31475825,  55811.9,  48325.5,  244.579829674,  606.25763614,  2520.24
1565.33519233,  55289.6,  47885.1,  244.579763855,  606.257904933,  2518.53
1565.3556265,  54451.1,  47179.6,  244.580294665,  606.258876427,  2519.11
1565.37606077,  53889.4,  46706.9,  244.579994078,  606.258954112,  2518.06
1565.39649484,  54202.8,  46968.9,  244.580021295,  606.258710994,  2517.93
1565.41692902,  55263.8,  47862.9,  244.580017007,  606.258486247,  2519.98
1565.43736329,  55828.5,  48338.7,  244.579895557,  606.258367205,  2519.12
1565.45779736,  56129.5,  48590.1,  244.58033913,  606.257958727,  2520.05
1565.47823164,  55947.1,  48437.4,  244.580061307,  606.257711414,  2517.09
1565.49866581,  55292.3,  47887.7,  244.579955984,  606.258347884,  2519.28
1565.51909989,  54488.4,  47209.5,  244.579871655,  606.258892,  2517.53
1565.53953416,  53837.3,  46663.4,  244.580099984,  606.259965961,  2518.67
1565.55996833,  54285.5,  47039.2,  244.580492279,  606.25942999,  2515.91
1565.58040251,  55132.3,  47751.2,  244.579949171,  606.258711207,  2517.65
1565.60083668,  55613.9,  48158.2,  244.580034636,  606.258488511,  2517.66
1565.62127086,  55891.1,  48389.9,  244.580116513,  606.258271397,  2518.99
1565.64170514,  55674.9,  48208.7,  244.580654095,  606.258621779,  2516.33
1565.66213921,  55061.4,  47692.5,  244.580378502,  606.259574154,  2517.06
1565.68257339,  54321.1,  47068.3,  244.580630386,  606.25930612,  2516.97
1565.70300766,  53771.5,  46607.3,  244.580848468,  606.260179033,  2516.52
1565.72344184,  54463.8,  47189.9,  244.579956507,  606.25977442,  2515.82
1565.74387592,  55366.5,  47947.2,  244.580461505,  606.259413836,  2517.03
1565.76431019,  55815.1,  48326.8,  244.580088535,  606.25877142,  2515.74
1565.78474437,  56098.6,  48565.2,  244.580798426,  606.258618505,  2513.25
1565.80517855,  55773.7,  48289.5,  244.580837961,  606.25884336,  2513.85
1565.82561273,  55106.1,  47728.5,  244.580493961,  606.259624622,  2514.36
1565.84604691,  54329.8,  47075.3,  244.580455137,  606.260039311,  2511.54
1565.86648118,  53784.1,  46616.4,  244.580442312,  606.260621761,  2512.55
1565.88691526,  54607.7,  47309.8,  244.580594149,  606.259728034,  2515.06
1565.90734944,  55230.6,  47833.9,  244.580802592,  606.259631954,  2513.23
1565.92778372,  55786.8,  48302.6,  244.580705718,  606.259504417,  2511.52
1565.9482178,  55945.4,  48436.1,  244.581000531,  606.259620463,  2512.2
1565.96865198,  55600.7,  48144.2,  244.58059683,  606.259197116,  2513.23
1565.98908616,  55041.6,  47675.3,  244.580658549,  606.259980306,  2512.0
1566.00952034,  54085.7,  46870.2,  244.580753731,  606.261041385,  2512.08
1566.02995462,  53912.4,  46723.3,  244.581237639,  606.261159881,  2513.62
1566.0503887,  54771.1,  47447.3,  244.580511317,  606.260147145,  2511.97
1566.07082288,  55466.3,  48031.5,  244.58076893,  606.260175418,  2511.92
1566.09125716,  56089.0,  48555.3,  244.580910568,  606.259645965,  2512.13
1566.11169124,  55978.2,  48462.3,  244.58084416,  606.259925623,  2513.26
1566.13212543,  55640.6,  48177.4,  244.580991992,  606.260234581,  2511.33
1566.15255971,  54888.2,  47544.8,  244.580710059,  606.260729075,  2511.81
1566.17299379,  54000.0,  46797.7,  244.580865971,  606.261101024,  2508.92
1566.19342807,  53957.4,  46762.2,  244.581290866,  606.261497581,  2508.42
1566.21386226,  54691.6,  47380.5,  244.580871012,  606.260840225,  2510.4
1566.23429634,  55446.8,  48015.2,  244.580973201,  606.260764632,  2507.88
1566.25473062,  55845.2,  48349.5,  244.580705165,  606.260485298,  2510.64
1566.2751648,  55890.0,  48388.5,  244.580267366,  606.260487484,  2509.34
1566.29559899,  55461.7,  48027.9,  244.580748993,  606.26061079,  2510.61
1566.31603317,  54760.1,  47437.6,  244.580935954,  606.260915083,  2508.55
1566.33646736,  53908.9,  46722.1,  244.581114222,  606.261887672,  2508.58
1566.35690154,  54099.9,  46881.1,  244.581148502,  606.261783658,  2504.71
1566.37733583,  55028.1,  47662.3,  244.58142742,  606.261258094,  2505.34
1566.39776991,  55716.0,  48240.7,  244.581284795,  606.260640173,  2507.59
1566.4182042,  56096.5,  48559.9,  244.580950067,  606.26058006,  2505.89
1566.43863838,  55928.3,  48420.1,  244.580972921,  606.261269677,  2508.04
1566.45907247,  55475.2,  48037.2,  244.581439862,  606.261184181,  2507.27
1566.47950675,  54638.1,  47333.0,  244.581225696,  606.261258131,  2506.25
1566.49994094,  53879.4,  46696.5,  244.581470368,  606.262514247,  2506.07
1566.52037502,  54133.3,  46908.3,  244.581218336,  606.262108059,  2507.67
1566.54080931,  54888.6,  47543.7,  244.581177185,  606.261941373,  2505.66
1566.5612435,  55598.4,  48142.7,  244.581384038,  606.261426153,  2504.75
1566.58167769,  55865.2,  48366.6,  244.581114853,  606.261421826,  2503.98
1566.60211187,  55773.3,  48289.4,  244.581174053,  606.261306252,  2505.25
1566.62254596,  55291.9,  47884.3,  244.581117616,  606.261834905,  2503.8
1566.64298025,  54492.0,  47209.6,  244.581635773,  606.262041861,  2506.21
1566.66341444,  53811.3,  46638.1,  244.580972406,  606.263237309,  2504.39
1566.70428281,  55247.3,  47845.3,  244.581582925,  606.261708031,  2504.55
1566.724717,  55847.6,  48352.4,  244.581263948,  606.261351563,  2503.47
1566.74515119,  56139.6,  48597.0,  244.581837353,  606.261475048,  2503.67
1566.76558538,  55891.3,  48388.1,  244.581928998,  606.261571586,  2504.04
1566.78601957,  55282.9,  47875.7,  244.581422963,  606.26199387,  2504.61
1566.80645386,  54497.3,  47212.9,  244.582156884,  606.262604673,  2503.25
1566.82688795,  53824.3,  46648.0,  244.582211511,  606.262916709,  2500.9
1566.84732214,  54439.7,  47165.9,  244.58186696,  606.262064025,  2500.99
1566.86775643,  55100.2,  47722.1,  244.582699695,  606.262133971,  2500.99
1566.88819062,  55724.4,  48247.3,  244.582022046,  606.261698211,  2502.33
1566.90862471,  55943.4,  48431.5,  244.582753755,  606.261197384,  2500.46
1566.929059,  55630.3,  48167.8,  244.582130264,  606.262257963,  2500.63
1566.94949319,  55198.0,  47805.4,  244.581929308,  606.262033423,  2500.23
1566.96992739,  54226.7,  46986.1,  244.582396968,  606.263027984,  2500.32
1566.99036158,  53868.8,  46685.2,  244.582299843,  606.263747099,  2500.36
1567.01079577,  54542.5,  47253.4,  244.582440903,  606.262782264,  2501.78
1567.03122996,  55314.1,  47901.2,  244.582273439,  606.262331055,  2497.59
1567.05166416,  55941.4,  48429.0,  244.582173893,  606.262154885,  2500.78
1567.07209835,  56033.4,  48506.5,  244.582328363,  606.262252476,  2501.84
1567.09253264,  55708.6,  48232.6,  244.582651023,  606.262239053,  2502.09
1567.11296674,  55086.5,  47711.7,  244.582377399,  606.262713369,  2499.11
1567.13340103,  54196.0,  46961.0,  244.582289948,  606.263802417,  2497.41
1567.15383522,  53859.8,  46676.5,  244.58278226,  606.263569271,  2500.76
1567.17426932,  54539.9,  47251.6,  244.582498042,  606.26290087,  2497.71
1567.19470361,  55267.4,  47863.2,  244.582616107,  606.262813572,  2497.0
1567.21513781,  55737.9,  48259.5,  244.582346293,  606.262498685,  2498.94
1567.2355719,  55961.8,  48447.6,  244.582679757,  606.262733256,  2495.98
1567.2560062,  55555.9,  48105.2,  244.582698439,  606.262738453,  2497.85
1567.27644029,  55055.5,  47685.5,  244.582763624,  606.26257772,  2499.3
1567.29687449,  54119.6,  46896.9,  244.583099746,  606.263690632,  2497.22
1567.31730878,  53882.1,  46695.4,  244.583082317,  606.264268816,  2499.06
1567.33774288,  54808.0,  47476.0,  244.582972473,  606.263397761,  2497.44
1567.35817718,  55455.9,  48019.9,  244.582706179,  606.263407868,  2498.58
1567.37861137,  55987.3,  48468.3,  244.583094873,  606.262579778,  2495.91
1567.39904547,  56053.2,  48524.6,  244.582595566,  606.26330025,  2495.47
1567.41947977,  55523.8,  48076.6,  244.582781595,  606.262828969,  2495.64
1567.43991396,  54910.9,  47562.2,  244.58285991,  606.263756674,  2494.77
1567.46034816,  53968.9,  46769.2,  244.582787188,  606.264180681,  2498.11
1567.48078236,  53947.0,  46751.0,  244.583267983,  606.2640647,  2493.77
1567.50121656,  54750.7,  47427.4,  244.582716006,  606.2639873,  2496.4
1567.52165086,  55412.4,  47984.4,  244.583033382,  606.263739462,  2505.33
1567.54208495,  55874.2,  48371.0,  244.583115913,  606.262743485,  2495.42
1567.56251915,  55919.1,  48410.2,  244.582931642,  606.263988938,  2496.45
1567.58295345,  55412.1,  47982.6,  244.583613993,  606.263676932,  2493.83
1567.60338765,  54815.5,  47481.0,  244.58333687,  606.264102348,  2493.25
1567.62382175,  53881.1,  46696.1,  244.583681106,  606.264677118,  2495.26
1567.64425605,  54070.1,  46852.6,  244.583420303,  606.264869346,  2494.06
1567.66469025,  55083.2,  47706.0,  244.583269526,  606.264456613,  2494.91
1567.68512435,  55649.6,  48182.2,  244.583197567,  606.264373224,  2496.03
1567.70555865,  56187.6,  48634.9,  244.584010344,  606.263602519,  2493.01
1567.72599285,  55960.8,  48445.1,  244.583451284,  606.26362997,  2493.82
1567.74642715,  55395.2,  47968.6,  244.583468816,  606.263933741,  2494.75
1567.76686126,  54678.3,  47364.4,  244.583784131,  606.264385015,  2492.93
1567.78729546,  53755.1,  46588.4,  244.58361379,  606.265561154,  2493.07
1567.80772976,  54103.2,  46882.4,  244.583711457,  606.265416551,  2493.82
1567.82816386,  54928.1,  47574.7,  244.58355893,  606.264503887,  2494.07
1567.84859806,  55513.3,  48068.9,  244.583321746,  606.264254858,  2492.44
1567.86903237,  55973.7,  48454.6,  244.584186137,  606.264259194,  2492.49
1567.88946647,  55645.1,  48179.4,  244.583468539,  606.264503321,  2489.51
1567.90990077,  55301.5,  47890.4,  244.58376427,  606.264701242,  2492.95
1567.93033487,  54442.3,  47166.1,  244.583732915,  606.265278345,  2492.32
1567.95076908,  53792.1,  46619.8,  244.583971434,  606.266100476,  2495.22
1567.97120338,  54357.3,  47094.8,  244.584235658,  606.265396636,  2492.17
1567.99163748,  55198.9,  47801.1,  244.584048297,  606.26497431,  2493.54
1568.01207169,  55858.3,  48358.7,  244.583460752,  606.265075734,  2492.42
1568.03250599,  56083.9,  48547.9,  244.584063344,  606.264459119,  2491.63
1568.0529401,  55867.9,  48365.7,  244.583971268,  606.264595041,  2493.04
1568.0733743,  55278.3,  47870.6,  244.584554965,  606.265094965,  2491.33
1568.09380861,  54423.6,  47149.1,  244.584101333,  606.265694633,  2493.29
1568.11424281,  53860.4,  46675.8,  244.584115219,  606.266461389,  2493.65
1568.13467702,  54350.4,  47088.9,  244.583961182,  606.266024186,  2493.69
1568.15511122,  55065.5,  47688.2,  244.584398938,  606.265679748,  2492.89
1568.17554543,  55662.9,  48193.4,  244.5840975,  606.265383885,  2493.68
1568.19597964,  55826.6,  48330.0,  244.584114948,  606.265379751,  2493.04
1568.21641384,  55645.8,  48177.3,  244.5840493,  606.265842606,  2492.41
1568.23684805,  55119.8,  47735.8,  244.584291015,  606.265626967,  2492.13
1568.25728236,  54241.4,  46995.4,  244.584009996,  606.266875593,  2492.69
1568.27771646,  53839.5,  46656.8,  244.584563532,  606.267004068,  2491.51
1568.29815077,  54522.6,  47234.4,  244.584518182,  606.266618589,  2491.67
1568.31858498,  55342.9,  47921.6,  244.584598744,  606.266314763,  2490.71
1568.33901909,  55906.9,  48397.5,  244.584288879,  606.265097479,  2491.78
1568.3594534,  56029.3,  48500.8,  244.584234879,  606.265835901,  2491.53
1568.3798876,  55748.9,  48263.5,  244.584153061,  606.26609316,  2492.77
1568.40032171,  55098.5,  47716.9,  244.584338349,  606.266609251,  2492.94
1568.42075602,  54226.4,  46982.7,  244.584402491,  606.267003817,  2495.28
1568.44119023,  53846.7,  46662.6,  244.584738853,  606.266896036,  2493.99
1568.46162434,  54531.0,  47240.1,  244.584305841,  606.266939264,  2493.24
1568.48205865,  55272.4,  47863.0,  244.584916727,  606.266388039,  2493.28
1568.50249286,  55738.1,  48254.5,  244.584449327,  606.265840293,  2497.21
1568.52292717,  55922.6,  48412.1,  244.584075477,  606.266354706,  2495.85
1568.54336128,  55539.3,  48086.2,  244.584803445,  606.266493552,  2498.03
1568.56379539,  54953.4,  47594.3,  244.584218377,  606.267325222,  2498.11
1568.5842297,  54077.1,  46857.8,  244.584631686,  606.267481126,  2498.27
1568.60466391,  53851.5,  46667.0,  244.584740758,  606.267748355,  2497.45
1568.62509812,  54860.4,  47516.3,  244.584916668,  606.267772032,  2497.44
1568.64553234,  55458.4,  48018.4,  244.585074222,  606.266477566,  2495.61
1568.66596655,  55997.6,  48471.7,  244.584787778,  606.26686333,  2497.6
1568.68640086,  56029.5,  48501.7,  244.584504289,  606.266962349,  2492.74
1568.70683497,  55508.1,  48061.0,  244.584935849,  606.266923076,  2493.96
1568.72726919,  54912.4,  47559.8,  244.584507296,  606.267043135,  2493.51
1568.7477035,  53948.2,  46748.6,  244.584797417,  606.268527679,  2493.34
1568.76813771,  53938.8,  46738.6,  244.585175032,  606.268114692,  2494.58
1568.78857182,  54783.0,  47450.5,  244.584850748,  606.267969622,  2491.76
1568.80900614,  55303.0,  47888.2,  244.584243137,  606.267087202,  2491.34
1568.82944035,  55875.6,  48368.0,  244.585060588,  606.266799794,  2491.49
1568.84987457,  55757.7,  48270.3,  244.58500181,  606.267062378,  2492.64
1568.87030878,  55355.3,  47931.1,  244.584825732,  606.267419701,  2491.39
1568.89074299,  54759.0,  47429.9,  244.585125024,  606.267966087,  2492.46
1568.91117731,  53792.5,  46616.7,  244.584819657,  606.268444031,  2491.83
1568.93161142,  54113.6,  46886.0,  244.58507186,  606.268927269,  2490.64
1568.95204564,  55027.9,  47654.7,  244.584694185,  606.267509087,  2498.13
1568.97247995,  55591.8,  48130.9,  244.584776335,  606.268317893,  2490.22
1568.99291407,  56133.5,  48585.2,  244.584964121,  606.267258964,  2489.99
1569.01334829,  55907.3,  48396.4,  244.585272741,  606.267076073,  2490.07
1569.0337826,  55426.9,  47991.7,  244.584884997,  606.26804972,  2488.5
1569.05421672,  54686.4,  47367.2,  244.58507057,  606.268059168,  2489.79
1569.07465103,  53795.3,  46619.1,  244.584780346,  606.268530606,  2490.15
1569.09508525,  54152.1,  46918.2,  244.585248083,  606.268915637,  2487.52
1569.11551937,  54938.1,  47579.9,  244.585557897,  606.268036479,  2487.96
1569.13595369,  55567.6,  48111.2,  244.585069904,  606.268647145,  2487.33
1569.1563879,  55941.3,  48423.2,  244.585191791,  606.267705541,  2486.58
1569.17682202,  55736.0,  48250.2,  244.585265928,  606.26790335,  2487.8
1569.19725634,  55272.4,  47861.5,  244.585059629,  606.26839217,  2486.8
1569.21769046,  54491.1,  47203.2,  244.58512764,  606.268511289,  2485.66
1569.23812478,  53742.3,  46573.1,  244.585235655,  606.26963873,  2485.89
1569.25855899,  54374.6,  47104.8,  244.58575316,  606.269179655,  2485.93
1569.27899311,  55182.4,  47784.4,  244.585423294,  606.268139319,  2483.66
1569.29942743,  55794.2,  48301.6,  244.585073559,  606.268415271,  2485.14
1569.31986165,  56061.9,  48524.2,  244.585434302,  606.267719487,  2484.75
1569.34029587,  55771.2,  48280.2,  244.58551031,  606.268378869,  2483.11
1569.36073009,  55168.7,  47774.3,  244.585091022,  606.268999358,  2481.85
1569.38116431,  54387.6,  47115.8,  244.585271736,  606.26905159,  2484.04
1569.40159853,  53714.4,  46548.2,  244.585564536,  606.27013317,  2481.88
1569.42203275,  54370.1,  47102.3,  244.58549083,  606.269827573,  2481.58
1569.44246697,  55052.4,  47673.2,  244.585407024,  606.269239717,  2480.94
1569.46290129,  55622.7,  48155.5,  244.585422589,  606.269147173,  2480.71
1569.48333551,  55931.6,  48414.9,  244.585069148,  606.26883364,  2482.25
1569.50376964,  55635.3,  48163.3,  244.585574948,  606.269008864,  2481.18
1569.52420396,  55149.0,  47755.9,  244.585283189,  606.26947843,  2479.67
1569.54463818,  54254.8,  47003.7,  244.585613097,  606.269929262,  2480.99
1569.5650723,  53785.9,  46608.1,  244.58582537,  606.27050425,  2480.44
1569.58550662,  54601.9,  47295.8,  244.58533669,  606.269852991,  2480.0
1569.60594085,  55380.5,  47949.6,  244.585133265,  606.269133892,  2481.46
1569.62637517,  55923.6,  48409.0,  244.58523171,  606.269632434,  2481.25
1569.64680929,  56094.4,  48551.2,  244.585515972,  606.269716688,  2478.98
1569.68767784,  55071.0,  47691.0,  244.586265524,  606.269682627,  2479.54
1569.70811196,  54128.7,  46896.3,  244.58594506,  606.270141309,  2479.88
1569.72854619,  53801.3,  46620.1,  244.586380004,  606.270246986,  2479.6
1569.74898051,  54510.7,  47218.5,  244.586261114,  606.269905691,  2479.39
1569.76941464,  55199.3,  47797.3,  244.586131432,  606.269260705,  2477.1
1569.78984886,  55700.6,  48219.4,  244.586416641,  606.269545652,  2478.5
1569.81028319,  55860.6,  48354.8,  244.58552023,  606.269186662,  2476.9
1569.83071731,  55493.5,  48044.3,  244.586078656,  606.269523895,  2477.96
1569.85115164,  54973.1,  47607.2,  244.586324738,  606.270081904,  2476.06
1569.87158576,  53980.5,  46771.7,  244.586323251,  606.27057343,  2478.55
1569.89201999,  53900.9,  46704.8,  244.586727186,  606.270153701,  2476.67
1569.91245432,  54773.5,  47438.8,  244.586324084,  606.270434444,  2479.75
1569.93288844,  55485.1,  48037.5,  244.586212732,  606.269344424,  2476.3
1569.95332267,  56039.6,  48503.4,  244.586766992,  606.269034101,  2478.16
1569.973757,  56046.3,  48510.7,  244.586159345,  606.26973366,  2474.15
1569.99419122,  55577.0,  48114.3,  244.58626581,  606.269708197,  2477.71
1570.01462545,  54877.0,  47525.4,  244.586689198,  606.269850785,  2475.67
1570.03505968,  53920.1,  46721.3,  244.586369217,  606.271067481,  2476.82
1570.05549391,  53947.2,  46742.2,  244.586664773,  606.271272691,  2475.46
1570.07592813,  54663.3,  47347.3,  244.58649405,  606.270275527,  2475.57
1570.09636236,  55386.7,  47954.2,  244.586645341,  606.269954225,  2476.68
1570.11679659,  55776.6,  48281.6,  244.5866423,  606.269784296,  2471.26
1570.13723092,  55791.8,  48296.0,  244.586419151,  606.270217384,  2475.18
1570.15766505,  55351.6,  47925.3,  244.586672085,  606.270409486,  2473.94
1570.17809938,  54616.1,  47306.4,  244.586878675,  606.270963923,  2474.67
1570.19853361,  53818.2,  46635.3,  244.586791476,  606.271001471,  2473.52
1570.21896774,  54005.2,  46790.6,  244.586600247,  606.271119206,  2472.06
1570.23940207,  55050.7,  47670.8,  244.587428359,  606.270518205,  2475.75
1570.2598363,  55632.1,  48160.7,  244.586699292,  606.270336275,  2472.1
1570.28027043,  56105.1,  48557.6,  244.586875755,  606.270233983,  2473.3
1570.30070476,  55955.0,  48432.4,  244.58720899,  606.270297102,  2470.84
1570.32113899,  55343.8,  47917.9,  244.587219827,  606.270118262,  2471.82
1570.34157312,  54627.8,  47314.1,  244.587198018,  606.270826974,  2473.28
1570.36200745,  53724.0,  46555.2,  244.587151226,  606.272267929,  2472.79
1570.38244168,  54073.4,  46847.6,  244.587298228,  606.27146075,  2473.72
1570.40287591,  54985.8,  47616.0,  244.5870428,  606.270801155,  2470.23
1570.42331015,  55464.0,  48018.9,  244.587101204,  606.270656792,  2472.83
1570.44374438,  55950.0,  48426.2,  244.587031827,  606.270284803,  2470.61
1570.46417861,  55606.0,  48138.0,  244.587212181,  606.270833871,  2470.16
1570.48461284,  55182.6,  47780.4,  244.586458862,  606.271326298,  2471.05
1570.50504708,  54404.2,  47125.4,  244.587690126,  606.271095722,  2468.55
1570.52548131,  53646.6,  46488.3,  244.587059044,  606.272314148,  2469.41
1570.54591554,  54350.6,  47081.3,  244.587251747,  606.27183677,  2469.7
1570.56634988,  55200.1,  47794.2,  244.587294779,  606.271720902,  2469.33
1570.58678401,  55743.9,  48254.5,  244.587113833,  606.271101312,  2469.43
1570.60721824,  56141.7,  48588.7,  244.587214282,  606.271197693,  2467.26
1570.62765258,  55740.5,  48249.4,  244.587393156,  606.270878937,  2470.13
1570.64808681,  55223.6,  47816.4,  244.587081685,  606.272332573,  2469.62
1570.66852095,  54429.7,  47146.8,  244.587509303,  606.272160753,  2467.76
1570.68895528,  53759.2,  46583.4,  244.587419441,  606.272863572,  2468.13
1570.70938952,  54429.7,  47147.3,  244.587699079,  606.272103542,  2467.47
1570.72982365,  55083.8,  47695.3,  244.587621492,  606.271193838,  2468.23
1570.75025799,  55595.2,  48128.1,  244.587610159,  606.27168485,  2467.94
1570.77069223,  55975.2,  48447.2,  244.587650136,  606.270546626,  2466.92
1570.79112656,  55486.6,  48036.5,  244.58760366,  606.271625844,  2468.1
1570.8115607,  55138.2,  47743.6,  244.587605876,  606.27216775,  2466.31
1570.83199493,  54146.0,  46906.8,  244.587807364,  606.273087136,  2466.49
1570.85242927,  53733.6,  46561.3,  244.588066331,  606.272801458,  2465.66
1570.87286341,  54595.4,  47286.7,  244.587413754,  606.273320954,  2464.75
1570.89329765,  55218.6,  47810.5,  244.587916907,  606.272466773,  2465.44
1570.91373198,  55881.3,  48367.4,  244.587801321,  606.27174394,  2466.48
1570.93416612,  55963.5,  48436.1,  244.587667322,  606.272000999,  2466.71
1570.95460046,  55595.6,  48125.5,  244.587476426,  606.271929034,  2466.24
1570.9750347,  55005.4,  47632.4,  244.587713208,  606.272873667,  2465.46
1570.99546884,  54061.5,  46835.9,  244.588035429,  606.27323128,  2465.22
1571.01590317,  53807.0,  46620.4,  244.588269305,  606.273471766,  2467.09
1571.03633741,  54509.2,  47213.5,  244.588217767,  606.272812386,  2466.97
1571.05677155,  55244.6,  47830.2,  244.588388788,  606.272782076,  2467.37
1571.07720589,  55736.9,  48245.4,  244.587785967,  606.272415138,  2466.45
1571.09764013,  55891.4,  48375.6,  244.5876002,  606.272666936,  2466.64
1571.11807427,  55576.8,  48110.0,  244.588145182,  606.272964354,  2468.43
1571.13850861,  54869.4,  47515.6,  244.587877558,  606.272902626,  2467.79
1571.15894285,  54106.5,  46875.2,  244.588057499,  606.273879603,  2466.46
1571.17937709,  53876.8,  46679.5,  244.588688906,  606.273709574,  2470.37
1571.19981133,  54903.0,  47544.7,  244.58827615,  606.273509674,  2466.48
1571.22024557,  55524.3,  48066.6,  244.587822533,  606.273180191,  2469.24
1571.24067982,  56001.9,  48468.5,  244.588012023,  606.272842743,  2467.22
1571.26111406,  56040.6,  48500.8,  244.588260962,  606.272835289,  2470.85
1571.2815483,  55480.9,  48029.7,  244.588185198,  606.273646649,  2469.08
1571.30198254,  54760.6,  47424.0,  244.588179825,  606.273362763,  2469.35
1571.32241678,  53920.9,  46717.7,  244.588573113,  606.274230162,  2471.17
1571.34285112,  53824.4,  46634.7,  244.588625154,  606.274434345,  2470.96
1571.36328537,  54728.6,  47397.0,  244.588427748,  606.273816128,  2470.98
1571.38371951,  55317.6,  47893.4,  244.588372116,  606.273532184,  2473.11
1571.40415385,  55752.8,  48258.1,  244.588321599,  606.273069903,  2474.08
1571.4245881,  55809.4,  48306.0,  244.588444055,  606.2731129,  2474.63
1571.44502224,  55285.1,  47866.0,  244.587932777,  606.274009928,  2474.39
1571.46545658,  54603.4,  47291.4,  244.588259469,  606.273911243,  2473.44
1571.48589083,  53796.7,  46613.9,  244.588269523,  606.275049227,  2472.34
1571.50632497,  54007.8,  46789.0,  244.588520715,  606.274559739,  2471.75
1571.52675932,  55086.9,  47695.9,  244.588506721,  606.274106566,  2473.07
1571.54719356,  55691.5,  48206.1,  244.588522285,  606.273967742,  2474.21
1571.5676279,  56058.9,  48514.4,  244.588437526,  606.273491895,  2473.27
1571.58806205,  55995.6,  48461.7,  244.588463955,  606.273821511,  2474.91
1571.6084963,  55267.2,  47850.0,  244.588067982,  606.274383355,  2474.15
1571.62893064,  54635.5,  47316.9,  244.588858249,  606.274369771,  2476.59
1571.64936479,  53747.3,  46570.8,  244.588576318,  606.275211004,  2474.88
1571.66979903,  54098.5,  46865.6,  244.588493531,  606.275431858,  2474.67
1571.69023338,  54976.5,  47603.5,  244.588944972,  606.274618165,  2473.86
1571.71066752,  55468.2,  48018.9,  244.588564237,  606.274490979,  2475.58
1571.73110187,  55897.7,  48378.0,  244.589018371,  606.274214291,  2474.07
1571.75153612,  55665.5,  48184.2,  244.588279078,  606.274217431,  2470.97
1571.77197027,  55153.7,  47753.8,  244.588837409,  606.274684451,  2471.27
1571.79240461,  54430.9,  47143.4,  244.588707044,  606.275399385,  2472.29
1571.81283886,  53657.4,  46494.2,  244.588833142,  606.275896111,  2471.23
1571.83327301,  54388.1,  47108.6,  244.5888378,  606.275446815,  2469.8
1571.85370736,  55127.9,  47730.4,  244.589324935,  606.274965071,  2469.66
1571.8741416,  55826.0,  48319.1,  244.58910338,  606.274281732,  2468.05
1571.89457575,  56002.5,  48466.0,  244.588552254,  606.274011366,  2467.13
1571.9150101,  55737.1,  48242.5,  244.588950219,  606.274890781,  2464.11
1571.93544435,  55161.0,  47758.5,  244.588958264,  606.274887644,  2469.33
1571.9558787,  54281.1,  47017.2,  244.589130831,  606.275803048,  2465.98
1571.97631285,  53769.2,  46587.0,  244.589541427,  606.276078809,  2464.18
1571.9967471,  54313.1,  47045.7,  244.588417604,  606.275529845,  2464.68
1572.01718145,  55058.4,  47669.4,  244.589252065,  606.275392903,  2462.54
1572.0376156,  55590.5,  48120.5,  244.589164898,  606.274740885,  2462.67
1572.05804985,  55773.0,  48273.5,  244.589250648,  606.274668842,  2462.77
1572.0784842,  55546.3,  48081.0,  244.588789891,  606.275063287,  2460.4
1572.09891835,  55028.6,  47648.3,  244.58926267,  606.275470283,  2460.75
1572.1193527,  54120.9,  46881.2,  244.58929135,  606.27634983,  2462.26
1572.13978695,  53770.2,  46586.8,  244.589304672,  606.276247331,  2459.56
1572.1602211,  54546.2,  47241.1,  244.588706057,  606.276389859,  2462.03
1572.18065545,  55342.7,  47908.8,  244.589538596,  606.274997736,  2460.2
1572.20108971,  55869.7,  48353.7,  244.588760096,  606.275127201,  2459.48
1572.22152386,  56045.0,  48501.6,  244.58915639,  606.275537337,  2459.53
1572.24195821,  55631.0,  48151.2,  244.589433174,  606.274534546,  2460.2
1572.26239246,  55039.5,  47655.5,  244.589047213,  606.276160083,  2460.1
1572.28282672,  54094.9,  46859.7,  244.589402879,  606.27613539,  2460.81
1572.30326097,  53873.5,  46672.2,  244.589639495,  606.276379277,  2458.74
1572.32369522,  54542.2,  47236.5,  244.589565808,  606.276054636,  2456.96
1572.34412948,  55237.5,  47820.7,  244.589265433,  606.275793118,  2458.82
1572.36456373,  55697.2,  48206.6,  244.589384278,  606.275018411,  2459.28
1572.38499798,  55815.2,  48307.4,  244.589403922,  606.275778258,  2459.35
1572.40543224,  55421.6,  47973.2,  244.589796895,  606.27565096,  2458.8
1572.42586649,  54789.8,  47443.8,  244.589183593,  606.275927106,  2457.9
1572.44630075,  53905.3,  46699.1,  244.589568913,  606.276954095,  2460.31
1572.466735,  53802.0,  46611.7,  244.58938956,  606.276962084,  2458.71
1572.48716925,  54768.1,  47426.2,  244.58949834,  606.276543666,  2459.71
1572.50760361,  55472.1,  48017.0,  244.589816042,  606.275620633,  2459.57
1572.52803787,  55948.5,  48418.4,  244.589539337,  606.275380371,  2457.39
1572.54847202,  56003.7,  48465.9,  244.589559232,  606.27644483,  2459.48
1572.56890638,  55488.0,  48029.7,  244.589754142,  606.275975082,  2462.09
1572.58934063,  54847.9,  47491.2,  244.589757847,  606.27606998,  2464.1
1572.60977479,  53863.0,  46663.7,  244.589475226,  606.277955324,  2464.44
1572.63020915,  53965.8,  46748.8,  244.589879266,  606.276915977,  2460.6
1572.67107756,  55391.1,  47948.6,  244.589235787,  606.276229666,  2459.69
1572.69151192,  55877.3,  48356.3,  244.590019572,  606.275793322,  2458.22
1572.71194617,  55774.8,  48271.8,  244.589819779,  606.275975662,  2459.12
1572.73238053,  55336.1,  47901.7,  244.58998667,  606.276117041,  2457.2
1572.75281469,  54578.2,  47264.9,  244.590277423,  606.276778269,  2461.31
1572.77324895,  53708.7,  46532.2,  244.590150694,  606.277228146,  2464.18
1572.79368331,  54053.8,  46821.5,  244.590373434,  606.277376595,  2466.55
1572.81411746,  54911.5,  47543.9,  244.590097235,  606.276959587,  2468.86
1572.83455172,  55612.9,  48136.3,  244.58973983,  606.276289063,  2473.13
1572.85498608,  55974.4,  48438.0,  244.590111125,  606.275903329,  2472.55
1572.87542024,  55872.1,  48352.4,  244.590086436,  606.27636666,  2460.89
1572.8958546,  55313.0,  47881.6,  244.590314874,  606.276655221,  2457.57
1572.91628886,  54437.1,  47143.4,  244.590381962,  606.277322614,  2457.95
1572.93672302,  53760.8,  46576.2,  244.590324523,  606.278110874,  2456.3
1572.95715738,  54040.2,  46809.9,  244.590414751,  606.277652175,  2455.11
1572.97759164,  54986.1,  47607.3,  244.59060736,  606.276749926,  2454.25
1572.9980259,  55526.7,  48062.0,  244.589857807,  606.276230254,  2453.4
1573.01846016,  55851.6,  48333.5,  244.590384574,  606.276279414,  2453.55
1573.03889442,  55678.4,  48189.4,  244.590401378,  606.276312323,  2451.2
1573.05932858,  55111.1,  47712.4,  244.59035258,  606.276560819,  2451.29
1573.07976294,  54284.3,  47015.2,  244.590737839,  606.277323276,  2452.03
1573.10019721,  53722.3,  46543.2,  244.590714305,  606.278181183,  2451.04
1573.12063147,  54256.6,  46991.5,  244.590617398,  606.277121796,  2450.04
1573.14106573,  55219.3,  47801.2,  244.591053226,  606.276558417,  2449.05
1573.16149999,  55748.4,  48248.0,  244.590465271,  606.276753504,  2448.21
1573.18193435,  55991.9,  48450.1,  244.590421438,  606.2763748,  2447.24
1573.20236852,  55768.1,  48261.9,  244.590777826,  606.275821737,  2445.97
1573.22280278,  55121.4,  47720.0,  244.59049368,  606.277411903,  2445.78
1573.24323714,  54308.4,  47033.1,  244.590758673,  606.277554659,  2443.72
1573.26367131,  53802.5,  46608.6,  244.590879407,  606.277740344,  2443.02
1573.28410567,  54366.5,  47082.6,  244.590445388,  606.278148254,  2443.55
1573.30453993,  55184.1,  47770.3,  244.59111848,  606.277065655,  2443.37
1573.3249741,  55606.4,  48127.2,  244.590544152,  606.276632941,  2440.82
1573.34540846,  55854.4,  48334.0,  244.591303405,  606.277046366,  2440.42
1573.36584273,  55558.2,  48085.6,  244.591021005,  606.276805195,  2440.59
1573.38627689,  54943.6,  47569.5,  244.590983554,  606.277500017,  2440.67
1573.40671126,  54110.4,  46865.9,  244.590992983,  606.278333661,  2440.72
1573.42714552,  53670.3,  46496.3,  244.591204605,  606.278703573,  2437.18
1573.44757969,  54548.3,  47236.3,  244.590986823,  606.277646464,  2437.89
1573.46801405,  55286.5,  47854.7,  244.591084042,  606.277481198,  2438.33
1573.48844832,  55785.4,  48277.2,  244.590856124,  606.277301988,  2436.92
1573.50888268,  55947.7,  48412.9,  244.590658301,  606.276924423,  2438.6
1573.52931685,  55514.4,  48048.0,  244.591451619,  606.277436163,  2436.71
1573.54975112,  54913.4,  47543.1,  244.591271925,  606.277907316,  2438.15
1573.57018548,  54032.0,  46800.8,  244.591418485,  606.278855561,  2436.74
1573.59061965,  53766.4,  46575.3,  244.591454938,  606.279035664,  2436.49
1573.61105392,  54584.5,  47265.7,  244.591473444,  606.278664252,  2437.46
1573.63148828,  55173.1,  47759.4,  244.591457051,  606.277957223,  2435.18
1573.65192255,  55808.9,  48296.4,  244.591121565,  606.27768387,  2435.86
1573.67235682,  55784.1,  48274.3,  244.591086456,  606.277499541,  2437.86
1573.69279109,  55507.9,  48040.7,  244.591224952,  606.277546,  2435.43
1573.71322526,  54826.5,  47468.4,  244.59119186,  606.278327955,  2437.04
1573.73365962,  53912.9,  46699.3,  244.591472699,  606.279158947,  2437.85
1573.75409389,  53916.6,  46701.5,  244.591704278,  606.279210762,  2435.1
1573.77452806,  54771.2,  47422.4,  244.591448692,  606.279186144,  2434.19
1573.79496243,  55465.6,  48004.2,  244.591975276,  606.278241018,  2434.95
1573.8153967,  56013.8,  48466.5,  244.59143576,  606.277810365,  2435.08
1573.83583087,  55846.5,  48325.1,  244.591675691,  606.278475626,  2435.26
1573.85626524,  55496.1,  48030.1,  244.5918224,  606.278241407,  2433.73
1573.87669951,  54687.5,  47351.0,  244.591523802,  606.279322561,  2434.04
1573.89713388,  53781.4,  46590.2,  244.591770115,  606.27957777,  2431.86
1573.91756805,  53952.7,  46732.5,  244.591527467,  606.279749339,  2433.13
1573.93800232,  54628.5,  47300.0,  244.5914625,  606.278852159,  2434.57
1573.95843669,  55397.7,  47947.7,  244.591522666,  606.278513072,  2431.68
1573.97887086,  55762.8,  48254.5,  244.591836126,  606.278751065,  2432.24
1573.99930513,  55698.4,  48200.5,  244.591500309,  606.278699561,  2432.74
1574.0197395,  55303.9,  47868.5,  244.592283819,  606.278767595,  2432.86
1574.04017368,  54473.9,  47169.4,  244.592112686,  606.279621973,  2430.92
1574.06060805,  53707.9,  46527.1,  244.592191227,  606.280068433,  2431.55
1574.08104232,  54117.2,  46869.1,  244.599536824,  606.279822168,  2431.06
1574.10147649,  54924.5,  47549.5,  244.591879384,  606.279177191,  2430.71
1574.12191086,  55740.9,  48237.4,  244.591792389,  606.279369879,  2430.36
1574.14234514,  55954.6,  48415.7,  244.592202285,  606.279000683,  2429.34
1574.16277941,  55882.8,  48356.9,  244.591675237,  606.279066031,  2428.21
1574.18321368,  55299.2,  47864.4,  244.592483767,  606.279199762,  2429.95
1574.20364796,  54438.1,  47139.4,  244.592357327,  606.280194306,  2429.78
1574.22408223,  53814.7,  46616.1,  244.592171711,  606.280003505,  2427.71
1574.2445165,  54133.7,  46882.7,  244.592269739,  606.280625333,  2429.45
1574.26495078,  54992.8,  47606.5,  244.592343523,  606.279818536,  2429.49
1574.28538505,  55567.2,  48090.9,  244.592045582,  606.279568248,  2429.98
1574.30581943,  55830.0,  48309.4,  244.591890532,  606.279009595,  2426.18
1574.3262536,  55664.1,  48171.7,  244.591627031,  606.279259424,  2426.26
1574.34668788,  55053.1,  47657.4,  244.59200106,  606.279523627,  2427.18
1574.36712215,  54283.0,  47007.8,  244.59179195,  606.280289342,  2425.8
1574.38755643,  53644.1,  46471.9,  244.5925044,  606.280636709,  2425.26
1574.4079908,  54277.4,  47002.2,  244.592381001,  606.28007079,  2427.04
1574.42842498,  55137.1,  47725.9,  244.592719559,  606.280016811,  2426.98
1574.44885935,  55722.2,  48219.8,  244.592267234,  606.279512183,  2425.57
1574.46929363,  55967.3,  48424.6,  244.592209688,  606.279244541,  2425.85
1574.48972781,  55643.1,  48153.1,  244.592445666,  606.2793751,  2426.44
1574.51016218,  55050.4,  47653.8,  244.592535303,  606.280435072,  2424.86
1574.53059646,  54231.3,  46963.8,  244.592774077,  606.280984203,  2426.03
1574.55103064,  53740.3,  46551.3,  244.592608752,  606.281031801,  2422.95
1574.57146501,  54400.1,  47106.8,  244.592730329,  606.280780926,  2422.33
1574.59189929,  55138.9,  47727.3,  244.592781862,  606.280408902,  2424.13
1574.61233367,  55582.6,  48101.8,  244.592477431,  606.27967799,  2424.59
1574.63276785,  55836.3,  48315.1,  244.59242313,  606.28025833,  2421.64
1574.65320212,  55476.8,  48012.2,  244.592663584,  606.279900554,  2424.46
1574.6736365,  54930.3,  47553.6,  244.592161519,  606.280494714,  2420.72
1574.69407068,  54043.1,  46804.2,  244.593011524,  606.28123022,  2423.81
1574.71450496,  53694.2,  46511.9,  244.592861801,  606.281629965,  2421.36
1574.73493934,  54562.3,  47241.6,  244.592659671,  606.280671112,  2421.15
1574.75537352,  55304.5,  47864.2,  244.59265696,  606.280582393,  2424.02
1574.7758078,  55864.0,  48338.0,  244.592099702,  606.280248508,  2422.67
1574.79624218,  55992.2,  48444.9,  244.592656225,  606.280180374,  2422.15
1574.81667646,  55555.1,  48076.4,  244.592793665,  606.280460191,  2421.31
1574.83711074,  54972.2,  47586.8,  244.592641984,  606.280818977,  2421.3
1574.85754502,  53967.9,  46740.5,  244.592687055,  606.280934151,  2421.12
1574.8779793,  53878.9,  46665.0,  244.59285944,  606.282120596,  2422.46
1574.89841358,  54560.1,  47239.8,  244.592541059,  606.280653451,  2420.54
1574.91884786,  55229.3,  47801.9,  244.592818334,  606.280438702,  2420.54
1574.93928214,  55746.3,  48236.9,  244.5928172,  606.280903015,  2421.45
1574.95971642,  55694.4,  48193.8,  244.593098401,  606.280426114,  2422.71
1574.9801507,  55414.7,  47957.9,  244.59288277,  606.280815712,  2419.28
1575.00058498,  54712.9,  47368.2,  244.592774607,  606.281497282,  2420.4
1575.02101927,  53817.2,  46613.5,  244.592818125,  606.281578823,  2418.73
1575.04145355,  53866.1,  46653.9,  244.593191658,  606.28145508,  2419.83
1575.06188793,  54695.5,  47352.6,  244.592840121,  606.281533884,  2420.43
1575.08232211,  55492.1,  48021.0,  244.592852892,  606.281303545,  2418.56
1575.1027564,  55915.9,  48380.0,  244.592985346,  606.28032875,  2418.28
1575.12319078,  55936.0,  48396.4,  244.592759497,  606.28082371,  2418.88
1575.14362496,  55457.6,  47991.5,  244.592769459,  606.280975159,  2421.21
1575.16405924,  54686.6,  47344.1,  244.592846035,  606.281963941,  2418.24
1575.18449363,  53842.7,  46633.1,  244.592939568,  606.281848736,  2417.38
1575.20492781,  53948.3,  46722.8,  244.593529218,  606.282350301,  2420.19
1575.2253622,  54734.1,  47384.3,  244.593195931,  606.2811013,  2418.33
1575.24579648,  55433.2,  47973.1,  244.592871204,  606.281495997,  2418.43
1575.26623066,  55787.7,  48271.4,  244.59298462,  606.280841899,  2416.7
1575.28666505,  55705.8,  48202.5,  244.592540322,  606.281549415,  2417.81
1575.30709933,  55266.5,  47831.7,  244.592837185,  606.281202482,  2417.46
1575.32753352,  54430.5,  47129.1,  244.592795223,  606.282468581,  2415.07
1575.3479679,  53684.6,  46501.5,  244.593053561,  606.282535165,  2415.64
1575.36840219,  54044.3,  46802.9,  244.593098156,  606.281822487,  2417.06
1575.38883658,  54925.2,  47544.4,  244.59367654,  606.28214111,  2416.0
1575.40927076,  55659.0,  48162.7,  244.593005381,  606.28129373,  2414.99
1575.42970505,  55922.5,  48383.6,  244.592976638,  606.281384595,  2415.4
1575.45013943,  55807.4,  48288.0,  244.592465604,  606.2812409,  2415.28
1575.47057372,  55265.1,  47828.8,  244.592848051,  606.282332361,  2416.0
1575.49100791,  54353.3,  47064.1,  244.593293876,  606.281953182,  2413.27
1575.51144229,  53761.3,  46564.4,  244.59349224,  606.282669338,  2415.64
1575.53187658,  54105.7,  46852.5,  244.593280132,  606.282246742,  2412.49
1575.55231077,  54963.0,  47575.0,  244.59281177,  606.282493667,  2414.41
1575.57274516,  55540.0,  48061.0,  244.593241647,  606.281273583,  2413.25
1575.59317944,  55850.8,  48321.8,  244.593066429,  606.281428941,  2412.84
1575.61361373,  55565.4,  48082.5,  244.593249575,  606.281467753,  2413.86
1575.65448221,  54161.2,  46898.1,  244.593169829,  606.282281575,  2412.46
1575.6749166,  53666.1,  46483.3,  244.593474519,  606.283199896,  2412.75
1575.69535089,  54353.9,  47060.6,  244.594044934,  606.282119774,  2412.44
1575.71578508,  55113.3,  47702.0,  244.593539077,  606.2820811,  2411.8
1575.73621946,  55801.2,  48279.4,  244.59377823,  606.281371369,  2413.06
1575.75665375,  55907.9,  48368.1,  244.593741257,  606.281311826,  2412.32
1575.77708814,  55655.9,  48157.5,  244.593455394,  606.281639262,  2411.46
1575.79752233,  55113.8,  47701.0,  244.593837226,  606.281911661,  2412.93
1575.81795662,  54156.9,  46895.9,  244.593873363,  606.282859907,  2410.82
1575.83839101,  53802.5,  46599.3,  244.593883659,  606.282591578,  2410.85
1575.8588252,  54352.0,  47059.3,  244.59390481,  606.282349763,  2410.41
1575.8792595,  55089.7,  47680.7,  244.593492796,  606.281814448,  2410.74
1575.89969389,  55712.3,  48205.6,  244.5937737,  606.281652311,  2411.57
1575.92012808,  55693.1,  48188.0,  244.593529587,  606.281878739,  2411.1
1575.94056237,  55545.9,  48064.6,  244.593888477,  606.282074815,  2410.09
1575.96099676,  54840.7,  47471.3,  244.593923149,  606.281964676,  2410.09
1575.98143095,  53977.9,  46744.8,  244.594328974,  606.282922977,  2409.14
1576.00186534,  53741.1,  46546.4,  244.594088302,  606.282901723,  2411.43
1576.02229964,  54497.3,  47181.3,  244.593806906,  606.282388254,  2409.12
1576.04273393,  55297.2,  47853.9,  244.594024704,  606.281886847,  2407.79
1576.06316822,  55817.9,  48294.0,  244.59341726,  606.282004538,  2408.05
1576.08360251,  55878.2,  48341.8,  244.59403776,  606.281678372,  2406.37
1576.10403681,  55516.6,  48039.4,  244.594019496,  606.282016235,  2408.1
1576.1244711,  54887.9,  47511.3,  244.593897836,  606.28259354,  2407.8
1576.14490539,  53990.6,  46753.4,  244.593902523,  606.282466042,  2409.54
1576.16533969,  53813.5,  46607.2,  244.594277942,  606.283259255,  2407.4
1576.18577408,  54583.6,  47252.7,  244.594009207,  606.28249339,  2407.14
1576.20620828,  55187.9,  47762.5,  244.594118843,  606.282687151,  2409.31
1576.22664267,  55766.6,  48250.5,  244.593949578,  606.282101442,  2406.91
1576.24707696,  55740.8,  48225.7,  244.594412431,  606.281983914,  2408.28
1576.26751116,  55377.3,  47920.5,  244.594509092,  606.281971906,  2406.51
1576.28794555,  54704.5,  47356.3,  244.594286738,  606.283079913,  2403.18
1576.30837975,  53821.6,  46611.3,  244.594496654,  606.283433649,  2406.31
1576.32881404,  53926.7,  46701.1,  244.594357653,  606.283503424,  2404.6
1576.34924844,  54765.6,  47405.5,  244.594267973,  606.283121203,  2406.68
1576.36968264,  55462.9,  48006.5,  244.594199633,  606.282534953,  2432.05
1576.39011703,  55943.4,  48397.3,  244.593929032,  606.282423146,  2407.03
1576.41055133,  55893.0,  48355.3,  244.593758944,  606.282189958,  2404.18
1576.43098552,  55409.3,  47946.6,  244.593870982,  606.282666223,  2404.89
1576.45141992,  54722.0,  47369.0,  244.59422877,  606.283337479,  2405.89
1576.47185422,  53785.1,  46579.2,  244.594250568,  606.283606271,  2405.74
1576.49228841,  53979.9,  46744.2,  244.59469597,  606.28394175,  2404.37
1576.51272281,  54745.3,  47389.5,  244.594315197,  606.283224109,  2404.07
1576.53315711,  55346.7,  47893.5,  244.594239626,  606.282771608,  2405.21
1576.55359141,  55823.6,  48295.7,  244.594404313,  606.282613497,  2403.78
1576.5740257,  55627.9,  48130.3,  244.594151855,  606.282475767,  2402.15
1576.59446,  55225.6,  47791.7,  244.594459046,  606.283020722,  2404.39
1576.6148944,  54439.9,  47131.7,  244.594709728,  606.283698729,  2402.87
1576.6353286,  53525.9,  46361.1,  244.595084753,  606.284252784,  2405.34
1576.6557629,  54108.5,  46852.2,  244.594440494,  606.283971563,  2405.29
1576.6761973,  54842.8,  47470.7,  244.594260666,  606.283381499,  2403.42
1576.69663159,  55629.9,  48131.3,  244.594630491,  606.282869507,  2404.26
1576.71706579,  55976.8,  48425.8,  244.594365415,  606.283095529,  2402.71
1576.73750019,  55672.4,  48168.4,  244.594336871,  606.283177525,  2402.28
1576.75793449,  55291.6,  47845.5,  244.594680515,  606.283087188,  2402.51
1576.77836879,  54306.1,  47017.3,  244.594631196,  606.283830175,  2401.77
1576.79880309,  53726.1,  46529.3,  244.595185723,  606.284697191,  2401.45
1576.81923739,  54219.0,  46943.9,  244.595155643,  606.284648897,  2402.07
1576.83967179,  54926.2,  47540.7,  244.594855091,  606.283985997,  2402.84
1576.86010599,  55624.4,  48125.9,  244.594544012,  606.283235464,  2403.12
1576.88054029,  55802.4,  48275.8,  244.594746389,  606.283509355,  2401.48
1576.9009747,  55611.7,  48115.1,  244.59514052,  606.28294548,  2403.47
1576.9214089,  55107.9,  47691.8,  244.594987071,  606.283994441,  2399.06
1576.9418432,  54139.8,  46876.7,  244.594870522,  606.284856659,  2400.12
1576.9622775,  53675.2,  46486.0,  244.5948679,  606.285026667,  2401.41
1576.9827118,  54310.5,  47020.1,  244.594918673,  606.284415788,  2400.47
1577.0031462,  55113.4,  47695.2,  244.594598557,  606.284262252,  2401.93
1577.02358041,  55742.5,  48225.2,  244.595222763,  606.283903467,  2399.34
1577.04401471,  55835.9,  48303.2,  244.595106478,  606.283408929,  2400.81
1577.06444911,  55562.3,  48073.8,  244.594620473,  606.283950328,  2398.68
1577.08488331,  54975.5,  47579.5,  244.594922211,  606.284599069,  2398.48
1577.10531762,  54058.6,  46807.8,  244.595407935,  606.284883831,  2398.49
1577.12575202,  53728.4,  46530.1,  244.595268173,  606.28546414,  2400.19
1577.14618622,  54337.3,  47042.7,  244.594991186,  606.284784181,  2400.82
1577.16662063,  55054.6,  47646.3,  244.595225135,  606.284672546,  2399.96
1577.18705493,  55651.4,  48147.4,  244.595176296,  606.283854213,  2398.24
1577.20748914,  55685.2,  48176.0,  244.595176737,  606.284200885,  2400.28
1577.22792354,  55517.2,  48036.3,  244.595290646,  606.284588835,  2399.01
1577.24835784,  54894.9,  47510.8,  244.59523493,  606.284552516,  2397.22
1577.26879215,  53976.0,  46736.6,  244.595340803,  606.285845964,  2398.15
1577.28922645,  53783.0,  46575.8,  244.595398552,  606.285911095,  2397.97
1577.30966076,  54522.8,  47196.4,  244.59536162,  606.28479731,  2397.58
1577.33009506,  55365.3,  47907.8,  244.595314812,  606.284763713,  2394.22
1577.35052947,  55794.9,  48268.4,  244.595220067,  606.284363629,  2398.23
1577.37096368,  55935.8,  48386.4,  244.595077935,  606.284221436,  2395.35
1577.39139808,  55460.8,  47987.4,  244.595078398,  606.285053497,  2396.02
1577.41183239,  54834.7,  47459.3,  244.5952644,  606.285018298,  2397.63
1577.43226659,  53906.9,  46678.2,  244.595503668,  606.286056903,  2398.76
1577.452701,  53798.5,  46588.8,  244.595158314,  606.285939536,  2397.76
1577.47313531,  54589.6,  47254.0,  244.595426363,  606.28485588,  2395.25
1577.49356951,  55171.0,  47742.5,  244.595734984,  606.284792332,  2397.2
1577.51400392,  55696.9,  48184.6,  244.595517659,  606.285467583,  2395.83
1577.53443823,  55689.9,  48177.6,  244.595207813,  606.284772219,  2395.83
1577.55487254,  55319.4,  47868.1,  244.596306641,  606.285511091,  2395.39
1577.57530684,  54713.6,  47356.9,  244.595265831,  606.285675869,  2393.97
1577.59574105,  53721.3,  46522.2,  244.595524667,  606.286468201,  2394.95
1577.61617546,  53911.5,  46681.3,  244.59552256,  606.286339367,  2396.35
1577.63660977,  54737.7,  47376.5,  244.595757931,  606.285791531,  2395.3
1577.65704398,  55459.9,  47985.5,  244.595536917,  606.285751168,  2394.87
1577.67747839,  55972.9,  48417.9,  244.59537618,  606.284858481,  2394.72
1577.69791269,  55786.6,  48259.8,  244.595459554,  606.284809795,  2393.86
1577.718347,  55417.6,  47950.2,  244.59560597,  606.285019375,  2398.38
1577.73878131,  54612.2,  47270.7,  244.595499216,  606.285769172,  2394.75
1577.75921562,  53720.0,  46519.3,  244.596097589,  606.286961539,  2394.51
1577.77965003,  53942.8,  46707.4,  244.595767786,  606.286464232,  2394.64
1577.80008424,  54663.0,  47312.1,  244.595524822,  606.286093657,  2395.44
1577.82051855,  55326.0,  47871.8,  244.595231364,  606.285550055,  2393.38
1577.84095296,  55726.2,  48209.7,  244.595264291,  606.285370048,  2394.38
1577.86138727,  55577.1,  48081.9,  244.595910301,  606.285282043,  2391.94
1577.88182148,  55177.2,  47746.0,  244.595541552,  606.286105634,  2393.52
1577.90225589,  54379.6,  47075.9,  244.595734481,  606.286482943,  2392.83
1577.92269021,  53577.7,  46398.8,  244.596109416,  606.286819274,  2393.44
1577.94312452,  54105.0,  46843.9,  244.595902736,  606.28661325,  2393.82
1577.96355883,  54928.4,  47536.0,  244.59582559,  606.286008652,  2391.98
1577.98399314,  55620.3,  48117.9,  244.596054419,  606.28549053,  2392.63
1578.00442745,  56002.9,  48441.1,  244.595489314,  606.285581776,  2392.39
1578.02486176,  55688.6,  48173.8,  244.595725018,  606.286229563,  2394.37
1578.04529608,  55262.7,  47816.8,  244.595998496,  606.285916466,  2391.34
1578.06573049,  54340.0,  47041.9,  244.595999305,  606.286952278,  2396.31
1578.0861647,  53710.2,  46510.4,  244.596131516,  606.287156589,  2390.73
1578.10659901,  54179.6,  46905.8,  244.59547189,  606.286927444,  2391.13
1578.12703343,  54931.8,  47538.9,  244.59582755,  606.286644414,  2392.19
1578.14746764,  55528.5,  48039.4,  244.595954545,  606.286070343,  2391.68
1578.16790205,  55803.6,  48273.4,  244.595743384,  606.286098866,  2392.96
1578.18833637,  55494.7,  48011.4,  244.596145066,  606.286336533,  2391.39
1578.20877058,  54985.9,  47584.1,  244.596035916,  606.286543252,  2391.77
1578.229205,  54060.0,  46805.4,  244.595818749,  606.287004207,  2393.47
1578.24963921,  53538.5,  46364.5,  244.596085012,  606.287594346,  2389.42
1578.27007353,  54322.8,  47026.9,  244.596289568,  606.287240372,  2390.69
1578.29050794,  55072.0,  47656.1,  244.595928608,  606.286101017,  2391.1
1578.31094215,  55734.9,  48213.2,  244.59631398,  606.285613243,  2390.44
1578.33137657,  55931.2,  48379.3,  244.596028459,  606.286387274,  2388.63
1578.35181089,  55565.0,  48070.4,  244.595714633,  606.28625569,  2389.78
1578.3722451,  55053.1,  47639.8,  244.595988699,  606.28678563,  2389.77
1578.39267952,  54107.5,  46844.4,  244.596194812,  606.287561767,  2392.54
1578.41311383,  53720.1,  46516.4,  244.596050056,  606.287586918,  2390.29
1578.43354815,  54434.6,  47118.8,  244.595751051,  606.287855747,  2393.63
1578.45398246,  55035.6,  47626.1,  244.596368148,  606.287137603,  2389.79
1578.47441678,  55667.3,  48155.6,  244.596226912,  606.286832783,  2391.06
1578.4948511,  55747.1,  48223.0,  244.595780329,  606.286331922,  2389.67
1578.51528541,  55417.2,  47945.4,  244.595554052,  606.286848968,  2389.46
1578.53571973,  54866.8,  47482.1,  244.596526618,  606.287385024,  2385.89
1578.55615415,  53898.4,  46669.0,  244.59605267,  606.287647057,  2388.23
1578.57658847,  53728.1,  46523.3,  244.596150068,  606.287771924,  2389.67
1578.59702268,  54551.8,  47216.6,  244.595956147,  606.287720851,  2389.58
1578.63789142,  55818.9,  48281.8,  244.596012902,  606.286584488,  2387.48
1578.65832564,  55858.1,  48315.5,  244.596433844,  606.286092792,  2387.98
1578.67876006,  55474.1,  47991.8,  244.596513993,  606.286229391,  2386.65
1578.69919438,  54834.1,  47452.6,  244.596534542,  606.287179068,  2385.5
1578.71962859,  53907.9,  46674.3,  244.596633429,  606.287824324,  2387.47
1578.74006301,  53810.4,  46592.2,  244.597170147,  606.287818913,  2387.29
1578.76049733,  54566.8,  47228.3,  244.596648214,  606.287570401,  2387.79
1578.78093175,  55195.4,  47759.5,  244.596954815,  606.287032449,  2387.83
1578.80136597,  55685.0,  48168.8,  244.596143682,  606.28703253,  2387.37
1578.82180029,  55688.3,  48172.5,  244.5969813,  606.286335324,  2385.91
1578.84223471,  55351.1,  47889.8,  244.596718082,  606.287547294,  2385.79
1578.86266893,  54590.0,  47248.2,  244.596924598,  606.287789918,  2386.37
1578.88310325,  53762.6,  46551.3,  244.596885259,  606.288215746,  2387.15
1578.90353757,  53888.6,  46658.1,  244.596968369,  606.287687256,  2384.33
1578.92397189,  54765.6,  47396.2,  244.597158314,  606.287039444,  2385.62
1578.94440631,  55493.0,  48008.8,  244.596736488,  606.287238371,  2386.18
1578.96484054,  55903.8,  48352.9,  244.596938557,  606.286497739,  2385.21
1578.98527486,  55830.4,  48291.7,  244.597231816,  606.286552624,  2385.56
1579.00570928,  55371.9,  47906.5,  244.596842244,  606.287470489,  2384.57
1579.0261435,  54583.5,  47241.8,  244.596874189,  606.286791316,  2384.52
1579.04657782,  53813.1,  46594.2,  244.596994807,  606.288089306,  2383.76
1579.06701224,  53909.5,  46674.3,  244.597146305,  606.288403019,  2383.07
1579.08744657,  54776.4,  47403.8,  244.597028366,  606.287528923,  2381.83
1579.10788079,  55351.0,  47889.5,  244.596779933,  606.287480233,  2385.14
1579.12831521,  55756.9,  48228.4,  244.597245955,  606.287098335,  2382.77
1579.14874954,  55666.8,  48152.2,  244.597464119,  606.286603832,  2383.83
1579.16918386,  55105.1,  47680.4,  244.596969947,  606.287550296,  2383.72
1579.18961818,  54398.0,  47084.3,  244.597181976,  606.288002893,  2382.71
1579.2100525,  53568.2,  46387.9,  244.597204485,  606.288547817,  2382.62
1579.23048693,  54056.5,  46797.8,  244.596941454,  606.288017304,  2381.38
1579.25092115,  54958.6,  47556.2,  244.596891923,  606.287440197,  2382.79
1579.27135548,  55572.3,  48072.2,  244.596923266,  606.287252384,  2383.23
1579.2917899,  55954.3,  48393.1,  244.59716614,  606.286654821,  2385.06
1579.31222413,  55675.7,  48158.5,  244.597092272,  606.287312603,  2383.92
1579.33265855,  55124.6,  47697.7,  244.597284961,  606.287632463,  2384.34
1579.35309288,  54291.4,  46994.7,  244.59721373,  606.288231064,  2381.74
1579.3735271,  53616.5,  46426.7,  244.597517385,  606.288430177,  2385.33
1579.39396153,  54200.1,  46919.0,  244.597186281,  606.288964189,  2382.17
1579.41439585,  54899.6,  47505.3,  244.597244011,  606.287588707,  2384.79
1579.43483008,  55537.9,  48042.6,  244.597222518,  606.287829121,  2385.02
1579.4552645,  55764.5,  48234.8,  244.597247382,  606.287426078,  2383.12
1579.47569883,  55476.2,  47990.8,  244.597330202,  606.287619553,  2383.58
1579.49613305,  55043.7,  47626.8,  244.597470338,  606.2883218,  2384.0
1579.51656748,  54112.3,  46843.7,  244.597998481,  606.289131888,  2381.52
1579.53700171,  53586.6,  46401.4,  244.597692914,  606.289120367,  2383.41
1579.55743613,  54413.0,  47097.4,  244.597062459,  606.288774579,  2381.42
1579.57787046,  55098.2,  47674.4,  244.597740571,  606.288295336,  2379.68
1579.59830479,  55821.7,  48281.4,  244.597431992,  606.28773242,  2378.96
1579.61873912,  55917.0,  48361.8,  244.59775178,  606.287167394,  2380.86
1579.63917344,  55551.9,  48053.0,  244.597817652,  606.28786768,  2381.27
1579.65960777,  55011.5,  47600.5,  244.597602694,  606.288372768,  2381.83
1579.6800421,  53973.6,  46725.4,  244.597849889,  606.289129188,  2379.92
1579.70047643,  53706.9,  46501.1,  244.59805457,  606.28946965,  2380.12
1579.72091086,  54363.6,  47054.8,  244.597823673,  606.289186114,  2380.93
1579.74134518,  54981.1,  47573.1,  244.597687606,  606.288703701,  2380.81
1579.76177941,  55641.4,  48129.0,  244.597459365,  606.288138645,  2378.86
1579.78221384,  55626.6,  48116.8,  244.597832596,  606.288347549,  2379.83
1579.80264817,  55408.4,  47932.1,  244.598011034,  606.287542691,  2377.14
1579.8230824,  54779.7,  47403.8,  244.597662865,  606.289200029,  2377.97
1579.84351683,  53794.5,  46574.8,  244.597763709,  606.289185176,  2377.5
1579.86395116,  53790.7,  46569.8,  244.597913237,  606.290239203,  2377.6
1579.88438539,  54502.8,  47170.6,  244.597597322,  606.289787672,  2378.19
1579.90481982,  55391.3,  47915.8,  244.598073264,  606.288887164,  2378.5
1579.92525415,  55851.1,  48304.0,  244.597868319,  606.288581912,  2379.3
1579.94568858,  55932.8,  48374.2,  244.597750058,  606.287843254,  2376.86
1579.96612281,  55507.5,  48014.6,  244.598082047,  606.288772656,  2375.49
1579.98655714,  54785.0,  47406.3,  244.598268626,  606.289295999,  2378.82
1580.00699157,  53904.8,  46666.6,  244.59825841,  606.289989123,  2375.96
1580.0274258,  53825.9,  46598.8,  244.598552099,  606.290399876,  2376.07
1580.04786014,  54549.4,  47209.5,  244.598203291,  606.29017957,  2375.79
1580.06829457,  55220.0,  47772.7,  244.598039655,  606.288845622,  2375.1
1580.0887288,  55648.5,  48133.0,  244.598293563,  606.288809338,  2376.45
1580.10916313,  55653.3,  48137.7,  244.597874429,  606.289092925,  2375.76
1580.12959756,  55209.8,  47762.6,  244.598249605,  606.289407724,  2376.05
1580.15003179,  54580.3,  47232.4,  244.598518495,  606.28979358,  2373.52
1580.17046623,  53701.6,  46494.3,  244.597996127,  606.290263008,  2373.88
1580.19090046,  53835.3,  46606.5,  244.598540964,  606.29030307,  2373.36
1580.21133479,  54738.1,  47367.3,  244.598658373,  606.2899681,  2373.02
1580.23176923,  55399.0,  47921.4,  244.59864774,  606.289363817,  2373.89
1580.25220346,  55869.0,  48316.9,  244.598996301,  606.28946919,  2374.72
1580.27263779,  55826.5,  48282.8,  244.598287946,  606.289338456,  2373.25
1580.29307223,  55307.5,  47844.9,  244.598383733,  606.289851123,  2373.12
1580.31350656,  54577.3,  47230.2,  244.598375329,  606.290194954,  2372.92
1580.33394089,  53739.7,  46527.0,  244.597981719,  606.290941817,  2373.05
1580.35437523,  53884.5,  46646.6,  244.598534889,  606.290787119,  2372.6
1580.37480956,  54767.9,  47390.5,  244.598602478,  606.290096471,  2372.45
1580.3952439,  55315.2,  47852.0,  244.598362283,  606.290319002,  2373.23
1580.41567823,  55742.6,  48209.6,  244.598874932,  606.289594548,  2373.82
1580.43611257,  55641.5,  48126.0,  244.598466258,  606.289118636,  2372.55
1580.456547,  55057.6,  47635.0,  244.598749478,  606.290147099,  2372.45
1580.47698124,  54348.1,  47036.2,  244.59878224,  606.290554003,  2371.87
1580.49741557,  53517.0,  46338.9,  244.598495045,  606.291155162,  2371.48
1580.51785001,  54030.1,  46768.1,  244.598792096,  606.290840127,  2370.77
1580.53828425,  54986.8,  47574.5,  244.599029036,  606.290239183,  2370.72
1580.55871868,  55561.2,  48057.6,  244.598322579,  606.290164671,  2370.33
1580.57915302,  55998.0,  48424.2,  244.598490735,  606.290174388,  2372.4
1580.59958725,  55662.2,  48142.1,  244.599037811,  606.290191285,  2370.77
1580.62002169,  55176.1,  47732.9,  244.598472483,  606.290443519,  2370.94
1580.64045603,  54287.4,  46984.7,  244.599993158,  606.290727593,  2368.82
1580.66089026,  53657.1,  46455.3,  244.598537767,  606.29199057,  2369.35
1580.6813247,  54181.2,  46895.6,  244.59888199,  606.290958217,  2370.46
1580.70175904,  54916.9,  47513.0,  244.598696606,  606.291311665,  2371.87
1580.72219348,  55504.9,  48011.7,  244.598150202,  606.290064171,  2369.54
1580.74262771,  55723.8,  48193.0,  244.59912105,  606.290107099,  2368.32
1580.76306205,  55473.0,  47982.9,  244.598753085,  606.290630914,  2368.96
1580.78349649,  54928.2,  47523.0,  244.59912266,  606.290929487,  2369.7
1580.80393073,  54023.2,  46760.4,  244.59914572,  606.291511103,  2369.36
1580.82436507,  53565.8,  46377.9,  244.599228933,  606.291834251,  2368.78
1580.84479941,  54244.0,  46947.7,  244.59883667,  606.290418469,  2367.96
1580.86523375,  55160.6,  47718.8,  244.598921172,  606.291358127,  2366.88
1580.88566808,  55684.1,  48159.8,  244.598999151,  606.290370038,  2368.75
1580.90610242,  55877.7,  48321.8,  244.598647768,  606.290470021,  2368.44
1580.92653676,  55543.3,  48041.5,  244.599026704,  606.29097488,  2369.83
1580.9469712,  54913.6,  47511.4,  244.599109765,  606.291483835,  2368.12
1580.96740554,  54077.3,  46806.5,  244.599441878,  606.291131297,  2366.49
1580.98783978,  53697.2,  46487.0,  244.599482059,  606.292019774,  2367.41
1581.00827422,  54420.0,  47096.1,  244.598781765,  606.291467772,  2365.52
1581.02870856,  55105.3,  47670.6,  244.59933596,  606.291075401,  2366.51
1581.0491428,  55620.5,  48106.9,  244.599127173,  606.291213508,  2367.01
1581.06957725,  55691.4,  48163.8,  244.599488017,  606.290936811,  2365.77
1581.09001159,  55394.1,  47913.6,  244.598605432,  606.290941137,  2368.11
1581.11044603,  54762.7,  47384.8,  244.599485791,  606.29149855,  2364.37
1581.13088027,  53876.6,  46636.2,  244.598987169,  606.291552014,  2363.77
1581.15131461,  53697.7,  46486.3,  244.59918356,  606.292579021,  2366.17
1581.17174905,  54562.2,  47214.1,  244.599326076,  606.2918908,  2366.09
1581.19218329,  55349.4,  47875.5,  244.59953437,  606.291079425,  2363.86
1581.21261764,  55831.0,  48283.2,  244.599287995,  606.291573423,  2365.36
1581.23305208,  55836.0,  48285.0,  244.599709104,  606.290872523,  2365.91
1581.25348632,  55454.1,  47964.3,  244.599353838,  606.291605407,  2365.33
1581.27392066,  54714.7,  47342.5,  244.599606005,  606.292209385,  2362.49
1581.29435511,  53893.9,  46650.5,  244.599331804,  606.292864382,  2362.04
1581.31478935,  53768.5,  46545.5,  244.599552144,  606.292679495,  2364.55
1581.33522379,  54575.5,  47224.4,  244.599552505,  606.291963238,  2364.25
1581.35565814,  55161.9,  47718.4,  244.599831266,  606.291734047,  2363.81
1581.37609248,  55703.6,  48174.1,  244.600082435,  606.291265906,  2364.46
1581.39652682,  55626.7,  48109.3,  244.599794954,  606.29130141,  2362.73
1581.41696117,  55265.2,  47803.1,  244.5994785,  606.292131319,  2363.63
1581.43739551,  54582.4,  47230.2,  244.599253482,  606.291881625,  2363.72
1581.45782986,  53632.0,  46429.4,  244.599824665,  606.292527851,  2362.39
1581.4782642,  53836.9,  46602.3,  244.600136707,  606.292564999,  2362.33
1581.49869854,  54740.5,  47364.0,  244.599407393,  606.291873648,  2361.5
1581.51913289,  55420.0,  47934.8,  244.599927977,  606.292104079,  2360.26
1581.53956723,  55953.5,  48383.1,  244.59970909,  606.29151609,  2362.04
1581.56000158,  55775.2,  48233.1,  244.599892915,  606.291825751,  2360.82
1581.58043592,  55386.9,  47904.6,  244.600134813,  606.291731718,  2364.49
1586.8320616,  55284.2,  47812.7,  244.615201821,  606.309087884,  2331.3
1586.85249609,  55522.6,  48011.7,  244.615312151,  606.308666688,  2330.25
1586.87293038,  55345.8,  47861.9,  244.615325666,  606.309165421,  2330.0
1586.89336487,  54873.8,  47464.5,  244.615504174,  606.309784027,  2330.85
1586.91379926,  53995.2,  46726.0,  244.614978516,  606.310438738,  2332.33
1586.93423355,  53431.9,  46249.9,  244.615185444,  606.311120235,  2330.41
1586.95466804,  54029.2,  46751.8,  244.61483286,  606.311266707,  2332.52
1586.97510243,  54840.2,  47435.0,  244.615025037,  606.31100738,  2329.38
1586.99553682,  55512.0,  47997.9,  244.615585869,  606.310946198,  2328.45
1587.01597121,  55683.8,  48143.7,  244.615125348,  606.311106091,  2331.57
1587.0364056,  55459.3,  47952.1,  244.61557584,  606.310759803,  2327.05
1587.05684009,  54832.7,  47425.2,  244.615362938,  606.311169149,  2331.91
1587.07727448,  53928.5,  46664.7,  244.615333134,  606.312125921,  2330.75
1587.09770878,  53413.6,  46229.4,  244.615509256,  606.312396229,  2329.01
1587.11814327,  54001.7,  46724.1,  244.615970033,  606.311755478,  2331.64
1587.13857766,  54741.6,  47346.4,  244.615256178,  606.311015306,  2330.27
1587.15901195,  55334.3,  47845.8,  244.615818835,  606.31070173,  2328.26
1587.17944644,  55487.0,  47974.1,  244.615400976,  606.311368982,  2327.1
1587.19988084,  55166.8,  47704.4,  244.615554741,  606.311262976,  2331.11
1587.22031523,  54672.1,  47286.2,  244.615576112,  606.311586884,  2328.36
1587.24074962,  53679.3,  46452.5,  244.615948188,  606.311746,  2327.53
1587.26118391,  53449.8,  46258.0,  244.615562888,  606.312439673,  2327.0
1587.28161841,  54258.2,  46936.1,  244.616150884,  606.311692765,  2328.56
1587.3020528,  55021.4,  47580.5,  244.615246313,  606.31163097,  2328.4
1587.32248709,  55704.8,  48154.4,  244.615470966,  606.310812633,  2329.09
1587.34292159,  55667.1,  48123.5,  244.615691331,  606.310596152,  2328.99
1587.36335598,  55381.6,  47883.4,  244.615625136,  606.310715261,  2327.34
1587.38379047,  54731.9,  47334.0,  244.61576195,  606.311040568,  2325.89
1587.40422477,  53756.8,  46515.5,  244.615188683,  606.312360802,  2327.57
1587.42465916,  53668.7,  46440.3,  244.615200596,  606.311984128,  2325.74
1587.44509365,  54295.4,  46966.4,  244.615783826,  606.311236961,  2325.41
1587.46552795,  55001.6,  47563.1,  244.615323761,  606.310806435,  2325.39
1587.50639684,  55442.3,  47932.1,  244.614876354,  606.310611042,  2326.5
1587.52683113,  55137.3,  47674.8,  244.615155199,  606.310368904,  2324.15
1587.54726563,  54426.8,  47076.3,  244.615402494,  606.310910569,  2324.71
1587.56770002,  53574.2,  46359.0,  244.615249251,  606.311731734,  2329.14
1587.58813442,  53605.5,  46385.3,  244.615127009,  606.311474568,  2325.05
1587.60856881,  54421.1,  47069.3,  244.615202654,  606.310860568,  2324.6
1587.62900321,  55198.6,  47725.8,  244.615256988,  606.31020276,  2324.77
1587.6494376,  55556.7,  48026.6,  244.615500155,  606.310231469,  2323.65
1587.669872,  55615.6,  48074.5,  244.615039108,  606.310015731,  2325.73
1587.6903064,  55161.4,  47693.1,  244.614975756,  606.310539274,  2323.87
1587.71074089,  54462.7,  47103.9,  244.615000377,  606.310956939,  2324.51
1587.73117519,  53651.5,  46421.1,  244.615539847,  606.311286708,  2322.67
1587.75160959,  53754.3,  46507.9,  244.614512205,  606.311668951,  2324.3
1587.77204408,  54458.6,  47099.2,  244.614807585,  606.310587473,  2323.94
1587.79247848,  55148.1,  47680.5,  244.61452869,  606.310701287,  2322.63
1587.81291278,  55456.1,  47939.0,  244.614410541,  606.310128932,  2323.78
1587.83334727,  55484.7,  47963.3,  244.614777436,  606.310020139,  2322.87
1587.85378157,  54998.1,  47553.9,  244.61436833,  606.310842115,  2323.53
1587.87421607,  54236.3,  46912.1,  244.614829782,  606.311072074,  2324.07
1587.89465047,  53492.1,  46285.4,  244.614677317,  606.311253441,  2321.71
1587.91508476,  53742.2,  46497.1,  244.61417614,  606.311450833,  2323.51
1587.93551926,  54738.6,  47335.0,  244.614219082,  606.310593998,  2321.67
1587.95595366,  55329.9,  47831.6,  244.613934363,  606.310634153,  2323.29
1587.97638796,  55764.5,  48198.1,  244.614708536,  606.309336833,  2320.92
1587.99682246,  55574.6,  48036.7,  244.613957949,  606.310293924,  2319.15
1588.01725685,  54966.2,  47526.5,  244.614330246,  606.310170791,  2321.37
1588.03769115,  54260.2,  46930.8,  244.614090153,  606.31084618,  2318.61
1588.05812565,  53480.5,  46274.9,  244.614182408,  606.311656952,  2321.23
1588.07856005,  53857.6,  46592.9,  244.613866686,  606.311679875,  2321.94
1588.09899455,  54685.5,  47287.8,  244.613655598,  606.31031642,  2318.17
1588.11942885,  55182.0,  47707.6,  244.613565881,  606.31071482,  2319.58
1588.13986325,  55594.1,  48054.2,  244.613942702,  606.309789899,  2319.15
1588.16029775,  55337.1,  47835.2,  244.613394942,  606.310266131,  2320.29
1588.18073205,  54824.5,  47405.8,  244.613856295,  606.310507744,  2319.36
1588.20116645,  54017.6,  46726.8,  244.613359473,  606.310398262,  2317.58
1588.22160095,  53376.5,  46186.1,  244.613970332,  606.310977029,  2318.53
1588.24203525,  54026.3,  46733.3,  244.613270487,  606.311306861,  2319.16
1588.26246975,  54915.5,  47480.6,  244.613473103,  606.309993597,  2318.7
1588.28290415,  55530.7,  47999.4,  244.613536421,  606.309146073,  2317.71
1588.30333855,  55804.9,  48230.2,  244.613072736,  606.309484183,  2315.88
1588.32377295,  55420.6,  47905.3,  244.613303512,  606.309760468,  2318.86
1588.34420735,  54884.6,  47455.7,  244.612988216,  606.310046681,  2316.64
1588.36464175,  53959.7,  46676.5,  244.612328604,  606.310716153,  2314.9
1588.38507615,  53502.4,  46291.0,  244.612777742,  606.310756064,  2316.88
1588.40551055,  54089.2,  46786.0,  244.612907914,  606.3100939,  2317.8
1588.42594495,  54825.4,  47404.7,  244.612725502,  606.310138311,  2315.7
1588.44637946,  55420.3,  47905.5,  244.612812252,  606.309343325,  2315.43
1588.46681376,  55574.8,  48036.9,  244.61248773,  606.309572499,  2315.44
1588.48724826,  55259.5,  47770.4,  244.612900789,  606.309233871,  2314.56
1588.50768256,  54725.2,  47320.4,  244.612776614,  606.310276752,  2315.72
1588.52811696,  53705.0,  46462.6,  244.612784455,  606.310571757,  2317.09
1588.54855147,  53505.9,  46293.7,  244.613085009,  606.310391078,  2312.92
1588.56898577,  54307.3,  46968.8,  244.612535923,  606.310420704,  2315.73
1588.58942017,  55095.3,  47632.1,  244.612913431,  606.309446983,  2314.12
1588.60985468,  55735.0,  48169.7,  244.612485292,  606.308901657,  2313.43
1588.63028898,  55668.3,  48114.8,  244.612368042,  606.309020834,  2315.73
1588.65072348,  55392.1,  47880.1,  244.612218022,  606.308955013,  2315.43
1588.67115788,  54646.9,  47254.1,  244.612288217,  606.309867968,  2312.3
1588.69159219,  53798.2,  46540.7,  244.612322204,  606.310277509,  2313.5
1588.71202669,  53672.8,  46433.1,  244.61254691,  606.309701798,  2315.35
1588.7324611,  54298.8,  46960.2,  244.612473062,  606.309268361,  2312.28
1588.7528954,  55050.3,  47592.8,  244.61203847,  606.309590801,  2312.89
1588.7733299,  55437.3,  47917.5,  244.612309638,  606.3089903,  2312.83
1588.79376431,  55474.2,  47950.0,  244.612458311,  606.308835527,  2313.43
1588.81419871,  55176.0,  47698.5,  244.612603932,  606.308644655,  2313.85
1588.83463312,  54414.0,  47057.2,  244.612307062,  606.309630329,  2312.16
1588.85506752,  53674.8,  46435.5,  244.612600712,  606.31035083,  2312.19
1588.87550203,  53589.5,  46361.1,  244.612493235,  606.309992667,  2311.96
1588.89593633,  54543.0,  47165.7,  244.612268757,  606.308912174,  2310.66
1588.91637074,  55273.2,  47779.6,  244.612307174,  606.308838243,  2312.43
1588.93680524,  55666.1,  48109.2,  244.61226668,  606.308187491,  2311.56
1588.95723965,  55686.3,  48126.9,  244.611939055,  606.308630343,  2310.96
1588.97767395,  55170.2,  47692.5,  244.612513604,  606.308353903,  2311.33
1588.99810846,  54469.2,  47101.2,  244.612210234,  606.30867909,  2310.2
1589.01854286,  53678.8,  46437.4,  244.612064188,  606.309709227,  2310.45
1589.03897717,  53755.0,  46500.6,  244.612208087,  606.309376051,  2308.2
1589.05941168,  54562.5,  47180.7,  244.612371511,  606.308937699,  2309.47
1589.07984608,  55126.5,  47656.0,  244.612227064,  606.3080141,  2310.8
1589.10028059,  55504.2,  47972.2,  244.612133227,  606.308697517,  2310.13
1589.1207149,  55444.1,  47922.3,  244.611804589,  606.308677998,  2309.92
1589.1411493,  55011.0,  47557.1,  244.612169298,  606.308582098,  2308.33
1589.16158371,  54222.3,  46891.9,  244.612143791,  606.309111916,  2308.07
1589.18201812,  53464.4,  46256.8,  244.611432499,  606.309648375,  2309.08
1589.20245242,  53752.8,  46497.0,  244.611982841,  606.309399131,  2308.58
1589.22288693,  54728.5,  47318.4,  244.612305862,  606.308547019,  2309.55
1589.24332134,  55336.1,  47830.2,  244.611846888,  606.308447117,  2309.09
1589.26375585,  55739.1,  48169.2,  244.61187066,  606.308080287,  2306.64
1589.28419015,  55564.5,  48022.8,  244.611409159,  606.307840191,  2304.35
1589.30462456,  54983.6,  47534.1,  244.611849872,  606.308975326,  2308.73
1589.32505907,  54257.9,  46922.0,  244.612538086,  606.30881364,  2308.52
1589.34549338,  53523.5,  46304.5,  244.611908573,  606.309100771,  2309.23
1589.36592779,  53971.1,  46681.6,  244.612223516,  606.309288934,  2308.02
1589.3863623,  54755.2,  47340.7,  244.612044595,  606.308703575,  2307.21
1589.4067966,  55299.9,  47801.3,  244.611897534,  606.308300539,  2305.05
1589.42723101,  55594.7,  48047.7,  244.611819422,  606.308276341,  2306.66
1589.44766552,  55385.5,  47870.7,  244.612238322,  606.308079338,  2305.28
1589.46809993,  54838.0,  47411.6,  244.611781702,  606.308453053,  2305.1
1589.48853434,  54033.4,  46733.1,  244.612132837,  606.308693623,  2306.71
1589.50896875,  53432.7,  46227.0,  244.612237106,  606.309748033,  2309.27
1589.52940316,  54107.1,  46795.8,  244.612176869,  606.308834332,  2305.78
1589.54983757,  54909.7,  47469.2,  244.612489596,  606.30819376,  2304.78
1589.57027198,  55565.3,  48020.5,  244.611871626,  606.308264246,  2306.69
1589.59070639,  55695.5,  48130.8,  244.611533313,  606.307436667,  2305.42
1589.6111409,  55479.5,  47949.2,  244.612001454,  606.307534367,  2304.31
1589.63157521,  54753.3,  47339.3,  244.61159501,  606.308822194,  2307.0
1589.65200962,  53991.3,  46696.5,  244.612204757,  606.308648924,  2303.93
1589.67244413,  53465.4,  46254.0,  244.611981175,  606.309227977,  2305.15
1589.69287844,  54065.8,  46760.0,  244.61217152,  606.309185815,  2304.17
1589.71331295,  54894.8,  47456.1,  244.611935536,  606.308224378,  2303.64
1589.73374736,  55365.8,  47852.8,  244.611953114,  606.307869464,  2303.04
1589.75418167,  55619.8,  48065.8,  244.611697445,  606.307845174,  2303.96
1589.77461619,  55267.8,  47767.9,  244.611929049,  606.30808564,  2304.29
1589.7950506,  54644.0,  47246.5,  244.611558484,  606.308311145,  2302.83
1589.81548491,  53848.5,  46574.6,  244.612295581,  606.308789513,  2302.91
1589.85635373,  54355.1,  47001.8,  244.611882408,  606.308508523,  2301.29
1589.87678824,  55170.7,  47687.1,  244.612226806,  606.308449954,  2302.6
1589.89722266,  55626.1,  48071.1,  244.612089732,  606.307842565,  2301.92
1589.91765697,  55787.1,  48205.3,  244.61208587,  606.307781485,  2302.69
1589.93809148,  55333.0,  47821.6,  244.612428097,  606.308127842,  2300.94
1589.95852589,  54648.8,  47247.6,  244.611740959,  606.308483868,  2302.72
1589.97896021,  53817.4,  46548.1,  244.612172474,  606.309108273,  2301.74
1589.99939472,  53597.4,  46360.9,  244.612411466,  606.309235184,  2302.49
1590.01982913,  54361.3,  47005.6,  244.612262946,  606.308706737,  2301.65
1590.04026355,  55085.2,  47613.4,  244.61230965,  606.308048659,  2301.37
1590.06069796,  55398.3,  47877.5,  244.612135093,  606.308066319,  2302.95
1590.08113237,  55521.1,  47981.5,  244.611834609,  606.307668938,  2298.34
1590.10156689,  55040.2,  47574.7,  244.612465232,  606.307894672,  2300.81
1590.1220012,  54432.0,  47064.4,  244.612342447,  606.308638909,  2300.86
1590.14243561,  53603.3,  46366.8,  244.612034999,  606.309518945,  2303.87
1590.16287013,  53651.6,  46405.5,  244.612370249,  606.308826275,  2300.67
1590.18330454,  54567.5,  47177.9,  244.612500871,  606.308046705,  2300.03
1590.20373886,  55286.5,  47782.6,  244.611949275,  606.308152819,  2299.34
1590.22417337,  55630.7,  48072.1,  244.612354799,  606.3075135,  2298.26
1590.24460778,  55675.9,  48111.4,  244.612230982,  606.308456957,  2300.43
1590.2650421,  55109.0,  47631.8,  244.612329773,  606.308343171,  2299.63
1590.28547661,  54493.7,  47114.7,  244.612359954,  606.308716955,  2299.7
1590.30591103,  53630.1,  46388.8,  244.612110585,  606.309363266,  2299.26
1590.32634554,  53813.1,  46540.9,  244.612265382,  606.30916089,  2300.79
1590.34677986,  54548.5,  47161.9,  244.612450092,  606.308789539,  2298.86
1590.36721428,  55177.4,  47690.4,  244.6122796,  606.308247666,  2298.28
1590.38764879,  55521.5,  47979.9,  244.612408728,  606.307778227,  2299.11
1590.40808311,  55424.9,  47899.3,  244.612061316,  606.308503527,  2297.11
1590.42851752,  55053.1,  47585.1,  244.612404847,  606.308270991,  2299.08
1590.44895194,  54164.7,  46837.7,  244.61261493,  606.309120257,  2298.7
1590.46938636,  53551.4,  46323.0,  244.612144504,  606.309777319,  2296.34
1590.48982087,  53830.0,  46554.6,  244.612640091,  606.309283799,  2299.93
1590.51025519,  54763.2,  47341.3,  244.612384763,  606.309262081,  2297.94
1590.5306896,  55475.4,  47941.0,  244.612624616,  606.307823231,  2296.49
1590.55112412,  55636.6,  48075.3,  244.612790307,  606.307701714,  2296.0
1590.57155844,  55610.0,  48053.5,  244.61195643,  606.308111832,  2297.19
1590.59199286,  55027.5,  47562.4,  244.612076696,  606.308399166,  2297.2
1590.61242737,  54149.3,  46824.4,  244.612709766,  606.309369384,  2296.6
1590.63286169,  53621.5,  46380.3,  244.612659184,  606.308580963,  2296.92
1590.65329611,  53816.3,  46542.7,  244.612520395,  606.30970525,  2296.48
1590.67373062,  54730.5,  47312.7,  244.612300161,  606.308906517,  2298.66
1590.69416504,  55248.7,  47749.3,  244.612314845,  606.307876816,  2296.58
1590.71459946,  55506.7,  47965.7,  244.61234031,  606.307938935,  2298.63
1590.73503388,  55388.8,  47867.3,  244.611921554,  606.308652964,  2296.3
1590.7554683,  54742.6,  47323.4,  244.612194803,  606.308473866,  2295.09
1590.77590271,  53935.1,  46643.3,  244.612410039,  606.308898825,  2296.61
1590.79633713,  53409.7,  46202.7,  244.612446274,  606.309630334,  2296.9
1590.81677155,  54020.9,  46715.8,  244.612600195,  606.308901898,  2295.92
1590.83720607,  54978.9,  47522.6,  244.612326039,  606.308731927,  2294.0
1590.85764039,  55533.5,  47989.3,  244.612403868,  606.308010968,  2297.19
1590.87807481,  55777.5,  48193.7,  244.612176601,  606.308140093,  2294.48
1590.89850933,  55489.4,  47951.9,  244.612435659,  606.308007724,  2294.48
1590.91894365,  54891.8,  47449.9,  244.610310706,  606.310585929,  2294.45
1590.93937817,  54052.9,  46742.9,  244.612789416,  606.309099103,  2295.09
1590.95981259,  53543.9,  46315.2,  244.612688309,  606.309223401,  2295.98
1590.98024691,  54174.6,  46833.9,  244.614012174,  606.307518403,  2294.1
1591.00068143,  54967.7,  47503.6,  244.612890198,  606.308343307,  2294.12
