Kepler I.D.-----Channel

[5563814]--------[75]

-TTYPE1--------TTYPE8------------TTYPE4-----------TTYPE15------------TTYPE17-----------TTYPE6

['TIME']---['PDCSAP_FLUX']---['SAP_FLUX']---['MOM_CENTR1']---['MOM_CENTR2']---['SAP_BKG']

['BJD - 2454833']--['e-/s']--------['e-/s']---------['pixel']---------['pixel']----------['e-/s']

CROWDSAP --- 0.7417

5563814

1559.24579147,  8411.77,  7437.89,  570.175705026,  491.453778175,  1154.0
1559.26622569,  7998.93,  7169.92,  570.175501228,  491.452212576,  1154.54
1559.28666001,  8388.85,  7422.68,  570.175960947,  491.453113247,  1153.67
1559.30709412,  9134.6,  7905.69,  570.177924274,  491.453339046,  1153.92
1559.32752834,  9745.77,  8301.62,  570.177906541,  491.454825072,  1153.11
1559.34796266,  9916.14,  8412.16,  570.177928575,  491.455775631,  1153.91
1559.36839678,  9504.58,  8145.22,  570.177705716,  491.455849799,  1154.27
1559.3888311,  8742.48,  7651.14,  570.177401834,  491.454241391,  1152.99
1559.40926532,  7955.49,  7140.87,  570.17501537,  491.453833691,  1153.77
1559.42969954,  7820.88,  7053.09,  570.174297748,  491.452433206,  1153.5
1559.45013376,  8457.98,  7466.09,  570.175352172,  491.455127459,  1152.79
1559.47056798,  9160.54,  7921.32,  570.177399197,  491.455425911,  1153.5
1559.4910022,  9666.58,  8248.62,  570.178497894,  491.456551877,  1153.07
1559.51143642,  9661.42,  8245.57,  570.178797898,  491.45656002,  1152.87
1559.53187064,  9151.94,  7914.85,  570.177063695,  491.455596685,  1152.92
1559.55230487,  8465.87,  7470.61,  570.177058274,  491.45625392,  1153.0
1559.57273909,  8008.39,  7173.47,  570.175428666,  491.454792818,  1152.34
1559.59317331,  8340.24,  7387.94,  570.176646246,  491.456004248,  1152.71
1559.61360753,  9063.42,  7857.08,  570.177637678,  491.45715376,  1151.97
1559.63404175,  9730.79,  8289.38,  570.180017572,  491.458460416,  1152.78
1559.65447598,  9947.1,  8429.88,  570.18076624,  491.458601636,  1151.74
1559.6749103,  9564.75,  8181.9,  570.177750252,  491.456820882,  1151.15
1559.69534442,  8821.14,  7699.05,  570.178362646,  491.456964807,  1151.99
1559.71577865,  8029.93,  7186.39,  570.177242916,  491.456661188,  1151.7
1559.73621297,  7814.62,  7046.7,  570.176326275,  491.456155126,  1151.57
1559.7566471,  8398.61,  7425.3,  570.179036231,  491.454802627,  1151.33
1559.77708142,  9092.73,  7875.27,  570.179530027,  491.456809729,  1151.03
1559.79751565,  9646.09,  8233.22,  570.178708732,  491.456998927,  1151.03
1559.81794977,  9682.89,  8257.19,  570.179497387,  491.457355671,  1150.72
1559.8383841,  9206.59,  7948.49,  570.179016563,  491.457972149,  1149.62
1559.85881832,  8520.0,  7503.45,  570.177455569,  491.456990175,  1149.87
1559.87925245,  8029.1,  7184.86,  570.177258207,  491.458024406,  1150.12
1559.89968678,  8284.55,  7350.51,  570.176134542,  491.457453599,  1149.27
1559.920121,  9002.29,  7815.54,  570.177839759,  491.457605116,  1149.25
1559.94055533,  9693.37,  8263.62,  570.181168882,  491.459281591,  1148.8
1559.96098946,  9953.03,  8431.83,  570.180312348,  491.458915939,  1149.38
1559.98142368,  9619.36,  8215.6,  570.180156424,  491.459196678,  1148.94
1560.00185801,  8914.07,  7757.89,  570.179612539,  491.456927372,  1149.73
1560.02229214,  8115.09,  7240.44,  570.177183977,  491.456837679,  1149.35
1560.04272637,  7799.86,  7035.78,  570.176717867,  491.456694999,  1148.94
1560.0631607,  8345.23,  7389.52,  570.176764794,  491.457058994,  1148.71
1560.08359482,  9049.35,  7845.91,  570.179941507,  491.459646153,  1148.41
1560.10402915,  9625.62,  8219.06,  570.18066281,  491.458415881,  1148.59
1560.12446338,  9712.59,  8275.45,  570.18236284,  491.460305635,  1150.04
1560.14489751,  9255.61,  7978.78,  570.180146852,  491.458672702,  1148.4
1560.16533184,  8580.91,  7542.11,  570.179371908,  491.457431084,  1148.81
1560.18576607,  8034.54,  7187.93,  570.177591255,  491.457172867,  1148.77
1560.2062002,  8233.58,  7316.72,  570.178969363,  491.45731166,  1148.45
1560.22663453,  8939.1,  7773.64,  570.179083684,  491.458317272,  1148.2
1560.24706876,  9641.29,  8228.97,  570.179990005,  491.459142009,  1148.73
1560.2675029,  9973.23,  8444.09,  570.181719529,  491.459689088,  1147.6
1560.28793723,  9675.15,  8251.03,  570.180636288,  491.459665597,  1147.54
1560.30837146,  8978.71,  7799.54,  570.179544214,  491.459642999,  1147.57
1560.32880569,  8183.6,  7284.52,  570.177352036,  491.458513446,  1146.77
1560.34923992,  7797.52,  7033.79,  570.176353373,  491.458479144,  1147.14
1560.36967416,  8293.83,  7355.88,  570.178797488,  491.457882705,  1147.81
1560.39010849,  9001.85,  7814.57,  570.180568021,  491.458452743,  1147.05
1560.41054262,  9589.36,  8195.38,  570.179028503,  491.459314608,  1146.77
1560.43097686,  9725.29,  8283.85,  570.181275513,  491.459840692,  1147.19
1560.45141119,  9312.39,  8015.89,  570.181997714,  491.46006647,  1146.87
1560.47184532,  8636.3,  7577.96,  570.179695773,  491.459423813,  1146.95
1560.49227966,  8065.83,  7208.04,  570.179449973,  491.457913387,  1146.63
1560.51271389,  8189.39,  7288.05,  570.178091555,  491.458031067,  1147.27
1560.53314803,  8880.68,  7736.38,  570.180264433,  491.458041339,  1146.82
1560.55358236,  9614.84,  8212.13,  570.18043704,  491.460108187,  1146.78
1560.5740166,  9979.32,  8448.16,  570.181628316,  491.46055264,  1146.4
1560.59445073,  9737.9,  8291.78,  570.181210334,  491.46016013,  1147.06
1560.61488507,  9066.01,  7856.03,  570.180273686,  491.460922868,  1146.13
1560.6353193,  8270.93,  7340.98,  570.178969578,  491.460235832,  1146.06
1560.65575354,  7799.51,  7035.59,  570.176223133,  491.459364235,  1145.47
1560.67618778,  8240.84,  7321.55,  570.180560797,  491.45901306,  1145.52
1560.69662201,  8942.7,  7776.6,  570.180865743,  491.460374621,  1145.17
1560.73749049,  9736.66,  8291.54,  570.182740475,  491.460105961,  1145.0
1560.75792473,  9351.31,  8041.46,  570.180540025,  491.460169867,  1145.55
1560.77835906,  8705.82,  7622.6,  570.178870227,  491.459388746,  1145.22
1560.7987932,  8081.96,  7218.62,  570.177073879,  491.459377415,  1145.36
1560.81922744,  8176.57,  7279.94,  570.179727369,  491.456943352,  1148.09
1560.83966178,  8826.19,  7701.53,  570.179517835,  491.457707339,  1157.82
1560.96226722,  7852.24,  7070.79,  570.176427312,  491.456163115,  1175.44
1560.98270136,  8177.96,  7283.02,  570.179086758,  491.458627294,  1171.54
1561.0031357,  8875.18,  7735.96,  570.181193923,  491.461315212,  1170.37
1561.02356994,  9502.32,  8140.91,  570.181651543,  491.461953952,  1168.01
1561.04400428,  9738.6,  8294.87,  570.182322607,  491.462976505,  1165.36
1561.06443843,  9403.62,  8077.79,  570.182203028,  491.462519884,  1164.85
1561.08487267,  8747.46,  7652.78,  570.181967688,  491.459581331,  1163.93
1561.10530701,  8124.27,  7248.8,  570.178098814,  491.460842009,  1164.01
1561.12574115,  8097.37,  7231.52,  570.177456472,  491.459848979,  1163.12
1561.1461754,  8758.4,  7659.78,  570.180135396,  491.460622619,  1161.68
1561.16660974,  9492.9,  8135.34,  570.181009511,  491.461710745,  1159.26
1561.18704388,  9973.44,  8447.39,  570.183505414,  491.461249655,  1158.04
1561.20747813,  9828.43,  8353.49,  570.182641352,  491.46355213,  1157.06
1561.22791247,  9187.35,  7937.69,  570.179589604,  491.461537382,  1155.42
1561.24834661,  8406.44,  7431.22,  570.179528953,  491.460215228,  1155.11
1561.26878096,  7817.49,  7049.02,  570.180140978,  491.460047545,  1154.62
1561.2892152,  8156.94,  7268.94,  570.177704071,  491.460758713,  1153.21
1561.30964945,  8807.41,  7690.99,  570.179769078,  491.45965265,  1152.04
1561.33008369,  9469.72,  8120.28,  570.179955024,  491.461640139,  1151.25
1561.35051794,  9744.43,  8297.66,  570.180487779,  491.461918306,  1150.36
1561.37095219,  9449.93,  8106.76,  570.179518405,  491.463339434,  1149.65
1561.39138643,  8804.55,  7688.21,  570.179344361,  491.46085054,  1149.85
1561.41182068,  8165.18,  7273.99,  570.178239874,  491.460992423,  1150.63
1561.43225502,  8065.09,  7209.21,  570.176948142,  491.460769578,  1149.05
1561.45268917,  8699.13,  7620.17,  570.180921229,  491.460449349,  1147.65
1561.47312342,  9450.73,  8106.76,  570.180900692,  491.461712585,  1147.6
1561.49355767,  9935.6,  8421.38,  570.181256711,  491.46312015,  1147.09
1561.51399191,  9852.71,  8367.39,  570.18164178,  491.463034471,  1146.6
1561.53442616,  9301.09,  8010.16,  570.182948448,  491.461335879,  1145.2
1561.55486051,  8469.2,  7471.59,  570.179011316,  491.461814537,  1145.45
1561.57529466,  7817.41,  7047.18,  570.178102619,  491.460118522,  1146.03
1561.59572891,  8054.05,  7201.91,  570.17898678,  491.460658612,  1145.6
1561.61616326,  8745.06,  7649.75,  570.17896921,  491.461905576,  1144.76
1561.63659741,  9414.54,  8083.27,  570.180985871,  491.463379605,  1144.83
1561.65703176,  9747.98,  8299.08,  570.182295809,  491.461690668,  1144.59
1561.67746601,  9499.33,  8137.82,  570.181565833,  491.462552901,  1143.08
1561.69790016,  8865.54,  7727.26,  570.180450009,  491.462510871,  1144.0
1561.71833451,  8191.88,  7290.4,  570.178058327,  491.461597111,  1143.89
1561.73876876,  8039.05,  7191.55,  570.177790745,  491.46177936,  1144.61
1561.75920291,  8624.35,  7571.18,  570.179392716,  491.463731789,  1141.98
1561.77963726,  9378.98,  8059.84,  570.182104667,  491.462395234,  1141.98
1561.80007151,  9907.67,  8402.31,  570.183293324,  491.464328937,  1142.32
1561.82050586,  9882.76,  8387.03,  570.182619246,  491.464445083,  1141.26
1561.84094001,  9306.4,  8012.52,  570.182667612,  491.463426889,  1142.49
1561.86137427,  8521.73,  7504.44,  570.17973609,  491.463130626,  1141.41
1561.88180862,  7836.82,  7060.16,  570.178046849,  491.461423675,  1141.15
1561.90224277,  7986.81,  7156.78,  570.177232164,  491.462070988,  1141.97
1561.92267702,  8683.34,  7609.02,  570.180667949,  491.462700364,  1139.87
1561.94311138,  9367.95,  8051.92,  570.181555672,  491.46341851,  1140.29
1561.96354553,  9747.22,  8298.04,  570.182749554,  491.464176833,  1140.51
1561.98397979,  9541.35,  8164.63,  570.181448285,  491.463673367,  1139.92
1562.00441414,  8922.27,  7763.16,  570.179870956,  491.46200898,  1139.15
1562.02484839,  8246.16,  7325.4,  570.177812032,  491.46280477,  1140.24
1562.04528265,  8020.25,  7179.11,  570.180452765,  491.460913565,  1139.1
1562.0657169,  8564.8,  7532.13,  570.179845908,  491.463145005,  1138.63
1562.08615106,  9312.96,  8016.63,  570.180914051,  491.465333031,  1139.7
1562.10658541,  9881.73,  8385.48,  570.182827262,  491.464142791,  1138.24
1562.12701967,  9902.82,  8399.17,  570.181591795,  491.464759817,  1138.72
1562.14745383,  9361.5,  8048.52,  570.182180801,  491.463045789,  1137.65
1562.16788818,  8586.97,  7546.06,  570.17947658,  491.46154015,  1138.62
1562.18832244,  7877.24,  7086.41,  570.179078973,  491.46213185,  1137.36
1562.2087568,  7949.09,  7133.22,  570.179419482,  491.462132826,  1136.7
1562.22919095,  8638.9,  7579.87,  570.18059109,  491.462818851,  1136.12
1562.24962521,  9335.75,  8031.4,  570.182270948,  491.465372802,  1137.56
1562.27005957,  9757.25,  8304.64,  570.184046122,  491.4640689,  1136.69
1562.29049373,  9575.54,  8186.44,  570.182236675,  491.464586267,  1137.17
1562.31092798,  8989.52,  7806.94,  570.182513599,  491.463625894,  1137.42
1562.33136234,  8314.07,  7368.73,  570.179809517,  491.464211001,  1137.03
1562.3517965,  8012.33,  7173.01,  570.180209391,  491.464202781,  1136.73
1562.37223086,  8506.86,  7493.84,  570.179593425,  491.46351313,  1136.44
1562.39266512,  9250.02,  7975.83,  570.182254286,  491.464556243,  1136.46
1562.41309928,  9864.54,  8374.05,  570.183083812,  491.464275651,  1136.26
1562.43353364,  9922.42,  8411.96,  570.182149944,  491.464583834,  1135.94
1562.4539679,  9435.67,  8096.23,  570.18223532,  491.464536058,  1136.47
1562.47440206,  8660.31,  7593.58,  570.179881619,  491.464377167,  1136.09
1562.49483642,  7912.04,  7108.74,  570.179983583,  491.462872375,  1135.47
1562.51527068,  7899.47,  7100.3,  570.179421593,  491.463197054,  1135.09
1562.53570494,  8580.88,  7542.24,  570.180958635,  491.464256125,  1135.43
1562.5561392,  9284.19,  7998.13,  570.183221365,  491.464743979,  1134.82
1562.57657346,  9733.26,  8288.92,  570.183128982,  491.464690067,  1136.05
1562.59700782,  9623.68,  8218.33,  570.181288322,  491.463769523,  1134.55
1562.61744199,  9056.13,  7850.09,  570.182693791,  491.464522769,  1135.3
1562.63787625,  8371.95,  7406.42,  570.179724064,  491.463577453,  1134.75
1562.65831061,  8005.32,  7169.35,  570.180045045,  491.463931967,  1134.72
1562.67874487,  8449.06,  7456.87,  570.181070314,  491.464390899,  1135.76
1562.69917904,  9198.42,  7942.15,  570.184376906,  491.467472859,  1135.16
1562.7196134,  9811.43,  8339.93,  570.184735143,  491.465590435,  1135.25
1562.74004756,  9958.66,  8435.46,  570.182556561,  491.465101859,  1135.07
1562.76048193,  9485.18,  8128.52,  570.183499801,  491.465583506,  1135.03
1562.78091619,  8719.99,  7632.18,  570.182657332,  491.463941549,  1134.45
1562.80135036,  7977.7,  7151.22,  570.179784899,  491.463701016,  1134.42
1562.82178472,  7870.5,  7082.08,  570.178585168,  491.463088509,  1133.96
1562.84221899,  8520.31,  7503.01,  570.181613532,  491.46509315,  1134.26
1562.86265315,  9234.97,  7966.08,  570.182202325,  491.465185864,  1134.8
1562.88308752,  9713.48,  8276.71,  570.183665531,  491.467065805,  1133.58
1562.90352178,  9668.15,  8247.01,  570.18419379,  491.465935495,  1133.07
1562.92395595,  9113.14,  7887.5,  570.182221967,  491.466092483,  1135.21
1562.94439032,  8431.27,  7445.54,  570.180568302,  491.464684166,  1134.22
1562.96482458,  7991.72,  7160.46,  570.179339094,  491.463186883,  1133.49
1562.98525895,  8383.94,  7414.87,  570.18124254,  491.465208138,  1133.85
1563.00569312,  9131.47,  7899.16,  570.183418506,  491.465746908,  1133.63
1563.02612738,  9778.46,  8318.23,  570.184515648,  491.466509334,  1134.39
1563.04656175,  9961.75,  8437.11,  570.183240302,  491.466848612,  1133.33
1563.06699592,  9546.53,  8167.85,  570.184330739,  491.466608067,  1134.28
1563.08743019,  8795.95,  7681.29,  570.181381964,  491.465879972,  1135.22
1563.10786456,  8012.43,  7173.69,  570.179180524,  491.463232613,  1136.94
1563.12829872,  7845.67,  7065.87,  570.180417476,  491.463769723,  1136.56
1563.14873309,  8454.77,  7460.42,  570.181324519,  491.465534801,  1137.83
1563.16916736,  9186.07,  7934.29,  570.182533196,  491.465858822,  1138.56
1563.18960163,  9702.72,  8269.24,  570.183604774,  491.467604602,  1137.59
1563.2100359,  9692.67,  8263.18,  570.184469363,  491.467685818,  1137.94
1563.23047017,  9170.66,  7924.38,  570.184686001,  491.467895301,  1137.83
1563.25090444,  8482.46,  7478.69,  570.181180753,  491.465732382,  1136.87
1563.27133871,  7999.29,  7165.71,  570.179844528,  491.463774461,  1137.11
1563.29177298,  8324.01,  7375.34,  570.179416601,  491.465844593,  1137.51
1563.31220725,  9053.27,  7848.13,  570.184018951,  491.466289059,  1137.79
1563.33264162,  9737.02,  8291.66,  570.184100228,  491.466375476,  1137.5
1563.3530758,  9967.02,  8440.65,  570.18389026,  491.467153211,  1136.4
1563.37351007,  9588.93,  8196.57,  570.184152909,  491.467032794,  1136.04
1563.39394434,  8848.51,  7715.54,  570.183667495,  491.466251212,  1136.6
1563.41437861,  8065.92,  7208.56,  570.1797337,  491.465968635,  1135.86
1563.43481298,  7804.77,  7039.39,  570.180234959,  491.464211199,  1135.29
1563.45524716,  8400.83,  7425.62,  570.181645888,  491.464551154,  1134.53
1563.47568143,  9107.05,  7883.6,  570.184941911,  491.467724318,  1133.99
1563.4961158,  9658.9,  8241.34,  570.18427252,  491.467041886,  1134.27
1563.51654998,  9721.25,  8281.99,  570.185533931,  491.466612779,  1134.76
1563.53698435,  9210.71,  7950.78,  570.184221795,  491.466716731,  1133.5
1563.55741862,  8530.47,  7510.23,  570.182435774,  491.466504287,  1132.73
1563.5778528,  8014.24,  7175.76,  570.181260305,  491.4661634,  1133.57
1563.59828717,  8276.93,  7345.46,  570.180894524,  491.465554119,  1134.0
1563.61872145,  8997.62,  7812.55,  570.182974815,  491.466358977,  1134.12
1563.63915562,  9687.87,  8260.74,  570.184106805,  491.467485925,  1132.13
1563.65959,  9972.75,  8445.29,  570.184626904,  491.468037088,  1132.93
1563.68002427,  9639.09,  8228.88,  570.184605753,  491.46767675,  1133.29
1563.72089283,  8123.17,  7246.3,  570.180873141,  491.467448264,  1132.03
1563.7413271,  7786.87,  7028.07,  570.181144208,  491.467280642,  1132.01
1563.76176148,  8324.35,  7376.47,  570.181510056,  491.466457483,  1131.75
1563.78219566,  9044.94,  7843.44,  570.183251266,  491.466563293,  1132.65
1563.80262993,  9632.86,  8224.46,  570.184498765,  491.467681282,  1133.04
1563.82306431,  9737.37,  8292.15,  570.184259996,  491.468481597,  1133.58
1563.84349859,  9262.15,  7984.12,  570.182491449,  491.466926648,  1133.82
1563.86393277,  8587.19,  7546.95,  570.182861844,  491.467690412,  1132.58
1563.88436714,  8024.97,  7182.75,  570.181272894,  491.465265989,  1132.26
1563.90480142,  8214.07,  7305.08,  570.180528763,  491.467360872,  1132.76
1563.9252357,  8931.76,  7770.57,  570.183661774,  491.467364715,  1133.54
1563.94566998,  9642.96,  8231.19,  570.183826872,  491.467520611,  1133.03
1563.96610426,  9969.53,  8442.76,  570.183630837,  491.468088752,  1132.43
1563.98653854,  9684.52,  8258.44,  570.184977593,  491.467719654,  1132.8
1564.00697282,  8971.89,  7796.47,  570.183359161,  491.468025917,  1132.58
1564.0274071,  8161.64,  7271.01,  570.182207829,  491.468295715,  1132.38
1564.04784138,  7770.37,  7017.82,  570.180469332,  491.46675768,  1132.55
1564.06827566,  8267.92,  7340.47,  570.180698684,  491.466903056,  1133.36
1564.08871004,  8991.79,  7809.07,  570.183713869,  491.468471532,  1132.79
1564.10914422,  9594.04,  8200.29,  570.184392979,  491.467474803,  1132.23
1564.1295785,  9741.24,  8295.52,  570.183957007,  491.469124448,  1131.77
1564.15001288,  9327.71,  8027.69,  570.183466821,  491.468522354,  1131.28
1564.17044707,  8629.77,  7575.14,  570.181432,  491.467592626,  1131.1
1564.19088135,  8055.89,  7202.83,  570.180537963,  491.466652426,  1130.45
1564.21131573,  8167.7,  7275.89,  570.180828814,  491.466356782,  1130.17
1564.23174991,  8873.39,  7733.25,  570.182811405,  491.468042832,  1130.02
1564.2521842,  9600.97,  8204.48,  570.184956576,  491.469921679,  1128.98
1564.27261858,  9973.74,  8446.32,  570.184539536,  491.467866948,  1129.15
1564.29305276,  9735.17,  8291.28,  570.18322085,  491.469937538,  1128.69
1564.31348715,  9050.13,  7847.82,  570.182992899,  491.468839645,  1128.44
1564.33392143,  8240.75,  7323.5,  570.181244447,  491.467395341,  1128.62
1564.35435561,  7771.89,  7019.12,  570.181516269,  491.466624098,  1128.79
1564.37479,  8231.16,  7317.17,  570.181359362,  491.466897977,  1128.2
1564.39522428,  8934.87,  7773.25,  570.183335901,  491.469099318,  1128.43
1564.41565857,  9576.72,  8188.79,  570.184144368,  491.468387273,  1128.4
1564.43609285,  9756.9,  8306.37,  570.185302594,  491.468407566,  1127.98
1564.45652714,  9386.65,  8065.78,  570.184146643,  491.469770738,  1127.87
1564.47696152,  8711.42,  7627.67,  570.184111346,  491.468564295,  1127.24
1564.49739581,  8090.15,  7225.34,  570.181190508,  491.467909961,  1127.23
1564.51783,  8135.95,  7254.86,  570.181235834,  491.467047657,  1127.35
1564.53826438,  8819.33,  7697.82,  570.183963688,  491.468417396,  1125.62
1564.55869867,  9559.9,  8178.1,  570.185174539,  491.468634664,  1125.73
1564.57913286,  9976.51,  8448.31,  570.185854041,  491.468538769,  1123.88
1564.59956724,  9783.6,  8322.95,  570.185437199,  491.470452794,  1124.3
1564.62000153,  9125.61,  7896.64,  570.183719446,  491.467748629,  1123.75
1564.64043572,  8332.17,  7382.34,  570.181911285,  491.46747237,  1123.54
1564.66087011,  7808.12,  7042.74,  570.180967144,  491.467095892,  1122.38
1564.68130429,  8189.79,  7289.79,  570.182743811,  491.467717581,  1123.59
1564.70173868,  8902.8,  7751.87,  570.183628092,  491.467560093,  1123.12
1564.72217297,  9537.05,  8162.96,  570.184305229,  491.469678713,  1122.56
1564.74260716,  9789.71,  8326.54,  570.185513666,  491.470389238,  1121.35
1564.76304155,  9443.74,  8102.27,  570.185413108,  491.469515456,  1121.51
1564.78347584,  8793.74,  7681.16,  570.183932511,  491.470220345,  1121.79
1564.80391003,  8139.47,  7256.84,  570.182786403,  491.468700139,  1121.6
1564.82434442,  8110.41,  7238.49,  570.183165598,  491.468639528,  1121.7
1564.84477871,  8766.57,  7663.73,  570.184151077,  491.468181038,  1121.26
1564.8652131,  9498.58,  8137.89,  570.184835519,  491.47028088,  1121.36
1564.88564729,  9970.18,  8443.7,  570.186605357,  491.47062986,  1120.86
1564.90608158,  9824.28,  8349.26,  570.185135035,  491.470678441,  1120.24
1564.92651597,  9198.19,  7943.06,  570.183379193,  491.469894848,  1121.04
1564.94695016,  8396.94,  7423.48,  570.182355371,  491.467217467,  1121.52
1564.96738446,  7819.09,  7049.46,  570.180934999,  491.468290688,  1120.54
1564.98781885,  8131.38,  7251.82,  570.180866632,  491.46834976,  1120.39
1565.00825304,  8852.85,  7718.91,  570.183606015,  491.469558051,  1120.75
1565.02868733,  9503.01,  8140.82,  570.184903814,  491.471073042,  1120.12
1565.04912173,  9792.71,  8328.25,  570.184576987,  491.471125179,  1120.11
1565.06955602,  9509.3,  8144.67,  570.185881775,  491.470270831,  1120.54
1565.08999031,  8843.77,  7713.16,  570.183007998,  491.470576102,  1120.72
1565.11042461,  8170.04,  7276.66,  570.181986415,  491.47006202,  1119.51
1565.1308589,  8075.43,  7215.68,  570.180766532,  491.469946316,  1120.78
1565.15129319,  8707.14,  7624.29,  570.18423689,  491.47020835,  1120.8
1565.17172749,  9450.43,  8106.81,  570.185603765,  491.471005076,  1119.57
1565.19216178,  9952.01,  8431.42,  570.185346982,  491.472133754,  1120.65
1565.21259618,  9858.3,  8370.32,  570.185470451,  491.471037908,  1120.65
1565.23303037,  9257.44,  7981.02,  570.185646161,  491.470054332,  1120.41
1565.25346477,  8472.21,  7472.48,  570.182585012,  491.470660832,  1120.5
1565.27389906,  7835.49,  7059.35,  570.181631211,  491.469073623,  1120.6
1565.29433326,  8090.43,  7225.02,  570.181515294,  491.469181173,  1120.0
1565.31476765,  8786.63,  7675.8,  570.183995344,  491.469484799,  1119.87
1565.33520185,  9479.1,  8125.26,  570.185644181,  491.471195043,  1119.59
1565.35563615,  9795.16,  8329.66,  570.185310197,  491.471855829,  1120.0
1565.37607054,  9551.66,  8171.49,  570.184770973,  491.471031665,  1119.71
1565.39650474,  8902.29,  7750.99,  570.185057474,  491.47025511,  1119.32
1565.41693904,  8228.3,  7313.91,  570.182094953,  491.470030861,  1119.82
1565.43737344,  8057.03,  7203.7,  570.182527092,  491.470397379,  1119.5
1565.45780763,  8651.28,  7588.8,  570.184855741,  491.470093139,  1118.92
1565.47824203,  9397.08,  8071.38,  570.185787841,  491.471860152,  1120.32
1565.49867633,  9932.11,  8418.29,  570.187079288,  491.471252114,  1118.75
1565.51911053,  9901.29,  8398.58,  570.185466574,  491.472742552,  1119.29
1565.53954493,  9325.18,  8024.94,  570.184692457,  491.47270147,  1119.48
1565.55997923,  8542.87,  7518.06,  570.184036558,  491.469760646,  1119.95
1565.58041352,  7858.8,  7074.85,  570.181261108,  491.470390663,  1118.85
1565.60084782,  8039.24,  7191.52,  570.184346171,  491.470393456,  1118.35
1565.62128212,  8739.22,  7645.42,  570.182834581,  491.471511822,  1119.05
1565.64171652,  9424.14,  8088.99,  570.185271478,  491.472480882,  1118.28
1565.66215072,  9808.91,  8338.84,  570.186785684,  491.472542397,  1118.5
1565.68258502,  9593.91,  8198.89,  570.18693506,  491.472265823,  1118.79
1565.70301943,  8987.05,  7805.81,  570.18547851,  491.471109012,  1118.58
1565.72345373,  8279.69,  7346.89,  570.183197201,  491.469612896,  1118.43
1565.74388793,  8037.19,  7190.31,  570.181890102,  491.470294408,  1118.37
1565.76432233,  8589.64,  7548.1,  570.182289566,  491.471854136,  1117.81
1565.78475663,  9344.24,  8037.25,  570.18607055,  491.471643573,  1117.74
1565.80519093,  9907.6,  8402.16,  570.185527759,  491.473166723,  1117.62
1565.82562524,  9952.48,  8431.34,  570.186457029,  491.473754599,  1117.07
1565.84605954,  9387.51,  8064.92,  570.186274856,  491.473514623,  1116.83
1565.86649394,  8632.81,  7576.31,  570.185111781,  491.470220918,  1116.72
1565.88692814,  7890.4,  7094.8,  570.182502273,  491.470482594,  1116.35
1565.90736245,  7998.01,  7164.61,  570.182764167,  491.470560348,  1116.49
1565.92779685,  8684.0,  7609.37,  570.185052366,  491.47263015,  1116.45
1565.94823105,  9385.82,  8064.78,  570.184867155,  491.473361026,  1116.2
1565.96866536,  9805.19,  8336.18,  570.186054637,  491.473498628,  1114.84
1565.98909966,  9639.22,  8227.9,  570.185948924,  491.473049574,  1115.63
1566.00953397,  9038.84,  7839.49,  570.185430062,  491.471876577,  1114.9
1566.02996837,  8344.17,  7388.96,  570.183459703,  491.471810341,  1116.02
1566.05040258,  8023.71,  7181.59,  570.183611187,  491.470795394,  1115.45
1566.07083688,  8518.93,  7502.55,  570.18545984,  491.471941693,  1114.79
1566.09127129,  9292.52,  8003.92,  570.186893154,  491.472398119,  1114.57
1566.11170549,  9887.46,  8389.28,  570.186740486,  491.472984285,  1114.79
1566.1321398,  9952.73,  8432.0,  570.187560264,  491.473592264,  1114.02
1566.15257421,  9440.0,  8099.72,  570.185052512,  491.473148496,  1114.48
1566.17300841,  8684.82,  7609.91,  570.183935789,  491.473085567,  1114.42
1566.19344282,  7951.48,  7134.29,  570.181879407,  491.471569613,  1113.55
1566.21387713,  7968.51,  7145.52,  570.183560195,  491.469765763,  1114.3
1566.23431133,  8636.76,  7579.31,  570.184675601,  491.471968679,  1113.45
1566.25474574,  9341.3,  8035.41,  570.186005799,  491.473965709,  1113.56
1566.27518005,  9805.06,  8336.56,  570.187616895,  491.474275806,  1113.11
1566.29561436,  9701.88,  8269.42,  570.187524909,  491.474322206,  1112.79
1566.31604866,  9101.64,  7879.82,  570.186104431,  491.471817705,  1112.89
1566.33648297,  8407.95,  7430.73,  570.184669462,  491.472582429,  1112.53
1566.35691728,  8039.93,  7192.64,  570.183496447,  491.471486733,  1112.18
1566.37735169,  8470.95,  7471.16,  570.183360433,  491.473437189,  1112.34
1566.3977859,  9225.95,  7961.22,  570.186242363,  491.473846157,  1111.7
1566.41822031,  9842.06,  8360.27,  570.187498665,  491.474698937,  1112.26
1566.43865462,  9975.62,  8446.61,  570.187618936,  491.474828208,  1112.18
1566.45908883,  9514.28,  8148.27,  570.186311305,  491.474215367,  1111.37
1566.47952324,  8760.67,  7659.25,  570.184630964,  491.473434814,  1112.11
1566.49995755,  7988.49,  7158.94,  570.182862936,  491.47274179,  1111.06
1566.52039176,  7915.23,  7111.34,  570.183806865,  491.471880854,  1111.39
1566.54082617,  8580.4,  7542.63,  570.183730582,  491.472485746,  1111.61
1566.56126048,  9306.63,  8013.56,  570.185399955,  491.473588057,  1112.1
1566.58169479,  9808.25,  8338.75,  570.187776905,  491.474587332,  1111.49
1566.6021291,  9732.99,  8289.49,  570.187872071,  491.475174521,  1111.86
1566.62256332,  9178.36,  7930.07,  570.187431626,  491.473681683,  1111.04
1566.64299773,  8463.95,  7466.99,  570.183504527,  491.471889667,  1111.38
1566.66343204,  8040.63,  7192.76,  570.182746484,  491.472744981,  1110.22
1566.70430067,  9167.17,  7922.38,  570.185993239,  491.474033224,  1112.6
1566.72473498,  9820.81,  8346.67,  570.187685415,  491.474675039,  1110.04
1566.74516929,  9990.62,  8456.79,  570.187466732,  491.476138768,  1110.36
1566.76560361,  9564.11,  8180.02,  570.186122241,  491.473263192,  1110.43
1566.78603792,  8829.88,  7704.38,  570.185606362,  491.474659375,  1109.93
1566.80647233,  8051.37,  7200.18,  570.183240591,  491.47183347,  1109.5
1566.82690655,  7870.04,  7082.03,  570.18203168,  491.472899773,  1110.21
1566.84734086,  8505.42,  7494.32,  570.182791729,  491.474587117,  1109.93
1566.86777528,  9237.57,  7968.11,  570.185664332,  491.474058669,  1110.56
1566.88820959,  9786.19,  8324.3,  570.188684862,  491.475195365,  1109.68
1566.90864381,  9770.94,  8313.94,  570.186478353,  491.475342781,  1109.23
1566.92907822,  9234.28,  7966.33,  570.187371235,  491.474449495,  1108.39
1566.94951254,  8513.23,  7499.02,  570.183337572,  491.475209165,  1108.49
1566.96994686,  8044.86,  7195.5,  570.184180683,  491.473381759,  1109.52
1566.99038117,  8368.97,  7405.44,  570.18374743,  491.473544212,  1109.69
1567.01081549,  9116.38,  7890.37,  570.185977424,  491.474417305,  1108.54
1567.03124981,  9771.89,  8315.2,  570.186792809,  491.475014272,  1108.2
1567.05168412,  10009.9,  8469.61,  570.186527897,  491.475764745,  1108.52
1567.07211844,  9627.43,  8221.65,  570.186399126,  491.474841641,  1108.81
1567.09255286,  8894.14,  7745.89,  570.184554279,  491.474265424,  1108.57
1567.11298708,  8096.59,  7228.76,  570.182902806,  491.473514217,  1108.89
1567.13342149,  7850.12,  7069.53,  570.183242826,  491.471974725,  1108.42
1567.15385581,  8455.41,  7462.11,  570.182895092,  491.473663153,  1107.67
1567.17429003,  9177.19,  7929.51,  570.185487669,  491.474968884,  1107.22
1567.19472445,  9749.05,  8300.4,  570.18643964,  491.475876656,  1108.93
1567.21515877,  9797.58,  8332.12,  570.186918715,  491.476925068,  1107.93
1567.23559299,  9311.1,  8016.46,  570.186987365,  491.47509313,  1107.98
1567.25602741,  8595.36,  7552.82,  570.186019816,  491.474596306,  1107.35
1567.27646163,  8062.42,  7207.39,  570.183527033,  491.473523811,  1106.57
1567.29689595,  8322.16,  7376.28,  570.184181249,  491.473499092,  1106.53
1567.31733037,  9048.69,  7846.1,  570.18519711,  491.475542108,  1107.69
1567.33776459,  9735.33,  8291.69,  570.186648238,  491.475973928,  1106.81
1567.35819901,  10023.4,  8478.53,  570.187907413,  491.476970557,  1106.62
1567.37863333,  9684.16,  8258.43,  570.186885973,  491.47516443,  1107.15
1567.39906755,  8962.69,  7790.85,  570.186232782,  491.476235706,  1106.04
1567.41950197,  8164.56,  7273.65,  570.183860073,  491.47416596,  1106.57
1567.43993629,  7831.79,  7057.54,  570.183175359,  491.474613222,  1106.78
1567.46037061,  8390.04,  7419.66,  570.184459222,  491.475491716,  1106.82
1567.48080494,  9138.26,  7904.49,  570.185906769,  491.475286166,  1106.08
1567.50123926,  9743.48,  8296.75,  570.188355671,  491.476458702,  1106.65
1567.52167368,  9833.78,  8355.47,  570.187737739,  491.476008365,  1110.61
1567.5421079,  9370.71,  8055.01,  570.185876485,  491.475928286,  1106.26
1567.56254223,  8667.35,  7598.71,  570.185964196,  491.475799312,  1106.72
1567.58297665,  8092.59,  7226.75,  570.184445396,  491.474319565,  1105.99
1567.60341097,  8270.24,  7341.74,  570.183655091,  491.475150522,  1105.6
1567.6238452,  8992.91,  7810.27,  570.18660795,  491.475156389,  1105.23
1567.64427962,  9710.47,  8275.59,  570.18728264,  491.477372352,  1104.92
1567.66471395,  10024.2,  8478.79,  570.187459833,  491.47677733,  1104.51
1567.68514817,  9732.83,  8289.41,  570.187128934,  491.476830379,  1105.83
1567.70558259,  9020.58,  7827.89,  570.185985733,  491.476924617,  1105.13
1567.72601692,  8220.74,  7309.47,  570.184288266,  491.475258857,  1104.66
1567.74645135,  7828.86,  7055.29,  570.183459392,  491.473791919,  1104.92
1567.76688557,  8345.79,  7390.22,  570.184385601,  491.474349116,  1104.76
1567.7873199,  9076.02,  7863.51,  570.186956132,  491.477250093,  1104.45
1567.80775432,  9713.03,  8276.94,  570.186319327,  491.476890782,  1104.09
1567.82818855,  9867.65,  8376.92,  570.187223523,  491.477378681,  1104.11
1567.84862287,  9436.09,  8097.19,  570.186752302,  491.477887311,  1105.1
1567.8690573,  8738.39,  7645.1,  570.186224918,  491.475256266,  1104.09
1567.88949153,  8127.08,  7248.58,  570.183502254,  491.476070097,  1104.38
1567.90992596,  8227.33,  7313.68,  570.184800632,  491.474991991,  1103.92
1567.93036018,  8928.19,  7767.9,  570.185955371,  491.476193155,  1104.31
1567.95079451,  9654.32,  8238.92,  570.187447109,  491.47722245,  1104.47
1567.97122894,  10045.9,  8492.17,  570.189571076,  491.477191446,  1103.98
1567.99166317,  9784.62,  8322.86,  570.187840408,  491.477668142,  1103.48
1568.01209749,  9107.89,  7884.3,  570.186221277,  491.476707459,  1104.25
1568.03253192,  8286.83,  7352.01,  570.183692202,  491.475415888,  1104.98
1568.05296615,  7810.9,  7043.58,  570.184512794,  491.474416137,  1103.64
1568.07340048,  8266.44,  7338.84,  570.184917463,  491.476107963,  1103.77
1568.09383491,  9015.11,  7823.8,  570.186018178,  491.476566411,  1104.78
1568.11426924,  9685.2,  8258.39,  570.187841828,  491.477563405,  1104.03
1568.13470357,  9881.37,  8385.53,  570.188292225,  491.476866934,  1103.97
1568.1551379,  9498.75,  8138.11,  570.187391258,  491.477204914,  1103.95
1568.17557223,  8804.84,  7687.75,  570.187018601,  491.477611475,  1103.57
1568.19600656,  8169.73,  7275.92,  570.183668208,  491.47539301,  1104.24
1568.21644089,  8203.01,  7297.52,  570.186960889,  491.475696144,  1103.48
1568.23687522,  8873.07,  7731.49,  570.186898092,  491.477665926,  1103.6
1568.25730965,  9605.83,  8206.94,  570.186984444,  491.475959254,  1103.1
1568.27774389,  10017.5,  8473.89,  570.18810934,  491.479354141,  1102.86
1568.29817832,  9831.17,  8352.66,  570.187959262,  491.478414945,  1102.08
1568.31861265,  9151.66,  7912.5,  570.186342554,  491.47760326,  1103.35
1568.33904688,  8339.8,  7386.42,  570.186313732,  491.476184447,  1102.0
1568.35948131,  7823.68,  7051.96,  570.185751787,  491.476326729,  1102.32
1568.37991565,  8194.09,  7291.63,  570.184701978,  491.477228981,  1102.76
1568.40034988,  8937.8,  7773.49,  570.186809957,  491.477980633,  1101.86
1568.42078431,  9626.78,  8220.59,  570.188509213,  491.47760561,  1101.85
1568.44121865,  9879.94,  8384.35,  570.188764905,  491.478330863,  1101.54
1568.46165288,  9544.91,  8167.32,  570.18827472,  491.479094242,  1101.94
1568.48208731,  8865.04,  7726.86,  570.186310436,  491.477054533,  1102.6
1568.50252165,  8212.48,  7303.66,  570.184928238,  491.476291735,  1101.81
1568.52295608,  8160.73,  7269.75,  570.184809933,  491.47664814,  1102.12
1568.54339032,  8808.58,  7690.0,  570.185559987,  491.477075144,  1101.88
1568.56382455,  9554.43,  8172.91,  570.188000953,  491.481109803,  1102.57
1568.58425899,  10005.4,  8465.68,  570.188233376,  491.479689158,  1101.87
1568.60469332,  9879.67,  8384.32,  570.188647341,  491.479120519,  1102.08
1568.62512766,  9217.33,  7954.41,  570.186835681,  491.478339706,  1104.07
1568.64556199,  8414.73,  7434.92,  570.186147165,  491.477165023,  1102.94
1568.66599633,  7797.09,  7034.63,  570.183283251,  491.476713911,  1102.77
1568.68643076,  8115.55,  7240.45,  570.184807483,  491.477106036,  1102.55
1568.706865,  8868.77,  7728.97,  570.186606653,  491.478029322,  1103.73
1568.72729934,  9564.43,  8179.43,  570.188659972,  491.479007666,  1103.46
1568.74773377,  9889.12,  8390.44,  570.188621855,  491.479194397,  1104.08
1568.76816811,  9598.76,  8202.06,  570.188939633,  491.479169451,  1103.2
1568.78860235,  8923.28,  7764.06,  570.186547551,  491.477956735,  1103.8
1568.80903679,  8248.51,  7326.59,  570.185138614,  491.478314108,  1104.9
1568.82947112,  8137.5,  7255.12,  570.186251508,  491.477222114,  1104.92
1568.84990546,  8749.41,  7651.27,  570.187078494,  491.478058473,  1105.51
1568.8703398,  9499.98,  8138.19,  570.189000421,  491.478068951,  1104.92
1568.89077414,  9984.7,  8452.25,  570.189577933,  491.479890323,  1104.58
1568.91120858,  9886.97,  8388.78,  570.189499827,  491.480595546,  1105.71
1568.93164282,  9280.92,  7996.15,  570.188065428,  491.478242563,  1105.6
1568.95207716,  8462.73,  7465.74,  570.185172304,  491.478226689,  1112.31
1568.97251159,  7808.64,  7041.65,  570.18540017,  491.476966371,  1105.0
1568.99294583,  8060.55,  7205.04,  570.185524824,  491.478239254,  1104.67
1569.01338017,  8804.95,  7687.3,  570.187928868,  491.478756207,  1103.48
1569.03381461,  9521.2,  8151.46,  570.188798559,  491.479739851,  1104.66
1569.05424886,  9884.6,  8387.51,  570.188762145,  491.479828108,  1103.72
1569.0746833,  9649.34,  8234.64,  570.188419743,  491.478953542,  1102.94
1569.09511764,  8989.94,  7807.24,  570.187183568,  491.4798239,  1103.62
1569.11555188,  8305.2,  7363.86,  570.186041409,  491.476950711,  1102.86
1569.13598632,  8116.59,  7241.42,  570.185236001,  491.477189305,  1102.22
1569.15642066,  8686.68,  7611.02,  570.185680433,  491.478237247,  1101.42
1569.1768549,  9428.08,  8091.55,  570.188850348,  491.479965117,  1100.96
1569.19728934,  9961.33,  8437.5,  570.19051615,  491.480260268,  1100.94
1569.21772359,  9924.54,  8413.35,  570.18893299,  491.48103265,  1101.13
1569.23815803,  9343.29,  8037.1,  570.189103412,  491.480070627,  1100.45
1569.25859237,  8547.11,  7520.78,  570.186494689,  491.478418992,  1100.52
1569.27902661,  7843.05,  7064.64,  570.184080876,  491.478134385,  1100.75
1569.29946106,  7999.95,  7165.52,  570.187139425,  491.477316232,  1101.06
1569.3198954,  8736.48,  7643.51,  570.186801287,  491.478348788,  1099.41
1569.34032975,  9468.06,  8117.65,  570.18904027,  491.479843769,  1099.48
1569.36076409,  9863.44,  8373.79,  570.189064634,  491.481041812,  1099.64
1569.38119843,  9689.4,  8261.12,  570.189235271,  491.480224494,  1099.34
1569.40163278,  9060.73,  7853.86,  570.188908404,  491.479652378,  1098.74
1569.42206712,  8361.54,  7400.23,  570.185503323,  491.480188977,  1098.78
1569.44250147,  8101.61,  7232.16,  570.184930394,  491.478845192,  1097.77
1569.46293591,  8628.09,  7573.07,  570.186418647,  491.480185736,  1098.51
1569.48337026,  9376.29,  8058.44,  570.187068916,  491.480275214,  1096.9
1569.5038045,  9943.51,  8425.82,  570.189158338,  491.480876752,  1097.6
1569.52423895,  9961.99,  8437.72,  570.190640504,  491.481204172,  1097.83
1569.54467329,  9404.43,  8076.87,  570.18839795,  491.480853864,  1097.14
1569.56510754,  8630.13,  7574.57,  570.186830708,  491.477205769,  1097.44
1569.58554199,  7877.56,  7086.9,  570.184501015,  491.478639862,  1097.34
1569.60597633,  7978.12,  7151.84,  570.18466122,  491.480019963,  1097.83
1569.62641078,  8666.19,  7597.86,  570.18804803,  491.479866105,  1096.71
1569.64684503,  9402.23,  8075.0,  570.188268592,  491.479435637,  1096.47
1569.68771382,  9738.53,  8293.07,  570.189192872,  491.481228551,  1096.41
1569.70814807,  9133.1,  7900.32,  570.188706488,  491.480941162,  1097.24
1569.72858242,  8418.95,  7437.37,  570.187666515,  491.478636361,  1096.47
1569.74901687,  8070.11,  7211.68,  570.18492701,  491.480780113,  1096.14
1569.76945112,  8574.42,  7538.73,  570.186315836,  491.479991034,  1096.98
1569.78988546,  9310.12,  8015.58,  570.188985441,  491.480943968,  1096.07
1569.81031991,  9907.96,  8403.23,  570.188393368,  491.481573667,  1097.04
1569.83075416,  9995.39,  8459.81,  570.18934168,  491.481946891,  1096.2
1569.85118861,  9473.66,  8121.42,  570.187804764,  491.481403824,  1096.37
1569.87162286,  8694.99,  7616.86,  570.186439402,  491.47976041,  1096.3
1569.89205721,  7942.72,  7128.7,  570.185907269,  491.480930084,  1096.51
1569.91249166,  7940.83,  7127.87,  570.187635059,  491.478605137,  1095.96
1569.93292591,  8627.56,  7573.67,  570.186216905,  491.481115017,  1095.24
1569.95336026,  9369.56,  8053.98,  570.188017577,  491.48007784,  1095.49
1569.97379471,  9844.61,  8362.76,  570.189376378,  491.481726641,  1094.83
1569.99422906,  9763.48,  8309.83,  570.189276362,  491.481684389,  1095.0
1570.01466342,  9199.15,  7943.63,  570.188000804,  491.48055986,  1094.55
1570.03509777,  8475.11,  7475.04,  570.186673488,  491.47989322,  1094.81
1570.05553212,  8070.9,  7212.6,  570.185046468,  491.480448767,  1095.56
1570.07596647,  8503.29,  7493.0,  570.18539255,  491.480730437,  1093.91
1570.09640082,  9236.39,  7968.49,  570.187882237,  491.481464073,  1093.29
1570.11683518,  9873.71,  8381.62,  570.188935817,  491.483547245,  1093.14
1570.13726963,  10013.9,  8472.26,  570.189173101,  491.481955571,  1093.18
1570.15770388,  9554.0,  8174.11,  570.189497069,  491.481446348,  1093.64
1570.17813833,  8789.78,  7678.93,  570.186723601,  491.48065077,  1093.95
1570.19857269,  7990.96,  7161.01,  570.185613958,  491.479438097,  1093.82
1570.21900694,  7903.97,  7105.06,  570.184437826,  491.479509599,  1092.7
1570.2394414,  8569.14,  7535.59,  570.186926239,  491.479561933,  1093.19
1570.25987575,  9304.73,  8012.53,  570.189083563,  491.481592439,  1093.98
1570.28031,  9824.08,  8349.82,  570.189439708,  491.482490436,  1092.34
1570.30074446,  9782.7,  8322.65,  570.188857421,  491.480937985,  1092.66
1570.32117881,  9238.91,  7970.29,  570.187888723,  491.480837249,  1091.62
1570.34161307,  8521.36,  7505.47,  570.186130643,  491.480318446,  1092.07
1570.36204752,  8068.29,  7211.3,  570.184961187,  491.479064349,  1091.27
1570.38248188,  8443.89,  7455.01,  570.187258395,  491.480873433,  1091.47
1570.40291623,  9180.86,  7932.34,  570.187652752,  491.48183321,  1091.88
1570.42335059,  9849.28,  8365.38,  570.188106667,  491.483459138,  1091.5
1570.44378495,  10048.0,  8494.43,  570.188898252,  491.480010332,  1091.7
1570.4642193,  9614.27,  8213.38,  570.189045945,  491.48109487,  1091.78
1570.48465366,  8855.92,  7721.63,  570.187955589,  491.482282251,  1091.04
1570.50508802,  8062.98,  7207.62,  570.184998055,  491.479100128,  1091.67
1570.52552237,  7886.18,  7093.13,  570.183793672,  491.480961334,  1091.09
1570.54595673,  8498.26,  7489.58,  570.186075043,  491.480279524,  1091.1
1570.56639119,  9231.96,  7965.33,  570.188484531,  491.482054105,  1091.14
1570.58682544,  9783.99,  8323.32,  570.189086646,  491.483374998,  1090.45
1570.6072598,  9799.61,  8333.51,  570.189114943,  491.481135571,  1091.27
1570.62769426,  9297.53,  8008.0,  570.18927166,  491.482407396,  1090.4
1570.64812862,  8592.51,  7551.18,  570.18726333,  491.481374143,  1091.18
1570.66856288,  8077.95,  7217.42,  570.185065365,  491.480253699,  1090.27
1570.68899734,  8376.14,  7410.61,  570.1858329,  491.481172751,  1091.03
1570.7094317,  9115.99,  7890.16,  570.18869612,  491.483031339,  1089.79
1570.72986595,  9793.8,  8329.31,  570.189084929,  491.483668688,  1091.55
1570.75030041,  10027.5,  8481.2,  570.190132584,  491.48256495,  1090.38
1570.77073477,  9653.06,  8237.71,  570.191330769,  491.483318723,  1090.27
1570.79116923,  8920.11,  7763.07,  570.188707188,  491.482759135,  1090.44
1570.81160349,  8116.14,  7241.79,  570.186366401,  491.481671456,  1090.67
1570.83203785,  7836.74,  7060.49,  570.185940947,  491.479150831,  1090.18
1570.85247232,  8433.32,  7447.33,  570.186379237,  491.481339963,  1089.58
1570.87290658,  9163.62,  7920.93,  570.188802893,  491.482137912,  1089.54
1570.89334094,  9758.39,  8306.51,  570.18925002,  491.483184127,  1089.59
1570.9137754,  9823.96,  8348.63,  570.190135513,  491.482848808,  1090.09
1570.93420966,  9352.73,  8042.81,  570.189200685,  491.482424835,  1088.87
1570.95464412,  8657.2,  7592.92,  570.187845056,  491.481476373,  1089.06
1570.97507848,  8094.56,  7227.38,  570.18683335,  491.480845238,  1089.36
1570.99551275,  8336.48,  7384.33,  570.18707977,  491.482600145,  1089.91
1571.01594721,  9051.28,  7848.11,  570.189039545,  491.48249907,  1089.81
1571.03638157,  9765.07,  8310.14,  570.190410601,  491.484031462,  1089.61
1571.05681583,  10030.0,  8481.85,  570.190618695,  491.483688443,  1090.56
1571.0772503,  9706.5,  8272.06,  570.190939766,  491.484118593,  1089.4
1571.09768466,  8986.49,  7805.5,  570.189832823,  491.482591082,  1089.16
1571.11811892,  8169.79,  7276.52,  570.186647401,  491.482188153,  1089.26
1571.13855339,  7827.45,  7054.15,  570.185617075,  491.481149062,  1089.91
1571.15898775,  8371.61,  7407.15,  570.186753679,  491.481758865,  1088.62
1571.17942212,  9118.55,  7890.84,  570.187600235,  491.483808196,  1088.79
1571.19985648,  9741.26,  8294.33,  570.190729921,  491.485257977,  1089.13
1571.22029084,  9857.37,  8369.8,  570.190776607,  491.484918158,  1089.58
1571.24072521,  9408.13,  8078.98,  570.189183028,  491.484019821,  1087.53
1571.26115957,  8712.74,  7628.18,  570.188336903,  491.481918021,  1089.54
1571.28159394,  8126.94,  7248.27,  570.187472626,  491.481179753,  1088.72
1571.30202831,  8272.72,  7342.81,  570.187581308,  491.48225214,  1089.16
1571.32246267,  8987.9,  7806.08,  570.188363581,  491.482590818,  1090.09
1571.34289714,  9691.8,  8262.93,  570.190020452,  491.484137462,  1089.98
1571.3633315,  10032.4,  8483.33,  570.191468633,  491.48511626,  1090.07
1571.38376577,  9751.65,  8301.11,  570.192216115,  491.484767947,  1089.98
1571.40420024,  9043.06,  7841.76,  570.190204919,  491.482524314,  1090.63
1571.4246346,  8240.01,  7321.33,  570.187772445,  491.482932425,  1090.64
1571.44506887,  7816.24,  7047.15,  570.186962193,  491.480570547,  1091.03
1571.46550334,  8294.06,  7356.28,  570.186707459,  491.482884536,  1090.71
1571.48593771,  9038.06,  7838.5,  570.188941879,  491.483726623,  1091.22
1571.50637197,  9682.74,  8256.69,  570.190694896,  491.484652476,  1091.11
1571.52680644,  9851.09,  8365.63,  570.190850067,  491.484014011,  1091.31
1571.54724081,  9461.74,  8112.63,  570.189782289,  491.48525761,  1092.26
1571.56767528,  8774.71,  7667.75,  570.189826259,  491.483444253,  1092.45
1571.58810955,  8155.57,  7266.74,  570.185871517,  491.482519882,  1091.56
1571.60854392,  8228.61,  7314.27,  570.187598834,  491.482240716,  1092.26
1571.62897838,  8925.21,  7765.35,  570.189443217,  491.484787657,  1091.5
1571.64941265,  9653.71,  8237.39,  570.190626013,  491.484031951,  1091.28
1571.66984702,  10030.9,  8481.82,  570.191141804,  491.48451314,  1092.38
1571.69028149,  9777.58,  8317.68,  570.188859029,  491.484850146,  1090.98
1571.71071576,  9094.7,  7875.09,  570.189560583,  491.483155937,  1091.52
1571.73115023,  8292.83,  7355.34,  570.187056091,  491.48271831,  1092.22
1571.7515846,  7787.18,  7027.31,  570.186207531,  491.482060353,  1091.37
1571.77201887,  8234.88,  7318.09,  570.188134991,  491.482673468,  1091.2
1571.79245335,  8983.76,  7803.57,  570.189034016,  491.484073357,  1090.19
1571.81288772,  9637.7,  8227.32,  570.190231932,  491.485996574,  1091.85
1571.83332199,  9873.07,  8380.19,  570.190438334,  491.486516473,  1090.32
1571.85375646,  9520.55,  8151.34,  570.190936661,  491.484479204,  1091.28
1571.87419083,  8834.71,  7707.08,  570.188401988,  491.483568605,  1090.66
1571.8946251,  8202.45,  7296.72,  570.187111055,  491.48319204,  1091.96
1571.91505958,  8195.56,  7292.7,  570.186499895,  491.483235041,  1089.38
1571.93549395,  8869.7,  7729.1,  570.189563887,  491.484823851,  1089.58
1571.95592842,  9601.9,  8203.96,  570.190531391,  491.484641152,  1089.18
1571.97636269,  9999.07,  8461.83,  570.190442098,  491.485640113,  1088.59
1571.99679707,  9822.96,  8347.47,  570.191752789,  491.484785511,  1087.65
1572.01723154,  9158.39,  7916.99,  570.18938526,  491.485440532,  1087.22
1572.03766581,  8350.72,  7392.66,  570.188572908,  491.484493715,  1087.76
1572.05810019,  7790.02,  7029.81,  570.187874104,  491.483270178,  1087.8
1572.07853466,  8154.72,  7266.57,  570.186766139,  491.48453581,  1085.89
1572.09896893,  8905.43,  7752.56,  570.189902336,  491.483786179,  1086.29
1572.11940341,  9600.42,  8203.15,  570.19078587,  491.485562517,  1086.21
1572.13983778,  9873.97,  8380.59,  570.190396864,  491.485393727,  1084.79
1572.16027206,  9556.25,  8174.74,  570.191529158,  491.484949151,  1084.04
1572.18070653,  8899.27,  7749.4,  570.18843626,  491.485109242,  1084.34
1572.20114091,  8240.61,  7321.73,  570.188147126,  491.484401127,  1085.04
1572.22157518,  8179.29,  7282.35,  570.188248392,  491.484093658,  1084.75
1572.24200966,  8818.43,  7696.68,  570.188577858,  491.484145882,  1084.94
1572.26244404,  9539.85,  8163.96,  570.190412263,  491.484447659,  1085.33
1572.28287841,  9998.3,  8461.31,  570.191568665,  491.486505766,  1083.97
1572.30331279,  9851.91,  8366.26,  570.192606218,  491.482926894,  1085.31
1572.32374717,  9203.06,  7946.01,  570.191103443,  491.485370026,  1084.65
1572.34418154,  8393.58,  7421.15,  570.187655189,  491.484203058,  1085.08
1572.36461592,  7801.05,  7036.96,  570.18698027,  491.483987346,  1084.86
1572.3850503,  8107.98,  7236.03,  570.187876824,  491.483667386,  1085.76
1572.40548467,  8844.0,  7713.0,  570.18853906,  491.485135009,  1084.57
1572.42591905,  9545.8,  8167.46,  570.191395538,  491.48564032,  1084.76
1572.44635343,  9877.53,  8383.35,  570.191922441,  491.486552196,  1084.83
1572.46678781,  9605.23,  8206.88,  570.190636784,  491.485923925,  1084.05
1572.48722219,  8955.94,  7785.54,  570.188345021,  491.485863343,  1085.12
1572.50765666,  8283.74,  7350.28,  570.188584317,  491.484724815,  1084.86
1572.52809104,  8146.23,  7261.22,  570.188031387,  491.485580874,  1084.98
1572.54852532,  8769.47,  7665.27,  570.189394433,  491.484852563,  1086.45
1572.5689598,  9501.65,  8140.21,  570.190907185,  491.485646298,  1085.01
1572.58939418,  9970.57,  8443.56,  570.191520702,  491.486602966,  1086.1
1572.60982846,  9880.41,  8385.29,  570.19166074,  491.486889854,  1085.47
1572.63026294,  9263.73,  7985.72,  570.189922854,  491.485417133,  1085.71
1572.6711316,  7804.68,  7039.85,  570.186044856,  491.482114599,  1086.75
1572.69156608,  8057.48,  7203.79,  570.187554619,  491.483288865,  1086.26
1572.71200046,  8793.1,  7680.4,  570.188004694,  491.485114962,  1087.87
1572.73243494,  9493.87,  8135.09,  570.189170043,  491.485824853,  1087.62
1572.75286922,  9868.34,  8377.33,  570.189878971,  491.486231797,  1087.82
1572.77330361,  9648.53,  8235.06,  570.192072248,  491.487596209,  1087.15
1572.79373809,  9031.37,  7835.06,  570.189109681,  491.485630931,  1087.99
1572.81417237,  8334.41,  7384.19,  570.187179465,  491.487573439,  1088.88
1572.83460675,  8135.08,  7254.11,  570.18718995,  491.484539621,  1091.85
1572.85504123,  8703.54,  7622.74,  570.188817129,  491.486068718,  1094.54
1572.87547552,  9429.07,  8092.95,  570.190543656,  491.485773965,  1094.21
1572.89591,  9960.36,  8437.96,  570.190953636,  491.487615745,  1090.94
1572.91634438,  9896.49,  8396.77,  570.190581591,  491.485738457,  1086.34
1572.93677866,  9328.12,  8027.33,  570.189986003,  491.48626746,  1084.95
1572.95721315,  8539.3,  7516.94,  570.188336233,  491.484851579,  1082.71
1572.97764753,  7848.56,  7068.39,  570.185339285,  491.484710677,  1083.3
1572.99808191,  7998.31,  7165.97,  570.187560616,  491.484968232,  1082.46
1573.0185163,  8725.2,  7637.08,  570.187268205,  491.485114388,  1082.49
1573.03895068,  9450.11,  8107.24,  570.190444553,  491.486290324,  1082.09
1573.05938497,  9854.5,  8369.19,  570.190300029,  491.487106381,  1082.06
1573.07981945,  9685.55,  8259.79,  570.18955661,  491.486552365,  1082.43
1573.10025384,  9081.75,  7868.26,  570.189080398,  491.485796917,  1081.73
1573.12068822,  8384.78,  7416.72,  570.187873613,  491.486430881,  1081.06
1573.14112261,  8113.79,  7241.62,  570.187309217,  491.483946158,  1080.49
1573.16155699,  8637.4,  7580.66,  570.189466804,  491.485003634,  1079.86
1573.18199148,  9375.26,  8058.91,  570.188871106,  491.486674441,  1079.58
1573.20242576,  9927.32,  8416.93,  570.190007194,  491.487169588,  1078.06
1573.22286015,  9926.83,  8416.6,  570.19056161,  491.486763139,  1079.06
1573.24329464,  9383.81,  8064.32,  570.190155602,  491.486440679,  1078.47
1573.26372892,  8593.79,  7552.45,  570.186852908,  491.48665819,  1076.96
1573.28416341,  7877.93,  7088.68,  570.186414908,  491.484897247,  1075.87
1573.3045978,  7956.06,  7139.22,  570.186606672,  491.485059413,  1075.96
1573.32503208,  8649.42,  7588.31,  570.188467528,  491.486177975,  1075.61
1573.34546657,  9379.2,  8061.59,  570.188897919,  491.48633538,  1075.11
1573.36590096,  9845.26,  8363.66,  570.191143646,  491.487195549,  1075.17
1573.38633525,  9700.29,  8270.0,  570.190304726,  491.487380978,  1074.82
1573.40676973,  9130.54,  7900.15,  570.18853892,  491.486201274,  1074.78
1573.42720412,  8443.45,  7454.66,  570.18797527,  491.485977891,  1074.24
1573.44763841,  8119.85,  7245.29,  570.188832631,  491.484661792,  1073.98
1573.4680729,  8579.39,  7543.19,  570.188266967,  491.486095381,  1072.58
1573.48850729,  9328.36,  8028.7,  570.189445023,  491.48711335,  1072.37
1573.50894178,  9900.17,  8398.98,  570.190461853,  491.487585161,  1073.28
1573.52937607,  9950.93,  8432.22,  570.190937816,  491.48844822,  1072.62
1573.54981046,  9450.52,  8107.66,  570.190376707,  491.48779847,  1072.91
1573.57024495,  8665.09,  7598.62,  570.188886557,  491.486560995,  1072.69
1573.59067924,  7902.82,  7104.5,  570.186718318,  491.484386734,  1072.61
1573.61111363,  7890.65,  7096.88,  570.18821648,  491.485851163,  1072.01
1573.63154812,  8587.04,  7548.06,  570.187117533,  491.486663525,  1071.92
1573.65198251,  9330.01,  8029.61,  570.190246822,  491.488929005,  1071.29
1573.6724169,  9823.72,  8349.24,  570.19130514,  491.487753072,  1071.41
1573.69285129,  9750.79,  8302.35,  570.191001534,  491.487711294,  1071.48
1573.71328558,  9203.29,  7947.07,  570.188500978,  491.489102157,  1071.87
1573.73372007,  8503.08,  7493.25,  570.188123676,  491.4854361,  1071.85
1573.75415446,  8073.13,  7214.87,  570.187652265,  491.485315939,  1070.9
1573.77458875,  8539.25,  7516.41,  570.187894189,  491.485437865,  1072.14
1573.79502325,  9280.53,  7997.04,  570.19082908,  491.488309384,  1070.79
1573.81545764,  9875.62,  8382.79,  570.1911155,  491.48993503,  1071.09
1573.83589193,  9990.71,  8457.53,  570.191097091,  491.48943477,  1070.2
1573.85632642,  9510.82,  8146.38,  570.189815936,  491.487793969,  1070.83
1573.87676082,  8739.45,  7646.81,  570.188322925,  491.486861316,  1069.92
1573.89719531,  7960.14,  7140.51,  570.186906233,  491.486231821,  1070.72
1573.9176296,  7856.9,  7074.45,  570.186619648,  491.485122844,  1069.88
1573.938064,  8537.38,  7515.26,  570.187840135,  491.485441706,  1070.07
1573.95849849,  9284.67,  7999.51,  570.190278733,  491.489019208,  1069.42
1573.97893278,  9806.94,  8337.83,  570.191397342,  491.488803036,  1069.7
1573.99936718,  9790.04,  8327.07,  570.191060803,  491.489015649,  1069.21
1574.01980167,  9246.07,  7974.02,  570.187843023,  491.486894489,  1069.41
1574.04023597,  8556.22,  7527.12,  570.189122396,  491.489472288,  1069.61
1574.06067046,  8110.07,  7237.92,  570.187490851,  491.486809426,  1069.15
1574.08110486,  8481.33,  7478.81,  570.188884438,  491.486677885,  1070.53
1574.10153915,  9226.78,  7961.38,  570.189241028,  491.489072271,  1068.61
1574.12197365,  9846.61,  8363.58,  570.192686123,  491.488475631,  1068.69
1574.14240804,  10017.1,  8473.95,  570.191222431,  491.489755843,  1067.97
1574.16284244,  9580.48,  8191.02,  570.192342609,  491.488066106,  1068.06
1574.18327684,  8799.7,  7685.12,  570.188412169,  491.487266897,  1067.47
1574.20371123,  8020.7,  7180.35,  570.186612225,  491.487616909,  1068.03
1574.22414563,  7842.11,  7064.43,  570.186398162,  491.486035148,  1067.11
1574.24458003,  8484.24,  7480.67,  570.188741089,  491.48814152,  1067.48
1574.26501442,  9216.13,  7954.95,  570.190920953,  491.489494358,  1066.5
1574.28544882,  9779.12,  8320.21,  570.192175457,  491.48972073,  1067.1
1574.30588332,  9799.82,  8333.32,  570.191134051,  491.489457914,  1066.26
1574.32631761,  9307.74,  8014.13,  570.191722269,  491.490099286,  1066.86
1574.34675201,  8615.88,  7565.63,  570.18866356,  491.487791281,  1066.36
1574.36718641,  8124.04,  7246.68,  570.186424432,  491.486898606,  1065.72
1574.38762081,  8427.3,  7443.11,  570.188612305,  491.487095967,  1066.43
1574.40805531,  9148.71,  7911.52,  570.19022434,  491.489574841,  1065.17
1574.4284896,  9812.97,  8341.82,  570.191337549,  491.48940396,  1065.96
1574.4489241,  10024.6,  8478.21,  570.190865051,  491.490137985,  1065.63
1574.4693585,  9635.25,  8226.63,  570.191065309,  491.488737118,  1065.62
1574.4897928,  8889.26,  7742.97,  570.190498622,  491.488256727,  1065.6
1574.5102273,  8081.09,  7219.02,  570.187236458,  491.486407418,  1065.2
1574.5306617,  7824.75,  7052.38,  570.187710096,  491.485808184,  1065.77
1574.551096,  8416.58,  7436.18,  570.189038444,  491.487849847,  1065.3
1574.5715305,  9161.32,  7919.17,  570.191311652,  491.487786785,  1064.93
1574.5919649,  9759.8,  8307.24,  570.191846629,  491.489444244,  1064.68
1574.6123994,  9838.11,  8357.61,  570.192380889,  491.49118907,  1065.24
1574.6328337,  9360.67,  8048.95,  570.191284506,  491.488135987,  1065.14
1574.6532681,  8671.51,  7601.61,  570.189730725,  491.488397688,  1064.86
1574.6737026,  8142.94,  7259.05,  570.189358162,  491.487463103,  1064.82
1574.6941369,  8367.85,  7405.0,  570.188457918,  491.487638997,  1064.08
1574.71457131,  9103.39,  7881.45,  570.189600612,  491.488507606,  1064.02
1574.73500581,  9773.13,  8315.6,  570.19064849,  491.489527776,  1064.07
1574.75544011,  10043.5,  8491.34,  570.19213368,  491.490157412,  1064.54
1574.77587451,  9708.88,  8274.2,  570.193126062,  491.489330567,  1064.14
1574.79630901,  8975.6,  7799.32,  570.189795796,  491.487899539,  1063.88
1574.81674342,  8164.75,  7273.62,  570.189966966,  491.489547658,  1063.8
1574.83717782,  7805.81,  7041.07,  570.185930425,  491.486952161,  1063.04
1574.85761222,  8357.25,  7398.58,  570.188340367,  491.488007944,  1062.54
1574.87804663,  9105.4,  7883.43,  570.19093127,  491.489330139,  1063.71
1574.89848103,  9698.87,  8268.16,  570.192088369,  491.490176746,  1063.15
1574.91891543,  9839.9,  8359.52,  570.191475154,  491.490132468,  1063.27
1574.93934984,  9409.24,  8080.17,  570.192011551,  491.49024956,  1062.97
1574.95978424,  8722.4,  7635.1,  570.189485189,  491.48861838,  1063.2
1574.98021864,  8148.57,  7264.11,  570.187818544,  491.488193819,  1063.49
1575.00065305,  8322.01,  7376.28,  570.1885846,  491.48859857,  1062.07
1575.02108745,  9026.2,  7832.65,  570.189487845,  491.490411609,  1062.24
1575.04152186,  9714.61,  8278.44,  570.191368468,  491.48938045,  1062.0
1575.06195636,  10043.6,  8491.27,  570.191366177,  491.491308437,  1062.85
1575.08239067,  9752.78,  8303.15,  570.190338976,  491.490651121,  1062.41
1575.10282507,  9030.82,  7835.17,  570.190498138,  491.488817826,  1061.74
1575.12325958,  8214.26,  7306.11,  570.187256968,  491.488427625,  1061.47
1575.14369388,  7796.41,  7035.08,  570.187975648,  491.487320813,  1061.39
1575.16412829,  8279.83,  7348.53,  570.188755237,  491.488532284,  1061.52
1575.1845628,  9023.13,  7829.98,  570.188899729,  491.489087272,  1061.69
1575.2049971,  9672.69,  8251.79,  570.191588166,  491.491169082,  1062.65
1575.22543161,  9843.14,  8361.83,  570.191229216,  491.490198074,  1062.22
1575.24586602,  9451.81,  8108.37,  570.190666958,  491.48965166,  1061.39
1575.26630032,  8775.62,  7669.91,  570.188684023,  491.489097889,  1061.05
1575.28673483,  8173.88,  7280.25,  570.187820501,  491.487510653,  1060.62
1575.30716924,  8268.08,  7341.59,  570.188356754,  491.488456023,  1061.12
1575.32760355,  8959.96,  7789.6,  570.189919365,  491.489046204,  1061.31
1575.34803805,  9668.87,  8249.5,  570.191062883,  491.491320505,  1060.41
1575.36847246,  10026.0,  8480.41,  570.191825137,  491.491102872,  1061.55
1575.38890697,  9794.07,  8330.27,  570.189978966,  491.490867325,  1060.35
1575.40934128,  9092.9,  7875.98,  570.190516281,  491.489817656,  1060.91
1575.42977569,  8273.58,  7345.28,  570.189050272,  491.488863365,  1060.23
1575.45021019,  7784.06,  7027.77,  570.187842432,  491.4879482,  1060.27
1575.4706446,  8207.94,  7302.85,  570.188645544,  491.487408577,  1059.62
1575.49107891,  8963.85,  7792.53,  570.189618783,  491.489274694,  1059.63
1575.51151342,  9615.79,  8215.47,  570.19083891,  491.488719807,  1059.84
1575.53194783,  9865.63,  8377.18,  570.1915288,  491.489922095,  1059.4
1575.55238214,  9510.63,  8147.13,  570.191994668,  491.489318972,  1059.56
1575.57281665,  8838.1,  7711.47,  570.189963991,  491.489389729,  1058.38
1575.59325106,  8201.81,  7298.73,  570.187802216,  491.488210787,  1058.83
1575.61368547,  8217.74,  7309.04,  570.188833621,  491.487855164,  1060.36
1575.65455419,  9622.47,  8220.04,  570.190842123,  491.489779108,  1060.49
1575.67498871,  10028.9,  8483.27,  570.191599933,  491.491374053,  1058.94
1575.69542312,  9841.52,  8361.57,  570.190409463,  491.490737067,  1059.43
1575.71585743,  9166.81,  7924.66,  570.189646619,  491.488990627,  1058.38
1575.73629194,  8342.71,  7390.68,  570.188809882,  491.490072553,  1058.59
1575.75672635,  7781.63,  7026.85,  570.185548395,  491.488058131,  1059.22
1575.77716086,  8168.27,  7277.35,  570.18738259,  491.488633959,  1058.77
1575.79759518,  8912.41,  7760.1,  570.189092346,  491.489047687,  1058.82
1575.81802959,  9583.04,  8194.48,  570.190004437,  491.489606232,  1058.09
1575.8384641,  9857.6,  8372.37,  570.190556877,  491.490579086,  1058.25
1575.85889841,  9550.16,  8173.65,  570.191675749,  491.490775129,  1058.1
1575.87933283,  8901.26,  7752.57,  570.18868375,  491.491103408,  1057.93
1575.89976734,  8244.14,  7327.1,  570.190494835,  491.488562509,  1057.67
1575.92020165,  8188.4,  7290.78,  570.188913702,  491.487645055,  1057.9
1575.94063607,  8830.38,  7707.17,  570.188840427,  491.48991931,  1056.93
1575.96107058,  9571.99,  8188.22,  570.191290143,  491.491280697,  1057.81
1575.9815049,  10006.4,  8469.47,  570.191348223,  491.491789809,  1057.1
1576.00193941,  9860.02,  8374.58,  570.192383132,  491.492280818,  1057.75
1576.02237382,  9232.87,  7968.53,  570.190271139,  491.490849038,  1056.9
1576.04280824,  8403.6,  7431.26,  570.188543566,  491.489671265,  1057.36
1576.06324265,  7799.47,  7039.21,  570.188182584,  491.489236273,  1056.75
1576.08367707,  8114.74,  7243.66,  570.186893058,  491.488672901,  1056.37
1576.10411148,  8853.22,  7722.2,  570.188857998,  491.48958119,  1056.62
1576.1245459,  9554.64,  8177.4,  570.190248935,  491.491126992,  1056.3
1576.14498031,  9866.08,  8379.18,  570.190394122,  491.492192661,  1056.44
1576.16541473,  9604.55,  8209.9,  570.190738065,  491.490246119,  1055.88
1576.18584925,  8952.37,  7786.84,  570.190029781,  491.490296755,  1055.94
1576.20628356,  8285.24,  7354.56,  570.186112196,  491.489552336,  1056.14
1576.22671808,  8155.59,  7270.43,  570.186672461,  491.488881909,  1055.63
1576.2471525,  8772.08,  7670.26,  570.186980522,  491.490453154,  1056.19
1576.26758681,  9496.65,  8139.62,  570.190385393,  491.491254535,  1056.05
1576.28802133,  9995.34,  8463.11,  570.192803692,  491.492842591,  1055.91
1576.30845565,  9887.79,  8393.82,  570.189905443,  491.491474729,  1055.55
1576.32889006,  9275.83,  7996.61,  570.190147573,  491.490722668,  1055.06
1576.34932458,  8475.44,  7477.56,  570.187313761,  491.489826568,  1055.8
1576.3697589,  7818.97,  7063.22,  570.185410342,  491.490249671,  1063.71
1576.39019342,  8054.22,  7205.3,  570.187006421,  491.488852075,  1055.36
1576.41062784,  8801.85,  7689.21,  570.18865372,  491.490600111,  1055.94
1576.43106216,  9505.81,  8145.86,  570.190415422,  491.490130216,  1055.03
1576.45149667,  9862.58,  8377.04,  570.191305777,  491.491626506,  1055.17
1576.47193109,  9646.76,  8237.48,  570.191592776,  491.490836528,  1055.64
1576.49236541,  9019.12,  7830.18,  570.189418644,  491.490589708,  1054.18
1576.51279993,  8328.41,  7382.79,  570.186353574,  491.490772671,  1054.44
1576.53323435,  8123.2,  7249.42,  570.186392995,  491.490408085,  1054.39
1576.55366877,  8706.05,  7627.22,  570.189866288,  491.490898684,  1054.29
1576.57410319,  9430.29,  8096.8,  570.191252121,  491.491829266,  1054.02
1576.59453761,  9959.29,  8439.73,  570.190387734,  491.492994853,  1054.54
1576.61497213,  9924.53,  8417.27,  570.191663295,  491.491524795,  1053.42
1576.63540645,  9338.65,  8037.26,  570.189767432,  491.491218274,  1054.18
1576.65584087,  8532.84,  7514.87,  570.189465859,  491.490260579,  1054.08
1576.67627539,  7842.52,  7067.72,  570.186727134,  491.489916419,  1053.77
1576.69670981,  7995.4,  7166.56,  570.186867077,  491.490153904,  1054.53
1576.71714413,  8725.1,  7639.34,  570.189222771,  491.490152,  1053.38
1576.73757866,  9449.54,  8109.04,  570.190808971,  491.491039271,  1053.71
1576.75801308,  9866.4,  8379.11,  570.19010093,  491.493124149,  1053.74
1576.7784475,  9678.82,  8257.37,  570.191680848,  491.491862224,  1053.66
1576.79888192,  9081.0,  7870.06,  570.18838202,  491.491157018,  1054.14
1576.81931634,  8390.36,  7422.05,  570.188496928,  491.489939416,  1053.61
1576.83975087,  8114.27,  7243.52,  570.188330686,  491.490499044,  1052.79
1576.86018519,  8637.68,  7582.87,  570.189109409,  491.490273818,  1052.19
1576.88061961,  9366.67,  8055.29,  570.201556935,  491.488734022,  1053.75
1576.90105413,  9923.96,  8416.07,  570.190830559,  491.491041507,  1053.25
1576.92148846,  9953.31,  8435.24,  570.191789413,  491.492268994,  1052.78
1576.94192288,  9389.89,  8070.19,  570.190769694,  491.493108872,  1052.89
1576.9623573,  8601.04,  7558.94,  570.18891229,  491.490545416,  1051.76
1576.98279173,  7866.86,  7082.32,  570.187667466,  491.490032851,  1053.13
1577.00322625,  7940.75,  7130.66,  570.18771913,  491.491319945,  1052.43
1577.02366058,  8656.68,  7595.22,  570.189033081,  491.491209595,  1052.66
1577.044095,  9383.12,  8065.12,  570.190339983,  491.491788934,  1052.24
1577.06452952,  9851.21,  8369.16,  570.191447048,  491.493178683,  1051.13
1577.08496385,  9712.47,  8278.83,  570.190143199,  491.493448617,  1051.69
1577.10539827,  9126.82,  7899.88,  570.18997605,  491.491557934,  1051.76
1577.1258328,  8434.85,  7450.92,  570.188666847,  491.491731418,  1051.14
1577.14626712,  8100.73,  7233.88,  570.187606622,  491.490547238,  1051.7
1577.16670165,  8573.57,  7540.56,  570.189620726,  491.492039509,  1052.52
1577.18713608,  9317.53,  8022.95,  570.190701475,  491.492094066,  1051.72
1577.2075704,  9900.79,  8400.67,  570.191931697,  491.493989646,  1051.76
1577.22800493,  9972.62,  8447.2,  570.191578472,  491.493877906,  1051.91
1577.24843935,  9452.91,  8110.43,  570.191106705,  491.493312272,  1051.92
1577.26887378,  8668.85,  7602.12,  570.188963003,  491.490925531,  1050.98
1577.28930821,  7905.69,  7107.47,  570.189683641,  491.489890492,  1050.41
1577.30974263,  7894.34,  7100.26,  570.187752362,  491.490997306,  1051.47
1577.33017706,  8589.61,  7550.86,  570.188530905,  491.491802414,  1050.01
1577.35061159,  9327.95,  8029.58,  570.1897086,  491.491984412,  1051.24
1577.37104592,  9853.29,  8369.97,  570.191637982,  491.492383571,  1051.6
1577.39148044,  9763.24,  8311.76,  570.19040706,  491.49275628,  1051.02
1577.41191487,  9202.43,  7948.22,  570.190589537,  491.490506313,  1050.27
1577.4323492,  8516.26,  7503.43,  570.190038026,  491.490474655,  1050.37
1577.45278373,  8106.07,  7237.44,  570.187913591,  491.490286469,  1051.36
1577.47321816,  8508.02,  7497.67,  570.189143866,  491.492509985,  1051.34
1577.49365248,  9250.92,  7979.53,  570.190339424,  491.493483227,  1050.54
1577.51408701,  9855.59,  8371.35,  570.190458169,  491.494500604,  1051.0
1577.53452144,  9993.13,  8460.67,  570.191845191,  491.493837606,  1049.92
1577.55495587,  9512.92,  8149.25,  570.191776496,  491.493066162,  1049.82
1577.5753903,  8733.57,  7644.38,  570.190842544,  491.491610137,  1049.42
1577.59582463,  7944.29,  7132.9,  570.188710593,  491.49042556,  1049.55
1577.61625916,  7855.58,  7074.91,  570.187363122,  491.490992299,  1050.35
1577.63669359,  8534.88,  7515.4,  570.188867391,  491.491670453,  1048.66
1577.65712792,  9283.67,  8001.07,  570.190675696,  491.492785437,  1049.48
1577.67756245,  9829.88,  8354.91,  570.192370249,  491.494414782,  1049.9
1577.69799688,  9810.42,  8342.65,  570.191279244,  491.494230176,  1048.15
1577.71843131,  9276.68,  7996.82,  570.190399237,  491.494055617,  1050.56
1577.73886574,  8573.08,  7540.31,  570.190775959,  491.491582592,  1049.83
1577.75930017,  8108.75,  7239.22,  570.188313684,  491.490912568,  1049.08
1577.77973471,  8449.76,  7460.91,  570.188840755,  491.49227908,  1048.08
1577.80016904,  9179.15,  7933.55,  570.190770998,  491.493539822,  1048.46
1577.82060347,  9823.21,  8350.99,  570.192079749,  491.493957227,  1048.92
1577.841038,  9989.37,  8458.17,  570.192660572,  491.494047672,  1049.33
1577.86147243,  9562.04,  8181.51,  570.190907991,  491.493661119,  1048.25
1577.88190676,  8799.54,  7687.14,  570.190137085,  491.492402372,  1049.0
1577.9023413,  8005.36,  7172.55,  570.189662301,  491.491542151,  1048.4
1577.92277573,  7809.38,  7044.99,  570.187938572,  491.490088405,  1048.72
1577.94321016,  8470.64,  7473.79,  570.188101992,  491.49023455,  1048.93
1577.9636446,  9227.25,  7964.03,  570.192224653,  491.492497977,  1049.21
1577.98407903,  9799.08,  8334.66,  570.191751772,  491.493212116,  1048.36
1578.00451346,  9840.31,  8361.36,  570.19177571,  491.493443172,  1048.45
1578.0249479,  9340.29,  8037.89,  570.192608193,  491.494936439,  1048.24
1578.04538233,  8625.74,  7574.43,  570.189218731,  491.492770423,  1046.95
1578.06581686,  8122.09,  7248.29,  570.188445391,  491.492373622,  1050.78
1578.0862512,  8401.9,  7429.35,  570.188647492,  491.49249224,  1049.57
1578.10668563,  9129.81,  7901.26,  570.192524897,  491.492387496,  1047.67
1578.12712017,  9775.59,  8319.52,  570.191257501,  491.493569676,  1047.98
1578.1475545,  10001.4,  8466.19,  570.192292373,  491.49376656,  1047.53
1578.16798904,  9625.15,  8222.57,  570.192982018,  491.494792876,  1047.48
1578.18842347,  8882.92,  7741.25,  570.189317325,  491.492097594,  1047.95
1578.20885781,  8073.04,  7216.3,  570.190059346,  491.490270423,  1048.18
1578.22929234,  7788.31,  7032.27,  570.189117719,  491.491659291,  1047.3
1578.24972668,  8406.19,  7433.1,  570.189124508,  491.493619781,  1046.9
1578.27016111,  9160.59,  7921.17,  570.190021225,  491.493191644,  1047.77
1578.29059565,  9778.41,  8321.73,  570.192404251,  491.493732482,  1047.28
1578.31102999,  9853.43,  8370.97,  570.192162993,  491.493823672,  1047.6
1578.33146452,  9385.87,  8067.9,  570.19254945,  491.494531608,  1047.22
1578.35189896,  8694.88,  7619.83,  570.189497762,  491.49251842,  1047.11
1578.3723333,  8133.99,  7256.27,  570.187526296,  491.490680228,  1046.58
1578.39276783,  8348.35,  7395.02,  570.188848114,  491.491804197,  1047.3
1578.41320227,  9069.85,  7862.91,  570.188960556,  491.493769847,  1046.8
1578.43363671,  9744.42,  8299.93,  570.193318325,  491.494157696,  1046.14
1578.45407114,  10006.7,  8470.3,  570.193963994,  491.495500461,  1046.89
1578.47450558,  9697.55,  8270.01,  570.191807998,  491.496460409,  1046.59
1578.49494002,  8927.63,  7770.58,  570.190124658,  491.493466982,  1047.33
1578.51537446,  8103.5,  7236.53,  570.187164258,  491.493017615,  1046.59
1578.5358089,  7766.28,  7018.22,  570.188811433,  491.492289262,  1046.65
1578.55624344,  8328.29,  7382.43,  570.189080208,  491.492780848,  1047.23
1578.57667787,  9097.71,  7881.21,  570.191202408,  491.494389984,  1046.3
1578.59711221,  9722.39,  8285.76,  570.192307796,  491.494338017,  1046.07
1578.63798119,  9454.04,  8112.32,  570.190598825,  491.494536758,  1044.91
1578.65841553,  8762.08,  7663.57,  570.189460574,  491.494216247,  1045.96
1578.67885007,  8172.8,  7281.62,  570.189654549,  491.493378152,  1045.04
1578.69928451,  8320.52,  7376.99,  570.189237576,  491.492801852,  1045.88
1578.71971885,  9010.91,  7824.93,  570.190844881,  491.49368361,  1046.0
1578.74015339,  9710.77,  8278.99,  570.190608979,  491.495793218,  1045.34
1578.76058783,  10003.8,  8468.29,  570.19200471,  491.495640257,  1044.86
1578.78102237,  9715.67,  8281.61,  570.191218137,  491.494484453,  1045.84
1578.80145671,  8987.67,  7810.29,  570.188582451,  491.494779624,  1044.64
1578.82189115,  8176.56,  7284.25,  570.186905528,  491.493958971,  1044.78
1578.84232569,  7743.63,  7004.08,  570.189024835,  491.492191928,  1045.31
1578.86276004,  8246.39,  7329.63,  570.187414952,  491.493310859,  1045.2
1578.88319448,  9018.58,  7830.47,  570.188690784,  491.49390327,  1044.54
1578.90362892,  9682.3,  8260.4,  570.191731006,  491.495413718,  1045.25
1578.92406336,  9881.91,  8390.17,  570.191620995,  491.494232781,  1045.73
1578.9444979,  9494.02,  8138.87,  570.190370588,  491.494558649,  1044.4
1578.96493224,  8829.28,  7707.84,  570.189606367,  491.494119117,  1044.94
1578.98536669,  8195.02,  7296.69,  570.18686808,  491.493098206,  1044.63
1579.00580123,  8260.52,  7339.48,  570.188294049,  491.492426916,  1044.88
1579.02623557,  8946.19,  7783.9,  570.188674249,  491.494830246,  1044.33
1579.04667002,  9642.93,  8235.24,  570.191355776,  491.495014469,  1044.39
1579.06710456,  9996.27,  8464.61,  570.192435794,  491.495876522,  1044.41
1579.087539,  9751.47,  8306.14,  570.191500387,  491.495876081,  1044.02
1579.10797335,  9052.78,  7852.76,  570.188374559,  491.494039068,  1043.68
1579.12840789,  8226.06,  7317.75,  570.187872,  491.492723578,  1043.2
1579.14884233,  7727.29,  6993.81,  570.187884755,  491.490530007,  1043.65
1579.16927678,  8181.11,  7288.01,  570.187548107,  491.492609096,  1043.39
1579.18971122,  8934.69,  7776.51,  570.189829447,  491.494522926,  1044.39
1579.21014567,  9649.9,  8239.87,  570.189674207,  491.494799583,  1044.06
1579.23058021,  9902.51,  8404.26,  570.190946335,  491.495277235,  1043.32
1579.25101455,  9564.37,  8184.17,  570.189921205,  491.494580005,  1043.74
1579.271449,  8899.56,  7754.07,  570.189226787,  491.495187608,  1043.9
1579.29188354,  8241.74,  7327.82,  570.187399773,  491.494134066,  1042.99
1579.31231789,  8230.75,  7320.71,  570.189043934,  491.493772931,  1042.82
1579.33275244,  8881.53,  7742.13,  570.18947408,  491.494380721,  1043.58
1579.35318688,  9596.41,  8205.39,  570.19180392,  491.495218365,  1043.42
1579.37362123,  9992.13,  8462.05,  570.19137326,  491.497031309,  1043.22
1579.39405577,  9794.87,  8333.82,  570.191716556,  491.495833826,  1042.61
1579.41449022,  9119.18,  7896.1,  570.189674238,  491.494736863,  1043.45
1579.43492457,  8298.55,  7364.35,  570.189114999,  491.494888849,  1042.47
1579.45535911,  7744.55,  7004.89,  570.187075967,  491.493198721,  1043.76
1579.47579356,  8132.14,  7256.48,  570.187342151,  491.493541521,  1043.2
1579.49622791,  8891.11,  7747.91,  570.18878301,  491.494503233,  1042.52
1579.51666245,  9611.27,  8215.01,  570.191721094,  491.494897614,  1043.57
1579.5370968,  9912.22,  8410.06,  570.191904566,  491.495416861,  1042.6
1579.55753135,  9611.19,  8214.49,  570.191048215,  491.494029569,  1042.77
1579.5779658,  8962.64,  7794.15,  570.188123869,  491.494697312,  1042.24
1579.59840024,  8297.16,  7362.66,  570.187941323,  491.494259303,  1042.67
1579.61883469,  8207.78,  7304.76,  570.188861667,  491.493947573,  1042.22
1579.63926914,  8835.83,  7711.94,  570.189952493,  491.494037593,  1042.01
1579.65970359,  9534.47,  8164.33,  570.190712975,  491.495379255,  1041.79
1579.68013804,  9976.58,  8451.33,  570.191338379,  491.495782483,  1042.29
1579.70057249,  9838.06,  8361.67,  570.191304811,  491.496233436,  1041.93
1579.72100704,  9179.46,  7934.29,  570.190576183,  491.49534506,  1042.0
1579.74144148,  8369.06,  7409.65,  570.188457457,  491.493929677,  1042.01
1579.76187583,  7751.67,  7008.55,  570.187085832,  491.492908578,  1041.77
1579.78231038,  8048.29,  7201.27,  570.187459643,  491.493816802,  1040.96
1579.80274483,  8823.72,  7704.03,  570.188773566,  491.494397534,  1040.73
1579.82317918,  9545.85,  8171.65,  570.190677008,  491.49632169,  1040.2
1579.84361373,  9900.12,  8401.55,  570.191798848,  491.495544465,  1040.64
1579.86404818,  9659.25,  8245.02,  570.191129857,  491.496519928,  1040.51
1579.88448253,  9036.42,  7841.04,  570.1898849,  491.494425094,  1040.31
1579.90491708,  8349.16,  7396.07,  570.189670614,  491.495382051,  1040.2
1579.92535154,  8190.73,  7293.21,  570.187109225,  491.496447092,  1040.81
1579.94578609,  8776.09,  7672.9,  570.189980488,  491.494631614,  1039.45
1579.96622044,  9498.13,  8140.41,  570.191136451,  491.496459483,  1040.36
1579.98665489,  9972.37,  8447.53,  570.192063409,  491.497321479,  1040.26
1580.00708944,  9874.82,  8384.4,  570.192197109,  491.497522865,  1040.01
1580.02752379,  9253.55,  7981.93,  570.190142064,  491.495616847,  1039.87
1580.04795824,  8443.8,  7456.7,  570.189436615,  491.494377597,  1039.74
1580.0683928,  7765.75,  7017.62,  570.188891953,  491.492781677,  1038.92
1580.08882715,  8003.76,  7171.97,  570.188234057,  491.494349594,  1038.73
1580.1092616,  8756.39,  7658.92,  570.187978818,  491.497172442,  1039.35
1580.12969615,  9495.27,  8138.43,  570.191087548,  491.497954895,  1038.52
1580.15013051,  9912.45,  8408.68,  570.192916484,  491.496622535,  1038.72
1580.17056506,  9712.01,  8278.84,  570.191696186,  491.496114673,  1039.73
1580.19099941,  9093.62,  7877.66,  570.191081724,  491.496010603,  1039.2
1580.21143387,  8397.29,  7426.24,  570.188957618,  491.495467745,  1038.29
1580.23186842,  8162.78,  7274.51,  570.187527144,  491.495800724,  1038.94
1580.25230277,  8716.03,  7633.27,  570.189507931,  491.494543576,  1038.27
1580.27273723,  9446.51,  8106.5,  570.19134592,  491.496369185,  1038.25
1580.29317178,  9947.66,  8431.56,  570.192323456,  491.4979539,  1036.79
1580.31360624,  9917.85,  8411.5,  570.192170442,  491.496700553,  1037.7
1580.33404069,  9323.98,  8026.54,  570.191158362,  491.495795345,  1038.37
1580.35447514,  8523.14,  7508.38,  570.189658803,  491.495517351,  1037.19
1580.3749096,  7799.07,  7038.1,  570.188670205,  491.49529402,  1037.22
1580.39534405,  7954.26,  7138.95,  570.188747045,  491.494103295,  1037.27
1580.41577851,  8702.32,  7623.77,  570.189176668,  491.496861437,  1037.38
1580.43621296,  9459.91,  8114.72,  570.191990454,  491.497202358,  1037.86
1580.45664752,  9898.5,  8399.28,  570.19249505,  491.49641929,  1036.68
1580.47708188,  9763.84,  8311.71,  570.192791864,  491.497470516,  1037.16
1580.49751633,  9165.26,  7923.57,  570.19128593,  491.495620318,  1037.61
1580.51795089,  8467.25,  7471.03,  570.188909748,  491.495604771,  1037.22
1580.53838524,  8143.7,  7261.52,  570.187765645,  491.496442411,  1036.62
1580.5588198,  8658.6,  7595.28,  570.189241201,  491.495623026,  1036.26
1580.57925426,  9385.91,  8066.46,  570.190979378,  491.497484949,  1036.02
1580.59968861,  9939.39,  8425.33,  570.192165591,  491.498929036,  1036.24
1580.62012317,  9945.4,  8428.96,  570.193913266,  491.498776263,  1037.1
1580.64055763,  9376.51,  8060.86,  570.190384305,  491.497306655,  1036.26
1580.66099198,  8570.79,  7537.8,  570.191456025,  491.496577068,  1037.51
1580.68142654,  7856.85,  7075.24,  570.188081701,  491.495333426,  1035.55
1580.701861,  7932.0,  7124.04,  570.188854789,  491.494275156,  1036.66
1580.72229556,  8656.14,  7593.53,  570.189155064,  491.497041424,  1036.59
1580.74272991,  9403.85,  8077.9,  570.189926197,  491.497896264,  1037.1
1580.76316437,  9883.14,  8388.79,  570.192732473,  491.49732544,  1035.65
1580.78359893,  9786.95,  8326.27,  570.19215135,  491.497880669,  1035.67
1580.80403329,  9211.32,  7953.2,  570.191056187,  491.497625718,  1035.78
1580.82446775,  8517.42,  7503.17,  570.190080715,  491.496566888,  1036.35
1580.84490221,  8067.02,  7211.32,  570.188941127,  491.498793884,  1036.69
1580.86533667,  8613.8,  7566.04,  570.190585462,  491.497090666,  1035.93
1580.88577113,  9337.58,  8034.92,  570.191380264,  491.497727846,  1035.78
1580.90620558,  9900.12,  8399.91,  570.1929456,  491.498973087,  1035.13
1580.92664004,  9961.94,  8439.67,  570.193079904,  491.498503052,  1035.38
1580.9470746,  9454.2,  8110.16,  570.192194884,  491.498444153,  1035.76
1580.96750906,  8654.67,  7592.55,  570.189706947,  491.496559184,  1035.45
1580.98794342,  7890.89,  7097.4,  570.188658695,  491.495956154,  1034.61
1581.00837798,  7878.34,  7089.16,  570.189961434,  491.495178303,  1035.37
1581.02881244,  8585.06,  7547.11,  570.18937177,  491.497060638,  1035.24
1581.0492468,  9366.42,  8053.56,  570.19115206,  491.498403598,  1034.5
1581.06968137,  9858.56,  8372.63,  570.19420889,  491.497700086,  1035.26
1581.09011583,  9788.87,  8327.26,  570.192515882,  491.497858737,  1034.72
1581.11055039,  9259.82,  7983.96,  570.192330545,  491.497643311,  1034.91
1581.13098475,  8571.51,  7538.35,  570.188849102,  491.497239621,  1034.35
1581.15141921,  8145.61,  7262.12,  570.189234766,  491.49729446,  1033.99
1581.17185377,  8547.13,  7522.7,  570.191094919,  491.496748247,  1033.39
1581.19228813,  9263.99,  7987.01,  570.191762805,  491.498433386,  1034.91
1581.2127226,  9865.77,  8376.74,  570.192876378,  491.499264281,  1034.86
1581.23315716,  9983.41,  8453.54,  570.193288575,  491.498594542,  1034.06
1581.25359152,  9504.63,  8143.3,  570.192407054,  491.499545506,  1033.38
1581.27402598,  8719.75,  7634.05,  570.191471185,  491.498354086,  1034.77
1581.29446055,  7939.51,  7128.8,  570.188579348,  491.495349064,  1034.31
1581.31489491,  7845.3,  7067.43,  570.188351106,  491.495365455,  1033.96
1581.33532947,  8507.42,  7496.55,  570.190034222,  491.497620165,  1033.8
1581.35576393,  9272.31,  7992.31,  570.191139058,  491.498493857,  1033.91
1581.3761984,  9814.12,  8343.65,  570.192165554,  491.499314399,  1033.31
1581.39663286,  9829.74,  8353.79,  570.193180127,  491.49938587,  1033.9
1581.41706732,  9313.81,  8019.32,  570.191827511,  491.497268465,  1033.57
1581.43750179,  8617.07,  7567.17,  570.190630586,  491.498228801,  1033.96
1581.45793625,  8151.36,  7265.46,  570.189677373,  491.496734021,  1033.13
1581.47837072,  8475.56,  7475.98,  570.18925415,  491.497266363,  1032.31
1581.49880518,  9202.26,  7947.03,  570.190481326,  491.498208775,  1032.93
1581.51923965,  9825.73,  8350.79,  570.191747401,  491.499689473,  1032.31
1581.53967411,  9993.44,  8459.55,  570.193220924,  491.499780872,  1032.82
1581.56010858,  9568.04,  8183.47,  570.191894848,  491.498659253,  1033.0
1581.58054304,  8791.33,  7681.0,  570.190408304,  491.498325816,  1031.76
1586.83219906,  8324.21,  7311.07,  570.200177526,  491.516425983,  1013.29
1586.85263366,  7763.0,  6946.64,  570.199159516,  491.515978891,  1014.26
1586.87306807,  8132.15,  7186.36,  570.20007143,  491.514705942,  1013.58
1586.89350267,  8909.29,  7690.06,  570.200320563,  491.515869649,  1014.81
1586.91393718,  9596.4,  8136.29,  570.202694218,  491.519017688,  1013.22
1586.93437159,  9893.79,  8328.76,  570.203689041,  491.518208915,  1014.13
1586.95480619,  9621.45,  8152.73,  570.203951266,  491.518476048,  1013.07
1586.9752407,  8958.58,  7722.75,  570.202246956,  491.517430413,  1014.12
1586.99567521,  8283.1,  7285.13,  570.200281683,  491.515199554,  1013.26
1587.01610971,  8178.5,  7217.21,  570.200829923,  491.51616861,  1013.32
1587.03654422,  8796.7,  7618.53,  570.202906199,  491.517046044,  1012.52
1587.05697883,  9531.81,  8094.96,  570.204051929,  491.518552003,  1012.94
1587.07741334,  9990.76,  8392.9,  570.20544477,  491.520303253,  1013.47
1587.09784774,  9884.95,  8324.84,  570.205532648,  491.519723603,  1013.05
1587.11828235,  9226.62,  7898.08,  570.203513521,  491.518446164,  1013.07
1587.13871686,  8407.88,  7367.54,  570.201868069,  491.516186372,  1014.43
1587.15915127,  7765.83,  6951.83,  570.200337325,  491.51581149,  1014.03
1587.17958588,  8073.12,  7151.6,  570.201214656,  491.515318896,  1012.86
1587.20002038,  8837.32,  7647.13,  570.202212919,  491.518535705,  1013.63
1587.22045489,  9562.28,  8117.23,  570.203504167,  491.519566536,  1012.82
1587.2408894,  9912.61,  8345.03,  570.203614372,  491.519784502,  1012.94
1587.26132381,  9660.76,  8182.33,  570.203912,  491.518135901,  1011.84
1587.28175842,  9020.33,  7767.31,  570.202905074,  491.517901452,  1012.81
1587.30219293,  8335.08,  7323.58,  570.201610023,  491.518101544,  1012.4
1587.32262734,  8160.7,  7211.16,  570.201469024,  491.51681823,  1012.9
1587.34306195,  8731.29,  7581.5,  570.20055137,  491.517956982,  1013.83
1587.36349646,  9475.05,  8064.13,  570.202831921,  491.520060334,  1011.55
1587.38393106,  9964.89,  8382.11,  570.203052389,  491.520196318,  1012.18
1587.40436547,  9893.33,  8336.19,  570.203051418,  491.520894592,  1012.2
1587.42479998,  9295.86,  7949.85,  570.201052126,  491.517769129,  1011.65
1587.44523459,  8474.79,  7417.04,  570.20011189,  491.517055128,  1012.33
1587.465669,  7797.56,  6979.21,  570.197851181,  491.515832471,  1011.87
1587.50653813,  8770.5,  7611.48,  570.199569075,  491.516020907,  1012.01
1587.52697254,  9500.27,  8084.61,  570.20249356,  491.518624328,  1010.33
1587.54740715,  9909.96,  8350.91,  570.202953891,  491.519763486,  1011.68
1587.56784166,  9758.57,  8253.06,  570.206002495,  491.521973086,  1010.6
1587.58827617,  9073.39,  7809.67,  570.200856887,  491.516724616,  1011.21
1587.60871068,  8366.83,  7351.77,  570.200127865,  491.516894129,  1011.6
1587.62914519,  8128.79,  7197.63,  570.198650888,  491.517804145,  1010.48
1587.6495797,  8660.34,  7543.01,  570.198842625,  491.517886596,  1010.52
1587.67001421,  9402.55,  8024.95,  570.201450233,  491.516908578,  1010.53
1587.69044873,  9949.02,  8379.05,  570.202659612,  491.519166262,  1010.39
1587.71088334,  9954.2,  8383.1,  570.202372131,  491.520374685,  1010.31
1587.73131775,  9363.01,  8000.16,  570.200378294,  491.517963455,  1010.17
1587.75175226,  8553.47,  7476.06,  570.198620202,  491.516968793,  1010.3
1587.77218687,  7843.23,  7015.87,  570.198974864,  491.514670921,  1010.59
1587.79262139,  7973.29,  7100.62,  570.198340914,  491.515427443,  1009.17
1587.8130558,  8719.74,  7585.21,  570.200330341,  491.517203759,  1009.65
1587.83349041,  9460.23,  8065.92,  570.200756147,  491.5170782,  1009.67
1587.85392482,  9910.16,  8357.71,  570.201192953,  491.518594442,  1009.28
1587.87435944,  9742.88,  8249.7,  570.20077108,  491.51875095,  1009.48
1587.89479395,  9150.72,  7866.44,  570.200763277,  491.516178664,  1009.94
1587.91522836,  8427.79,  7398.27,  570.200555061,  491.514909784,  1009.79
1587.93566298,  8137.26,  7210.65,  570.200059389,  491.514266141,  1009.91
1587.95609749,  8621.95,  7525.0,  570.19969315,  491.515952521,  1009.76
1587.9765319,  9357.1,  8002.35,  570.201414957,  491.516366309,  1009.08
1587.99696652,  9933.32,  8376.07,  570.202126711,  491.518484793,  1008.37
1588.01740103,  9980.9,  8406.86,  570.201862918,  491.518410846,  1009.21
1588.03783544,  9433.62,  8052.93,  570.200746655,  491.5175294,  1009.07
1588.05827006,  8653.77,  7547.78,  570.19945313,  491.515470275,  1008.18
1588.07870457,  7888.34,  7052.35,  570.197918673,  491.513642939,  1009.51
1588.09913919,  7944.7,  7089.03,  570.19900813,  491.514243686,  1008.45
1588.1195736,  8652.99,  7549.08,  570.198814418,  491.514949295,  1008.78
1588.14000812,  9397.02,  8031.31,  570.200478005,  491.516830916,  1008.73
1588.16044273,  9885.64,  8348.6,  570.200649796,  491.517190196,  1008.16
1588.18087715,  9790.83,  8287.37,  570.201739887,  491.51753311,  1007.17
1588.20131166,  9209.5,  7911.21,  570.200574534,  491.515771608,  1008.38
1588.22174628,  8474.7,  7435.22,  570.197436947,  491.514478078,  1007.96
1588.24218069,  8117.69,  7204.22,  570.199224922,  491.512288925,  1006.54
1588.26261531,  8544.08,  7481.19,  570.197449752,  491.515799587,  1007.18
1588.28304982,  9298.63,  7970.19,  570.197973524,  491.514678416,  1006.67
1588.30348434,  9891.98,  8355.29,  570.200817821,  491.516806423,  1006.58
1588.32391886,  9993.19,  8421.31,  570.200537688,  491.516589011,  1007.35
1588.34435337,  9503.9,  8104.61,  570.199501991,  491.516832563,  1006.91
1588.36478789,  8705.39,  7587.48,  570.197155348,  491.513450198,  1007.51
1588.3852224,  7951.79,  7098.91,  570.196814927,  491.513412797,  1006.37
1588.40565692,  7910.27,  7072.85,  570.197063415,  491.512591826,  1007.06
1588.42609144,  8610.81,  7527.08,  570.198185855,  491.514228678,  1006.0
1588.44652605,  9363.69,  8015.26,  570.198677307,  491.515124171,  1006.43
1588.46696047,  9881.18,  8350.71,  570.200876317,  491.516744941,  1006.54
1588.48739509,  9833.64,  8320.98,  570.199853816,  491.515942667,  1005.87
1588.50782951,  9259.9,  7949.2,  570.198825775,  491.516472034,  1006.3
1588.52826402,  8545.97,  7487.02,  570.197267599,  491.512585835,  1005.07
1588.54869864,  8117.0,  7209.51,  570.197499336,  491.512983875,  1004.32
1588.56913306,  8492.62,  7452.71,  570.197029597,  491.513538432,  1005.9
1588.58956758,  9232.58,  7932.7,  570.198858543,  491.515105315,  1004.22
1588.61000219,  9870.77,  8347.15,  570.200466207,  491.515188126,  1005.06
1588.63043661,  10003.3,  8432.88,  570.19928808,  491.516405015,  1005.54
1588.65087123,  9565.15,  8149.27,  570.198632159,  491.51474028,  1004.27
1588.67130575,  8783.95,  7642.94,  570.19677197,  491.514724336,  1004.8
1588.69174017,  8002.73,  7137.01,  570.196528552,  491.512108894,  1005.28
1588.71217478,  7869.83,  7051.2,  570.19658282,  491.512689949,  1004.21
1588.7326093,  8525.63,  7476.61,  570.197669286,  491.51365825,  1003.99
1588.75304372,  9280.82,  7966.46,  570.197996922,  491.514565191,  1004.91
1588.77347834,  9846.78,  8333.33,  570.197607352,  491.515832652,  1003.97
1588.79391286,  9851.38,  8336.62,  570.199488246,  491.515350914,  1004.33
1588.81434738,  9319.46,  7992.3,  570.196892363,  491.514553992,  1004.36
1588.8347819,  8615.03,  7535.96,  570.198040189,  491.514078294,  1004.48
1588.85521642,  8121.45,  7215.96,  570.195842749,  491.513054731,  1003.99
1588.87565104,  8429.28,  7416.12,  570.196107132,  491.51392013,  1003.97
1588.89608546,  9176.15,  7900.18,  570.196573949,  491.514951841,  1003.8
1588.91651998,  9825.97,  8321.98,  570.199277637,  491.51544413,  1003.55
1588.9369546,  10027.0,  8452.59,  570.199107901,  491.516012338,  1003.79
1588.95738912,  9616.96,  8186.52,  570.197955989,  491.515960646,  1004.01
1588.97782354,  8841.97,  7684.54,  570.195579849,  491.513633147,  1003.58
1588.99825816,  8042.32,  7166.36,  570.194979091,  491.511892493,  1003.51
1589.01869268,  7833.26,  7031.22,  570.195793548,  491.511780239,  1002.73
1589.0391271,  8460.3,  7437.58,  570.195953819,  491.512262549,  1003.43
1589.05956172,  9210.79,  7924.36,  570.197404068,  491.514131666,  1003.59
1589.07999624,  9810.85,  8313.6,  570.197758577,  491.513844927,  1002.51
1589.10043086,  9856.31,  8343.49,  570.19915306,  491.513989883,  1003.05
1589.12086528,  9367.77,  8026.81,  570.196674914,  491.514413684,  1003.6
1589.1412998,  8653.37,  7563.92,  570.195984182,  491.512478106,  1002.95
1589.16173433,  8119.97,  7218.89,  570.195560455,  491.511719615,  1003.11
1589.18216885,  8395.19,  7397.44,  570.19477603,  491.514495897,  1002.31
1589.20260327,  9117.22,  7865.5,  570.19578884,  491.513152792,  1002.0
1589.22303789,  9798.37,  8307.01,  570.198881329,  491.51360771,  1001.71
1589.24347241,  10038.4,  8462.55,  570.199123494,  491.515543092,  1002.08
1589.26390704,  9685.46,  8234.14,  570.198556338,  491.514025303,  1002.27
1589.28434146,  8932.19,  7745.55,  570.196290616,  491.513470759,  1001.74
1589.30477598,  8119.63,  7219.79,  570.193989581,  491.511593911,  1001.88
1589.3252106,  7812.93,  7020.83,  570.193263997,  491.512121978,  1001.82
1589.34564502,  8416.79,  7412.59,  570.19497664,  491.512130052,  1002.33
1589.36607955,  9175.15,  7903.75,  570.196714163,  491.514171659,  1001.32
1589.38651417,  9780.67,  8296.83,  570.196633719,  491.514123291,  1001.37
1589.40694859,  9888.61,  8366.94,  570.199360058,  491.514381702,  1001.31
1589.42738312,  9419.57,  8062.89,  570.196708644,  491.514917772,  1001.41
1589.44781774,  8717.66,  7607.65,  570.196198075,  491.512613325,  1001.43
1589.46825226,  8145.1,  7236.99,  570.195313071,  491.511574123,  1001.95
1589.48868679,  8335.06,  7360.36,  570.195176332,  491.512868532,  1001.43
1589.50912131,  9064.82,  7833.37,  570.196545213,  491.511908401,  1001.58
1589.52955583,  9756.76,  8282.26,  570.197397423,  491.515149896,  1000.32
1589.54999036,  10037.1,  8463.22,  570.198918501,  491.515659887,  1000.15
1589.57042488,  9752.44,  8279.24,  570.198101077,  491.515594668,  1000.94
1589.59085941,  9012.14,  7800.1,  570.197041521,  491.513632691,  1000.87
1589.61129403,  8180.32,  7261.13,  570.192968079,  491.51427946,  1000.95
1589.63172846,  7808.25,  7020.32,  570.194413391,  491.510910407,  1000.44
1589.65216298,  8356.05,  7374.71,  570.195239058,  491.51140551,  1000.97
1589.6725976,  9102.84,  7858.8,  570.195828775,  491.51297259,  999.865
1589.69303203,  9741.11,  8273.0,  570.197187867,  491.515324805,  1000.47
1589.71346665,  9893.06,  8371.56,  570.197658901,  491.512600339,  1000.45
1589.73390118,  9467.19,  8095.51,  570.19761918,  491.513993184,  1000.03
1589.7543356,  8785.84,  7653.92,  570.194761317,  491.51347169,  1000.1
1589.77477023,  8148.35,  7240.67,  570.194223801,  491.513306763,  1000.5
1589.79520476,  8288.3,  7331.78,  570.193785748,  491.512280978,  1000.75
1589.81563918,  8989.5,  7786.63,  570.196309356,  491.51282043,  1000.37
1589.85650823,  10050.3,  8474.04,  570.198357885,  491.515043925,  999.75
1589.87694286,  9782.08,  8300.55,  570.196210379,  491.51354868,  999.225
1589.89737738,  9064.45,  7835.47,  570.195516402,  491.513286947,  999.555
1589.91781181,  8245.6,  7305.11,  570.195546404,  491.512311428,  998.986
1589.93824644,  7793.84,  7011.78,  570.193658276,  491.51068076,  999.041
1589.95868096,  8285.01,  7330.12,  570.193225671,  491.511954053,  999.383
1589.97911539,  9021.31,  7807.11,  570.194975327,  491.513271269,  999.267
1589.99955002,  9687.42,  8239.25,  570.196500518,  491.513121294,  998.575
1590.01998454,  9890.81,  8371.52,  570.19638528,  491.514657307,  997.943
1590.04041907,  9540.57,  8143.81,  570.194929795,  491.514326295,  999.342
1590.0608536,  8823.88,  7680.13,  570.195500536,  491.513157232,  998.532
1590.08128813,  8192.54,  7270.72,  570.193406598,  491.511688403,  998.693
1590.10172275,  8234.37,  7297.82,  570.192558713,  491.511217857,  998.805
1590.12215718,  8927.45,  7746.71,  570.195299863,  491.513082575,  998.489
1590.14259171,  9639.46,  8208.62,  570.197086924,  491.513031139,  998.751
1590.16302634,  10047.7,  8473.99,  570.196845578,  491.515124127,  997.481
1590.18346086,  9817.38,  8324.06,  570.196726897,  491.51382968,  998.23
1590.20389529,  9134.75,  7882.0,  570.194523188,  491.514017102,  997.792
1590.22432992,  8303.7,  7343.26,  570.193119643,  491.51268879,  998.52
1590.24476445,  7794.31,  7012.7,  570.192929075,  491.512264537,  998.824
1590.26519888,  8217.09,  7287.15,  570.194583546,  491.511564725,  997.081
1590.28563351,  8957.11,  7766.99,  570.194380114,  491.512403094,  998.344
1590.30606803,  9641.36,  8210.56,  570.196045759,  491.513361348,  997.895
1590.32650266,  9891.91,  8373.23,  570.197367524,  491.514709253,  997.653
1590.34693709,  9549.22,  8150.87,  570.198104006,  491.513782672,  997.418
1590.36737162,  8873.08,  7712.75,  570.194351268,  491.51321051,  997.693
1590.38780625,  8221.17,  7290.26,  570.192439712,  491.512164982,  997.907
1590.40824068,  8201.7,  7277.86,  570.19537866,  491.512499481,  997.655
1590.42867521,  8864.82,  7707.56,  570.19501834,  491.512304465,  997.828
1590.44910974,  9607.02,  8188.66,  570.196116729,  491.514124154,  997.971
1590.46954427,  10029.6,  8462.89,  570.197136209,  491.514912999,  996.918
1590.4899789,  9866.04,  8356.76,  570.197089593,  491.514343983,  997.284
1590.51041333,  9208.77,  7930.43,  570.195696414,  491.513964995,  997.325
1590.53084786,  8373.34,  7389.17,  570.195466174,  491.512843127,  996.656
1590.55128249,  7791.5,  7012.23,  570.191841318,  491.511734346,  997.035
1590.57171692,  8146.83,  7242.55,  570.192784609,  491.51157304,  996.696
1590.59215145,  8891.13,  7725.39,  570.194209101,  491.512531598,  995.899
1590.61258608,  9578.14,  8170.5,  570.195947328,  491.513825579,  996.89
1590.63302051,  9884.61,  8368.97,  570.195857526,  491.514422666,  996.057
1590.65345504,  9588.17,  8177.65,  570.195390596,  491.514818093,  996.695
1590.67388967,  8931.36,  7751.29,  570.194435937,  491.513237318,  996.655
1590.6943242,  8265.68,  7320.36,  570.193500946,  491.51271867,  995.858
1590.71475873,  8162.0,  7253.14,  570.191870362,  491.512039036,  997.407
1590.73519326,  8778.1,  7652.13,  570.19516688,  491.512148338,  996.303
1590.7556278,  9532.94,  8142.1,  570.195379284,  491.514390226,  996.658
1590.77606233,  10019.3,  8456.95,  570.196783266,  491.514049164,  995.947
1590.79649686,  9909.68,  8386.01,  570.198603214,  491.513642645,  995.691
1590.81693139,  9267.33,  7970.13,  570.195939862,  491.513817255,  995.078
1590.83736602,  8436.65,  7431.39,  570.193546213,  491.513144777,  995.58
1590.85780046,  7809.45,  7024.57,  570.192564813,  491.510497958,  996.859
1590.87823499,  8080.84,  7200.81,  570.193102256,  491.510745918,  996.297
1590.89866962,  8832.09,  7687.95,  570.195097733,  491.513093327,  996.049
1590.91910405,  9531.21,  8140.95,  570.195877515,  491.514128362,  996.101
1590.93953868,  9882.93,  8368.88,  570.197650244,  491.514103902,  995.156
1590.95997322,  9616.6,  8196.3,  570.194754599,  491.514042698,  995.752
1590.98040765,  8961.02,  7767.63,  570.193138351,  491.514031037,  996.1
1591.00084228,  8296.66,  7338.6,  570.193030426,  491.511950882,  995.185
