Kepler I.D.-----Channel

[5707897]--------[64]

-TTYPE1--------TTYPE8------------TTYPE4-----------TTYPE15------------TTYPE17-----------TTYPE6

['TIME']---['PDCSAP_FLUX']---['SAP_FLUX']---['MOM_CENTR1']---['MOM_CENTR2']---['SAP_BKG']

['BJD - 2454833']--['e-/s']--------['e-/s']---------['pixel']---------['pixel']----------['e-/s']

CROWDSAP --- 0.9956

5707897

1559.24624745,  101073.0,  92629.0,  477.260277272,  315.434257648,  1543.08
1559.26668175,  101079.0,  92636.2,  477.260537187,  315.434247814,  1544.81
1559.28711615,  101084.0,  92640.4,  477.260176861,  315.434443593,  1543.17
1559.30755035,  101062.0,  92621.4,  477.260244685,  315.434403955,  1544.45
1559.32798464,  101081.0,  92640.0,  477.260217053,  315.434460066,  1542.86
1559.34841904,  101087.0,  92645.0,  477.26033368,  315.434555967,  1542.93
1559.36885324,  101086.0,  92645.0,  477.260492451,  315.434722632,  1544.63
1559.38928764,  101088.0,  92648.4,  477.26041458,  315.434727475,  1542.02
1559.40972195,  101076.0,  92636.2,  477.260486453,  315.434997636,  1544.08
1559.43015625,  101085.0,  92646.1,  477.260365714,  315.435095502,  1542.81
1559.45059055,  101068.0,  92630.7,  477.260670097,  315.435052171,  1543.18
1559.47102485,  101072.0,  92633.3,  477.260568558,  315.435156815,  1541.87
1559.49145915,  101077.0,  92641.3,  477.260697741,  315.435362027,  1541.94
1559.51189345,  101062.0,  92626.7,  477.260616523,  315.435527661,  1542.38
1559.53232775,  101088.0,  92650.3,  477.2607494,  315.435335504,  1543.68
1559.55276205,  101080.0,  92644.8,  477.260767725,  315.435469277,  1541.69
1559.57319636,  101084.0,  92646.8,  477.26072169,  315.435585225,  1542.1
1559.59363066,  101090.0,  92653.2,  477.260638256,  315.435878994,  1540.59
1559.61406496,  101079.0,  92645.3,  477.260741185,  315.435860762,  1541.85
1559.63449926,  101071.0,  92637.2,  477.260626555,  315.435788817,  1540.06
1559.65493357,  101083.0,  92648.8,  477.260698828,  315.435850665,  1540.62
1559.67536797,  101093.0,  92658.0,  477.260619188,  315.435840576,  1540.62
1559.69580217,  101083.0,  92650.1,  477.260809699,  315.436001958,  1541.14
1559.71623648,  101081.0,  92649.4,  477.260834427,  315.436279108,  1539.68
1559.73667088,  101090.0,  92656.7,  477.260828925,  315.436237918,  1538.15
1559.75710509,  101100.0,  92666.8,  477.260825176,  315.436415839,  1539.68
1559.77753949,  101082.0,  92651.2,  477.260637901,  315.436295315,  1541.4
1559.7979738,  101092.0,  92659.4,  477.260873498,  315.436574148,  1539.14
1559.818408,  101099.0,  92666.8,  477.260935313,  315.436502025,  1540.45
1559.83884241,  101095.0,  92664.9,  477.260794527,  315.436546465,  1538.44
1559.85927671,  101109.0,  92675.3,  477.261053105,  315.436715626,  1538.84
1559.87971092,  101110.0,  92679.0,  477.261079302,  315.436472195,  1539.1
1559.90014532,  101106.0,  92675.2,  477.261107511,  315.436897125,  1536.81
1559.92057963,  101121.0,  92687.8,  477.260909258,  315.436448811,  1538.54
1559.94101403,  101101.0,  92672.3,  477.260866647,  315.436746987,  1537.76
1559.96144824,  101100.0,  92670.5,  477.261170779,  315.437020477,  1538.59
1559.98188255,  101104.0,  92673.5,  477.261193587,  315.437087235,  1538.32
1560.00231695,  101099.0,  92670.5,  477.26098606,  315.437003792,  1538.71
1560.02275116,  101117.0,  92685.5,  477.261075078,  315.436945436,  1537.28
1560.04318547,  101101.0,  92672.8,  477.261087382,  315.436985805,  1537.69
1560.06361988,  101112.0,  92681.5,  477.260740084,  315.437093979,  1536.95
1560.08405408,  101116.0,  92685.9,  477.26108847,  315.437391171,  1536.16
1560.10448849,  101092.0,  92664.6,  477.260833853,  315.437144796,  1535.66
1560.1249228,  101097.0,  92669.6,  477.260605803,  315.437189788,  1537.56
1560.14535701,  101109.0,  92679.8,  477.261399199,  315.437193774,  1535.66
1560.16579142,  101105.0,  92677.6,  477.260868944,  315.437361348,  1537.38
1560.18622573,  101127.0,  92697.8,  477.260995202,  315.437692511,  1535.72
1560.20665994,  101080.0,  92655.6,  477.261396214,  315.437732114,  1535.06
1560.22709435,  101122.0,  92693.7,  477.261179132,  315.437512785,  1536.14
1560.24752865,  101106.0,  92679.1,  477.261009315,  315.437669617,  1534.65
1560.26796286,  101123.0,  92694.6,  477.260980414,  315.437640787,  1536.07
1560.28839727,  101135.0,  92707.3,  477.261056708,  315.437775627,  1535.29
1560.30883158,  101126.0,  92697.0,  477.261299536,  315.437508127,  1534.33
1560.32926589,  101127.0,  92700.3,  477.261103173,  315.437796799,  1534.89
1560.34970021,  101112.0,  92685.6,  477.261169603,  315.437641725,  1534.17
1560.37013452,  101117.0,  92690.0,  477.261360769,  315.437978599,  1536.01
1560.39056893,  101109.0,  92684.1,  477.261193471,  315.437751956,  1534.45
1560.41100314,  101120.0,  92692.1,  477.261194863,  315.437950962,  1534.01
1560.43143745,  101135.0,  92707.7,  477.261107742,  315.438146407,  1532.99
1560.45187186,  101127.0,  92700.5,  477.26093813,  315.437718223,  1534.85
1560.47230607,  101118.0,  92691.2,  477.261289116,  315.438031861,  1534.65
1560.49274049,  101119.0,  92693.1,  477.261334344,  315.438143904,  1533.89
1560.5131748,  101124.0,  92698.6,  477.260931826,  315.438071146,  1532.43
1560.53360901,  101123.0,  92697.7,  477.260931493,  315.438017151,  1532.78
1560.55404342,  101117.0,  92693.6,  477.261220135,  315.438166602,  1532.94
1560.57447774,  101114.0,  92689.8,  477.261019517,  315.438288999,  1531.84
1560.59491195,  101153.0,  92725.2,  477.261658676,  315.438750442,  1534.2
1560.61534636,  101119.0,  92696.1,  477.261320245,  315.438157551,  1531.65
1560.63578068,  101111.0,  92687.1,  477.261156241,  315.438361812,  1533.09
1560.65621499,  101128.0,  92703.2,  477.261269339,  315.438514949,  1530.84
1560.67664931,  101141.0,  92714.7,  477.261081487,  315.438310302,  1533.25
1560.69708362,  101132.0,  92708.0,  477.261277075,  315.438556007,  1531.46
1560.73795225,  101119.0,  92695.5,  477.261195122,  315.438429172,  1530.96
1560.75838656,  101135.0,  92709.2,  477.261517659,  315.438499828,  1533.01
1560.77882098,  101133.0,  92709.8,  477.261555877,  315.438481692,  1530.93
1560.79925519,  101128.0,  92703.5,  477.261801647,  315.43833092,  1530.66
1560.81968951,  101140.0,  92713.6,  477.261329438,  315.438492003,  1532.85
1560.84012393,  101144.0,  92720.4,  477.261375852,  315.438981132,  1541.43
1560.96272983,  101119.0,  92700.5,  477.26169536,  315.438542239,  1555.53
1560.98316404,  101143.0,  92720.6,  477.262260433,  315.438794743,  1555.64
1561.00359846,  101152.0,  92728.9,  477.261218616,  315.438656278,  1552.37
1561.02403278,  101112.0,  92691.0,  477.261682288,  315.43908878,  1548.83
1561.0444672,  101153.0,  92730.3,  477.261909577,  315.438533641,  1547.42
1561.06490141,  101118.0,  92700.1,  477.261934084,  315.438655249,  1546.4
1561.08533573,  101150.0,  92726.9,  477.262042301,  315.438883414,  1546.95
1561.10577015,  101162.0,  92739.4,  477.261987302,  315.438929919,  1545.48
1561.12620437,  101138.0,  92717.6,  477.261699189,  315.438855815,  1543.15
1561.14663869,  101125.0,  92704.6,  477.261767265,  315.438916632,  1541.93
1561.16707311,  101140.0,  92719.7,  477.262259605,  315.439045447,  1540.37
1561.18750733,  101128.0,  92707.7,  477.262190605,  315.439053099,  1539.48
1561.20794165,  101134.0,  92713.9,  477.261847145,  315.439180451,  1538.46
1561.22837607,  101139.0,  92719.0,  477.26215942,  315.439104027,  1537.92
1561.24881029,  101151.0,  92729.0,  477.262158067,  315.439090998,  1538.16
1561.26924471,  101139.0,  92719.0,  477.26198645,  315.438430848,  1535.57
1561.28967903,  101128.0,  92710.1,  477.261884487,  315.439283452,  1537.27
1561.31011335,  101139.0,  92719.0,  477.261984004,  315.439508239,  1534.67
1561.33054767,  101158.0,  92735.8,  477.261827498,  315.439066746,  1534.02
1561.35098199,  101154.0,  92733.5,  477.261907776,  315.439235664,  1533.58
1561.37141631,  101147.0,  92726.0,  477.262199716,  315.439355493,  1534.08
1561.39185064,  101144.0,  92724.5,  477.261998964,  315.439120261,  1532.56
1561.41228496,  101134.0,  92715.5,  477.261976632,  315.439271801,  1530.97
1561.43271938,  101129.0,  92710.9,  477.261937823,  315.439704807,  1529.4
1561.4531536,  101135.0,  92717.1,  477.262278557,  315.43974246,  1528.45
1561.47358793,  101119.0,  92701.4,  477.26198003,  315.439355068,  1529.78
1561.49402225,  101115.0,  92698.8,  477.262025101,  315.439350565,  1528.89
1561.51445657,  101114.0,  92698.6,  477.262073419,  315.43959878,  1529.07
1561.53489089,  101122.0,  92706.1,  477.26200723,  315.439625584,  1529.06
1561.55532532,  101125.0,  92708.4,  477.2620392,  315.439672582,  1528.21
1561.57575954,  101123.0,  92705.0,  477.261779037,  315.439516531,  1527.89
1561.59619387,  101114.0,  92697.5,  477.262203372,  315.439715529,  1527.56
1561.61662829,  101128.0,  92711.8,  477.2621795,  315.439678365,  1526.69
1561.63706251,  101119.0,  92703.7,  477.262069085,  315.439876463,  1526.27
1561.65749694,  101114.0,  92699.3,  477.262375831,  315.440042423,  1525.77
1561.67793126,  101113.0,  92698.4,  477.262319938,  315.440141845,  1527.19
1561.69836549,  101104.0,  92690.7,  477.262209969,  315.43988867,  1526.58
1561.71879991,  101127.0,  92711.5,  477.262185069,  315.440122623,  1524.83
1561.73923424,  101104.0,  92691.4,  477.262334546,  315.440039768,  1525.57
1561.75966846,  101117.0,  92701.8,  477.26214479,  315.440251332,  1525.37
1561.78010289,  101115.0,  92700.0,  477.26201422,  315.43990883,  1523.86
1561.80053722,  101135.0,  92719.4,  477.262044814,  315.439982203,  1524.8
1561.82097164,  101153.0,  92736.1,  477.261991684,  315.440264228,  1524.31
1561.84140587,  101119.0,  92705.3,  477.262410207,  315.440389743,  1523.91
1561.86184019,  101098.0,  92687.6,  477.262261108,  315.440405096,  1523.37
1561.88227462,  101114.0,  92700.1,  477.262299465,  315.440314569,  1523.34
1561.90270885,  101114.0,  92701.9,  477.262392988,  315.440359096,  1524.29
1561.92314318,  101112.0,  92699.2,  477.262150248,  315.440192098,  1523.01
1561.9435776,  101130.0,  92714.8,  477.262147989,  315.4403818,  1522.06
1561.96401183,  101115.0,  92703.5,  477.262253451,  315.440612056,  1522.9
1561.98444616,  101108.0,  92696.7,  477.262282494,  315.440541858,  1522.29
1562.00488059,  101108.0,  92695.9,  477.262203813,  315.440748387,  1522.43
1562.02531492,  101089.0,  92680.0,  477.262193486,  315.440593907,  1522.21
1562.04574924,  101097.0,  92686.4,  477.262291064,  315.440578749,  1521.93
1562.06618357,  101112.0,  92701.8,  477.262409549,  315.440712378,  1520.84
1562.0866178,  101085.0,  92676.7,  477.262034477,  315.440746344,  1521.42
1562.10705223,  101101.0,  92690.6,  477.26221691,  315.440808842,  1518.78
1562.12748656,  101092.0,  92684.9,  477.262107471,  315.440952289,  1519.22
1562.14792079,  101100.0,  92690.0,  477.262241719,  315.440634966,  1519.29
1562.16835522,  101097.0,  92688.5,  477.262095881,  315.440866753,  1519.15
1562.18878955,  101102.0,  92694.3,  477.262213834,  315.441014443,  1519.64
1562.20922398,  101098.0,  92687.5,  477.26222025,  315.440849289,  1518.09
1562.22965821,  101095.0,  92687.2,  477.262334024,  315.440971328,  1517.76
1562.25009254,  101098.0,  92690.1,  477.262195572,  315.44116358,  1518.13
1562.27052697,  101084.0,  92677.1,  477.262191278,  315.441096378,  1517.74
1562.2909612,  101116.0,  92706.3,  477.262311089,  315.441114564,  1518.5
1562.31139553,  101099.0,  92691.4,  477.262433672,  315.441236144,  1518.3
1562.33182996,  101110.0,  92700.1,  477.262381785,  315.441172274,  1516.11
1562.3522642,  101105.0,  92698.0,  477.262125007,  315.441168821,  1517.3
1562.37269863,  101099.0,  92691.5,  477.26239691,  315.441242248,  1517.15
1562.39313296,  101108.0,  92698.7,  477.262355364,  315.441125033,  1517.27
1562.41356719,  101102.0,  92695.5,  477.262166492,  315.441226736,  1516.64
1562.43400163,  101101.0,  92693.3,  477.262078267,  315.441458359,  1517.95
1562.45443596,  101109.0,  92700.6,  477.262842998,  315.441398245,  1516.97
1562.47487019,  101101.0,  92694.8,  477.261948683,  315.441441275,  1515.46
1562.49530462,  101104.0,  92696.4,  477.262292593,  315.441567297,  1516.6
1562.51573896,  101114.0,  92707.3,  477.262017563,  315.441572912,  1514.48
1562.53617329,  101096.0,  92690.5,  477.262358865,  315.441439012,  1514.66
1562.55660762,  101101.0,  92694.4,  477.262172796,  315.441329554,  1516.27
1562.57704196,  101085.0,  92680.6,  477.262152869,  315.441281406,  1514.89
1562.59747639,  101089.0,  92683.9,  477.262434964,  315.441484807,  1515.67
1562.61791063,  101101.0,  92695.4,  477.262535848,  315.441562537,  1514.7
1562.63834496,  101101.0,  92695.4,  477.262316693,  315.441781045,  1512.37
1562.6587794,  101103.0,  92697.1,  477.262204209,  315.441552322,  1513.59
1562.67921373,  101121.0,  92715.5,  477.262234839,  315.441741258,  1512.87
1562.69964797,  101119.0,  92712.8,  477.262584758,  315.441478421,  1512.88
1562.7200824,  101105.0,  92699.0,  477.262538234,  315.441857187,  1511.64
1562.74051664,  101109.0,  92702.9,  477.262175037,  315.441634514,  1514.36
1562.76095107,  101099.0,  92694.2,  477.262345723,  315.44167678,  1512.82
1562.78138541,  101107.0,  92701.4,  477.262588866,  315.441772255,  1514.12
1562.80181965,  101101.0,  92696.4,  477.262428625,  315.44152423,  1513.06
1562.82225408,  101107.0,  92702.0,  477.262216135,  315.442008533,  1511.93
1562.84268842,  101109.0,  92705.5,  477.262404557,  315.441966814,  1511.37
1562.86312266,  101098.0,  92696.8,  477.262554251,  315.441980073,  1513.15
1562.88355709,  101103.0,  92698.2,  477.262131041,  315.441818811,  1512.21
1562.90399143,  101104.0,  92699.9,  477.262350641,  315.442019515,  1511.98
1562.92442567,  101125.0,  92718.7,  477.262455636,  315.442169128,  1513.08
1562.94486011,  101110.0,  92704.4,  477.26244532,  315.442028123,  1512.32
1562.96529444,  101131.0,  92725.3,  477.262811259,  315.441999244,  1511.87
1562.98572888,  101108.0,  92704.2,  477.262448116,  315.442035305,  1510.81
1563.00616312,  101111.0,  92706.9,  477.262491549,  315.441997739,  1512.18
1563.02659746,  101120.0,  92717.5,  477.262430702,  315.442363989,  1512.44
1563.0470319,  101105.0,  92701.1,  477.262315265,  315.442422134,  1511.12
1563.06746614,  101122.0,  92718.3,  477.262427268,  315.442119725,  1511.43
1563.08790048,  101105.0,  92703.5,  477.262464958,  315.442468107,  1509.63
1563.10833492,  101110.0,  92706.2,  477.262564789,  315.442409675,  1511.46
1563.12876916,  101107.0,  92705.0,  477.26217373,  315.442545099,  1512.09
1563.1492036,  101124.0,  92720.8,  477.262483705,  315.442307297,  1510.76
1563.16963794,  101108.0,  92705.7,  477.262355526,  315.442654957,  1509.33
1563.19007228,  101118.0,  92716.3,  477.262556744,  315.442496168,  1511.09
1563.21050662,  101130.0,  92726.0,  477.262482618,  315.442423311,  1516.4
1563.23094096,  101114.0,  92712.0,  477.262261797,  315.442543018,  1516.21
1563.2513753,  101101.0,  92700.2,  477.262588741,  315.442276416,  1517.57
1563.27180964,  101117.0,  92715.3,  477.262540072,  315.442720747,  1516.55
1563.29224398,  101134.0,  92730.4,  477.262536569,  315.442649496,  1518.46
1563.31267832,  101129.0,  92726.9,  477.262701705,  315.442667,  1519.17
1563.33311276,  101116.0,  92714.3,  477.262603687,  315.442815269,  1519.01
1563.353547,  101133.0,  92729.5,  477.262273005,  315.442575665,  1519.21
1563.37398135,  101123.0,  92720.5,  477.262455615,  315.442599568,  1520.56
1563.39441569,  101127.0,  92724.4,  477.262333917,  315.442285453,  1519.73
1563.41485003,  101129.0,  92726.7,  477.262285155,  315.442675289,  1521.54
1563.43528447,  101117.0,  92715.4,  477.262319405,  315.442745565,  1521.27
1563.45571872,  101130.0,  92728.2,  477.262432504,  315.442782288,  1519.4
1563.47615306,  101123.0,  92722.2,  477.262492612,  315.442797845,  1519.04
1563.4965875,  101122.0,  92720.6,  477.262476411,  315.443010259,  1518.73
1563.51702175,  101120.0,  92719.6,  477.262300232,  315.442846146,  1519.94
1563.53745619,  101133.0,  92731.1,  477.262676296,  315.442806016,  1517.01
1563.55789053,  101137.0,  92735.1,  477.262491606,  315.443092923,  1516.71
1563.57832478,  101138.0,  92735.8,  477.262318534,  315.442921027,  1516.07
1563.59875922,  101137.0,  92737.6,  477.262288881,  315.443413301,  1514.13
1563.61919357,  101107.0,  92706.9,  477.262746868,  315.442768635,  1514.32
1563.63962781,  101128.0,  92727.9,  477.26253092,  315.443181367,  1512.8
1563.66006226,  101120.0,  92721.2,  477.262492289,  315.44302352,  1512.13
1563.6804966,  101143.0,  92742.2,  477.262615728,  315.443259168,  1511.92
1563.72136529,  101126.0,  92725.2,  477.26274474,  315.443178034,  1509.98
1563.74179964,  101140.0,  92738.5,  477.262569083,  315.442729673,  1510.79
1563.76223408,  101133.0,  92732.7,  477.262664911,  315.443051401,  1511.07
1563.78266833,  101127.0,  92726.3,  477.263072862,  315.44341478,  1509.8
1563.80310268,  101137.0,  92735.9,  477.262944377,  315.443122515,  1511.21
1563.82353712,  101125.0,  92725.8,  477.262682455,  315.443097793,  1511.11
1563.84397147,  101149.0,  92746.6,  477.263174803,  315.443299107,  1511.18
1563.86440572,  101128.0,  92727.1,  477.262960637,  315.443251283,  1512.19
1563.88484016,  101126.0,  92726.4,  477.262669495,  315.443318725,  1511.09
1563.90527451,  101124.0,  92725.2,  477.263380317,  315.443448633,  1511.36
1563.92570886,  101113.0,  92714.2,  477.262864096,  315.443241345,  1511.43
1563.94614321,  101122.0,  92722.6,  477.263161605,  315.443496585,  1513.57
1563.96657756,  101124.0,  92726.3,  477.263216251,  315.443481145,  1511.21
1563.9870119,  101112.0,  92713.6,  477.26282525,  315.443234787,  1511.77
1564.00744625,  101128.0,  92728.0,  477.263401574,  315.443494711,  1510.7
1564.0278806,  101122.0,  92723.2,  477.262946887,  315.443353774,  1511.31
1564.04831495,  101121.0,  92723.1,  477.262997476,  315.443559831,  1510.77
1564.0687493,  101125.0,  92725.2,  477.26328435,  315.443487417,  1511.23
1564.08918375,  101122.0,  92724.0,  477.263108265,  315.443617191,  1512.47
1564.109618,  101112.0,  92714.6,  477.263233026,  315.44327259,  1512.08
1564.13005235,  101125.0,  92727.0,  477.263315676,  315.443592835,  1513.03
1564.1504868,  101122.0,  92724.8,  477.26315696,  315.443564072,  1510.65
1564.17092105,  101133.0,  92733.2,  477.263003453,  315.443635537,  1510.42
1564.1913554,  101123.0,  92723.0,  477.263212499,  315.443684688,  1509.63
1564.21178985,  101132.0,  92733.7,  477.263547653,  315.443981836,  1510.34
1564.2322241,  101136.0,  92735.2,  477.26306143,  315.443667361,  1507.29
1564.25265845,  101125.0,  92727.6,  477.263038298,  315.443516569,  1508.46
1564.2730929,  101121.0,  92724.0,  477.263306707,  315.443505385,  1506.77
1564.29352715,  101127.0,  92727.8,  477.263444187,  315.443807603,  1507.63
1564.3139616,  101128.0,  92729.9,  477.26308056,  315.443495769,  1507.54
1564.33439595,  101108.0,  92711.8,  477.263264614,  315.443915584,  1510.48
1564.35483021,  101115.0,  92717.8,  477.263420301,  315.44404884,  1504.88
1564.37526466,  101108.0,  92712.9,  477.263143868,  315.443875176,  1506.31
1564.39569901,  101117.0,  92720.1,  477.263369404,  315.443898264,  1506.1
1564.41613336,  101128.0,  92731.4,  477.26363109,  315.443991294,  1505.77
1564.43656771,  101121.0,  92724.9,  477.263027942,  315.443736098,  1505.92
1564.45700207,  101124.0,  92727.1,  477.26350183,  315.444060456,  1504.4
1564.47743652,  101114.0,  92718.8,  477.263473677,  315.444084468,  1504.63
1564.49787087,  101140.0,  92741.9,  477.263370699,  315.443881778,  1503.24
1564.51830513,  101131.0,  92733.4,  477.263232863,  315.444092373,  1503.19
1564.53873958,  101112.0,  92718.7,  477.263401421,  315.444256962,  1503.72
1564.55917393,  101119.0,  92722.6,  477.263291314,  315.444211376,  1504.01
1564.57960819,  101111.0,  92716.4,  477.263469391,  315.444285266,  1501.05
1564.60004264,  101126.0,  92730.3,  477.263318224,  315.444259168,  1499.85
1564.620477,  101126.0,  92730.0,  477.263485916,  315.444245896,  1499.19
1564.64091125,  101114.0,  92720.0,  477.26339122,  315.444233849,  1497.91
1564.66134571,  101133.0,  92736.5,  477.263316344,  315.444236283,  1497.84
1564.68177996,  101131.0,  92733.8,  477.263626159,  315.444389427,  1497.22
1564.70221442,  101137.0,  92740.7,  477.263660775,  315.444395343,  1498.32
1564.72264877,  101118.0,  92723.8,  477.263584601,  315.444425282,  1496.82
1564.74308303,  101113.0,  92720.1,  477.263670169,  315.444323689,  1498.07
1564.76351748,  101124.0,  92730.4,  477.26354202,  315.444481948,  1495.61
1564.78395184,  101129.0,  92734.6,  477.263754341,  315.444578867,  1495.89
1564.8043861,  101125.0,  92731.4,  477.263605872,  315.444788315,  1494.81
1564.82482055,  101110.0,  92719.2,  477.263538358,  315.444789612,  1495.9
1564.84525491,  101105.0,  92712.7,  477.263684383,  315.444682597,  1494.47
1564.86568937,  101120.0,  92726.9,  477.263639155,  315.444800516,  1494.22
1564.88612362,  101124.0,  92731.8,  477.263863658,  315.444811583,  1493.24
1564.90655798,  101109.0,  92716.2,  477.263553957,  315.44479832,  1493.92
1564.92699244,  101113.0,  92722.4,  477.26379999,  315.444821759,  1494.71
1564.9474267,  101105.0,  92714.4,  477.263692178,  315.444986285,  1493.07
1564.96786105,  101110.0,  92719.8,  477.263709397,  315.445114718,  1493.04
1564.98829551,  101129.0,  92737.6,  477.263709547,  315.445018828,  1491.56
1565.00872977,  101132.0,  92738.5,  477.26388994,  315.444993108,  1492.66
1565.02916413,  101122.0,  92731.0,  477.263782459,  315.445328223,  1491.98
1565.04959859,  101126.0,  92734.8,  477.263717083,  315.445211058,  1493.63
1565.07003295,  101124.0,  92733.0,  477.26385128,  315.44519077,  1493.69
1565.0904673,  101114.0,  92726.3,  477.264004178,  315.44532459,  1493.16
1565.11090166,  101127.0,  92736.7,  477.263800463,  315.445276435,  1492.3
1565.13133602,  101110.0,  92720.5,  477.263903028,  315.44532457,  1491.18
1565.15177038,  101118.0,  92729.4,  477.264384908,  315.445601,  1491.65
1565.17220474,  101109.0,  92719.4,  477.263660173,  315.445347833,  1493.22
1565.1926391,  101137.0,  92745.3,  477.263875536,  315.445435776,  1491.87
1565.21307356,  101117.0,  92728.4,  477.264012491,  315.445534408,  1492.12
1565.23350782,  101123.0,  92733.4,  477.263908137,  315.445475569,  1492.45
1565.25394228,  101101.0,  92713.9,  477.264173299,  315.445571786,  1492.19
1565.27437664,  101102.0,  92715.0,  477.263731869,  315.445441621,  1491.74
1565.2948109,  101115.0,  92726.3,  477.263972433,  315.445763525,  1491.36
1565.31524537,  101113.0,  92724.2,  477.264033653,  315.44567777,  1491.85
1565.33567963,  101101.0,  92714.5,  477.263649088,  315.4455625,  1491.29
1565.35611399,  101105.0,  92717.0,  477.263788157,  315.445890358,  1489.75
1565.37654845,  101123.0,  92735.2,  477.26379788,  315.445857078,  1489.78
1565.39698271,  101095.0,  92708.0,  477.263805237,  315.44582199,  1491.14
1565.41741707,  101109.0,  92721.7,  477.263778739,  315.445952821,  1492.48
1565.43785154,  101100.0,  92714.9,  477.263752336,  315.445702395,  1492.57
1565.4582858,  101116.0,  92728.6,  477.264186838,  315.445945122,  1492.04
1565.47872026,  101118.0,  92730.8,  477.264102255,  315.445970218,  1492.72
1565.49915463,  101124.0,  92736.7,  477.264240895,  315.446023733,  1490.93
1565.51958889,  101098.0,  92712.6,  477.264064188,  315.44601336,  1491.15
1565.54002335,  101115.0,  92727.4,  477.263826,  315.445942361,  1490.5
1565.56045771,  101102.0,  92716.9,  477.264101841,  315.445998835,  1491.06
1565.58089208,  101107.0,  92720.9,  477.264154421,  315.44617233,  1490.66
1565.60132644,  101104.0,  92719.6,  477.263778591,  315.446023894,  1490.83
1565.62176081,  101106.0,  92721.3,  477.264159818,  315.446121542,  1491.57
1565.64219527,  101103.0,  92717.5,  477.263924884,  315.446137469,  1491.19
1565.66262954,  101092.0,  92708.9,  477.264038878,  315.446102245,  1489.93
1565.6830639,  101119.0,  92732.3,  477.263923155,  315.446280801,  1489.8
1565.70349836,  101113.0,  92727.7,  477.264365284,  315.446370744,  1490.1
1565.72393273,  101108.0,  92723.0,  477.264117493,  315.446136663,  1489.91
1565.744367,  101109.0,  92722.9,  477.263934163,  315.446337153,  1490.0
1565.76480146,  101100.0,  92716.0,  477.264291254,  315.446277152,  1489.0
1565.78523583,  101111.0,  92726.8,  477.2640665,  315.446397848,  1489.54
1565.80567019,  101124.0,  92738.0,  477.264297783,  315.446715871,  1487.52
1565.82610456,  101106.0,  92721.6,  477.263813723,  315.446671843,  1488.87
1565.84653892,  101108.0,  92723.6,  477.264062064,  315.446581961,  1487.12
1565.86697339,  101108.0,  92723.7,  477.264192509,  315.446411447,  1487.64
1565.88740766,  101123.0,  92738.4,  477.264293445,  315.446380338,  1487.21
1565.90784202,  101130.0,  92743.3,  477.263855825,  315.446761466,  1487.1
1565.92827649,  101124.0,  92739.2,  477.264151239,  315.446515333,  1488.85
1565.94871076,  101104.0,  92720.0,  477.264155266,  315.446489093,  1487.01
1565.96914513,  101104.0,  92719.6,  477.264258509,  315.446767336,  1485.01
1565.98957949,  101109.0,  92726.7,  477.264241555,  315.446663053,  1485.21
1566.01001386,  101111.0,  92728.7,  477.264079748,  315.446790855,  1484.83
1566.03044833,  101092.0,  92709.6,  477.264269363,  315.446716829,  1485.23
1566.0508826,  101120.0,  92736.2,  477.264132503,  315.44671684,  1484.05
1566.07131697,  101113.0,  92730.1,  477.264278885,  315.446841995,  1484.68
1566.09175143,  101115.0,  92731.4,  477.264167544,  315.447218171,  1484.23
1566.1121857,  101102.0,  92720.4,  477.264294662,  315.446697916,  1484.16
1566.13262007,  101104.0,  92722.8,  477.264310694,  315.446828546,  1485.63
1566.15305454,  101087.0,  92706.2,  477.263920444,  315.446966215,  1483.55
1566.17348881,  101111.0,  92728.0,  477.264292803,  315.446856054,  1484.33
1566.19392328,  101097.0,  92715.4,  477.264214652,  315.447115742,  1484.12
1566.21435765,  101098.0,  92718.6,  477.264297972,  315.447145528,  1483.97
1566.23479192,  101087.0,  92708.6,  477.264186744,  315.446960612,  1482.37
1566.25522639,  101100.0,  92719.2,  477.264357346,  315.447152021,  1482.32
1566.27566076,  101117.0,  92736.0,  477.264262389,  315.447134848,  1480.74
1566.29609513,  101112.0,  92730.3,  477.264513706,  315.447185939,  1482.92
1566.3165295,  101099.0,  92719.0,  477.263987962,  315.447071958,  1480.44
1566.33696387,  101100.0,  92719.7,  477.264153804,  315.44724742,  1482.88
1566.35739824,  101104.0,  92723.4,  477.264194574,  315.447312202,  1480.75
1566.37783271,  101093.0,  92715.2,  477.26440363,  315.447142387,  1479.57
1566.39826699,  101102.0,  92723.3,  477.264161945,  315.447167753,  1481.76
1566.41870146,  101098.0,  92718.8,  477.264459108,  315.447390074,  1479.46
1566.43913583,  101093.0,  92714.5,  477.264181761,  315.447245005,  1480.26
1566.4595701,  101119.0,  92736.9,  477.264346391,  315.447557112,  1479.94
1566.48000457,  101086.0,  92707.7,  477.264347028,  315.447193546,  1480.75
1566.50043894,  101109.0,  92730.8,  477.26441807,  315.447655236,  1479.22
1566.52087322,  101089.0,  92710.1,  477.264608074,  315.447500145,  1480.32
1566.54130769,  101114.0,  92732.5,  477.264189877,  315.447458453,  1479.45
1566.56174206,  101088.0,  92709.2,  477.264336502,  315.447138287,  1478.63
1566.58217644,  101101.0,  92722.2,  477.264400802,  315.447590652,  1479.62
1566.60261081,  101117.0,  92737.1,  477.264487946,  315.447615718,  1479.07
1566.62304508,  101106.0,  92727.4,  477.264510754,  315.447716637,  1478.99
1566.64347956,  101111.0,  92731.3,  477.264459256,  315.447700623,  1479.56
1566.66391393,  101127.0,  92746.5,  477.264207911,  315.447799386,  1479.82
1566.70478268,  101101.0,  92723.0,  477.264680717,  315.447496681,  1478.41
1566.72521705,  101116.0,  92736.9,  477.264408892,  315.447530586,  1479.1
1566.74565143,  101080.0,  92703.1,  477.264608896,  315.447590297,  1478.02
1566.7660858,  101102.0,  92722.4,  477.26477435,  315.447501558,  1477.66
1566.78652018,  101087.0,  92710.1,  477.264714136,  315.447802451,  1478.01
1566.80695465,  101102.0,  92723.1,  477.264700022,  315.447872458,  1477.1
1566.82738893,  101095.0,  92718.1,  477.264896824,  315.448040336,  1477.26
1566.8478233,  101103.0,  92725.1,  477.264585315,  315.447797491,  1476.73
1566.86825778,  101097.0,  92718.9,  477.264924004,  315.447949663,  1477.25
1566.88869216,  101102.0,  92724.8,  477.264955301,  315.448047144,  1477.21
1566.90912643,  101117.0,  92738.3,  477.265200822,  315.448024891,  1478.15
1566.92956091,  101121.0,  92741.9,  477.264866602,  315.447956874,  1475.56
1566.94999528,  101086.0,  92710.6,  477.265019196,  315.447772363,  1476.58
1566.97042966,  101091.0,  92714.1,  477.264990905,  315.448087672,  1477.13
1566.99086404,  101112.0,  92734.1,  477.26511371,  315.448229219,  1476.56
1567.01129842,  101119.0,  92741.2,  477.264882285,  315.447982669,  1476.45
1567.03173279,  101100.0,  92722.6,  477.265160647,  315.448167804,  1476.68
1567.05216717,  101092.0,  92715.6,  477.265228141,  315.447981232,  1474.52
1567.07260155,  101099.0,  92722.1,  477.264973345,  315.448007606,  1476.46
1567.09303603,  101132.0,  92751.2,  477.265005189,  315.44788453,  1475.95
1567.1134703,  101110.0,  92733.6,  477.265383282,  315.448126343,  1475.12
1567.13390478,  101086.0,  92710.3,  477.265093322,  315.448113135,  1475.41
1567.15433916,  101109.0,  92731.4,  477.265208716,  315.448232605,  1476.02
1567.17477344,  101089.0,  92715.0,  477.265273911,  315.448181547,  1474.13
1567.19520792,  101113.0,  92735.0,  477.265020776,  315.44846269,  1475.39
1567.2156423,  101096.0,  92720.8,  477.265135012,  315.448329153,  1474.37
1567.23607658,  101115.0,  92738.1,  477.265215466,  315.448485079,  1474.09
1567.25651106,  101091.0,  92715.4,  477.265052626,  315.448153523,  1474.81
1567.27694533,  101104.0,  92728.6,  477.265077883,  315.44841365,  1475.22
1567.29737971,  101098.0,  92722.8,  477.26533109,  315.448361295,  1474.68
1567.31781419,  101091.0,  92715.4,  477.265061134,  315.448450309,  1473.8
1567.33824847,  101110.0,  92733.8,  477.264838389,  315.448352196,  1474.12
1567.35868295,  101104.0,  92728.3,  477.265120313,  315.44840334,  1473.34
1567.37911734,  101099.0,  92724.3,  477.265137863,  315.448603219,  1473.17
1567.39955162,  101098.0,  92723.3,  477.265154818,  315.448473103,  1472.76
1567.4199861,  101121.0,  92743.0,  477.265551523,  315.448905687,  1473.15
1567.44042048,  101098.0,  92723.5,  477.265237954,  315.448640335,  1474.91
1567.46085486,  101101.0,  92727.4,  477.265193828,  315.448626016,  1472.66
1567.48128924,  101074.0,  92701.4,  477.265122017,  315.44862272,  1472.94
1567.50172362,  101119.0,  92742.8,  477.265304613,  315.448735658,  1473.51
1567.5221581,  101094.0,  92721.4,  477.26506052,  315.448736503,  1481.5
1567.54259239,  101087.0,  92713.7,  477.265085063,  315.448822894,  1474.83
1567.56302677,  101079.0,  92707.0,  477.265357896,  315.44888114,  1471.79
1567.58346125,  101098.0,  92724.3,  477.265429395,  315.448963248,  1472.5
1567.60389563,  101079.0,  92706.9,  477.26536473,  315.448796635,  1470.99
1567.62432992,  101102.0,  92729.1,  477.26539825,  315.448782805,  1472.75
1567.6447644,  101092.0,  92718.0,  477.265328664,  315.449235019,  1471.93
1567.66519878,  101108.0,  92735.4,  477.265248603,  315.449168112,  1473.15
1567.68563306,  101091.0,  92718.8,  477.26502535,  315.448895668,  1472.93
1567.70606755,  101095.0,  92723.0,  477.265334459,  315.449135082,  1471.25
1567.72650193,  101103.0,  92730.7,  477.265341644,  315.449151465,  1471.17
1567.74693642,  101103.0,  92730.3,  477.265186868,  315.449013919,  1471.83
1567.7673707,  101100.0,  92728.7,  477.265432357,  315.449413657,  1470.79
1567.78780508,  101092.0,  92720.8,  477.265211177,  315.449079166,  1471.32
1567.80823957,  101088.0,  92716.9,  477.265250171,  315.449020325,  1470.36
1567.82867385,  101107.0,  92734.7,  477.265232208,  315.449374611,  1469.43
1567.84910824,  101099.0,  92727.9,  477.265169427,  315.449145474,  1469.37
1567.86954272,  101087.0,  92716.2,  477.265478667,  315.449446496,  1470.44
1567.88997701,  101094.0,  92722.7,  477.265324176,  315.449425741,  1469.14
1567.91041149,  101104.0,  92733.2,  477.265180183,  315.449430646,  1470.18
1567.93084578,  101102.0,  92729.8,  477.265504856,  315.449362805,  1469.42
1567.95128016,  101104.0,  92733.5,  477.265410613,  315.449395106,  1469.16
1567.97171465,  101108.0,  92736.2,  477.265305402,  315.449395449,  1469.71
1567.99214894,  101109.0,  92737.1,  477.265486369,  315.449761169,  1468.74
1568.01258332,  101100.0,  92730.1,  477.265294273,  315.449471009,  1470.39
1568.03301781,  101099.0,  92728.6,  477.265518824,  315.449889455,  1469.61
1568.05345209,  101107.0,  92735.4,  477.265599489,  315.449694685,  1468.35
1568.07388648,  101106.0,  92736.8,  477.265251551,  315.449958623,  1468.0
1568.09432097,  101108.0,  92738.3,  477.26552393,  315.449921871,  1468.35
1568.11475536,  101088.0,  92719.4,  477.26526947,  315.449801237,  1470.0
1568.13518974,  101081.0,  92713.2,  477.26540894,  315.449777143,  1467.85
1568.15562413,  101109.0,  92738.0,  477.265651479,  315.450092618,  1468.72
1568.17605852,  101097.0,  92728.6,  477.265276766,  315.449954916,  1468.54
1568.19649291,  101091.0,  92722.9,  477.265415725,  315.449769531,  1467.91
1568.21692729,  101108.0,  92737.1,  477.26520244,  315.450122437,  1468.97
1568.23736168,  101105.0,  92737.0,  477.265389734,  315.449890733,  1467.78
1568.25779617,  101108.0,  92737.3,  477.265283467,  315.449985171,  1468.54
1568.27823046,  101105.0,  92735.3,  477.265451591,  315.450082828,  1467.51
1568.29866495,  101121.0,  92751.4,  477.265449601,  315.450148096,  1468.46
1568.31909934,  101114.0,  92742.8,  477.265230271,  315.450088185,  1467.49
1568.33953363,  101127.0,  92756.5,  477.265451858,  315.450012608,  1467.58
1568.35996811,  101112.0,  92742.3,  477.265376127,  315.450111661,  1470.31
1568.3804025,  101121.0,  92749.4,  477.265512917,  315.450239216,  1468.3
1568.40083679,  101133.0,  92762.0,  477.265328465,  315.450200132,  1468.5
1568.42127128,  101113.0,  92743.8,  477.265378799,  315.450259554,  1467.3
1568.44170567,  101122.0,  92751.3,  477.265524197,  315.450181464,  1466.53
1568.46213996,  101110.0,  92742.0,  477.265263909,  315.450172964,  1465.65
1568.48257445,  101117.0,  92748.5,  477.265384581,  315.450245295,  1466.82
1568.50300884,  101115.0,  92745.7,  477.265540038,  315.450307884,  1466.71
1568.52344334,  101110.0,  92742.2,  477.265069311,  315.450159287,  1466.92
1568.54387763,  101099.0,  92731.3,  477.265457481,  315.450478469,  1466.12
1568.56431192,  101105.0,  92736.7,  477.265290729,  315.450242003,  1467.24
1568.58474641,  101113.0,  92745.8,  477.265462449,  315.450573118,  1465.35
1568.6051808,  101108.0,  92739.2,  477.265169,  315.450466092,  1466.66
1568.62561519,  101117.0,  92748.8,  477.265219223,  315.450399688,  1466.42
1568.64604958,  101127.0,  92759.0,  477.265418089,  315.45054219,  1466.13
1568.66648398,  101133.0,  92763.7,  477.265285837,  315.450561557,  1467.02
1568.68691847,  101134.0,  92764.3,  477.265336014,  315.450560212,  1466.96
1568.70735276,  101101.0,  92734.2,  477.26522662,  315.450580617,  1465.42
1568.72778715,  101116.0,  92748.3,  477.265279139,  315.450590912,  1466.33
1568.74822165,  101141.0,  92771.7,  477.265209529,  315.450754819,  1467.19
1568.76865604,  101116.0,  92746.7,  477.265598597,  315.450644838,  1465.93
1568.78909033,  101132.0,  92763.4,  477.265537095,  315.450675698,  1465.61
1568.80952482,  101129.0,  92761.6,  477.265519811,  315.450910723,  1466.11
1568.82995922,  101140.0,  92769.2,  477.265625229,  315.450770312,  1465.75
1568.85039361,  101125.0,  92757.9,  477.265273777,  315.451076431,  1465.54
1568.87082801,  101130.0,  92761.4,  477.265280865,  315.450736515,  1466.09
1568.8912624,  101125.0,  92756.7,  477.265461456,  315.450925628,  1467.22
1568.91169689,  101146.0,  92777.6,  477.265362475,  315.451113556,  1466.84
1568.93213119,  101147.0,  92777.5,  477.265158108,  315.450725116,  1466.61
1568.95256558,  101137.0,  92768.7,  477.265399446,  315.450815001,  1480.59
1568.97300008,  101128.0,  92760.9,  477.26528014,  315.450936851,  1468.66
1568.99343437,  101137.0,  92768.2,  477.265180104,  315.45083292,  1469.16
1569.01386877,  101150.0,  92780.3,  477.265202444,  315.450896953,  1469.9
1569.03430326,  101154.0,  92784.9,  477.265296946,  315.451173594,  1469.36
1569.05473756,  101152.0,  92782.7,  477.265510206,  315.451211344,  1471.62
1569.07517205,  101158.0,  92789.5,  477.265375811,  315.451043087,  1468.27
1569.09560645,  101141.0,  92772.0,  477.265478764,  315.450898476,  1470.5
1569.11604075,  101141.0,  92772.8,  477.265559212,  315.450989,  1472.06
1569.13647524,  101134.0,  92767.9,  477.265322356,  315.45091088,  1471.37
1569.15690964,  101143.0,  92775.2,  477.2653841,  315.45114832,  1472.24
1569.17734393,  101155.0,  92786.6,  477.265196431,  315.451362466,  1471.41
1569.19777843,  101163.0,  92794.2,  477.265287065,  315.451192725,  1474.56
1569.21821273,  101140.0,  92771.7,  477.265401075,  315.451159661,  1473.99
1569.23864722,  101149.0,  92781.7,  477.265277344,  315.45129146,  1472.88
1569.25908162,  101165.0,  92797.4,  477.265336308,  315.451350218,  1471.95
1569.27951592,  101156.0,  92787.0,  477.265381377,  315.4512852,  1470.18
1569.29995042,  101150.0,  92783.2,  477.265184057,  315.451404678,  1470.81
1569.32038481,  101153.0,  92784.1,  477.265330571,  315.451370005,  1470.41
1569.34081921,  101151.0,  92783.5,  477.265226563,  315.451481297,  1470.91
1569.36125361,  101172.0,  92804.1,  477.265333025,  315.45132808,  1468.48
1569.38168801,  101157.0,  92790.0,  477.265225792,  315.451311974,  1469.02
1569.40212241,  101162.0,  92793.6,  477.265225402,  315.451435112,  1467.66
1569.42255681,  101153.0,  92785.8,  477.265239425,  315.451242444,  1466.89
1569.4429912,  101161.0,  92791.6,  477.265261857,  315.451381302,  1468.69
1569.4634257,  101159.0,  92791.1,  477.265031115,  315.451384445,  1467.64
1569.4838601,  101153.0,  92785.6,  477.265447398,  315.451482534,  1467.05
1569.5042944,  101157.0,  92789.5,  477.265272161,  315.451530374,  1466.34
1569.5247289,  101157.0,  92789.8,  477.265165961,  315.451626493,  1465.42
1569.5451633,  101157.0,  92790.3,  477.265375574,  315.451783498,  1465.18
1569.5655976,  101150.0,  92784.5,  477.26545696,  315.451661553,  1462.54
1569.5860321,  101148.0,  92782.6,  477.265360322,  315.451741766,  1463.12
1569.6064665,  101138.0,  92770.5,  477.265348767,  315.451311945,  1462.94
1569.626901,  101150.0,  92784.4,  477.265198597,  315.451527012,  1463.39
1569.6473353,  101142.0,  92776.5,  477.265124027,  315.451789348,  1462.19
1569.6882042,  101134.0,  92769.8,  477.265508139,  315.451688313,  1462.56
1569.7086385,  101135.0,  92769.7,  477.265509678,  315.451763503,  1460.94
1569.72907291,  101154.0,  92786.9,  477.265798169,  315.451713171,  1460.78
1569.74950741,  101140.0,  92775.1,  477.265493176,  315.45181814,  1462.65
1569.76994171,  101159.0,  92791.9,  477.265636296,  315.45182548,  1462.47
1569.79037611,  101153.0,  92785.8,  477.265633389,  315.451907545,  1460.92
1569.81081061,  101136.0,  92771.3,  477.265570301,  315.451826091,  1462.81
1569.83124491,  101140.0,  92773.8,  477.265716502,  315.451898429,  1460.32
1569.85167942,  101141.0,  92775.4,  477.265704637,  315.451733581,  1461.33
1569.87211372,  101156.0,  92790.0,  477.265973549,  315.451787422,  1460.29
1569.89254812,  101137.0,  92771.1,  477.266111457,  315.451831207,  1460.2
1569.91298262,  101143.0,  92777.9,  477.265556464,  315.451703912,  1459.38
1569.93341693,  101140.0,  92774.1,  477.265773459,  315.451777721,  1460.21
1569.95385133,  101122.0,  92758.5,  477.265923295,  315.452027608,  1459.1
1569.97428583,  101123.0,  92759.3,  477.265637448,  315.45191027,  1459.43
1569.99472024,  101172.0,  92803.9,  477.265993141,  315.452253114,  1459.17
1570.01515464,  101142.0,  92775.8,  477.265797975,  315.452163779,  1459.61
1570.03558904,  101139.0,  92775.4,  477.265799697,  315.452048911,  1458.96
1570.05602345,  101114.0,  92751.7,  477.266007394,  315.452160561,  1457.7
1570.07645785,  101132.0,  92768.7,  477.266033609,  315.452100146,  1457.84
1570.09689226,  101118.0,  92755.8,  477.266083082,  315.451997013,  1459.98
1570.11732666,  101128.0,  92764.0,  477.265886356,  315.452235019,  1457.9
1570.13776117,  101128.0,  92765.1,  477.265958495,  315.4522337,  1457.66
1570.15819547,  101120.0,  92757.3,  477.266024277,  315.452100617,  1457.72
1570.17862998,  101141.0,  92774.7,  477.265836801,  315.452032462,  1458.24
1570.19906438,  101120.0,  92757.9,  477.265983169,  315.452135983,  1458.19
1570.21949869,  101127.0,  92763.4,  477.266039085,  315.45222179,  1458.21
1570.23993319,  101111.0,  92748.9,  477.265968301,  315.451999072,  1458.19
1570.2603676,  101128.0,  92765.8,  477.26589193,  315.452097428,  1458.0
1570.2808019,  101124.0,  92760.6,  477.266042118,  315.452107782,  1457.7
1570.30123641,  101101.0,  92740.3,  477.265900842,  315.452415699,  1457.01
1570.32167082,  101118.0,  92756.9,  477.26607768,  315.452666597,  1459.7
1570.34210512,  101111.0,  92748.7,  477.26601699,  315.45250581,  1457.49
1570.36253963,  101116.0,  92754.9,  477.266252484,  315.452495121,  1456.61
1570.38297404,  101100.0,  92739.1,  477.265704047,  315.452455636,  1456.92
1570.40340844,  101121.0,  92758.6,  477.266108434,  315.452555262,  1455.7
1570.42384285,  101099.0,  92740.2,  477.266171877,  315.45261015,  1455.68
1570.44427726,  101120.0,  92758.1,  477.266048426,  315.452314872,  1456.03
1570.46471167,  101097.0,  92737.7,  477.266117985,  315.452503653,  1454.38
1570.48514607,  101116.0,  92756.0,  477.266198155,  315.452564669,  1455.44
1570.50558048,  101115.0,  92753.2,  477.266113024,  315.45266623,  1453.75
1570.52601489,  101125.0,  92763.5,  477.26599161,  315.452598651,  1453.89
1570.5464493,  101121.0,  92760.5,  477.26645936,  315.452527725,  1453.57
1570.5668838,  101112.0,  92751.2,  477.266207855,  315.452875647,  1454.86
1570.58731811,  101113.0,  92752.6,  477.265854839,  315.452726438,  1453.71
1570.60775252,  101086.0,  92726.5,  477.266032246,  315.452630783,  1455.07
1570.62818703,  101108.0,  92748.7,  477.266283418,  315.452788162,  1452.42
1570.64862144,  101109.0,  92750.0,  477.265837267,  315.452761177,  1452.95
1570.66905575,  101112.0,  92751.4,  477.26617624,  315.453015529,  1453.18
1570.68949026,  101103.0,  92742.8,  477.265845128,  315.452845156,  1453.45
1570.70992467,  101110.0,  92751.9,  477.265957016,  315.452678334,  1453.4
1570.73035898,  101111.0,  92750.2,  477.266279004,  315.452874903,  1453.02
1570.75079349,  101089.0,  92730.9,  477.266043211,  315.452691742,  1453.14
1570.7712279,  101102.0,  92743.8,  477.266024893,  315.452907487,  1454.06
1570.79166241,  101098.0,  92739.6,  477.265904028,  315.453356934,  1453.61
1570.81209672,  101106.0,  92748.8,  477.266128537,  315.452850596,  1454.02
1570.83253113,  101100.0,  92741.2,  477.266175566,  315.453190604,  1451.62
1570.85296564,  101098.0,  92740.7,  477.266126726,  315.45316387,  1453.41
1570.87339995,  101113.0,  92754.3,  477.266004609,  315.453153283,  1453.01
1570.89383436,  101113.0,  92753.2,  477.266087629,  315.453047323,  1451.88
1570.91426887,  101120.0,  92760.6,  477.266086511,  315.453127611,  1452.17
1570.93470318,  101115.0,  92755.9,  477.266077263,  315.453459108,  1453.6
1570.9551377,  101098.0,  92740.0,  477.266183538,  315.453338863,  1452.19
1570.97557211,  101099.0,  92742.2,  477.265784413,  315.45334784,  1451.51
1570.99600642,  101111.0,  92752.9,  477.266049256,  315.453298415,  1451.83
1571.01644093,  101104.0,  92746.8,  477.266214282,  315.453359283,  1450.84
1571.03687534,  101113.0,  92756.1,  477.266033591,  315.45351669,  1450.53
1571.05730966,  101098.0,  92740.5,  477.266144233,  315.453490857,  1451.44
1571.07774417,  101100.0,  92743.1,  477.266188177,  315.453467048,  1452.58
1571.09817858,  101097.0,  92740.8,  477.265982072,  315.453471625,  1451.75
1571.11861289,  101101.0,  92743.5,  477.266036522,  315.453604181,  1452.11
1571.13904741,  101103.0,  92746.3,  477.265918268,  315.453557723,  1452.42
1571.15948182,  101105.0,  92750.1,  477.265890383,  315.453499225,  1452.43
1571.17991623,  101130.0,  92772.1,  477.266405012,  315.453619793,  1451.68
1571.20035065,  101107.0,  92751.1,  477.265996648,  315.453640502,  1452.59
1571.22078506,  101132.0,  92771.8,  477.266039939,  315.453142282,  1452.44
1571.24121947,  101103.0,  92747.0,  477.266452652,  315.453911137,  1451.36
1571.26165389,  101115.0,  92757.6,  477.266115783,  315.453466725,  1453.04
1571.2820883,  101116.0,  92758.1,  477.266253151,  315.453751928,  1451.56
1571.30252272,  101105.0,  92747.8,  477.266100052,  315.453847851,  1451.73
1571.32295713,  101129.0,  92771.9,  477.266206728,  315.453920817,  1452.56
1571.34339165,  101099.0,  92744.6,  477.266148858,  315.453777621,  1452.65
1571.36382606,  101116.0,  92759.1,  477.266270489,  315.453841741,  1453.51
1571.38426038,  101101.0,  92745.9,  477.266089284,  315.453786482,  1452.12
1571.40469489,  101129.0,  92771.1,  477.266520221,  315.453955422,  1453.91
1571.42512931,  101116.0,  92760.6,  477.266171517,  315.45402685,  1453.61
1571.44556362,  101108.0,  92752.7,  477.266008206,  315.454089688,  1454.32
1571.46599814,  101110.0,  92753.3,  477.266487401,  315.453865104,  1453.02
1571.48643255,  101124.0,  92768.4,  477.266194737,  315.45387558,  1456.22
1571.50686687,  101113.0,  92757.1,  477.266633148,  315.454207993,  1454.93
1571.52730139,  101117.0,  92760.2,  477.266245357,  315.454048349,  1456.25
1571.5477358,  101121.0,  92765.6,  477.266281767,  315.454031332,  1455.96
1571.56817032,  101105.0,  92749.8,  477.266335495,  315.453929149,  1454.4
1571.58860464,  101136.0,  92778.5,  477.26629394,  315.454007812,  1455.72
1571.60903905,  101124.0,  92767.9,  477.266079192,  315.454002974,  1453.88
1571.62947357,  101124.0,  92767.6,  477.266667054,  315.45423705,  1456.61
1571.64990789,  101115.0,  92759.5,  477.26616762,  315.454127061,  1455.54
1571.6703423,  101114.0,  92759.1,  477.266465164,  315.45412552,  1454.53
1571.69077682,  101138.0,  92782.8,  477.266378968,  315.454273179,  1457.34
1571.71121114,  101124.0,  92768.8,  477.266250737,  315.454292997,  1457.19
1571.73164566,  101117.0,  92761.6,  477.26632463,  315.454309273,  1457.33
1571.75208008,  101115.0,  92758.6,  477.266276911,  315.45418759,  1458.19
1571.77251439,  101152.0,  92794.8,  477.266335939,  315.454371864,  1457.57
1571.79294891,  101127.0,  92770.4,  477.266233532,  315.454285778,  1456.74
1571.81338333,  101138.0,  92782.0,  477.2664222,  315.454559185,  1456.27
1571.83381765,  101133.0,  92778.0,  477.266572429,  315.454561511,  1457.27
1571.85425217,  101121.0,  92766.3,  477.266391353,  315.454596705,  1456.92
1571.87468659,  101139.0,  92783.1,  477.266442186,  315.454286727,  1457.29
1571.89512091,  101136.0,  92780.4,  477.266367934,  315.454427096,  1456.29
1571.91555543,  101157.0,  92801.0,  477.266375443,  315.454664597,  1455.19
1571.93598984,  101142.0,  92787.1,  477.266688235,  315.454323889,  1455.27
1571.95642436,  101129.0,  92773.8,  477.26648513,  315.454981049,  1454.82
1571.97685868,  101125.0,  92771.3,  477.26669686,  315.454580838,  1453.41
1571.9972931,  101207.0,  92846.9,  477.266011592,  315.454556924,  1453.77
1572.01772762,  101143.0,  92787.5,  477.266645318,  315.454866746,  1453.47
1572.03816194,  101106.0,  92754.2,  477.266526701,  315.454590863,  1455.42
1572.05859637,  101134.0,  92780.3,  477.266593087,  315.455029076,  1454.84
1572.07903089,  101117.0,  92763.9,  477.266464273,  315.454893618,  1454.15
1572.09946521,  101141.0,  92787.0,  477.266585188,  315.454592139,  1453.42
1572.11989973,  101132.0,  92777.4,  477.266223035,  315.454764037,  1454.39
1572.14033415,  101144.0,  92790.0,  477.266900969,  315.455065347,  1453.51
1572.16076847,  101124.0,  92771.9,  477.266018228,  315.454871646,  1453.0
1572.18120299,  101144.0,  92788.6,  477.266519992,  315.45484255,  1451.56
1572.20163741,  101129.0,  92774.8,  477.266276885,  315.454965678,  1452.09
1572.22207174,  101145.0,  92791.4,  477.266458617,  315.454858779,  1452.28
1572.24250626,  101133.0,  92780.0,  477.266761131,  315.455146931,  1450.17
1572.26294068,  101139.0,  92785.2,  477.266304076,  315.454924063,  1449.57
1572.2833751,  101155.0,  92799.6,  477.266929087,  315.454707265,  1447.09
1572.30380952,  101140.0,  92786.3,  477.266598404,  315.455077468,  1448.68
1572.32424395,  101126.0,  92774.0,  477.266413149,  315.454898658,  1448.47
1572.34467837,  101118.0,  92765.3,  477.266733835,  315.454964091,  1447.93
1572.36511279,  101141.0,  92787.6,  477.266774793,  315.455260615,  1447.7
1572.38554722,  101152.0,  92797.5,  477.266123272,  315.454878435,  1448.14
1572.40598164,  101125.0,  92772.4,  477.266692565,  315.455430772,  1449.42
1572.42641606,  101125.0,  92772.6,  477.266487208,  315.45493053,  1447.7
1572.44685049,  101143.0,  92789.2,  477.266697943,  315.455159089,  1448.28
1572.46728491,  101140.0,  92786.4,  477.266591323,  315.455020913,  1448.49
1572.48771933,  101141.0,  92788.3,  477.266848399,  315.455310587,  1449.52
1572.50815386,  101144.0,  92789.5,  477.26664824,  315.455188639,  1449.57
1572.52858828,  101146.0,  92792.1,  477.266806875,  315.455342567,  1448.03
1572.54902261,  101098.0,  92749.8,  477.266341985,  315.455174997,  1449.75
1572.56945713,  101142.0,  92788.3,  477.266606543,  315.45523126,  1448.53
1572.58989155,  101145.0,  92790.8,  477.266698374,  315.455450776,  1449.59
1572.61032588,  101133.0,  92780.2,  477.266539911,  315.455241441,  1449.55
1572.6307604,  101153.0,  92798.2,  477.266833946,  315.455366019,  1450.52
1572.67162916,  101129.0,  92777.2,  477.266757254,  315.455135595,  1451.55
1572.69206368,  101134.0,  92781.1,  477.266815872,  315.455291082,  1451.66
1572.71249811,  101140.0,  92786.7,  477.266788181,  315.455402993,  1451.55
1572.73293263,  101152.0,  92797.0,  477.266974024,  315.455346405,  1452.72
1572.75336696,  101132.0,  92778.1,  477.267141325,  315.455409067,  1453.17
1572.77380138,  101120.0,  92768.8,  477.266585917,  315.455194821,  1453.76
1572.79423591,  101133.0,  92779.7,  477.266960228,  315.45526363,  1453.32
1572.81467024,  101128.0,  92775.7,  477.26697081,  315.45551667,  1454.48
1572.83510466,  101139.0,  92785.3,  477.26686685,  315.455360953,  1455.35
1572.85553919,  101124.0,  92771.0,  477.267291429,  315.455464182,  1457.16
1572.87597352,  101129.0,  92775.9,  477.267098207,  315.455286804,  1461.32
1572.89640804,  101109.0,  92758.7,  477.267202364,  315.455445311,  1464.67
1572.91684247,  101147.0,  92790.9,  477.267098322,  315.455478492,  1461.59
1572.9372768,  101133.0,  92780.1,  477.267132602,  315.455531332,  1463.23
1572.95771133,  101138.0,  92783.5,  477.266966386,  315.455335926,  1463.84
1572.97814575,  101139.0,  92785.9,  477.267139252,  315.455480405,  1460.5
1572.99858018,  101122.0,  92770.0,  477.267204443,  315.455513989,  1453.16
1573.01901461,  101135.0,  92781.2,  477.267117555,  315.455551039,  1448.29
1573.03944904,  101110.0,  92759.6,  477.267110888,  315.455472708,  1448.3
1573.05988337,  101127.0,  92775.2,  477.267078911,  315.455645231,  1447.94
1573.0803179,  101108.0,  92757.7,  477.267342737,  315.455627897,  1447.08
1573.10075232,  101118.0,  92766.8,  477.267269943,  315.455593225,  1446.74
1573.12118675,  101126.0,  92774.4,  477.267482122,  315.45575877,  1445.95
1573.14162118,  101124.0,  92772.7,  477.267439,  315.455656737,  1446.05
1573.16205561,  101127.0,  92776.2,  477.267390435,  315.455577239,  1445.94
1573.18249014,  101127.0,  92773.8,  477.267364899,  315.455713093,  1442.71
1573.20292447,  101117.0,  92765.9,  477.267258654,  315.455713108,  1444.18
1573.2233589,  101133.0,  92781.1,  477.267445474,  315.456015508,  1443.06
1573.24379343,  101130.0,  92778.3,  477.267340643,  315.45600717,  1442.68
1573.26422776,  101127.0,  92776.2,  477.267501255,  315.455922571,  1442.77
1573.28466229,  101136.0,  92784.1,  477.267231112,  315.45575861,  1443.99
1573.30509672,  101119.0,  92768.0,  477.267594798,  315.45594577,  1442.83
1573.32553105,  101126.0,  92777.3,  477.267452272,  315.455920855,  1440.65
1573.34596558,  101111.0,  92760.2,  477.267276669,  315.455852214,  1439.76
1573.36640001,  101107.0,  92757.4,  477.267519407,  315.455944602,  1439.29
1573.38683434,  101113.0,  92765.0,  477.267394604,  315.456065901,  1439.66
1573.40726887,  101110.0,  92760.1,  477.267400798,  315.456116905,  1438.71
1573.4277033,  101109.0,  92759.1,  477.267524411,  315.45593906,  1437.54
1573.44813764,  101117.0,  92766.8,  477.267487834,  315.455889513,  1435.43
1573.46857217,  101117.0,  92767.2,  477.26761269,  315.455891258,  1434.64
1573.4890066,  101118.0,  92767.9,  477.2674448,  315.456029889,  1435.8
1573.50944113,  101110.0,  92760.4,  477.267558312,  315.45611192,  1436.48
1573.52987546,  101117.0,  92767.2,  477.267591617,  315.456471674,  1434.39
1573.55030989,  101127.0,  92776.9,  477.267367503,  315.456091456,  1435.05
1573.57074443,  101124.0,  92773.2,  477.26749832,  315.456159099,  1435.05
1573.59117876,  101112.0,  92762.2,  477.267577687,  315.456383911,  1434.44
1573.61161319,  101110.0,  92762.4,  477.267467812,  315.456488132,  1432.9
1573.63204772,  101106.0,  92757.8,  477.267536429,  315.456451956,  1433.94
1573.65248216,  101129.0,  92778.8,  477.267388591,  315.456430822,  1435.04
1573.67291659,  101104.0,  92756.2,  477.267397904,  315.456150578,  1432.12
1573.69335102,  101139.0,  92787.0,  477.26774262,  315.456451346,  1433.67
1573.71378536,  101119.0,  92770.8,  477.267385119,  315.456113775,  1432.02
1573.73421989,  101113.0,  92764.3,  477.267507504,  315.456557262,  1431.91
1573.75465432,  101113.0,  92765.3,  477.267577486,  315.456502777,  1431.8
1573.77508866,  101116.0,  92767.7,  477.267301838,  315.4562134,  1431.1
1573.79552319,  101107.0,  92759.6,  477.267946242,  315.456655333,  1432.46
1573.81595763,  101107.0,  92758.6,  477.267322555,  315.456344165,  1431.59
1573.83639196,  101130.0,  92781.6,  477.26748078,  315.456304712,  1432.21
1573.8568265,  101111.0,  92761.9,  477.267586486,  315.456669349,  1430.35
1573.87726093,  101124.0,  92774.9,  477.26782269,  315.456681565,  1432.68
1573.89769546,  101104.0,  92757.0,  477.267758455,  315.456633506,  1430.12
1573.9181298,  101105.0,  92756.3,  477.267599371,  315.456668041,  1428.25
1573.93856423,  101095.0,  92749.4,  477.267492663,  315.456577835,  1429.72
1573.95899877,  101097.0,  92752.1,  477.267498374,  315.456955026,  1430.53
1573.97943311,  101112.0,  92764.5,  477.267716953,  315.456832731,  1428.58
1573.99986754,  101118.0,  92771.8,  477.267513819,  315.456903381,  1428.04
1574.02030208,  101098.0,  92751.5,  477.267878135,  315.456833697,  1429.17
1574.04073641,  101104.0,  92758.6,  477.267559175,  315.456874639,  1428.61
1574.06117095,  101127.0,  92779.6,  477.267652106,  315.456922786,  1427.82
1574.08160538,  101086.0,  92741.3,  477.267673689,  315.45697874,  1430.03
1574.10203972,  101121.0,  92774.2,  477.267901869,  315.457309436,  1427.27
1574.12247426,  101111.0,  92765.1,  477.267575261,  315.457021012,  1428.51
1574.14290869,  101098.0,  92752.9,  477.267688245,  315.457138403,  1429.11
1574.16334313,  101117.0,  92771.6,  477.267474596,  315.457023083,  1428.24
1574.18377757,  101105.0,  92758.6,  477.267688301,  315.457008046,  1427.44
1574.204212,  101105.0,  92758.9,  477.267701072,  315.457191978,  1427.45
1574.22464644,  101100.0,  92755.7,  477.267731186,  315.457126361,  1427.66
1574.24508088,  101106.0,  92758.3,  477.267374502,  315.457069191,  1429.52
1574.26551532,  101112.0,  92765.4,  477.267660396,  315.457424722,  1426.81
1574.28594975,  101102.0,  92757.6,  477.267639687,  315.457217433,  1427.67
1574.30638429,  101096.0,  92750.9,  477.267914574,  315.457236698,  1427.01
1574.32681863,  101099.0,  92755.2,  477.267560297,  315.457338411,  1427.84
1574.34725307,  101119.0,  92772.8,  477.26766721,  315.457455591,  1426.36
1574.36768751,  101111.0,  92764.4,  477.267718261,  315.457395196,  1428.25
1574.38812194,  101120.0,  92774.6,  477.267696518,  315.457419596,  1426.56
1574.40855648,  101101.0,  92757.0,  477.267741852,  315.457305742,  1426.37
1574.42899082,  101109.0,  92764.1,  477.267972538,  315.45743327,  1426.32
1574.44942536,  101115.0,  92771.2,  477.268086524,  315.45743292,  1426.14
1574.4698598,  101104.0,  92758.3,  477.267983881,  315.45760235,  1425.25
1574.49029414,  101101.0,  92756.9,  477.26771088,  315.457167081,  1426.19
1574.51072868,  101118.0,  92772.7,  477.267811014,  315.45759896,  1426.06
1574.53116312,  101087.0,  92742.8,  477.267872149,  315.457426758,  1425.62
1574.55159746,  101089.0,  92747.0,  477.267713484,  315.457556162,  1424.68
1574.572032,  101102.0,  92757.4,  477.268053731,  315.457582202,  1426.61
1574.59246644,  101106.0,  92761.8,  477.267902396,  315.457523824,  1426.01
1574.61290098,  101127.0,  92782.1,  477.267900946,  315.457843661,  1423.58
1574.63333532,  101103.0,  92759.4,  477.267604022,  315.457497634,  1423.35
1574.65376976,  101086.0,  92744.9,  477.267811038,  315.457747606,  1424.3
1574.6742043,  101118.0,  92773.1,  477.268037132,  315.457608772,  1424.05
1574.69463864,  101101.0,  92757.8,  477.267794759,  315.457711647,  1423.76
1574.71507308,  101110.0,  92765.4,  477.268012744,  315.457496664,  1423.07
1574.73550762,  101100.0,  92755.6,  477.267750275,  315.457662642,  1423.15
1574.75594196,  101093.0,  92750.5,  477.267737461,  315.457611493,  1423.09
1574.7763764,  101098.0,  92754.8,  477.267925497,  315.457606509,  1423.48
1574.79681095,  101096.0,  92752.3,  477.267765084,  315.457703031,  1423.27
1574.81724539,  101107.0,  92764.0,  477.267652757,  315.457780066,  1422.46
1574.83767983,  101111.0,  92767.7,  477.267735987,  315.457946008,  1422.46
1574.85811427,  101103.0,  92759.8,  477.267765623,  315.45781957,  1422.69
1574.87854871,  101113.0,  92769.5,  477.267840661,  315.457786429,  1422.4
1574.89898315,  101103.0,  92759.9,  477.267801101,  315.457739149,  1422.57
1574.9194176,  101126.0,  92780.2,  477.267860046,  315.457959914,  1422.01
1574.93985204,  101105.0,  92762.3,  477.267834151,  315.457794082,  1419.68
1574.96028648,  101085.0,  92744.7,  477.268029312,  315.457973743,  1421.68
1574.98072092,  101105.0,  92761.3,  477.267955954,  315.458195305,  1422.2
1575.00115537,  101108.0,  92764.8,  477.267628513,  315.457766249,  1420.11
1575.02158981,  101108.0,  92763.7,  477.268052359,  315.457947641,  1421.09
1575.04202425,  101095.0,  92753.4,  477.267950381,  315.458061042,  1420.22
1575.0624588,  101101.0,  92760.1,  477.26820438,  315.458189722,  1421.71
1575.08289314,  101101.0,  92757.4,  477.268327404,  315.458020185,  1421.44
1575.10332758,  101124.0,  92782.1,  477.268175005,  315.458221032,  1421.05
1575.12376213,  101101.0,  92759.8,  477.267779878,  315.457941828,  1419.71
1575.14419647,  101100.0,  92757.7,  477.267963027,  315.45818649,  1418.96
1575.16463092,  101104.0,  92762.9,  477.267882697,  315.458291874,  1418.37
1575.18506546,  101111.0,  92768.8,  477.268208529,  315.458457792,  1419.01
1575.2054998,  101111.0,  92768.0,  477.267981333,  315.458322361,  1422.07
1575.22593435,  101082.0,  92743.1,  477.267912387,  315.458159972,  1420.73
1575.24636879,  101115.0,  92771.7,  477.267915796,  315.458249185,  1418.95
1575.26680314,  101113.0,  92770.0,  477.268029954,  315.458068331,  1418.65
1575.28723768,  101113.0,  92770.3,  477.267701045,  315.458282303,  1420.19
1575.30767213,  101119.0,  92774.3,  477.268116137,  315.458192784,  1418.07
1575.32810647,  101103.0,  92761.0,  477.267701778,  315.458100182,  1419.6
1575.34854102,  101101.0,  92759.8,  477.267816541,  315.458307046,  1418.64
1575.36897547,  101111.0,  92767.8,  477.268239096,  315.458341298,  1417.72
1575.38941001,  101094.0,  92754.2,  477.267883144,  315.458508125,  1419.72
1575.40984436,  101094.0,  92753.8,  477.268264779,  315.45816039,  1418.9
1575.4302788,  101101.0,  92759.4,  477.268072531,  315.458150284,  1417.54
1575.45071335,  101110.0,  92768.1,  477.26813133,  315.4580624,  1418.85
1575.4711478,  101089.0,  92747.4,  477.268026048,  315.45821579,  1419.14
1575.49158214,  101096.0,  92755.4,  477.268458044,  315.458577895,  1417.88
1575.51201669,  101099.0,  92759.0,  477.268049139,  315.458465303,  1417.22
1575.53245114,  101098.0,  92755.9,  477.268060989,  315.458190518,  1417.77
1575.55288548,  101105.0,  92764.2,  477.267994396,  315.458281048,  1415.89
1575.57332003,  101096.0,  92754.9,  477.26826608,  315.458351446,  1416.4
1575.59375448,  101086.0,  92746.2,  477.268229534,  315.458494294,  1415.95
1575.61418892,  101094.0,  92754.2,  477.268099231,  315.458310265,  1416.07
1575.65505772,  101112.0,  92770.1,  477.268374773,  315.458599564,  1417.94
1575.67549227,  101098.0,  92757.7,  477.268316199,  315.458459474,  1415.54
1575.69592671,  101110.0,  92767.3,  477.268506366,  315.45848832,  1415.11
1575.71636106,  101110.0,  92767.3,  477.268235663,  315.458552956,  1415.96
1575.73679561,  101090.0,  92748.8,  477.268511641,  315.458600038,  1416.23
1575.75723006,  101104.0,  92759.9,  477.268481311,  315.458194746,  1415.99
1575.77766461,  101098.0,  92756.6,  477.268654718,  315.458474562,  1414.18
1575.79809896,  101088.0,  92745.8,  477.268688554,  315.458290875,  1414.85
1575.8185334,  101093.0,  92751.4,  477.268754495,  315.458607461,  1415.68
1575.83896795,  101106.0,  92762.8,  477.268771224,  315.458409206,  1414.79
1575.8594023,  101085.0,  92744.0,  477.268633421,  315.458791681,  1414.25
1575.87983675,  101106.0,  92764.4,  477.268730317,  315.458585971,  1415.27
1575.9002713,  101088.0,  92747.3,  477.268645646,  315.458357446,  1414.54
1575.92070565,  101100.0,  92757.7,  477.268665109,  315.45873514,  1415.43
1575.9411401,  101100.0,  92757.5,  477.268654633,  315.458484126,  1413.5
1575.96157465,  101105.0,  92761.6,  477.268725396,  315.458552834,  1414.0
1575.982009,  101083.0,  92741.4,  477.268677901,  315.458787775,  1415.18
1576.00244355,  101089.0,  92748.3,  477.268558928,  315.458484098,  1413.36
1576.022878,  101090.0,  92747.2,  477.26839326,  315.458536523,  1414.76
1576.04331245,  101101.0,  92757.7,  477.268928453,  315.458743223,  1412.62
1576.0637469,  101089.0,  92747.4,  477.268641093,  315.458435586,  1413.82
1576.08418135,  101096.0,  92753.1,  477.268938374,  315.458337533,  1414.18
1576.1046158,  101092.0,  92750.2,  477.268782524,  315.458545096,  1412.11
1576.12505025,  101082.0,  92740.6,  477.269021779,  315.458555305,  1414.52
1576.1454847,  101082.0,  92740.5,  477.268728362,  315.458735106,  1412.0
1576.16591916,  101112.0,  92768.6,  477.268857606,  315.458725113,  1412.06
1576.18635371,  101094.0,  92751.6,  477.268836202,  315.458640972,  1412.41
1576.20678806,  101081.0,  92739.7,  477.268660749,  315.458729872,  1413.33
1576.22722261,  101111.0,  92769.2,  477.268706921,  315.458513834,  1411.73
1576.24765706,  101099.0,  92755.8,  477.268704233,  315.458703898,  1411.34
1576.26809141,  101097.0,  92754.5,  477.269045616,  315.458652739,  1413.06
1576.28852597,  101086.0,  92744.1,  477.268582417,  315.458769509,  1411.95
1576.30896032,  101081.0,  92739.4,  477.268693185,  315.458613842,  1411.92
1576.32939477,  101086.0,  92745.9,  477.268910373,  315.45888716,  1412.77
1576.34982932,  101094.0,  92750.6,  477.26883669,  315.458673005,  1411.19
1576.37026368,  101121.0,  92786.7,  477.268858708,  315.458927582,  1422.46
1576.39069823,  101086.0,  92745.4,  477.268809421,  315.458597256,  1410.83
1576.41113268,  101080.0,  92740.4,  477.268648412,  315.45889674,  1410.78
1576.43156703,  101097.0,  92754.3,  477.269183414,  315.458756828,  1411.6
1576.45200159,  101105.0,  92762.9,  477.2688062,  315.458861074,  1410.67
1576.47243604,  101087.0,  92745.6,  477.268968959,  315.458907318,  1410.33
1576.49287039,  101087.0,  92746.5,  477.269078653,  315.459078989,  1411.34
1576.51330495,  101094.0,  92752.4,  477.268759215,  315.458985625,  1409.67
1576.5337394,  101085.0,  92743.1,  477.26879844,  315.458889703,  1410.95
1576.55417386,  101086.0,  92746.0,  477.268937331,  315.459200191,  1409.55
1576.57460831,  101082.0,  92741.9,  477.26906401,  315.45898729,  1409.84
1576.59504276,  101102.0,  92760.7,  477.269034506,  315.459032307,  1409.48
1576.61547732,  101105.0,  92763.1,  477.268718591,  315.459018634,  1409.36
1576.63591167,  101102.0,  92759.6,  477.26892288,  315.459073463,  1409.5
1576.65634613,  101096.0,  92755.3,  477.26898637,  315.458968099,  1410.25
1576.67678068,  101081.0,  92742.0,  477.269204977,  315.458889016,  1408.8
1576.69721514,  101102.0,  92759.8,  477.26882145,  315.459072437,  1409.68
1576.71764949,  101088.0,  92748.0,  477.268997973,  315.459332904,  1408.27
1576.73808405,  101077.0,  92738.0,  477.26892197,  315.459331417,  1409.81
1576.7585185,  101125.0,  92782.1,  477.26902476,  315.459408754,  1409.04
1576.77895296,  101111.0,  92769.5,  477.268807886,  315.459230711,  1407.52
1576.79938741,  101088.0,  92748.1,  477.269227141,  315.459466611,  1407.68
1576.81982187,  101117.0,  92774.4,  477.269074029,  315.459427735,  1407.66
1576.84025643,  101107.0,  92766.0,  477.269010094,  315.45940129,  1408.13
1576.86069078,  101102.0,  92760.6,  477.268813852,  315.459541938,  1407.58
1576.88112524,  101100.0,  92758.6,  477.268999168,  315.459277622,  1408.54
1576.90155979,  101067.0,  92729.9,  477.269167677,  315.459438638,  1406.71
1576.92199415,  101094.0,  92752.6,  477.269108722,  315.459527462,  1407.36
1576.94242861,  101111.0,  92768.4,  477.269002132,  315.45933125,  1406.49
1576.96286306,  101114.0,  92771.3,  477.268944677,  315.459433569,  1407.25
1576.98329752,  101113.0,  92770.6,  477.269294084,  315.459463833,  1407.23
1577.00373208,  101116.0,  92775.4,  477.269066104,  315.459448834,  1407.38
1577.02416643,  101104.0,  92762.9,  477.269035078,  315.459684561,  1407.37
1577.04460089,  101124.0,  92781.6,  477.269212733,  315.459597435,  1407.87
1577.06503545,  101120.0,  92778.3,  477.269045604,  315.459737311,  1407.21
1577.08546981,  101115.0,  92772.3,  477.269092852,  315.459524735,  1407.85
1577.10590426,  101131.0,  92788.2,  477.268991137,  315.459608485,  1405.52
1577.12633882,  101091.0,  92753.7,  477.269156665,  315.459922844,  1406.13
1577.14677318,  101101.0,  92761.3,  477.269004094,  315.459478281,  1407.21
1577.16720774,  101116.0,  92775.3,  477.26943863,  315.459665141,  1406.06
1577.1876422,  101128.0,  92785.9,  477.26923172,  315.459762267,  1405.74
1577.20807655,  101106.0,  92764.8,  477.269122413,  315.459868954,  1407.2
1577.22851111,  101115.0,  92773.5,  477.269215512,  315.459691802,  1405.66
1577.24894557,  101122.0,  92780.3,  477.269139048,  315.460099162,  1405.14
1577.26938003,  101120.0,  92779.2,  477.269053421,  315.460080061,  1404.73
1577.28981449,  101120.0,  92779.9,  477.269301108,  315.459737919,  1406.19
1577.31024895,  101119.0,  92777.2,  477.269105818,  315.460053377,  1405.26
1577.33068341,  101136.0,  92794.2,  477.269098248,  315.460128186,  1404.86
1577.35111797,  101121.0,  92779.8,  477.269239863,  315.459661111,  1404.17
1577.37155233,  101124.0,  92782.6,  477.269381809,  315.460022691,  1404.74
1577.39198689,  101114.0,  92774.1,  477.269101389,  315.459883857,  1404.03
1577.41242135,  101131.0,  92789.4,  477.269211794,  315.460153383,  1404.72
1577.4328557,  101124.0,  92782.5,  477.269064713,  315.460202881,  1403.25
1577.45329026,  101144.0,  92800.8,  477.269212328,  315.459797441,  1404.65
1577.47372473,  101133.0,  92791.8,  477.269417564,  315.460109905,  1402.56
1577.49415909,  101152.0,  92810.3,  477.26939813,  315.460226567,  1403.46
1577.51459365,  101129.0,  92788.1,  477.269029369,  315.460311133,  1404.58
1577.53502811,  101130.0,  92787.1,  477.269353336,  315.460048979,  1402.59
1577.55546257,  101149.0,  92807.2,  477.269191222,  315.460227354,  1400.95
1577.57589703,  101123.0,  92782.2,  477.269116769,  315.46017183,  1402.99
1577.59633139,  101145.0,  92800.8,  477.269211694,  315.46012962,  1402.96
1577.61676595,  101127.0,  92786.4,  477.269287878,  315.460105964,  1403.14
1577.63720041,  101143.0,  92799.9,  477.269378052,  315.460284964,  1401.81
1577.65763477,  101125.0,  92784.8,  477.26897073,  315.460067086,  1401.96
1577.67806933,  101240.0,  92891.7,  477.26993363,  315.460687974,  1402.06
1577.6985038,  101148.0,  92804.4,  477.269189476,  315.460349397,  1402.48
1577.71893826,  101134.0,  92793.3,  477.269406542,  315.460282191,  1405.84
1577.73937272,  101140.0,  92798.6,  477.269563324,  315.460383426,  1401.57
1577.75980718,  101123.0,  92781.1,  477.269150343,  315.460488503,  1400.8
1577.78024174,  101143.0,  92801.1,  477.269159156,  315.460296136,  1401.36
1577.80067611,  101137.0,  92795.1,  477.26901063,  315.460254565,  1401.64
1577.82111057,  101142.0,  92798.8,  477.268907983,  315.460523417,  1401.46
1577.84154513,  101160.0,  92815.6,  477.269276448,  315.460300388,  1400.5
1577.86197959,  101130.0,  92789.4,  477.269572093,  315.460545797,  1401.0
1577.88241396,  101144.0,  92802.6,  477.269245953,  315.460319593,  1400.34
1577.90284852,  101142.0,  92800.1,  477.269294101,  315.460541183,  1399.3
1577.92328298,  101131.0,  92790.4,  477.269172898,  315.460454965,  1398.62
1577.94371744,  101159.0,  92816.5,  477.269063229,  315.460202308,  1398.59
1577.96415191,  101157.0,  92812.9,  477.269532796,  315.460437947,  1400.25
1577.98458637,  101151.0,  92808.7,  477.269576721,  315.460591582,  1399.15
1578.00502084,  101142.0,  92801.7,  477.269430737,  315.460432966,  1400.84
1578.0254553,  101129.0,  92788.5,  477.269183737,  315.460466523,  1399.5
1578.04588976,  101126.0,  92786.6,  477.269642796,  315.460532733,  1399.53
1578.06632433,  101144.0,  92802.3,  477.269219843,  315.460372079,  1406.44
1578.08675869,  101143.0,  92801.4,  477.269452655,  315.460738805,  1401.11
1578.10719316,  101133.0,  92793.3,  477.269362148,  315.460493001,  1399.18
1578.12762772,  101140.0,  92798.0,  477.269282876,  315.460611493,  1397.83
1578.14806208,  101135.0,  92793.5,  477.269497086,  315.460580351,  1399.29
1578.16849665,  101145.0,  92804.0,  477.269357838,  315.460724959,  1398.46
1578.18893111,  101136.0,  92794.5,  477.269585043,  315.460583869,  1398.18
1578.20936548,  101162.0,  92819.6,  477.269383481,  315.460535209,  1398.31
1578.22980004,  101135.0,  92795.3,  477.269425428,  315.460677116,  1398.02
1578.25023441,  101122.0,  92782.3,  477.269378334,  315.460583012,  1397.66
1578.27066887,  101161.0,  92818.7,  477.26960983,  315.460810614,  1397.79
1578.29110344,  101119.0,  92780.5,  477.26966448,  315.460812652,  1399.09
1578.31153781,  101126.0,  92785.4,  477.269460905,  315.460662288,  1397.75
1578.33197237,  101152.0,  92810.8,  477.269061521,  315.460517397,  1398.56
1578.35240684,  101131.0,  92790.0,  477.269430384,  315.460684521,  1397.65
1578.3728412,  101136.0,  92795.0,  477.269327358,  315.460708753,  1397.47
1578.39327577,  101126.0,  92787.2,  477.269646594,  315.460808867,  1398.61
1578.41371024,  101109.0,  92769.2,  477.269297611,  315.460731472,  1400.18
1578.4341447,  101131.0,  92789.9,  477.269418205,  315.460714905,  1396.02
1578.45457917,  101135.0,  92796.3,  477.269458958,  315.460926814,  1396.48
1578.47501363,  101136.0,  92796.2,  477.26953157,  315.461086093,  1396.13
1578.4954481,  101113.0,  92775.3,  477.269433872,  315.460785539,  1396.99
1578.51588257,  101125.0,  92786.1,  477.269607442,  315.460767939,  1397.05
1578.53631704,  101120.0,  92781.5,  477.269307724,  315.461089024,  1395.01
1578.5567516,  101111.0,  92773.8,  477.269664677,  315.460769924,  1397.04
1578.57718607,  101143.0,  92803.0,  477.269688391,  315.461338376,  1397.74
1578.59762044,  101100.0,  92762.4,  477.269427029,  315.460713771,  1396.47
1578.63848947,  101119.0,  92779.5,  477.269735522,  315.461044751,  1395.85
1578.65892384,  101112.0,  92773.4,  477.269649012,  315.460968226,  1396.67
1578.67935841,  101122.0,  92782.1,  477.269825609,  315.460794594,  1396.83
1578.69979288,  101120.0,  92781.2,  477.270021498,  315.461008264,  1395.59
1578.72022724,  101115.0,  92776.3,  477.269582911,  315.460795122,  1395.97
1578.74066181,  101112.0,  92772.4,  477.269956885,  315.460782965,  1395.02
1578.76109628,  101093.0,  92756.5,  477.269874597,  315.461159839,  1396.16
1578.78153085,  101095.0,  92758.1,  477.269858063,  315.460922781,  1394.86
1578.80196522,  101094.0,  92756.4,  477.269793981,  315.460870171,  1395.3
1578.82239969,  101090.0,  92752.9,  477.270146666,  315.460816684,  1393.89
1578.84283426,  101089.0,  92752.2,  477.269905126,  315.461074515,  1394.16
1578.86326863,  101119.0,  92777.9,  477.270303968,  315.460917203,  1393.72
1578.88370309,  101091.0,  92754.4,  477.270133553,  315.460870647,  1395.82
1578.90413756,  101099.0,  92761.1,  477.269992338,  315.46091007,  1394.11
1578.92457203,  101089.0,  92750.4,  477.270129583,  315.461112545,  1394.33
1578.9450066,  101115.0,  92776.7,  477.270031247,  315.460955954,  1395.85
1578.96544097,  101094.0,  92756.2,  477.270276979,  315.461238761,  1394.05
1578.98587544,  101083.0,  92747.8,  477.270144894,  315.461292616,  1393.59
1579.00631001,  101081.0,  92744.4,  477.270154022,  315.460974582,  1393.66
1579.02674438,  101077.0,  92740.8,  477.270241719,  315.461138975,  1392.32
1579.04717885,  101106.0,  92767.7,  477.27021341,  315.461145141,  1394.04
1579.06761342,  101086.0,  92748.7,  477.270062247,  315.461106982,  1394.1
1579.08804789,  101101.0,  92762.5,  477.270394689,  315.461233304,  1391.61
1579.10848226,  101089.0,  92752.5,  477.270063075,  315.460900384,  1392.67
1579.12891684,  101114.0,  92775.2,  477.270145138,  315.461161596,  1393.32
1579.14935131,  101096.0,  92759.0,  477.270444868,  315.461424316,  1392.59
1579.16978578,  101100.0,  92763.0,  477.270184642,  315.461138589,  1394.1
1579.19022025,  101099.0,  92760.3,  477.270399642,  315.46140716,  1393.2
1579.21065472,  101076.0,  92740.5,  477.270392645,  315.461222022,  1391.93
1579.23108929,  101082.0,  92745.8,  477.270133721,  315.461226512,  1392.95
1579.25152366,  101094.0,  92756.1,  477.270302394,  315.461180025,  1392.5
1579.27195813,  101092.0,  92754.8,  477.270209017,  315.461375812,  1391.76
1579.29239271,  101112.0,  92772.0,  477.270348241,  315.461495406,  1392.19
1579.31282708,  101092.0,  92754.3,  477.270548794,  315.461092771,  1391.68
1579.33326165,  101083.0,  92747.8,  477.270152943,  315.461284792,  1391.62
1579.35369612,  101094.0,  92757.5,  477.27024553,  315.461370023,  1391.83
1579.37413049,  101092.0,  92754.8,  477.27031706,  315.46129111,  1390.87
1579.39456507,  101100.0,  92762.0,  477.270094287,  315.461439701,  1391.63
1579.41499954,  101086.0,  92749.5,  477.270591656,  315.461686019,  1390.42
1579.43543391,  101115.0,  92776.2,  477.270432686,  315.461366665,  1392.74
1579.45586848,  101114.0,  92775.6,  477.270572833,  315.461651459,  1390.63
1579.47630296,  101093.0,  92756.1,  477.270142441,  315.461480692,  1391.94
1579.49673733,  101081.0,  92746.6,  477.270297433,  315.461655663,  1391.18
1579.5171719,  101101.0,  92764.3,  477.270468473,  315.461659391,  1391.94
1579.53760628,  101110.0,  92771.7,  477.270375708,  315.461669323,  1391.15
1579.55804085,  101101.0,  92764.4,  477.270523012,  315.461651691,  1391.06
1579.57847532,  101095.0,  92757.3,  477.270372275,  315.461317659,  1389.89
1579.5989098,  101103.0,  92766.1,  477.270129103,  315.461606013,  1391.91
1579.61934427,  101116.0,  92778.8,  477.270502989,  315.461807872,  1390.08
1579.63977875,  101120.0,  92781.6,  477.27044637,  315.461841922,  1391.44
1579.66021322,  101096.0,  92761.7,  477.270353011,  315.461803221,  1389.6
1579.68064769,  101098.0,  92761.7,  477.27020453,  315.461514818,  1390.21
1579.70108217,  101098.0,  92760.9,  477.270414396,  315.461745486,  1390.77
1579.72151674,  101098.0,  92763.2,  477.270285591,  315.461867165,  1389.04
1579.74195122,  101114.0,  92777.7,  477.270637138,  315.461863352,  1389.05
1579.76238559,  101081.0,  92747.3,  477.270269629,  315.461775264,  1388.16
1579.78282017,  101103.0,  92767.2,  477.270341121,  315.461823389,  1388.7
1579.80325464,  101096.0,  92759.8,  477.270542781,  315.46199844,  1388.66
1579.82368902,  101108.0,  92771.0,  477.270508975,  315.461732424,  1387.39
1579.84412359,  101098.0,  92762.8,  477.270431854,  315.461759552,  1389.56
1579.86455807,  101132.0,  92792.6,  477.270398199,  315.462178259,  1387.44
1579.88499244,  101110.0,  92774.3,  477.270473752,  315.462042083,  1387.54
1579.90542702,  101115.0,  92779.0,  477.270601572,  315.46215268,  1387.11
1579.92586149,  101124.0,  92787.4,  477.270548903,  315.462184367,  1386.01
1579.94629607,  101101.0,  92765.8,  477.270456093,  315.462030961,  1388.72
1579.96673044,  101097.0,  92762.3,  477.270654243,  315.462009229,  1385.59
1579.98716492,  101120.0,  92784.3,  477.270365552,  315.462344086,  1387.62
1580.0075995,  101120.0,  92784.1,  477.270553984,  315.462107777,  1388.85
1580.02803387,  101137.0,  92798.7,  477.270688777,  315.461981938,  1385.41
1580.04846835,  101126.0,  92790.7,  477.270521901,  315.462073386,  1385.57
1580.06890293,  101097.0,  92763.2,  477.270348014,  315.462107573,  1385.82
1580.0893373,  101110.0,  92774.9,  477.27043494,  315.462486705,  1384.41
1580.10977178,  101111.0,  92776.3,  477.270561562,  315.46234902,  1385.34
1580.13020636,  101113.0,  92777.8,  477.270215169,  315.46218243,  1383.9
1580.15064073,  101117.0,  92781.0,  477.270409773,  315.462527907,  1383.91
1580.17107531,  101115.0,  92778.6,  477.270511543,  315.462156922,  1385.32
1580.19150969,  101091.0,  92757.7,  477.270487111,  315.462368942,  1386.16
1580.21194416,  101109.0,  92774.9,  477.270399506,  315.462322371,  1384.63
1580.23237874,  101111.0,  92776.7,  477.270434498,  315.462509381,  1386.05
1580.25281312,  101123.0,  92786.4,  477.270676999,  315.462398549,  1383.9
1580.2732476,  101097.0,  92763.6,  477.27046593,  315.462094321,  1384.13
1580.29368218,  101106.0,  92770.7,  477.270384639,  315.462351834,  1382.96
1580.31411665,  101100.0,  92766.9,  477.27045739,  315.462275511,  1383.24
1580.33455113,  101124.0,  92788.8,  477.270490217,  315.462436681,  1382.58
1580.35498561,  101126.0,  92789.5,  477.270576676,  315.462655751,  1382.14
1580.37542009,  101133.0,  92797.1,  477.27047828,  315.462570065,  1381.58
1580.39585457,  101132.0,  92796.3,  477.270343352,  315.46233915,  1382.62
1580.41628905,  101114.0,  92778.9,  477.270725052,  315.462473713,  1383.08
1580.43672352,  101124.0,  92789.0,  477.270505146,  315.462484487,  1382.51
1580.4571581,  101125.0,  92790.6,  477.270596502,  315.462567228,  1382.88
1580.47759248,  101121.0,  92784.7,  477.270347272,  315.462819149,  1381.3
1580.49802696,  101099.0,  92767.0,  477.270232274,  315.462844378,  1381.66
1580.51846154,  101125.0,  92788.3,  477.2706489,  315.46262208,  1380.03
1580.53889592,  101118.0,  92782.7,  477.270414721,  315.462644192,  1381.01
1580.5593305,  101123.0,  92789.1,  477.270379965,  315.462739849,  1381.99
1580.57976498,  101124.0,  92789.2,  477.270754747,  315.462981853,  1381.0
1580.60019936,  101113.0,  92780.5,  477.270216002,  315.462822759,  1381.07
1580.62063394,  101117.0,  92783.2,  477.270600425,  315.462524814,  1380.08
1580.64106842,  101122.0,  92787.8,  477.270552455,  315.46292633,  1381.21
1580.6615028,  101118.0,  92785.1,  477.270242788,  315.46290883,  1380.68
1580.68193738,  101125.0,  92789.7,  477.270628881,  315.463111697,  1379.57
1580.70237186,  101118.0,  92783.9,  477.270477092,  315.462899684,  1379.86
1580.72280644,  101134.0,  92799.6,  477.27066048,  315.462758647,  1380.23
1580.74324082,  101127.0,  92792.3,  477.270301955,  315.462992635,  1377.49
1580.7636753,  101129.0,  92794.5,  477.270620664,  315.462932003,  1379.96
1580.78410988,  101131.0,  92794.4,  477.270401748,  315.462822048,  1379.75
1580.80454426,  101148.0,  92811.2,  477.270451258,  315.463150361,  1379.8
1580.82497874,  101133.0,  92799.5,  477.270603475,  315.463077443,  1378.52
1580.84541322,  101106.0,  92773.4,  477.270618586,  315.463041876,  1378.0
1580.8658477,  101132.0,  92798.0,  477.270371058,  315.463096469,  1379.85
1580.88628219,  101119.0,  92786.4,  477.270350561,  315.46286233,  1378.31
1580.90671667,  101128.0,  92792.9,  477.270713785,  315.463089792,  1378.81
1580.92715115,  101115.0,  92782.7,  477.270361783,  315.463057167,  1377.12
1580.94758573,  101138.0,  92803.6,  477.270467383,  315.463257298,  1377.64
1580.96802021,  101127.0,  92792.6,  477.270510091,  315.463137663,  1378.05
1580.98845459,  101122.0,  92789.6,  477.270540507,  315.4631214,  1379.57
1581.00888918,  101129.0,  92794.6,  477.270403449,  315.462958576,  1378.58
1581.02932366,  101128.0,  92794.3,  477.270678632,  315.463420661,  1377.92
1581.04975804,  101129.0,  92796.5,  477.270551817,  315.463259874,  1376.57
1581.07019262,  101132.0,  92797.9,  477.27041426,  315.463271394,  1376.14
1581.0906271,  101118.0,  92783.9,  477.270363596,  315.462945906,  1377.89
1581.11106169,  101106.0,  92777.1,  477.270546645,  315.463447408,  1376.58
1581.13149607,  101122.0,  92787.6,  477.270656142,  315.463269558,  1378.59
1581.15193055,  101115.0,  92782.9,  477.27053356,  315.463120535,  1377.69
1581.17236514,  101128.0,  92794.5,  477.27040978,  315.463339288,  1377.58
1581.19279952,  101112.0,  92780.8,  477.270613839,  315.463298546,  1378.2
1581.213234,  101133.0,  92799.6,  477.270463794,  315.463305538,  1376.51
1581.23366859,  101134.0,  92799.9,  477.270543444,  315.46337196,  1375.63
1581.25410297,  101130.0,  92796.7,  477.270580901,  315.463548256,  1377.32
1581.27453745,  101133.0,  92801.0,  477.270620363,  315.463463177,  1377.73
1581.29497204,  101144.0,  92810.1,  477.270579385,  315.463500637,  1377.49
1581.31540642,  101123.0,  92790.2,  477.270213116,  315.463336073,  1375.5
1581.335841,  101139.0,  92807.2,  477.270624707,  315.463637817,  1375.98
1581.35627549,  101129.0,  92796.3,  477.270267442,  315.463392221,  1374.71
1581.37670997,  101100.0,  92771.3,  477.270545361,  315.463288698,  1375.11
1581.39714446,  101125.0,  92793.3,  477.270629203,  315.463369354,  1374.67
1581.41757894,  101117.0,  92786.7,  477.270465299,  315.463441651,  1375.3
1581.43801342,  101120.0,  92789.1,  477.270334651,  315.463498284,  1375.26
1581.45844791,  101108.0,  92778.3,  477.270678485,  315.463765692,  1374.44
1581.47888239,  101109.0,  92779.6,  477.270551385,  315.463594027,  1374.15
1581.49931688,  101126.0,  92794.3,  477.27031848,  315.46360438,  1375.13
1581.51975136,  101125.0,  92793.1,  477.270356207,  315.46371232,  1374.73
1581.54018585,  101115.0,  92785.4,  477.270401773,  315.463554615,  1373.04
1581.56062033,  101109.0,  92778.8,  477.270640778,  315.463819407,  1373.49
1581.58105482,  101110.0,  92784.2,  477.27062535,  315.463801866,  1375.11
1586.83271413,  101121.0,  92814.5,  477.273814891,  315.473986619,  1344.18
1586.85314874,  101128.0,  92821.9,  477.273888048,  315.474004372,  1344.81
1586.87358315,  101141.0,  92833.5,  477.274203937,  315.474002613,  1345.18
1586.89401776,  101106.0,  92800.3,  477.273518532,  315.47407611,  1345.22
1586.91445227,  101120.0,  92813.8,  477.273971025,  315.474196028,  1347.05
1586.93488668,  101123.0,  92816.2,  477.27373522,  315.473961132,  1346.95
1586.9553213,  101139.0,  92829.6,  477.273270192,  315.473895418,  1345.9
1586.97575581,  101130.0,  92824.1,  477.273702657,  315.474173386,  1345.44
1586.99619032,  101134.0,  92827.0,  477.273731193,  315.474142155,  1343.48
1587.01662483,  101118.0,  92813.8,  477.273522631,  315.474128009,  1342.76
1587.03705934,  101102.0,  92797.4,  477.273433396,  315.474226312,  1344.64
1587.05749396,  101123.0,  92817.1,  477.273804446,  315.474102661,  1345.74
1587.07792847,  101120.0,  92814.9,  477.273548243,  315.474114937,  1344.71
1587.09836288,  101104.0,  92799.2,  477.273800173,  315.474124064,  1345.18
1587.11879749,  101113.0,  92809.2,  477.273958145,  315.474094928,  1344.42
1587.139232,  101090.0,  92790.0,  477.273683267,  315.474264396,  1344.77
1587.15966642,  101116.0,  92811.5,  477.274026642,  315.474268609,  1344.39
1587.18010103,  101113.0,  92809.4,  477.274031455,  315.474361594,  1344.72
1587.20053554,  101107.0,  92805.5,  477.27420673,  315.474320204,  1344.42
1587.22097006,  101090.0,  92789.5,  477.274263543,  315.474428472,  1344.59
1587.24140457,  101091.0,  92791.6,  477.274286648,  315.474602204,  1344.7
1587.26183898,  101117.0,  92815.1,  477.274461641,  315.474496413,  1344.98
1587.28227359,  101113.0,  92812.4,  477.274169703,  315.474630944,  1344.49
1587.30270811,  101119.0,  92817.1,  477.273958358,  315.474520386,  1345.57
1587.32314252,  101109.0,  92807.5,  477.273990675,  315.474594341,  1343.48
1587.34357713,  101109.0,  92808.6,  477.274695435,  315.474661483,  1345.78
1587.36401165,  101099.0,  92799.9,  477.274497315,  315.474723189,  1344.83
1587.38444626,  101116.0,  92815.0,  477.27464564,  315.474704016,  1344.88
1587.40488067,  101117.0,  92816.7,  477.274380691,  315.474569676,  1343.34
1587.42531519,  101109.0,  92810.3,  477.274487974,  315.474877412,  1343.44
1587.4457498,  101115.0,  92813.3,  477.274482968,  315.474682354,  1342.72
1587.46618422,  101122.0,  92823.2,  477.27415005,  315.473968919,  1342.91
1587.50705334,  101101.0,  92801.8,  477.274290029,  315.474582049,  1344.04
1587.52748776,  101092.0,  92795.0,  477.274669584,  315.474683327,  1344.13
1587.54792237,  101111.0,  92810.5,  477.27458316,  315.474688779,  1343.9
1587.56835689,  101101.0,  92802.9,  477.274701902,  315.474753828,  1343.04
1587.5887914,  101110.0,  92811.2,  477.274506184,  315.474543574,  1342.5
1587.60922592,  101102.0,  92802.6,  477.274647557,  315.474482407,  1344.98
1587.62966043,  101115.0,  92816.7,  477.274463949,  315.474788231,  1342.98
1587.65009494,  101109.0,  92808.7,  477.274467289,  315.474465488,  1343.23
1587.67052946,  101109.0,  92810.1,  477.274406596,  315.474830527,  1345.01
1587.69096397,  101108.0,  92809.8,  477.274214942,  315.474526596,  1342.27
1587.71139859,  101104.0,  92803.8,  477.274111049,  315.474606421,  1343.32
1587.731833,  101099.0,  92800.4,  477.274460205,  315.474628844,  1344.91
1587.75226752,  101112.0,  92811.9,  477.273967156,  315.474155084,  1342.69
1587.77270213,  101123.0,  92822.3,  477.274536814,  315.474629984,  1343.27
1587.79313665,  101098.0,  92799.6,  477.27417417,  315.474403651,  1343.38
1587.81357106,  101123.0,  92822.2,  477.27400317,  315.47415802,  1342.27
1587.83400568,  101099.0,  92798.7,  477.274294472,  315.474185752,  1342.64
1587.85444009,  101097.0,  92797.8,  477.274040134,  315.473989783,  1343.33
1587.87487471,  101125.0,  92823.6,  477.274145193,  315.474314727,  1342.39
1587.89530923,  101093.0,  92793.8,  477.274222155,  315.474341747,  1344.39
1587.91574364,  101112.0,  92811.0,  477.273940636,  315.473929052,  1342.96
1587.93617826,  101117.0,  92814.2,  477.273772472,  315.47396198,  1342.12
1587.95661277,  101104.0,  92803.8,  477.273656953,  315.473952363,  1341.91
1587.97704719,  101116.0,  92814.5,  477.273939672,  315.474033822,  1343.45
1587.9974818,  101117.0,  92813.5,  477.273679288,  315.473780185,  1342.2
1588.01791632,  101121.0,  92819.7,  477.274062554,  315.473982762,  1342.52
1588.03835074,  101117.0,  92813.7,  477.273917875,  315.473830625,  1341.57
1588.05878535,  101110.0,  92807.7,  477.273762732,  315.473755471,  1341.39
1588.07921987,  101111.0,  92809.1,  477.273530675,  315.473555351,  1342.28
1588.09965449,  101133.0,  92828.8,  477.273783648,  315.473767209,  1341.26
1588.1200889,  101090.0,  92790.1,  477.273578971,  315.473521454,  1340.98
1588.14052342,  101128.0,  92824.5,  477.273606871,  315.473738475,  1340.33
1588.16095804,  101110.0,  92805.5,  477.273576655,  315.473375013,  1342.25
1588.18139245,  101163.0,  92855.7,  477.273514308,  315.473257505,  1341.17
1588.20182697,  101119.0,  92814.2,  477.273461564,  315.473141502,  1340.18
1588.22226159,  101100.0,  92797.4,  477.274054176,  315.473321312,  1340.54
1588.242696,  101113.0,  92808.7,  477.273381488,  315.473171069,  1339.26
1588.26313062,  101109.0,  92805.9,  477.27367824,  315.473226673,  1339.04
1588.28356514,  101101.0,  92797.8,  477.273615168,  315.473470651,  1339.12
1588.30399965,  101125.0,  92820.1,  477.273528979,  315.472903706,  1338.35
1588.32443417,  101115.0,  92808.8,  477.273374365,  315.473103504,  1339.37
1588.34486869,  101122.0,  92815.6,  477.273528793,  315.472833111,  1338.87
1588.36530321,  101121.0,  92815.9,  477.273384086,  315.472854051,  1340.2
1588.38573772,  101104.0,  92798.5,  477.273598533,  315.472719405,  1339.61
1588.40617224,  101117.0,  92811.4,  477.273546974,  315.472774635,  1337.45
1588.42660676,  101115.0,  92810.1,  477.273454079,  315.472852735,  1337.8
1588.44704138,  101110.0,  92804.3,  477.273510812,  315.472869074,  1337.95
1588.46747579,  101122.0,  92816.1,  477.273623792,  315.472874655,  1338.6
1588.48791041,  101122.0,  92815.2,  477.273726356,  315.472783099,  1338.16
1588.50834483,  101111.0,  92805.3,  477.273515717,  315.472672707,  1337.87
1588.52877935,  101124.0,  92818.0,  477.273613717,  315.472637825,  1336.69
1588.54921397,  101115.0,  92808.1,  477.273360066,  315.472765845,  1337.11
1588.56964838,  101108.0,  92803.8,  477.273413446,  315.472650022,  1338.63
1588.5900829,  101118.0,  92811.9,  477.273446607,  315.472892777,  1337.35
1588.61051752,  101114.0,  92806.7,  477.273428864,  315.472501821,  1336.53
1588.63095194,  101122.0,  92816.4,  477.273278419,  315.472679819,  1337.26
1588.65138656,  101118.0,  92811.3,  477.273668473,  315.472645085,  1336.42
1588.67182108,  101118.0,  92811.4,  477.273437558,  315.472684981,  1337.89
1588.6922555,  101125.0,  92818.0,  477.273329132,  315.472381563,  1337.13
1588.71269011,  101133.0,  92824.5,  477.273555419,  315.472636592,  1336.22
1588.73312463,  101122.0,  92815.3,  477.273561395,  315.472518752,  1337.15
1588.75355905,  101120.0,  92813.0,  477.273403735,  315.472516112,  1337.26
1588.77399367,  101131.0,  92823.5,  477.273556561,  315.472297611,  1336.95
1588.79442819,  101116.0,  92809.1,  477.273422493,  315.47251318,  1335.78
1588.81486271,  101128.0,  92820.4,  477.273807186,  315.472202654,  1335.72
1588.83529723,  101115.0,  92807.8,  477.273374236,  315.472423751,  1334.51
1588.85573175,  101125.0,  92817.9,  477.273210282,  315.472383157,  1334.79
1588.87616637,  101127.0,  92819.0,  477.273638473,  315.472499609,  1335.33
1588.89660079,  101114.0,  92807.0,  477.273485426,  315.472412297,  1335.28
1588.91703531,  101127.0,  92819.5,  477.273560437,  315.472298801,  1335.54
1588.93746993,  101119.0,  92812.0,  477.273575266,  315.472193946,  1337.02
1588.95790445,  101126.0,  92817.4,  477.273468632,  315.472205661,  1336.05
1588.97833887,  101122.0,  92813.5,  477.273463463,  315.472201373,  1335.16
1588.99877348,  101114.0,  92806.5,  477.273655497,  315.47232194,  1335.34
1589.019208,  101110.0,  92804.0,  477.273503438,  315.472431732,  1334.33
1589.03964242,  101125.0,  92816.5,  477.273349077,  315.472500065,  1333.22
1589.06007704,  101131.0,  92822.2,  477.273386759,  315.472462855,  1333.46
1589.08051156,  101144.0,  92834.5,  477.273627833,  315.472189325,  1333.15
1589.10094619,  101155.0,  92842.2,  477.273639382,  315.472159734,  1334.15
1589.12138061,  101115.0,  92806.8,  477.273601535,  315.472328906,  1333.17
1589.14181513,  101138.0,  92828.4,  477.273805836,  315.472078579,  1332.83
1589.16224965,  101145.0,  92834.6,  477.273779844,  315.472018965,  1333.68
1589.18268417,  101120.0,  92811.7,  477.273680502,  315.471881935,  1335.64
1589.20311859,  101104.0,  92797.1,  477.273690175,  315.472178036,  1333.35
1589.22355321,  101131.0,  92821.4,  477.273957875,  315.47217327,  1333.48
1589.24398773,  101110.0,  92802.7,  477.273670744,  315.472088659,  1332.02
1589.26442235,  101119.0,  92811.0,  477.274009616,  315.472233368,  1332.36
1589.28485677,  101112.0,  92803.9,  477.273991151,  315.472258429,  1333.46
1589.30529129,  101130.0,  92820.3,  477.273843632,  315.472019972,  1333.15
1589.32572591,  101126.0,  92816.7,  477.273993095,  315.471967641,  1333.11
1589.34616033,  101124.0,  92815.4,  477.273931716,  315.472116824,  1332.45
1589.36659485,  101116.0,  92808.8,  477.273627131,  315.472091481,  1332.72
1589.38702948,  101111.0,  92803.3,  477.27384706,  315.471968761,  1333.62
1589.4074639,  101121.0,  92812.8,  477.273941969,  315.472008222,  1331.84
1589.42789842,  101137.0,  92826.8,  477.273913611,  315.472087221,  1331.11
1589.44833304,  101129.0,  92820.1,  477.274085786,  315.472332937,  1333.38
1589.46876756,  101135.0,  92825.4,  477.273846558,  315.471863101,  1331.57
1589.48920208,  101104.0,  92796.9,  477.274165949,  315.472083936,  1332.69
1589.5096366,  101128.0,  92818.9,  477.273610088,  315.472075647,  1332.06
1589.53007113,  101124.0,  92814.6,  477.274123282,  315.471912167,  1332.99
1589.55050565,  101112.0,  92802.0,  477.274104024,  315.472099855,  1330.65
1589.57094017,  101121.0,  92811.8,  477.273920187,  315.47202359,  1330.46
1589.59137469,  101121.0,  92812.0,  477.274194972,  315.472284995,  1330.58
1589.61180931,  101139.0,  92827.1,  477.273861979,  315.472066022,  1330.7
1589.63224374,  101136.0,  92825.7,  477.273782411,  315.471915375,  1332.01
1589.65267826,  101137.0,  92825.8,  477.274208793,  315.4720178,  1332.17
1589.67311288,  101113.0,  92803.5,  477.273914531,  315.471977618,  1331.14
1589.6935473,  101130.0,  92821.4,  477.274162892,  315.472034257,  1330.78
1589.71398193,  101115.0,  92806.3,  477.273868783,  315.471869192,  1331.22
1589.73441645,  101128.0,  92819.2,  477.274189613,  315.471826425,  1330.14
1589.75485087,  101110.0,  92801.9,  477.2739318,  315.472074321,  1329.64
1589.77528549,  101129.0,  92819.3,  477.274515453,  315.471946379,  1330.61
1589.79572002,  101104.0,  92796.4,  477.273955914,  315.471686956,  1331.38
1589.81615444,  101121.0,  92811.6,  477.274134613,  315.471963836,  1331.91
1589.85702348,  101129.0,  92818.5,  477.274145812,  315.471899391,  1330.7
1589.87745811,  101109.0,  92798.8,  477.274309893,  315.472037519,  1330.33
1589.89789263,  101109.0,  92800.9,  477.274253882,  315.47188874,  1331.48
1589.91832705,  101140.0,  92828.4,  477.274268327,  315.471923599,  1330.25
1589.93876168,  101100.0,  92791.2,  477.27426411,  315.472069267,  1330.98
1589.9591962,  101126.0,  92814.3,  477.274231996,  315.47204093,  1330.73
1589.97963062,  101127.0,  92816.2,  477.274325029,  315.471920925,  1329.81
1590.00006525,  101119.0,  92808.9,  477.274531141,  315.471989211,  1328.57
1590.02049977,  101112.0,  92803.3,  477.274380169,  315.472171094,  1329.03
1590.04093429,  101119.0,  92807.9,  477.274105731,  315.472001649,  1330.47
1590.06136882,  101097.0,  92788.6,  477.274537464,  315.47202143,  1329.19
1590.08180334,  101118.0,  92807.8,  477.274238919,  315.472009789,  1329.4
1590.10223796,  101109.0,  92800.3,  477.274523516,  315.47230543,  1328.98
1590.12267239,  101125.0,  92814.6,  477.274442949,  315.4720327,  1328.83
1590.14310691,  101141.0,  92829.1,  477.274062146,  315.471905513,  1328.91
1590.16354154,  101110.0,  92800.2,  477.274443029,  315.472131659,  1327.41
1590.18397606,  101112.0,  92803.9,  477.274524972,  315.472109922,  1328.96
1590.20441048,  101122.0,  92811.4,  477.274318378,  315.471875276,  1327.24
1590.22484511,  101109.0,  92798.8,  477.274337209,  315.472280274,  1327.39
1590.24527963,  101119.0,  92809.4,  477.274480891,  315.47209823,  1329.83
1590.26571406,  101090.0,  92781.9,  477.274367793,  315.472289782,  1327.21
1590.28614868,  101114.0,  92804.2,  477.274149565,  315.471994019,  1327.28
1590.30658321,  101105.0,  92796.2,  477.274269504,  315.472031333,  1329.44
1590.32701783,  101103.0,  92793.4,  477.274447401,  315.471951081,  1327.0
1590.34745225,  101120.0,  92809.9,  477.274461765,  315.471956705,  1327.77
1590.36788678,  101109.0,  92798.0,  477.274335673,  315.47217997,  1328.21
1590.3883214,  101111.0,  92801.3,  477.274716687,  315.472202234,  1328.01
1590.40875583,  101091.0,  92783.9,  477.274407022,  315.471919686,  1326.14
1590.42919035,  101113.0,  92801.7,  477.274414562,  315.471758221,  1328.44
1590.44962488,  101124.0,  92812.2,  477.274447986,  315.471887013,  1328.71
1590.4700594,  101118.0,  92808.3,  477.274390236,  315.471962941,  1327.78
1590.49049403,  101114.0,  92803.1,  477.274488491,  315.471894968,  1326.93
1590.51092845,  101122.0,  92812.0,  477.274302523,  315.472128613,  1327.06
1590.53136298,  101105.0,  92795.5,  477.274453904,  315.471993764,  1327.14
1590.5517976,  101098.0,  92788.2,  477.274365213,  315.47210662,  1327.36
1590.57223203,  101122.0,  92811.9,  477.2749398,  315.472496558,  1326.16
1590.59266656,  101102.0,  92792.2,  477.274454897,  315.471953005,  1327.08
1590.61310118,  101086.0,  92778.6,  477.274600216,  315.47218193,  1327.0
1590.63353561,  101112.0,  92803.1,  477.274608565,  315.472015694,  1324.92
1590.65397013,  101109.0,  92798.6,  477.274267519,  315.472027184,  1325.39
1590.67440476,  101088.0,  92779.8,  477.274517262,  315.471998876,  1327.83
1590.69483928,  101096.0,  92787.9,  477.275109092,  315.471837421,  1325.8
1590.71527381,  101090.0,  92780.6,  477.274606874,  315.472155243,  1326.89
1590.73570833,  101107.0,  92796.4,  477.274481883,  315.472027268,  1325.21
1590.75614286,  101115.0,  92803.9,  477.274620643,  315.471979963,  1326.25
1590.77657739,  101099.0,  92790.1,  477.274755468,  315.471953163,  1325.6
1590.79701191,  101106.0,  92796.3,  477.274549631,  315.471864985,  1327.49
1590.81744644,  101088.0,  92779.4,  477.274528748,  315.472041449,  1326.6
1590.83788107,  101119.0,  92807.4,  477.274441109,  315.472010574,  1325.25
1590.85831549,  101094.0,  92784.8,  477.274475259,  315.472079965,  1325.88
1590.87875002,  101095.0,  92785.9,  477.274649883,  315.472054847,  1325.32
1590.89918464,  101094.0,  92785.5,  477.274543271,  315.471850098,  1325.87
1590.91961907,  101086.0,  92777.8,  477.274447743,  315.471842812,  1325.1
1590.9400537,  101091.0,  92782.0,  477.274724385,  315.472225447,  1324.73
1590.96048822,  101081.0,  92773.9,  477.274367916,  315.47198065,  1324.79
1590.98092265,  101067.0,  92754.2,  477.276812745,  315.472809602,  1325.96
1591.00135728,  101074.0,  92760.5,  477.275432424,  315.472115043,  1324.66
