Kepler I.D.-----Channel

[8122124]--------[53]

-TTYPE1--------TTYPE8------------TTYPE4-----------TTYPE15------------TTYPE17-----------TTYPE6

['TIME']---['PDCSAP_FLUX']---['SAP_FLUX']---['MOM_CENTR1']---['MOM_CENTR2']---['SAP_BKG']

['BJD - 2454833']--['e-/s']--------['e-/s']---------['pixel']---------['pixel']----------['e-/s']

CROWDSAP --- 0.9477

8122124

1559.24591935,  46552.7,  45091.0,  552.816909262,  349.326550744,  2523.24
1559.26635348,  46907.7,  45419.3,  552.817227573,  349.325164027,  2520.73
1559.28678771,  47098.4,  45593.4,  552.817223618,  349.32475076,  2522.31
1559.30722174,  46967.4,  45471.9,  552.81719808,  349.324865701,  2522.96
1559.32765587,  46634.9,  45168.9,  552.816798755,  349.325835686,  2521.19
1559.3480901,  46439.3,  44987.5,  552.81688121,  349.326920816,  2524.69
1559.36852413,  46548.9,  45089.5,  552.816834527,  349.325773989,  2523.96
1559.38895836,  46854.4,  45371.4,  552.817302364,  349.324860692,  2522.64
1559.40939249,  47088.7,  45583.9,  552.818247347,  349.324013406,  2522.57
1559.42982662,  46994.6,  45498.6,  552.81791356,  349.324219669,  2523.35
1559.45026075,  46678.0,  45208.7,  552.817361412,  349.325253879,  2520.8
1559.47069489,  46424.7,  44976.5,  552.817607108,  349.325775226,  2521.97
1559.49112902,  46502.3,  45047.7,  552.817432571,  349.325485334,  2522.9
1559.51156315,  46851.2,  45367.2,  552.818455199,  349.324201464,  2522.26
1559.53199728,  47111.6,  45606.2,  552.818539561,  349.323553788,  2520.39
1559.55243141,  47021.5,  45525.2,  552.818176445,  349.32388806,  2520.14
1559.57286555,  46697.0,  45226.4,  552.818301657,  349.32477943,  2520.58
1559.59329968,  46446.3,  44997.2,  552.8173858,  349.32507052,  2519.19
1559.61373381,  46492.8,  45039.8,  552.818334289,  349.324725791,  2518.7
1559.63416795,  46794.0,  45315.3,  552.818239543,  349.32405145,  2519.48
1559.65460208,  47084.3,  45583.1,  552.818428207,  349.322917048,  2519.38
1559.67503632,  47034.8,  45537.5,  552.818593978,  349.323566167,  2518.87
1559.69547035,  46757.1,  45282.3,  552.818542125,  349.323843717,  2520.44
1559.71590449,  46480.2,  45029.3,  552.818294529,  349.324987975,  2517.72
1559.73633872,  46457.5,  45007.2,  552.818367998,  349.324424026,  2517.44
1559.75677276,  46764.6,  45289.8,  552.819006473,  349.323845357,  2517.97
1559.77720699,  47066.9,  45569.3,  552.818910084,  349.32300923,  2517.74
1559.79764113,  47059.6,  45560.8,  552.81921289,  349.322801164,  2517.0
1559.81807516,  46771.7,  45296.7,  552.819087597,  349.323775004,  2517.06
1559.8385094,  46498.3,  45046.6,  552.818520209,  349.324446052,  2516.5
1559.85894354,  46455.4,  45006.2,  552.818756877,  349.324501628,  2514.68
1559.87937757,  46738.6,  45268.2,  552.819150591,  349.323424745,  2516.35
1559.89981181,  47065.2,  45566.3,  552.819668869,  349.32295519,  2515.88
1559.92024595,  47079.3,  45578.2,  552.81957768,  349.322575892,  2516.31
1559.94068018,  46797.0,  45321.9,  552.819044721,  349.322816504,  2514.64
1559.96111422,  46514.1,  45059.8,  552.81919923,  349.323871562,  2514.02
1559.98154836,  46461.0,  45012.8,  552.818781614,  349.324452844,  2515.11
1560.0019826,  46700.3,  45233.5,  552.819374435,  349.323470711,  2515.28
1560.02241664,  47018.5,  45523.1,  552.819951843,  349.322363408,  2515.63
1560.04285078,  47111.5,  45609.5,  552.820181455,  349.322197493,  2514.85
1560.06328501,  46857.2,  45376.3,  552.819787768,  349.322614868,  2512.48
1560.08371905,  46539.2,  45084.3,  552.81953799,  349.3236887,  2513.7
1560.10415329,  46429.0,  44983.9,  552.818870653,  349.323962731,  2513.83
1560.12458743,  46664.7,  45200.3,  552.819718643,  349.322740466,  2513.7
1560.14502147,  47000.1,  45507.0,  552.820176382,  349.322293228,  2512.96
1560.16545571,  47113.4,  45612.0,  552.820087287,  349.321368375,  2513.77
1560.18588985,  46875.6,  45393.4,  552.820434408,  349.322187328,  2512.83
1560.20632389,  46554.7,  45097.8,  552.819761281,  349.323309518,  2513.39
1560.22675814,  46452.5,  45006.0,  552.81952552,  349.323377111,  2513.98
1560.24719228,  46644.6,  45181.5,  552.819959904,  349.322489266,  2510.81
1560.26762632,  46983.9,  45493.1,  552.820028547,  349.321378914,  2512.85
1560.28806056,  47107.9,  45606.6,  552.820518087,  349.321463591,  2511.25
1560.3084947,  46922.8,  45434.9,  552.820236572,  349.321752895,  2514.19
1560.32892885,  46609.4,  45148.8,  552.819950348,  349.322569,  2512.29
1560.34936299,  46432.1,  44986.3,  552.819763481,  349.323023394,  2512.24
1560.36979713,  46606.6,  45146.5,  552.8201114,  349.322851314,  2510.14
1560.39023137,  46952.3,  45464.3,  552.820342574,  349.321811811,  2511.88
1560.41066542,  47143.9,  45638.9,  552.821413035,  349.32068634,  2510.4
1560.43109956,  46947.0,  45459.1,  552.820882615,  349.321794634,  2511.03
1560.45153381,  46635.6,  45174.5,  552.819852886,  349.322525985,  2510.64
1560.47196785,  46430.9,  44984.3,  552.819910218,  349.32323328,  2510.35
1560.49240209,  46586.3,  45128.1,  552.820041028,  349.322800464,  2510.1
1560.51283624,  46916.3,  45430.9,  552.820789746,  349.32121408,  2509.55
1560.53327028,  47111.7,  45609.9,  552.821507328,  349.320788648,  2506.54
1560.55370453,  46996.7,  45504.9,  552.820950451,  349.320970449,  2508.28
1560.57413867,  46656.2,  45192.1,  552.820504802,  349.32204289,  2509.36
1560.59457272,  46453.7,  45005.6,  552.820151632,  349.322498908,  2508.28
1560.61500697,  46538.0,  45084.1,  552.820379134,  349.322177072,  2508.92
1560.63544111,  46871.5,  45389.0,  552.821568989,  349.321349756,  2508.86
1560.65587526,  47120.1,  45616.5,  552.821238513,  349.320684117,  2508.03
1560.67630941,  47029.0,  45534.7,  552.820902208,  349.320697687,  2507.36
1560.69674355,  46679.9,  45213.0,  552.821236173,  349.322240263,  2510.23
1560.73761185,  46544.7,  45089.9,  552.821009714,  349.322204925,  2507.69
1560.758046,  46862.2,  45379.7,  552.821433664,  349.321326442,  2507.39
1560.77848024,  47091.8,  45591.2,  552.822105438,  349.320866078,  2506.68
1560.79891429,  47034.8,  45539.1,  552.82171861,  349.320849017,  2506.0
1560.81934844,  46719.2,  45249.3,  552.821594349,  349.321965327,  2509.8
1560.83978269,  46482.5,  45034.0,  552.821415546,  349.322394104,  2518.52
1560.96238759,  46505.4,  45055.5,  552.821484059,  349.323160962,  2533.25
1560.98282164,  46480.1,  45034.3,  552.821384946,  349.323649553,  2529.35
1561.00325589,  46801.0,  45329.6,  552.821512604,  349.321240551,  2528.39
1561.02369004,  47059.9,  45564.7,  552.822107155,  349.321018131,  2523.95
1561.04412429,  47078.4,  45580.5,  552.823015954,  349.319996584,  2525.43
1561.06455834,  47028.2,  45535.3,  552.820930436,  349.32132995,  2526.99
1561.0849925,  46547.8,  45093.7,  552.821118809,  349.322735781,  2523.33
1561.10542675,  46464.6,  45017.9,  552.821872579,  349.322604809,  2523.27
1561.1258608,  46738.6,  45271.6,  552.822362313,  349.321910322,  2519.89
1561.14629495,  47056.4,  45560.5,  552.82209775,  349.32147179,  2516.15
1561.16672921,  47085.6,  45588.3,  552.822891342,  349.320617773,  2515.71
1561.18716326,  46817.0,  45340.0,  552.821950282,  349.321778576,  2516.12
1561.20759741,  46521.8,  45067.6,  552.822023953,  349.322172914,  2514.7
1561.22803167,  46450.6,  45005.8,  552.821487009,  349.322510148,  2513.81
1561.24846572,  46704.4,  45237.3,  552.821906542,  349.32143352,  2511.97
1561.26889997,  47047.6,  45550.9,  552.823074418,  349.320341001,  2512.07
1561.28933413,  47100.0,  45600.0,  552.823211355,  349.320140151,  2512.03
1561.30976828,  46867.0,  45384.8,  552.822458109,  349.321034641,  2508.93
1561.33020244,  46547.5,  45092.2,  552.82180534,  349.321625343,  2507.73
1561.35063659,  46461.9,  45014.9,  552.821747765,  349.321399179,  2506.98
1561.37107075,  46706.9,  45238.5,  552.822680781,  349.321244599,  2507.36
1561.3915049,  47020.2,  45525.6,  552.822804584,  349.319687742,  2506.92
1561.41193906,  47120.9,  45618.7,  552.823607582,  349.319919027,  2506.0
1561.43237332,  46892.7,  45407.9,  552.823832235,  349.319991148,  2504.65
1561.45280737,  46562.8,  45106.9,  552.822928589,  349.321667954,  2506.31
1561.47324153,  46455.3,  45006.3,  552.822673086,  349.321814108,  2506.0
1561.49367569,  46649.6,  45185.3,  552.822774062,  349.32087537,  2503.09
1561.51410984,  47001.7,  45509.7,  552.823462373,  349.319945557,  2502.14
1561.534544,  47143.6,  45638.7,  552.824091182,  349.318917186,  2503.58
1561.55497826,  46952.8,  45463.9,  552.82290276,  349.319905396,  2502.47
1561.57541232,  46615.8,  45155.1,  552.822788373,  349.320641327,  2503.0
1561.59584647,  46445.1,  44998.7,  552.822961334,  349.32069237,  2500.73
1561.61628073,  46603.0,  45142.8,  552.823172873,  349.320839866,  2502.21
1561.63671479,  46958.0,  45469.5,  552.823351218,  349.319735727,  2501.28
1561.65714905,  47132.1,  45628.1,  552.824163595,  349.319257399,  2500.01
1561.67758321,  46951.1,  45462.6,  552.823968326,  349.319943457,  2500.36
1561.69801727,  46641.8,  45177.9,  552.822899665,  349.320687137,  2499.78
1561.71845153,  46446.6,  44999.4,  552.822978577,  349.321441042,  2500.23
1561.73888569,  46591.5,  45132.9,  552.823369958,  349.321028736,  2501.78
1561.75931975,  46940.1,  45452.1,  552.824021724,  349.319783656,  2497.25
1561.77975401,  47159.9,  45653.5,  552.824318948,  349.318642655,  2500.26
1561.80018817,  46986.0,  45495.2,  552.82355331,  349.319596107,  2499.08
1561.82062243,  46655.2,  45190.4,  552.823241649,  349.320110827,  2498.57
1561.84105649,  46440.3,  44994.1,  552.823401797,  349.321200006,  2498.95
1561.86149065,  46581.9,  45124.0,  552.823450659,  349.320821493,  2495.85
1561.88192492,  46894.9,  45409.3,  552.824122058,  349.319543317,  2496.39
1561.90235898,  47131.2,  45627.4,  552.82448355,  349.319264774,  2496.05
1561.92279314,  47036.4,  45539.2,  552.82454967,  349.318878121,  2497.13
1561.9432274,  46709.2,  45239.7,  552.823690947,  349.319234856,  2495.71
1561.96366147,  46476.2,  45027.5,  552.823248989,  349.32047877,  2494.44
1561.98409563,  46517.2,  45062.7,  552.823973099,  349.320362781,  2493.82
1562.00452989,  46845.0,  45365.4,  552.824238714,  349.319470128,  2495.71
1562.02496406,  47125.1,  45622.7,  552.824473494,  349.318328694,  2494.21
1562.04539822,  47047.7,  45549.2,  552.824768174,  349.318682509,  2493.81
1562.06583238,  46736.0,  45265.1,  552.82418931,  349.319694935,  2493.16
1562.08626645,  46473.4,  45024.4,  552.823273538,  349.320136566,  2494.54
1562.10670071,  46536.1,  45080.9,  552.82364723,  349.320310135,  2491.33
1562.12713488,  46851.1,  45369.7,  552.824184915,  349.319151847,  2494.87
1562.14756894,  47095.5,  45593.8,  552.824531614,  349.318464289,  2491.83
1562.16800321,  47075.9,  45576.7,  552.824721086,  349.318138895,  2491.18
1562.18843737,  46781.9,  45308.2,  552.824637387,  349.319208824,  2492.96
1562.20887164,  46505.2,  45052.1,  552.823928269,  349.320065925,  2491.59
1562.2293057,  46520.0,  45066.3,  552.824043281,  349.319860251,  2490.02
1562.24973987,  46796.4,  45320.6,  552.824510449,  349.318654939,  2492.13
1562.27017414,  47107.8,  45604.9,  552.824975333,  349.317805071,  2490.46
1562.2906082,  47104.0,  45602.8,  552.825324147,  349.317543349,  2491.0
1562.31104237,  46817.6,  45339.1,  552.824832199,  349.319169241,  2491.01
1562.33147664,  46509.1,  45055.8,  552.823941836,  349.319657188,  2491.83
1562.35191071,  46474.1,  45025.5,  552.824494109,  349.319494255,  2490.44
1562.37234497,  46761.0,  45287.3,  552.824944478,  349.319114371,  2490.02
1562.39277914,  47084.0,  45584.0,  552.825036556,  349.317906464,  2490.42
1562.41321321,  47104.5,  45603.7,  552.824899732,  349.317783944,  2489.33
1562.43364748,  46847.6,  45366.0,  552.824524138,  349.318416645,  2489.16
1562.45408165,  46552.7,  45096.9,  552.824275535,  349.319301915,  2486.7
1562.47451572,  46488.8,  45039.5,  552.824447692,  349.319462045,  2486.93
1562.49494998,  46734.6,  45262.6,  552.824520723,  349.31872818,  2490.24
1562.51538415,  47039.3,  45544.0,  552.825279729,  349.317942218,  2488.26
1562.53581832,  47121.2,  45617.2,  552.82503407,  349.317499476,  2488.43
1562.55625249,  46875.4,  45392.7,  552.825145584,  349.318314358,  2488.57
1562.57668666,  46570.2,  45113.6,  552.82422385,  349.31875357,  2488.15
1562.59712093,  46462.7,  45013.7,  552.824447172,  349.319578202,  2488.26
1562.61755501,  46701.5,  45232.7,  552.825099585,  349.318421124,  2487.07
1562.63798918,  47049.2,  45552.8,  552.825428085,  349.317471845,  2488.02
1562.65842345,  47158.5,  45651.7,  552.825593073,  349.317207723,  2488.86
1562.67885762,  46902.0,  45417.5,  552.825409548,  349.317615099,  2488.91
1562.69929169,  46573.2,  45115.5,  552.824771135,  349.319124945,  2490.09
1562.71972596,  46480.9,  45029.7,  552.824935009,  349.319148012,  2488.57
1562.74016004,  46680.9,  45214.7,  552.824923047,  349.318316396,  2488.78
1562.76059431,  47010.5,  45516.0,  552.825682739,  349.317412092,  2488.39
1562.78102848,  47135.4,  45630.8,  552.826078981,  349.317030961,  2488.52
1562.80146255,  46961.8,  45472.7,  552.825540603,  349.317173733,  2488.17
1562.82189683,  46644.1,  45179.6,  552.824842851,  349.318248856,  2486.42
1562.842331,  46471.7,  45022.0,  552.825111174,  349.318733774,  2487.06
1562.86276507,  46621.5,  45160.0,  552.825443867,  349.318071327,  2487.62
1562.88319935,  46974.2,  45482.4,  552.825846437,  349.317122485,  2488.34
1562.90363352,  47161.4,  45654.8,  552.826087014,  349.316721183,  2486.39
1562.9240676,  46985.6,  45493.5,  552.825711653,  349.317182592,  2488.14
1562.94450187,  46650.2,  45184.2,  552.825183091,  349.318036218,  2487.4
1562.96493605,  46466.2,  45017.3,  552.824965302,  349.318907857,  2487.55
1562.98537032,  46619.9,  45157.7,  552.825365874,  349.318334726,  2487.82
1563.0058044,  46941.4,  45452.2,  552.825790659,  349.317208107,  2485.7
1563.02623857,  47139.4,  45635.2,  552.826054927,  349.316548965,  2486.45
1563.04667285,  47012.2,  45517.8,  552.826012508,  349.31732872,  2488.36
1563.06710692,  46678.8,  45211.3,  552.825755184,  349.318026243,  2486.25
1563.0875411,  46474.0,  45025.3,  552.825476663,  349.318013572,  2487.04
1563.10797538,  46593.6,  45133.8,  552.825933467,  349.31804622,  2487.6
1563.12840945,  46908.4,  45423.4,  552.825909111,  349.316702364,  2492.5
1563.14884373,  47155.9,  45650.2,  552.826147736,  349.316662351,  2493.42
1563.16927791,  47076.5,  45576.1,  552.8268726,  349.316377903,  2496.55
1563.18971209,  46711.0,  45241.7,  552.825657237,  349.317507159,  2497.68
1563.21014627,  46471.2,  45021.3,  552.82553049,  349.317773625,  2495.44
1563.23058044,  46556.1,  45099.5,  552.825814295,  349.317855838,  2497.02
1563.25101462,  46885.5,  45402.3,  552.826427648,  349.316596367,  2493.71
1563.2714488,  47132.8,  45627.4,  552.826446379,  349.316268561,  2495.68
1563.29188298,  47063.3,  45564.9,  552.827046427,  349.316244271,  2494.39
1563.31231716,  46760.3,  45288.3,  552.826286789,  349.317495882,  2493.15
1563.33275144,  46504.1,  45051.8,  552.82579575,  349.318079372,  2493.04
1563.35318552,  46543.6,  45088.8,  552.825939128,  349.317544499,  2493.36
1563.3736197,  46841.6,  45362.1,  552.826393579,  349.317179395,  2491.07
1563.39405388,  47114.8,  45611.3,  552.826638789,  349.315828833,  2491.49
1563.41448806,  47081.4,  45581.8,  552.826557352,  349.315755809,  2491.29
1563.43492234,  46797.8,  45320.8,  552.826150737,  349.317124994,  2490.92
1563.45535642,  46507.0,  45054.1,  552.825821528,  349.31729811,  2491.2
1563.4757906,  46517.0,  45064.8,  552.82559489,  349.317296898,  2488.89
1563.49622488,  46827.5,  45348.4,  552.826493242,  349.316846609,  2489.58
1563.51665896,  47105.2,  45603.1,  552.826920497,  349.315819084,  2489.62
1563.53709325,  47097.6,  45597.7,  552.8271148,  349.315729479,  2485.82
1563.55752743,  46830.7,  45350.9,  552.826606206,  349.316588298,  2486.08
1563.57796151,  46528.2,  45074.1,  552.825993004,  349.316765341,  2484.78
1563.59839579,  46510.2,  45058.4,  552.826359859,  349.31721717,  2483.67
1563.61882998,  46785.8,  45309.5,  552.826398194,  349.316575868,  2485.3
1563.63926406,  47094.5,  45594.5,  552.827165991,  349.315357961,  2483.6
1563.65969834,  47127.6,  45622.6,  552.827351534,  349.31537428,  2486.61
1563.68013253,  46878.5,  45395.3,  552.827268779,  349.316145107,  2483.76
1563.72100089,  46494.3,  45042.0,  552.826072135,  349.317587309,  2486.23
1563.74143508,  46745.4,  45271.6,  552.826636337,  349.316146428,  2483.71
1563.76186936,  47085.7,  45585.9,  552.827312683,  349.315862997,  2485.19
1563.78230345,  47131.2,  45625.3,  552.827666551,  349.315152062,  2485.38
1563.80273763,  46877.4,  45393.2,  552.827172304,  349.316216698,  2487.42
1563.82317192,  46576.3,  45118.1,  552.826892372,  349.316724808,  2485.74
1563.8436061,  46500.1,  45045.9,  552.827191705,  349.317470562,  2488.31
1563.86404019,  46718.6,  45248.6,  552.82708393,  349.316660289,  2486.9
1563.88447447,  47049.8,  45552.5,  552.827470582,  349.315226375,  2483.6
1563.90490866,  47143.5,  45636.9,  552.828192905,  349.315417334,  2487.51
1563.92534285,  46927.0,  45439.4,  552.826843733,  349.31568316,  2487.11
1563.94577703,  46604.5,  45142.0,  552.827466359,  349.317181091,  2487.14
1563.96621122,  46488.7,  45035.9,  552.826997905,  349.317509365,  2488.8
1563.98664541,  46671.3,  45205.1,  552.826592449,  349.316396193,  2488.31
1564.0070796,  47010.6,  45514.2,  552.827663278,  349.315527945,  2487.9
1564.02751378,  47160.1,  45652.8,  552.827912715,  349.315103545,  2487.94
1564.04794797,  46963.8,  45473.0,  552.827695207,  349.315754509,  2488.44
1564.06838216,  46616.9,  45153.6,  552.827718667,  349.317209766,  2489.8
1564.08881645,  46482.0,  45030.5,  552.82714873,  349.316864395,  2489.77
1564.10925054,  46642.8,  45176.9,  552.827965361,  349.316329414,  2490.0
1564.12968473,  47006.7,  45510.9,  552.828233149,  349.315248074,  2486.69
1564.15011901,  47174.6,  45665.9,  552.828487354,  349.314542814,  2483.74
1564.1705531,  46975.8,  45482.9,  552.82802619,  349.315125618,  2485.35
1564.19098729,  46656.9,  45190.9,  552.827490133,  349.316012352,  2484.38
1564.21142158,  46484.9,  45032.8,  552.827643951,  349.31745464,  2482.74
1564.23185567,  46631.1,  45165.7,  552.828032402,  349.316235481,  2482.14
1564.25228986,  46940.4,  45451.1,  552.828108773,  349.315263324,  2483.14
1564.27272415,  47140.5,  45633.7,  552.828116874,  349.314641158,  2478.79
1564.29315825,  47029.1,  45531.4,  552.828827254,  349.315315986,  2480.32
1564.31359254,  46692.0,  45222.4,  552.827726778,  349.315889511,  2480.27
1564.33402673,  46491.2,  45037.7,  552.827993851,  349.316619226,  2480.63
1564.35446082,  46599.5,  45137.4,  552.827998289,  349.316185597,  2479.31
1564.37489511,  46930.7,  45442.2,  552.828300999,  349.315399882,  2482.51
1564.3953293,  47166.2,  45656.6,  552.828805527,  349.314614401,  2478.66
1564.4157635,  47049.8,  45549.9,  552.829310769,  349.314907999,  2478.96
1564.43619769,  46702.0,  45232.8,  552.828010529,  349.315528165,  2477.34
1564.45663188,  46477.5,  45025.2,  552.827766815,  349.316239756,  2476.99
1564.47706617,  46559.5,  45101.8,  552.827634075,  349.316150258,  2475.86
1564.49750037,  46905.1,  45417.1,  552.828675255,  349.314970624,  2476.94
1564.51793446,  47150.3,  45642.5,  552.82934489,  349.313990798,  2475.91
1564.53836875,  47077.9,  45576.6,  552.828663656,  349.314424657,  2474.18
1564.55880295,  46773.1,  45296.0,  552.828046521,  349.315481677,  2472.6
1564.57923704,  46498.2,  45044.5,  552.828353386,  349.316261002,  2469.56
1564.59967134,  46562.0,  45103.4,  552.82806489,  349.316058192,  2470.01
1564.62010553,  46846.8,  45363.7,  552.828828946,  349.315002768,  2468.03
1564.64053963,  47132.8,  45626.3,  552.829160784,  349.314189067,  2467.27
1564.66097392,  47108.6,  45604.9,  552.829349066,  349.31436554,  2468.46
1564.68140802,  46798.6,  45319.4,  552.828344652,  349.315273006,  2466.38
1564.70184231,  46530.0,  45073.8,  552.828196836,  349.316007881,  2467.18
1564.72227651,  46536.1,  45079.1,  552.82828903,  349.315567146,  2467.25
1564.74271061,  46838.7,  45355.7,  552.829058207,  349.314826829,  2464.03
1564.7631449,  47125.2,  45619.5,  552.829696868,  349.313954177,  2465.24
1564.7835791,  47107.8,  45602.3,  552.829602422,  349.31393256,  2462.99
1564.8040132,  46813.0,  45332.8,  552.829030748,  349.314592983,  2463.1
1564.82444749,  46532.3,  45076.4,  552.828592313,  349.315170201,  2465.98
1564.84488169,  46527.8,  45071.1,  552.828938027,  349.314903826,  2461.78
1564.86531599,  46803.9,  45324.6,  552.829116059,  349.314423654,  2462.78
1564.88575009,  47102.2,  45599.2,  552.829804793,  349.313723165,  2462.03
1564.90618428,  47128.4,  45621.2,  552.829577713,  349.313138343,  2462.89
1564.92661858,  46872.8,  45388.2,  552.829278784,  349.313966362,  2461.65
1564.94705268,  46578.2,  45118.6,  552.829152245,  349.314969033,  2461.94
1564.96748688,  46494.2,  45040.0,  552.829205628,  349.315011263,  2463.48
1564.98792118,  46746.7,  45272.6,  552.829761483,  349.314414578,  2461.38
1565.00835528,  47088.9,  45586.2,  552.83001245,  349.313358279,  2460.72
1565.02878948,  47158.9,  45650.1,  552.830403347,  349.313092913,  2460.84
1565.04922378,  46914.8,  45427.1,  552.829364976,  349.313749175,  2459.23
1565.06965798,  46584.5,  45122.5,  552.829355866,  349.314860679,  2462.06
1565.09009218,  46489.1,  45035.7,  552.829373008,  349.314871922,  2460.88
1565.11052638,  46738.7,  45265.0,  552.829550267,  349.314183944,  2460.3
1565.13096058,  47061.4,  45560.2,  552.830366424,  349.312801453,  2460.42
1565.15139478,  47168.4,  45658.7,  552.830486797,  349.313026259,  2460.97
1565.17182898,  46930.3,  45440.1,  552.829899748,  349.313514475,  2462.65
1565.19226318,  46634.0,  45167.6,  552.830010743,  349.314417666,  2460.32
1565.21269748,  46503.1,  45049.4,  552.82929376,  349.314488346,  2460.76
1565.23313159,  46701.6,  45229.7,  552.830127592,  349.314266271,  2462.24
1565.25356589,  47040.4,  45540.3,  552.83054375,  349.313635137,  2461.56
1565.27400009,  47171.6,  45662.6,  552.830574999,  349.312421056,  2459.2
1565.29443419,  46974.2,  45479.9,  552.830738555,  349.31339066,  2460.83
1565.3148685,  46639.5,  45174.1,  552.829713069,  349.314193153,  2460.4
1565.3353026,  46494.6,  45040.4,  552.829794421,  349.314381766,  2461.31
1565.3557368,  46664.1,  45195.3,  552.830378182,  349.313833248,  2461.08
1565.37617111,  47022.2,  45525.5,  552.830646574,  349.312624899,  2460.68
1565.39660521,  47170.1,  45660.7,  552.830468654,  349.312756763,  2461.43
1565.41703941,  46988.8,  45493.0,  552.830313991,  349.313109413,  2460.34
1565.43747372,  46675.2,  45207.1,  552.829690631,  349.313557986,  2460.16
1565.45790782,  46495.3,  45041.1,  552.830499892,  349.314332361,  2460.87
1565.47834213,  46634.6,  45168.5,  552.830201313,  349.31411157,  2459.17
1565.49877633,  46978.2,  45485.4,  552.830775366,  349.312815127,  2460.68
1565.51921044,  47164.2,  45654.2,  552.831150362,  349.312595367,  2459.07
1565.53964474,  47024.5,  45526.8,  552.830694542,  349.312195755,  2458.31
1565.56007895,  46703.9,  45233.3,  552.830066207,  349.313643815,  2457.69
1565.58051316,  46511.6,  45055.7,  552.830441304,  349.314338315,  2459.17
1565.60094736,  46599.4,  45137.8,  552.829753816,  349.313697096,  2459.53
1565.62138157,  46954.8,  45461.9,  552.831058721,  349.312818466,  2458.86
1565.64181587,  47170.9,  45660.5,  552.830841538,  349.311683986,  2457.79
1565.66224998,  47065.5,  45564.9,  552.830822142,  349.312473634,  2460.3
1565.68268419,  46732.4,  45258.4,  552.830547156,  349.31272849,  2458.42
1565.7031185,  46519.3,  45062.9,  552.830482375,  349.313791262,  2458.05
1565.7235527,  46585.5,  45125.0,  552.830224877,  349.313289309,  2457.08
1565.74398681,  46916.1,  45426.0,  552.83045911,  349.312575018,  2457.28
1565.76442112,  47187.1,  45676.1,  552.831617302,  349.311882621,  2455.36
1565.78485533,  47094.7,  45591.6,  552.8310673,  349.311919832,  2453.91
1565.80528954,  46778.4,  45299.4,  552.830854131,  349.313294955,  2454.88
1565.82572375,  46535.4,  45078.1,  552.830522507,  349.313293705,  2456.65
1565.84615795,  46558.0,  45098.2,  552.830700647,  349.313486203,  2453.76
1565.86659226,  46881.1,  45394.0,  552.831028675,  349.312413169,  2453.32
1565.88702637,  47157.4,  45648.6,  552.831683975,  349.311594294,  2455.53
1565.90746058,  47123.5,  45616.8,  552.831974903,  349.31134118,  2455.09
1565.92789489,  46814.5,  45333.5,  552.830981491,  349.312340613,  2451.0
1565.948329,  46538.6,  45082.0,  552.830874695,  349.313157178,  2453.74
1565.96876321,  46545.4,  45086.0,  552.831132062,  349.313573654,  2452.2
1565.98919742,  46828.5,  45346.7,  552.831416926,  349.312302661,  2453.11
1566.00963164,  47141.6,  45633.7,  552.832108791,  349.311329407,  2452.19
1566.03006595,  47136.3,  45627.6,  552.831877699,  349.311637116,  2453.9
1566.05050006,  46832.4,  45350.8,  552.831316892,  349.312187488,  2450.88
1566.07093427,  46540.2,  45081.7,  552.831126696,  349.313175823,  2451.92
1566.09136858,  46564.0,  45103.6,  552.831304066,  349.312989553,  2451.72
1566.11180269,  46825.4,  45344.2,  552.831199724,  349.311915688,  2452.43
1566.13223691,  47131.6,  45623.5,  552.831916665,  349.311292861,  2450.05
1566.15267122,  47142.9,  45634.9,  552.831945487,  349.311410374,  2452.06
1566.17310533,  46883.8,  45396.7,  552.831310551,  349.311942839,  2451.69
1566.19353964,  46575.8,  45114.8,  552.830676626,  349.312779221,  2450.5
1566.21397386,  46525.1,  45068.3,  552.831476545,  349.312916984,  2449.94
1566.23440797,  46790.7,  45312.7,  552.83115256,  349.312193649,  2447.8
1566.25484228,  47093.9,  45589.8,  552.832142565,  349.311591379,  2448.87
1566.2752765,  47179.6,  45669.9,  552.831832733,  349.310858461,  2448.73
1566.29571071,  46922.7,  45432.7,  552.831847256,  349.311933413,  2449.89
1566.31614493,  46601.8,  45138.2,  552.831071413,  349.31248475,  2448.89
1566.33657914,  46519.7,  45064.7,  552.830892156,  349.312888555,  2447.41
1566.35701336,  46753.1,  45277.1,  552.831839831,  349.312176726,  2449.47
1566.37744767,  47072.9,  45571.1,  552.832614458,  349.311101638,  2447.61
1566.39788179,  47168.7,  45658.9,  552.832081287,  349.310950402,  2449.15
1566.4183161,  46955.5,  45462.6,  552.832342854,  349.311672374,  2445.95
1566.43875032,  46624.2,  45159.4,  552.831451752,  349.312203854,  2447.65
1566.45918444,  46525.8,  45068.6,  552.831827359,  349.312808825,  2445.71
1566.47961875,  46714.9,  45241.5,  552.831518032,  349.312427855,  2445.65
1566.50005297,  47063.0,  45562.5,  552.832080153,  349.311205123,  2446.09
1566.52048708,  47185.0,  45672.4,  552.833003515,  349.310498065,  2448.13
1566.5409214,  46992.9,  45496.4,  552.832222415,  349.311153425,  2446.91
1566.56135562,  46661.0,  45193.5,  552.831132544,  349.311867096,  2447.06
1566.58178984,  46517.6,  45060.8,  552.831941141,  349.31234477,  2446.57
1566.60222405,  46685.7,  45215.5,  552.83165789,  349.311746811,  2446.0
1566.62265817,  47035.9,  45536.2,  552.832743117,  349.310644764,  2445.48
1566.64309249,  47200.4,  45686.1,  552.832994158,  349.310193286,  2445.15
1566.66352671,  47021.5,  45524.2,  552.832583943,  349.310436591,  2444.05
1566.70439515,  46506.3,  45049.4,  552.832089531,  349.312427495,  2444.08
1566.72482937,  46657.8,  45190.6,  552.832260328,  349.311939691,  2443.18
1566.74526359,  47000.5,  45502.4,  552.833091252,  349.311122876,  2443.9
1566.7656978,  47192.8,  45679.3,  552.833681098,  349.310226271,  2442.24
1566.78613202,  47044.5,  45544.1,  552.833228477,  349.311249757,  2443.0
1566.80656634,  46718.5,  45244.1,  552.832732217,  349.311514813,  2441.61
1566.82700046,  46525.4,  45066.0,  552.832247125,  349.312625864,  2440.92
1566.84743469,  46624.2,  45158.3,  552.832474397,  349.311569354,  2440.93
1566.86786901,  46968.9,  45472.8,  552.833510551,  349.310947875,  2441.32
1566.88830323,  47205.6,  45690.9,  552.833718042,  349.309981001,  2440.84
1566.90873735,  47066.7,  45563.3,  552.833516655,  349.310823686,  2439.87
1566.92917167,  46765.2,  45285.9,  552.833364028,  349.311198015,  2440.2
1566.94960589,  46543.0,  45084.1,  552.832831072,  349.312097193,  2439.67
1566.97004011,  46600.4,  45134.7,  552.832845345,  349.312011031,  2441.81
1566.99047434,  46929.2,  45436.3,  552.834065117,  349.310878453,  2439.18
1567.01090856,  47200.5,  45686.0,  552.833867325,  349.310202434,  2439.14
1567.03134278,  47108.4,  45599.5,  552.8339036,  349.310773171,  2438.28
1567.051777,  46768.5,  45290.4,  552.833199274,  349.311819831,  2436.42
1567.07221123,  46535.2,  45075.6,  552.832543962,  349.312165066,  2437.77
1567.09264555,  46602.4,  45135.9,  552.833260794,  349.312243984,  2437.55
1567.11307967,  46904.4,  45414.6,  552.833502998,  349.310736201,  2436.74
1567.133514,  47171.9,  45658.4,  552.834098631,  349.309642036,  2438.21
1567.15394822,  47160.2,  45647.3,  552.833996815,  349.31068653,  2436.91
1567.17438235,  46834.8,  45349.8,  552.833356451,  349.311010893,  2438.32
1567.19481667,  46556.9,  45094.6,  552.83337581,  349.311977982,  2438.52
1567.21525089,  46558.1,  45095.3,  552.833565012,  349.312042233,  2436.77
1567.23568502,  46856.1,  45370.1,  552.833427353,  349.310600702,  2435.68
1567.25611934,  47149.7,  45637.9,  552.834095677,  349.310093831,  2437.14
1567.27655347,  47161.0,  45649.0,  552.834371848,  349.309873438,  2435.14
1567.2969877,  46863.4,  45375.9,  552.83419564,  349.310756246,  2435.26
1567.31742202,  46574.3,  45110.5,  552.83346025,  349.311415895,  2435.33
1567.33785615,  46542.5,  45081.9,  552.833402832,  349.31188259,  2435.2
1567.35829047,  46843.7,  45357.6,  552.833782773,  349.310621508,  2435.64
1567.3787247,  47145.8,  45634.0,  552.834455957,  349.309815907,  2436.18
1567.39915883,  47149.9,  45638.8,  552.834253203,  349.309918247,  2435.81
1567.41959315,  46880.0,  45389.5,  552.834589543,  349.310518311,  2436.71
1567.44002738,  46599.7,  45133.9,  552.83363458,  349.311186219,  2435.51
1567.46046161,  46533.3,  45073.8,  552.833931409,  349.311122752,  2434.96
1567.48089584,  46796.5,  45313.8,  552.834650716,  349.310450935,  2435.26
1567.50133006,  47098.0,  45591.0,  552.834758755,  349.30936997,  2434.53
1567.52176439,  47172.3,  45659.3,  552.834672937,  349.309190009,  2445.72
1567.54219852,  46929.8,  45435.9,  552.834239223,  349.309936339,  2433.1
1567.56263275,  46614.7,  45148.3,  552.834093716,  349.310727321,  2432.48
1567.58306708,  46517.1,  45057.0,  552.833810901,  349.311380067,  2433.59
1567.60350131,  46757.0,  45278.2,  552.834427444,  349.310175847,  2434.39
1567.62393544,  47101.7,  45595.1,  552.835012062,  349.309152461,  2432.48
1567.64436977,  47200.9,  45684.6,  552.835217694,  349.308828851,  2434.68
1567.664804,  46960.4,  45464.6,  552.835410536,  349.30945845,  2432.98
1567.68523813,  46634.2,  45166.0,  552.834286018,  349.310505821,  2432.27
1567.70567246,  46529.7,  45069.0,  552.834272825,  349.310881973,  2431.46
1567.72610669,  46736.1,  45260.2,  552.834862242,  349.310105323,  2431.8
1567.74654102,  47048.2,  45545.1,  552.834934852,  349.309221018,  2433.54
1567.76697515,  47175.9,  45661.6,  552.83525943,  349.309104568,  2432.04
1567.78740938,  46981.2,  45484.0,  552.835248526,  349.309448628,  2431.47
1567.80784371,  46692.1,  45218.4,  552.834551438,  349.310257312,  2433.34
1567.82827784,  46530.6,  45070.2,  552.834159842,  349.310410087,  2431.1
1567.84871207,  46696.1,  45222.8,  552.834720593,  349.309820168,  2431.12
1567.86914641,  47034.8,  45531.7,  552.83520622,  349.308907199,  2430.49
1567.88958054,  47195.3,  45679.7,  552.835525568,  349.30875512,  2429.22
1567.91001487,  47033.6,  45532.6,  552.835250322,  349.308780875,  2430.82
1567.930449,  46683.8,  45210.3,  552.835113287,  349.309815793,  2430.49
1567.95088324,  46521.1,  45061.7,  552.834497175,  349.310484687,  2430.44
1567.97131757,  46678.0,  45204.7,  552.834881851,  349.310090228,  2430.53
1567.9917517,  47003.5,  45502.1,  552.8357865,  349.309268788,  2429.91
1568.01218594,  47198.2,  45682.8,  552.83594222,  349.308153397,  2431.09
1568.03262027,  47049.8,  45545.1,  552.835642982,  349.308748689,  2431.01
1568.0530544,  46713.7,  45237.0,  552.835223986,  349.309787437,  2431.59
1568.07348864,  46527.3,  45067.4,  552.83496903,  349.310472954,  2429.48
1568.09392297,  46626.9,  45157.5,  552.835576469,  349.310138965,  2430.32
1568.11435721,  46964.2,  45466.9,  552.835520691,  349.30927924,  2430.43
1568.13479144,  47199.5,  45683.4,  552.835935746,  349.308326572,  2431.21
1568.15522568,  47114.1,  45604.2,  552.836043447,  349.308338483,  2431.36
1568.17565991,  46758.1,  45278.3,  552.835684921,  349.309418097,  2430.91
1568.19609415,  46537.9,  45076.4,  552.835269829,  349.310032164,  2429.27
1568.21652838,  46625.3,  45155.5,  552.835304629,  349.309582777,  2431.18
1568.23696262,  46935.7,  45441.1,  552.835824396,  349.308461296,  2432.33
1568.25739696,  47188.2,  45671.6,  552.836076131,  349.307695525,  2430.74
1568.27783109,  47091.9,  45583.4,  552.836250496,  349.307847719,  2430.33
1568.29826543,  46790.4,  45308.1,  552.835804921,  349.308896847,  2430.58
1568.31869967,  46551.7,  45088.9,  552.835571755,  349.309862947,  2429.72
1568.3391338,  46607.4,  45140.6,  552.835341358,  349.309263371,  2427.56
1568.35956814,  46907.2,  45415.1,  552.835960115,  349.308733854,  2428.39
1568.38000238,  47173.2,  45657.9,  552.836437641,  349.307785876,  2429.08
1568.40043652,  47138.2,  45626.9,  552.83645772,  349.307776967,  2430.99
1568.42087086,  46826.1,  45340.0,  552.835786042,  349.308635184,  2427.87
1568.44130509,  46548.0,  45083.9,  552.835418469,  349.309552218,  2431.9
1568.46173923,  46580.7,  45115.5,  552.835155024,  349.309288502,  2429.33
1568.48217357,  46875.7,  45385.0,  552.836399473,  349.308466442,  2429.31
1568.50260781,  47171.0,  45655.6,  552.836629659,  349.307441839,  2430.78
1568.52304215,  47174.3,  45660.7,  552.836466894,  349.307457405,  2430.62
1568.54347629,  46880.7,  45389.3,  552.83611656,  349.308104078,  2431.13
1568.56391043,  46578.7,  45113.5,  552.835743529,  349.309189632,  2434.17
1568.58434477,  46570.8,  45106.2,  552.835661834,  349.309508227,  2435.11
1568.60477901,  46859.0,  45368.8,  552.836099255,  349.308061951,  2436.05
1568.62521325,  47142.0,  45629.5,  552.836964967,  349.307370711,  2437.11
1568.64564749,  47166.4,  45651.6,  552.836757918,  349.307368787,  2439.62
1568.66608173,  46908.4,  45415.2,  552.836446364,  349.308170558,  2438.11
1568.68651607,  46615.0,  45147.4,  552.836083591,  349.308955787,  2438.25
1568.70695021,  46564.1,  45098.8,  552.836271728,  349.309176141,  2437.4
1568.72738446,  46812.6,  45327.9,  552.836193396,  349.307948059,  2433.83
1568.7478188,  47127.6,  45617.8,  552.836796193,  349.307429762,  2434.97
1568.76825304,  47185.6,  45669.0,  552.837019854,  349.307243765,  2433.32
1568.78868718,  46930.5,  45435.1,  552.836497084,  349.307903611,  2432.43
1568.80912152,  46619.8,  45150.6,  552.836346623,  349.308744732,  2432.52
1568.82955577,  46540.1,  45076.0,  552.835810165,  349.308929494,  2431.75
1568.84999001,  46792.6,  45309.1,  552.83647104,  349.308128609,  2432.15
1568.87042425,  47110.9,  45600.8,  552.837205161,  349.307173976,  2430.67
1568.8908585,  47211.7,  45693.0,  552.837179737,  349.30715056,  2429.67
1568.91129284,  46974.6,  45476.0,  552.836386901,  349.307338721,  2428.84
1568.93172698,  46650.9,  45178.3,  552.836165289,  349.308558329,  2428.87
1568.95216123,  46555.4,  45090.9,  552.836150131,  349.308841031,  2440.52
1568.97259557,  46719.2,  45241.6,  552.836440053,  349.307916729,  2427.17
1568.99302972,  47074.6,  45566.7,  552.837311019,  349.30656907,  2428.31
1569.01346396,  47200.7,  45683.1,  552.836998785,  349.306943095,  2427.8
1569.03389831,  47012.5,  45510.6,  552.836907155,  349.307426203,  2427.86
1569.05433245,  46698.3,  45221.3,  552.836744402,  349.308139411,  2425.99
1569.0747668,  46533.0,  45071.2,  552.836042265,  349.308317188,  2428.52
1569.09520104,  46717.2,  45239.1,  552.836738541,  349.308132632,  2427.12
1569.11563519,  47049.0,  45543.5,  552.837419271,  349.307269427,  2427.46
1569.13606953,  47217.7,  45699.8,  552.83779845,  349.30617638,  2426.49
1569.15650378,  47030.1,  45524.9,  552.837333077,  349.307050611,  2426.63
1569.17693793,  46690.7,  45214.5,  552.836495573,  349.308157461,  2426.78
1569.19737227,  46550.6,  45087.3,  552.836288734,  349.308381035,  2427.39
1569.21780642,  46694.9,  45218.0,  552.836493988,  349.307995941,  2426.29
1569.23824077,  47020.8,  45519.1,  552.837135981,  349.306997047,  2424.57
1569.25867501,  47218.1,  45698.5,  552.837954584,  349.306211826,  2425.4
1569.27910916,  47084.7,  45575.3,  552.837729606,  349.306675301,  2423.81
1569.29954351,  46754.2,  45273.3,  552.837265052,  349.307293312,  2423.43
1569.31997776,  46532.3,  45070.0,  552.836741063,  349.307944357,  2422.78
1569.34041201,  46648.4,  45175.7,  552.837010914,  349.307511798,  2421.99
1569.36084625,  46981.1,  45482.1,  552.837522147,  349.306697482,  2421.22
1569.3812805,  47219.7,  45698.8,  552.838347528,  349.305876757,  2422.22
1569.40171475,  47113.1,  45601.8,  552.837683626,  349.306528526,  2421.65
1569.422149,  46779.4,  45296.7,  552.83718883,  349.307145661,  2419.48
1569.44258325,  46553.2,  45087.8,  552.836964236,  349.307770592,  2420.14
1569.4630176,  46635.2,  45164.7,  552.837163528,  349.307575333,  2418.57
1569.48345185,  46958.9,  45460.8,  552.838076109,  349.306824883,  2419.73
1569.503886,  47192.4,  45673.8,  552.838305369,  349.306173734,  2418.62
1569.52432035,  47111.0,  45601.2,  552.837627775,  349.30599766,  2417.93
1569.5447546,  46809.3,  45323.3,  552.837660822,  349.306815659,  2418.32
1569.56518875,  46562.4,  45096.5,  552.83697839,  349.308062081,  2417.1
1569.5856231,  46619.0,  45148.9,  552.837367979,  349.307388378,  2418.11
1569.60605735,  46934.3,  45437.9,  552.837380584,  349.306477892,  2417.56
1569.6264917,  47203.1,  45684.2,  552.838058193,  349.305279319,  2417.32
1569.64692585,  47148.8,  45635.7,  552.838097788,  349.305711711,  2416.14
1569.68779446,  46557.8,  45093.1,  552.83747837,  349.307598545,  2417.32
1569.70822861,  46590.1,  45121.2,  552.837846667,  349.307695373,  2416.73
1569.72866286,  46883.7,  45389.0,  552.838312233,  349.306693471,  2416.15
1569.74909722,  47183.6,  45665.8,  552.838784695,  349.305647925,  2417.86
1569.76953137,  47191.8,  45672.2,  552.838789401,  349.305985476,  2415.74
1569.78996562,  46874.4,  45380.9,  552.838729514,  349.307047259,  2417.66
1569.81039998,  46597.1,  45127.8,  552.837757648,  349.307812817,  2416.23
1569.83083413,  46567.3,  45099.2,  552.837997986,  349.307790526,  2416.7
1569.85126848,  46841.9,  45352.1,  552.83832571,  349.306652842,  2414.57
1569.87170264,  47153.6,  45637.1,  552.83884877,  349.30589982,  2414.55
1569.89213689,  47183.5,  45663.0,  552.839047102,  349.306244368,  2414.23
1569.91257124,  46913.8,  45418.0,  552.838311733,  349.306855172,  2414.04
1569.9330054,  46626.6,  45154.0,  552.838162394,  349.307623019,  2414.22
1569.95343965,  46591.8,  45120.5,  552.8381816,  349.307482104,  2413.47
1569.97387401,  46827.6,  45338.1,  552.838674327,  349.307036979,  2414.55
1569.99430826,  47149.2,  45631.5,  552.839241238,  349.3057009,  2412.52
1570.01474252,  47188.1,  45667.8,  552.839316236,  349.305790033,  2414.02
1570.03517678,  46944.8,  45445.4,  552.838358159,  349.306474947,  2413.64
1570.05561103,  46623.8,  45149.1,  552.838556713,  349.307164435,  2413.59
1570.07604529,  46552.3,  45085.5,  552.838470941,  349.307578671,  2413.66
1570.09647954,  46781.7,  45295.8,  552.838548117,  349.307182937,  2412.45
1570.1169138,  47116.5,  45600.5,  552.839790049,  349.305783327,  2411.36
1570.13734816,  47211.2,  45690.1,  552.839659296,  349.305579279,  2411.18
1570.15778231,  46982.3,  45478.5,  552.839321324,  349.305973812,  2410.63
1570.17821667,  46652.8,  45176.6,  552.838917999,  349.307030092,  2411.19
1570.19865093,  46562.1,  45094.1,  552.838340926,  349.307386945,  2412.06
1570.21908509,  46756.0,  45271.2,  552.838800209,  349.306955836,  2410.13
1570.23951945,  47076.9,  45564.9,  552.839060276,  349.305895666,  2409.76
1570.2599537,  47209.7,  45687.7,  552.839639835,  349.305663012,  2410.02
1570.28038786,  47025.9,  45517.9,  552.839620734,  349.305724576,  2408.98
1570.30082222,  46698.4,  45217.9,  552.839083703,  349.306927775,  2408.96
1570.32125648,  46530.7,  45063.8,  552.83877737,  349.307892364,  2409.18
1570.34169064,  46720.7,  45238.0,  552.839259537,  349.306529171,  2407.29
1570.362125,  47055.0,  45545.7,  552.839933148,  349.305517129,  2408.85
1570.38255926,  47202.3,  45679.7,  552.840024549,  349.304859214,  2407.13
1570.40299352,  47052.9,  45541.8,  552.84011394,  349.305823781,  2407.47
1570.42342778,  46728.9,  45247.0,  552.839471515,  349.30648189,  2405.35
1570.44386204,  46531.9,  45064.1,  552.838882645,  349.306955991,  2406.43
1570.4642963,  46713.9,  45231.3,  552.839349324,  349.306286167,  2404.75
1570.48473056,  47049.4,  45540.3,  552.839680159,  349.305539707,  2407.05
1570.50516482,  47237.5,  45710.3,  552.840216266,  349.305055726,  2405.55
1570.52559908,  47076.7,  45565.2,  552.839829696,  349.305254754,  2404.78
1570.54603334,  46740.9,  45256.5,  552.83934428,  349.306650698,  2406.48
1570.5664677,  46560.1,  45088.9,  552.838999784,  349.30693848,  2405.67
1570.58690186,  46684.4,  45205.0,  552.839279904,  349.306480967,  2405.88
1570.60733612,  47014.7,  45506.1,  552.839484418,  349.30510872,  2405.24
1570.62777049,  47224.5,  45698.7,  552.84083318,  349.304758526,  2405.24
1570.64820475,  47139.4,  45622.1,  552.840046392,  349.30497734,  2404.08
1570.66863891,  46804.1,  45312.4,  552.83988658,  349.305543832,  2404.64
1570.68907327,  46567.7,  45097.9,  552.839306768,  349.306610316,  2404.48
1570.70950754,  46628.3,  45153.3,  552.839642067,  349.30658099,  2403.42
1570.7299417,  46979.9,  45473.9,  552.839813536,  349.305574308,  2404.69
1570.75037606,  47220.0,  45695.7,  552.840136652,  349.304266009,  2403.01
1570.77081033,  47134.8,  45617.2,  552.840192757,  349.305128877,  2403.42
1570.79124469,  46821.9,  45329.8,  552.839967854,  349.305847541,  2401.66
1570.81167885,  46587.4,  45115.5,  552.83949618,  349.30633388,  2401.3
1570.83211312,  46645.3,  45167.5,  552.839286925,  349.306233853,  2403.3
1570.85254748,  46932.1,  45430.5,  552.84042989,  349.305407923,  2400.63
1570.87298165,  47198.8,  45676.9,  552.840196841,  349.304848898,  2401.58
1570.89341591,  47146.0,  45626.0,  552.840928332,  349.304602901,  2402.73
1570.91385028,  46871.9,  45375.5,  552.840159084,  349.305161943,  2403.1
1570.93428444,  46598.2,  45124.8,  552.839645857,  349.306028321,  2402.75
1570.95471881,  46605.3,  45129.4,  552.840464616,  349.306293556,  2402.39
1570.97515307,  46909.1,  45410.1,  552.840381816,  349.305268733,  2402.85
1570.99558724,  47220.1,  45695.5,  552.840337873,  349.304183817,  2399.76
1571.01602161,  47206.6,  45681.7,  552.840817834,  349.304014091,  2403.14
1571.03645587,  46873.6,  45377.7,  552.840619699,  349.305232074,  2403.7
1571.05689004,  46610.0,  45134.8,  552.83996795,  349.305835946,  2401.72
1571.07732441,  46574.5,  45102.6,  552.839837682,  349.305757639,  2401.33
1571.09775867,  46867.4,  45371.5,  552.840003523,  349.305148559,  2404.16
1571.11819284,  47179.4,  45656.6,  552.840959853,  349.304095285,  2402.04
1571.13862721,  47201.3,  45678.1,  552.840801727,  349.303633846,  2403.42
1571.15906148,  46938.1,  45437.6,  552.840451887,  349.304347038,  2402.37
1571.17949574,  46646.5,  45168.5,  552.840635278,  349.305531784,  2402.1
1571.19993001,  46595.2,  45123.0,  552.840223176,  349.305379231,  2403.03
1571.22036428,  46817.0,  45325.5,  552.84026562,  349.304958532,  2403.65
1571.24079855,  47158.8,  45638.2,  552.84120476,  349.303814799,  2403.88
1571.26123282,  47220.9,  45695.9,  552.841091469,  349.303445205,  2406.49
1571.28166709,  46971.1,  45465.0,  552.840480462,  349.304274034,  2405.43
1571.30210135,  46630.9,  45154.1,  552.839768666,  349.305351346,  2406.27
1571.32253562,  46568.8,  45098.3,  552.840520656,  349.305610176,  2405.09
1571.34296999,  46820.0,  45327.7,  552.840976999,  349.304708288,  2406.56
1571.36340426,  47149.3,  45629.9,  552.841297971,  349.303540501,  2406.36
1571.38383843,  47226.6,  45700.4,  552.841384987,  349.303105671,  2406.29
1571.4042728,  46976.5,  45470.3,  552.84162413,  349.304176447,  2407.09
1571.42470707,  46673.2,  45192.9,  552.840443634,  349.305137234,  2408.12
1571.44514124,  46572.5,  45100.9,  552.840816341,  349.30473911,  2406.14
1571.46557562,  46769.6,  45281.3,  552.840977722,  349.304791902,  2407.81
1571.48600989,  47096.1,  45581.8,  552.84105314,  349.303657552,  2407.83
1571.50644406,  47247.6,  45719.1,  552.841372175,  349.303509128,  2408.5
1571.52687843,  47057.5,  45544.6,  552.841025759,  349.303563892,  2409.65
1571.5473127,  46708.9,  45224.8,  552.840744585,  349.304812672,  2409.26
1571.56774707,  46541.1,  45071.1,  552.84043264,  349.305279814,  2406.57
1571.58818125,  46734.7,  45248.4,  552.840840744,  349.304217163,  2407.98
1571.60861552,  47074.9,  45561.2,  552.841676141,  349.303792118,  2408.45
1571.62904989,  47243.8,  45713.4,  552.841936192,  349.303398494,  2410.42
1571.64948406,  47067.6,  45555.4,  552.841492866,  349.303262048,  2409.87
1571.66991834,  46730.9,  45245.2,  552.840828837,  349.304372059,  2410.53
1571.69035271,  46576.8,  45102.5,  552.841198184,  349.304705406,  2409.36
1571.71078688,  46724.4,  45240.0,  552.840540549,  349.304320168,  2411.27
1571.73122126,  47049.4,  45535.9,  552.84173851,  349.30346942,  2408.47
1571.75165553,  47223.6,  45696.4,  552.842167445,  349.303354094,  2408.29
1571.7720897,  47088.3,  45573.5,  552.841618995,  349.303262428,  2409.42
1571.79252408,  46781.0,  45289.4,  552.841239295,  349.303775612,  2409.39
1571.81295835,  46560.7,  45089.2,  552.840997528,  349.304850825,  2408.05
1571.83339253,  46679.3,  45197.0,  552.841261153,  349.304091192,  2408.02
1571.8538269,  47012.8,  45501.6,  552.842064313,  349.303549135,  2407.42
1571.87426118,  47263.8,  45734.2,  552.842257213,  349.302829067,  2406.3
1571.89469535,  47129.5,  45610.1,  552.84195766,  349.303261894,  2403.61
1571.91512973,  46795.5,  45302.8,  552.841936987,  349.303941424,  2403.09
1571.935564,  46586.3,  45113.1,  552.841027316,  349.304797121,  2403.23
1571.95599838,  46660.0,  45178.9,  552.841480108,  349.304286317,  2401.69
1571.97643256,  46992.0,  45483.7,  552.842042901,  349.303308571,  2401.59
1571.99686683,  47223.4,  45696.2,  552.84181426,  349.30254153,  2401.11
1572.01730121,  47149.7,  45626.6,  552.842541484,  349.30282671,  2400.3
1572.03773539,  46840.3,  45344.8,  552.841607079,  349.303203813,  2398.21
1572.05816966,  46597.3,  45122.1,  552.841576599,  349.30454789,  2397.05
1572.07860404,  46631.0,  45151.9,  552.841775183,  349.304018945,  2397.22
1572.09903822,  46937.3,  45433.1,  552.842181188,  349.303335399,  2398.88
1572.11947259,  47207.2,  45680.4,  552.842488976,  349.302024196,  2397.01
1572.13990687,  47183.3,  45658.0,  552.842540778,  349.302355265,  2397.09
1572.16034105,  46867.6,  45370.2,  552.841582979,  349.303180626,  2396.73
1572.18077543,  46595.1,  45118.3,  552.841760797,  349.304258542,  2395.06
1572.20120971,  46627.0,  45148.0,  552.841549739,  349.303956638,  2395.63
1572.22164389,  46933.4,  45430.0,  552.842095944,  349.303012978,  2394.24
1572.24207826,  47202.4,  45674.6,  552.843120915,  349.302678067,  2397.41
1572.26251254,  47169.5,  45647.5,  552.842598101,  349.301982621,  2395.25
1572.28294682,  46891.9,  45390.9,  552.842099287,  349.303611584,  2396.17
1572.3033811,  46627.0,  45146.8,  552.842037453,  349.303942983,  2395.16
1572.32381538,  46617.8,  45140.2,  552.84149571,  349.3039848,  2395.13
1572.34424966,  46878.5,  45378.2,  552.842593259,  349.303048855,  2393.84
1572.36468394,  47180.9,  45655.6,  552.843173306,  349.302527248,  2394.79
1572.38511822,  47213.1,  45686.8,  552.842922744,  349.302110136,  2394.49
1572.4055525,  46949.2,  45442.3,  552.843000386,  349.302785894,  2394.58
1572.42598678,  46635.0,  45154.1,  552.841963421,  349.303937212,  2395.28
1572.44642107,  46572.6,  45098.2,  552.841870069,  349.304054345,  2394.53
1572.46685535,  46847.7,  45348.1,  552.842662966,  349.30308663,  2395.52
1572.48728963,  47196.2,  45669.4,  552.842908348,  349.302056188,  2394.25
1572.50772401,  47231.1,  45701.4,  552.842818778,  349.30181007,  2393.37
1572.52815829,  46966.8,  45458.4,  552.84259527,  349.302539919,  2394.47
1572.54859247,  46665.9,  45184.6,  552.841940363,  349.303251497,  2394.75
1572.56902686,  46591.6,  45114.4,  552.842548348,  349.303685182,  2397.55
1572.58946114,  46827.2,  45331.5,  552.842495273,  349.303197155,  2396.74
1572.60989532,  47148.1,  45626.8,  552.842790114,  349.301768819,  2395.25
1572.6303297,  47229.2,  45698.6,  552.843586316,  349.301633873,  2397.09
1572.67119817,  46688.9,  45204.2,  552.842182866,  349.303366628,  2398.54
1572.69163255,  46580.3,  45102.3,  552.842765054,  349.303955452,  2396.78
1572.71206684,  46794.0,  45299.3,  552.842720567,  349.30306255,  2398.55
1572.73250122,  47116.4,  45594.9,  552.843492332,  349.302233906,  2397.04
1572.7529354,  47249.5,  45716.6,  552.843513374,  349.301939451,  2397.36
1572.77336969,  47030.6,  45515.7,  552.843215245,  349.302315836,  2397.76
1572.79380407,  46698.2,  45210.3,  552.842939164,  349.303452091,  2400.04
1572.81423826,  46553.2,  45077.8,  552.842983788,  349.303670536,  2402.55
1572.83467254,  46750.8,  45259.4,  552.843065815,  349.303331241,  2408.87
1572.85510693,  47104.6,  45582.1,  552.843569151,  349.302324582,  2412.38
1572.87554111,  47250.1,  45717.3,  552.843525721,  349.301612168,  2410.77
1572.8959755,  47062.2,  45544.3,  552.843546973,  349.302227646,  2397.16
1572.91640978,  46735.6,  45243.8,  552.842944621,  349.303438792,  2392.5
1572.93684397,  46585.3,  45106.9,  552.843115076,  349.303686783,  2391.18
1572.95727836,  46715.0,  45225.5,  552.84321355,  349.303443182,  2389.77
1572.97771264,  47052.4,  45533.8,  552.843860982,  349.302342722,  2388.24
1572.99814693,  47234.9,  45702.0,  552.843760557,  349.301852259,  2388.06
1573.01858122,  47104.9,  45582.2,  552.844254315,  349.30230101,  2388.31
1573.0390155,  46774.6,  45279.9,  552.843656269,  349.302919595,  2387.94
1573.05944969,  46577.8,  45100.0,  552.843146205,  349.303616348,  2388.14
1573.07988408,  46689.3,  45199.9,  552.843596148,  349.303723078,  2387.84
1573.10031837,  47024.9,  45509.6,  552.84393275,  349.302349031,  2386.98
1573.12075265,  47256.5,  45720.9,  552.844495289,  349.301487016,  2386.74
1573.14118694,  47121.8,  45596.6,  552.844122713,  349.301740566,  2385.64
1573.16162123,  46803.7,  45305.6,  552.843716263,  349.303049871,  2384.88
1573.18205562,  46569.1,  45090.4,  552.843178308,  349.303459581,  2382.88
1573.20248981,  46672.4,  45186.2,  552.843717596,  349.303276522,  2382.07
1573.2229241,  47012.0,  45497.0,  552.844193922,  349.301668948,  2380.43
1573.24335849,  47248.6,  45713.3,  552.844449936,  349.301054154,  2380.45
1573.26379267,  47159.8,  45631.9,  552.844400279,  349.301484652,  2379.18
1573.28422706,  46858.4,  45355.6,  552.843915222,  349.302432498,  2378.7
1573.30466135,  46593.4,  45111.6,  552.843730133,  349.303206227,  2376.92
1573.32509554,  46645.8,  45161.2,  552.84391771,  349.303171895,  2377.01
1573.34552993,  46959.0,  45446.6,  552.844048689,  349.302052421,  2377.41
1573.36596422,  47236.7,  45700.8,  552.844847075,  349.301411395,  2375.77
1573.38639841,  47198.5,  45668.5,  552.844582581,  349.301627257,  2372.7
1573.4068328,  46882.8,  45375.5,  552.844398054,  349.302344383,  2374.13
1573.4272671,  46607.8,  45125.1,  552.844325635,  349.303029037,  2372.13
1573.44770129,  46639.5,  45154.7,  552.843610558,  349.302953972,  2371.22
1573.46813568,  46929.1,  45418.4,  552.844569814,  349.301933287,  2375.08
1573.48856997,  47223.1,  45688.9,  552.844876426,  349.301405225,  2371.96
1573.50900436,  47206.7,  45674.2,  552.844684531,  349.30134875,  2370.98
1573.52943855,  46891.0,  45383.8,  552.844406808,  349.302555306,  2370.31
1573.54987285,  46633.7,  45149.3,  552.843866253,  349.30288047,  2371.15
1573.57030724,  46623.6,  45138.8,  552.843862454,  349.302760089,  2370.59
1573.59074143,  46916.6,  45407.3,  552.844807232,  349.301903104,  2370.09
1573.61117572,  47212.1,  45680.2,  552.844939801,  349.300798679,  2370.42
1573.63161012,  47226.4,  45690.0,  552.845185141,  349.301066444,  2370.7
1573.65204441,  46951.8,  45439.2,  552.84493677,  349.301846994,  2369.88
1573.6724787,  46639.6,  45154.0,  552.844651746,  349.302529925,  2370.03
1573.692913,  46606.8,  45121.6,  552.844508586,  349.302912639,  2368.99
1573.71334719,  46857.2,  45352.5,  552.844931266,  349.302079037,  2369.55
1573.73378158,  47192.7,  45660.5,  552.845211595,  349.300889724,  2367.68
1573.75421588,  47252.1,  45714.6,  552.845207998,  349.300596435,  2367.63
1573.77465007,  46972.7,  45459.4,  552.84489692,  349.301413373,  2368.43
1573.79508447,  46671.8,  45182.0,  552.844752977,  349.302659104,  2368.77
1573.81551876,  46579.9,  45098.5,  552.844525881,  349.302356363,  2368.6
1573.83595296,  46826.6,  45325.3,  552.844771919,  349.30166536,  2367.33
1573.85638735,  47156.8,  45626.6,  552.8450985,  349.300888149,  2368.27
1573.87682165,  47255.5,  45717.2,  552.845640714,  349.300386843,  2366.55
1573.89725604,  47036.4,  45517.2,  552.844730517,  349.301468202,  2365.48
1573.91769024,  46710.2,  45216.0,  552.844690655,  349.302063435,  2366.72
1573.93812453,  46599.8,  45116.6,  552.844571601,  349.302384871,  2365.36
1573.95855893,  46802.2,  45300.9,  552.84505092,  349.301706702,  2366.49
1573.97899313,  47128.4,  45600.5,  552.845909643,  349.300586576,  2364.74
1573.99942742,  47255.3,  45718.5,  552.845744932,  349.300246238,  2363.42
1574.01986182,  47044.7,  45523.2,  552.845616819,  349.301117985,  2364.41
1574.04029602,  46722.9,  45227.9,  552.845057798,  349.301738425,  2363.17
1574.06073041,  46560.7,  45081.2,  552.844610527,  349.302753902,  2361.38
1574.08116471,  46774.2,  45275.3,  552.845203511,  349.301779657,  2364.41
1574.10159891,  47108.3,  45580.9,  552.845977728,  349.300874654,  2363.6
1574.12203331,  47266.0,  45725.6,  552.846023806,  349.300061316,  2361.9
1574.14246761,  47092.5,  45566.0,  552.845683413,  349.300375896,  2362.86
1574.1629019,  46755.7,  45259.6,  552.845012538,  349.301418109,  2359.1
1574.1833362,  46587.4,  45103.5,  552.845046862,  349.302113273,  2361.06
1574.2037705,  46742.1,  45245.4,  552.845324824,  349.301599412,  2360.75
1574.2242048,  47080.4,  45556.3,  552.845600715,  349.300736217,  2359.81
1574.2446391,  47264.4,  45723.7,  552.846026936,  349.299958155,  2362.15
1574.2650734,  47136.6,  45606.0,  552.845851895,  349.300457204,  2360.92
1574.2855077,  46797.9,  45297.5,  552.845558153,  349.301363161,  2359.28
1574.3059421,  46599.9,  45114.2,  552.84482785,  349.301961487,  2359.86
1574.3263763,  46724.2,  45228.8,  552.84463867,  349.30156061,  2359.65
1574.3468106,  47037.6,  45515.2,  552.845700956,  349.300482241,  2360.36
1574.3672449,  47254.1,  45714.2,  552.846314,  349.299870117,  2359.28
1574.3876792,  47126.5,  45598.4,  552.845925265,  349.299882717,  2358.64
1574.4081136,  46819.8,  45315.5,  552.845751093,  349.300819534,  2359.21
1574.4285478,  46597.6,  45112.1,  552.845129121,  349.302141406,  2357.14
1574.4489822,  46689.3,  45196.9,  552.845823299,  349.301059586,  2360.05
1574.4694165,  47027.6,  45506.1,  552.845812609,  349.300410957,  2356.66
1574.4898507,  47269.2,  45728.7,  552.846374532,  349.299586806,  2356.18
1574.5102851,  47157.2,  45626.5,  552.846412368,  349.299391874,  2356.59
1574.53071941,  46858.2,  45350.9,  552.846027077,  349.300083643,  2355.87
1574.55115361,  46610.7,  45125.2,  552.845859646,  349.301474094,  2354.95
1574.57158801,  46664.9,  45173.4,  552.845520444,  349.30089473,  2355.52
1574.59202231,  46981.1,  45463.2,  552.846089688,  349.300502935,  2356.88
1574.61245671,  47249.3,  45709.4,  552.846795219,  349.300002626,  2356.3
1574.63289092,  47189.4,  45654.1,  552.846412575,  349.299565895,  2355.12
1574.65332522,  46892.7,  45383.2,  552.846021813,  349.300614446,  2355.62
1574.67375962,  46638.0,  45149.9,  552.84545481,  349.301264577,  2355.69
1574.69419383,  46653.3,  45162.1,  552.845433795,  349.301325568,  2353.23
1574.71462813,  46961.0,  45444.7,  552.846225014,  349.300141738,  2353.97
1574.73506253,  47236.5,  45698.2,  552.846448831,  349.299845805,  2354.8
1574.75549674,  47205.2,  45667.5,  552.846643707,  349.299415894,  2355.63
1574.77593104,  46914.7,  45402.7,  552.845926104,  349.30052343,  2355.77
1574.79636545,  46669.4,  45177.1,  552.846180078,  349.300953189,  2353.01
1574.81679975,  46631.6,  45142.1,  552.845987727,  349.301106086,  2352.85
1574.83723406,  46928.9,  45415.6,  552.846912783,  349.300174148,  2352.35
1574.85766836,  47208.9,  45671.0,  552.847081666,  349.299332984,  2353.46
1574.87810267,  47238.5,  45699.1,  552.846528268,  349.298877047,  2352.23
1574.89853697,  46955.0,  45439.1,  552.846119182,  349.300011138,  2350.82
1574.91897128,  46662.6,  45169.0,  552.845959323,  349.300856509,  2353.02
1574.93940558,  46613.2,  45125.0,  552.845877929,  349.300780693,  2352.34
1574.95983989,  46870.7,  45361.2,  552.846423117,  349.300292136,  2351.8
1574.9802742,  47214.8,  45675.7,  552.846742591,  349.299363146,  2351.41
1575.0007085,  47257.1,  45716.3,  552.847041243,  349.299093984,  2353.15
1575.02114281,  46995.5,  45475.0,  552.846894172,  349.299916327,  2350.44
1575.04157712,  46695.9,  45200.5,  552.846526563,  349.300675628,  2350.34
1575.06201152,  46615.4,  45127.1,  552.845949129,  349.301321317,  2350.75
1575.08244573,  46836.4,  45327.6,  552.846780337,  349.300464787,  2349.61
1575.10288004,  47160.4,  45626.2,  552.847024014,  349.299314984,  2352.11
1575.12331444,  47270.6,  45726.8,  552.847007407,  349.298577651,  2350.16
1575.14374865,  47031.5,  45507.2,  552.84710083,  349.299747731,  2351.05
1575.16418296,  46713.0,  45215.6,  552.84617698,  349.300422786,  2349.46
1575.18461737,  46602.8,  45113.9,  552.846238895,  349.301068137,  2350.95
1575.20505158,  46821.7,  45314.6,  552.846701189,  349.300145665,  2351.26
1575.22548599,  47146.3,  45614.0,  552.847150935,  349.299445015,  2349.14
1575.24592029,  47277.6,  45732.3,  552.847623333,  349.298820276,  2349.18
1575.2663545,  47063.2,  45536.5,  552.84715178,  349.299181165,  2347.79
1575.28678891,  46734.0,  45235.0,  552.846193029,  349.300317779,  2349.07
1575.30722322,  46607.2,  45117.0,  552.846219991,  349.300834809,  2346.92
1575.32765743,  46796.4,  45291.7,  552.846450349,  349.299688877,  2348.06
1575.34809184,  47125.9,  45594.5,  552.847434457,  349.299194122,  2347.33
1575.36852615,  47281.9,  45736.3,  552.847427703,  349.298369606,  2346.93
1575.38896056,  47113.3,  45582.5,  552.847079877,  349.29916022,  2346.21
1575.40939477,  46760.4,  45258.8,  552.846845045,  349.299715746,  2347.62
1575.42982908,  46598.6,  45109.3,  552.846739742,  349.300690098,  2347.47
1575.45026349,  46748.3,  45249.0,  552.846565818,  349.300133291,  2345.15
1575.4706978,  47095.6,  45565.0,  552.847521397,  349.298325398,  2345.7
1575.49113201,  47268.7,  45724.9,  552.847775595,  349.29864311,  2345.36
1575.51156643,  47126.6,  45594.9,  552.847932718,  349.298356137,  2347.67
1575.53200074,  46806.7,  45299.5,  552.846515153,  349.300173554,  2347.1
1575.55243495,  46598.5,  45110.1,  552.846642315,  349.30009222,  2343.31
1575.57286936,  46743.0,  45241.9,  552.846691257,  349.300042648,  2344.56
1575.59330367,  47054.8,  45526.8,  552.84723844,  349.298993201,  2345.84
1575.61373799,  47253.5,  45711.2,  552.847780721,  349.298075058,  2344.97
1575.65460651,  46831.2,  45322.1,  552.847094092,  349.299253991,  2345.59
1575.67504092,  46602.5,  45112.9,  552.846864385,  349.299924616,  2343.58
1575.69547524,  46715.4,  45213.4,  552.847127874,  349.300043855,  2344.93
1575.71590945,  47033.3,  45507.7,  552.847655268,  349.299043273,  2343.93
1575.73634386,  47251.6,  45707.1,  552.848322898,  349.298042443,  2344.12
1575.75677818,  47182.0,  45642.4,  552.848082469,  349.298536452,  2343.58
1575.77721259,  46847.9,  45337.2,  552.847639691,  349.299492455,  2343.64
1575.7976468,  46606.8,  45114.9,  552.847656093,  349.300388794,  2343.74
1575.81808112,  46668.8,  45171.1,  552.847559891,  349.300342033,  2344.25
1575.83851553,  46994.5,  45472.1,  552.848053074,  349.299069436,  2341.97
1575.85894975,  47254.3,  45707.6,  552.848140183,  349.298614365,  2343.92
1575.87938406,  47197.0,  45656.0,  552.848450643,  349.298573663,  2342.59
1575.89981848,  46905.4,  45390.1,  552.847852708,  349.299450417,  2340.61
1575.92025269,  46639.3,  45144.2,  552.847694545,  349.30039649,  2343.25
1575.94068701,  46650.7,  45155.1,  552.847609277,  349.300278798,  2343.48
1575.96112142,  46951.6,  45430.5,  552.847899509,  349.299396165,  2340.76
1575.98155564,  47252.2,  45705.9,  552.848412552,  349.29823269,  2342.62
1576.00199006,  47230.4,  45686.3,  552.848357812,  349.298348443,  2340.28
1576.02242437,  46927.8,  45408.5,  552.848130337,  349.299529734,  2340.15
1576.04285869,  46654.1,  45157.1,  552.847798741,  349.300446853,  2341.28
1576.06329301,  46633.1,  45139.0,  552.847518165,  349.300023727,  2340.65
1576.08372732,  46941.6,  45419.2,  552.848135112,  349.299554142,  2341.33
1576.10416164,  47231.9,  45687.7,  552.848325837,  349.298189851,  2338.92
1576.12459596,  47249.0,  45703.0,  552.848176094,  349.299143099,  2338.77
1576.14503027,  46967.1,  45442.2,  552.848119011,  349.299319679,  2339.52
1576.16546459,  46669.6,  45171.6,  552.847919362,  349.299930979,  2339.63
1576.18589901,  46623.2,  45128.3,  552.847699781,  349.300620139,  2338.91
1576.20633323,  46886.5,  45369.5,  552.847686863,  349.299680977,  2338.71
1576.22676764,  47203.6,  45661.3,  552.848609049,  349.298552581,  2339.91
1576.24720196,  47251.4,  45703.5,  552.849012919,  349.298307354,  2338.25
1576.26763618,  47000.8,  45474.1,  552.848743022,  349.298918574,  2337.68
1576.2880706,  46674.0,  45174.8,  552.848296807,  349.30036355,  2337.42
1576.30850482,  46602.1,  45107.7,  552.84786731,  349.300353264,  2336.89
1576.32893914,  46864.7,  45348.9,  552.8483955,  349.299585082,  2338.11
1576.34937356,  47190.0,  45647.1,  552.848885284,  349.298162638,  2338.88
1576.36980778,  47307.3,  45773.5,  552.849356754,  349.297849244,  2354.5
1576.3902422,  47030.6,  45501.9,  552.848176596,  349.299125176,  2336.61
1576.41067652,  46733.9,  45228.4,  552.84789789,  349.299682674,  2336.99
1576.43111074,  46622.9,  45126.7,  552.847880897,  349.300338981,  2338.04
1576.45154516,  46821.2,  45309.4,  552.847915217,  349.299317694,  2338.14
1576.47197948,  47154.4,  45614.0,  552.849229988,  349.298308217,  2334.4
1576.4924137,  47274.9,  45725.0,  552.848859692,  349.297977179,  2337.14
1576.51284812,  47083.9,  45549.9,  552.848597146,  349.29866706,  2337.41
1576.53328244,  46745.1,  45238.1,  552.848413348,  349.299675655,  2335.75
1576.55371676,  46608.5,  45114.1,  552.848222822,  349.299887131,  2336.55
1576.57415108,  46778.1,  45268.6,  552.848556697,  349.299230547,  2336.53
1576.5945854,  47131.7,  45592.3,  552.849005456,  349.298230533,  2336.29
1576.61501982,  47282.3,  45732.1,  552.84932659,  349.297429993,  2337.21
1576.63545405,  47102.4,  45565.6,  552.849007495,  349.298038047,  2335.14
1576.65588837,  46765.5,  45256.8,  552.848439903,  349.299082935,  2336.42
1576.67632279,  46622.9,  45127.9,  552.848536405,  349.299507487,  2334.55
1576.69675711,  46764.7,  45256.0,  552.848632266,  349.299097797,  2334.32
1576.71719134,  47103.5,  45567.0,  552.848836132,  349.298218391,  2335.43
1576.73762576,  47282.5,  45731.4,  552.849420605,  349.297481411,  2334.84
1576.75806008,  47144.7,  45603.3,  552.849812235,  349.298195909,  2331.95
1576.77849441,  46814.2,  45302.7,  552.848802316,  349.29910001,  2333.63
1576.79892873,  46615.9,  45119.4,  552.848706158,  349.299580024,  2332.88
1576.81936305,  46737.1,  45230.7,  552.848718159,  349.299284114,  2333.13
1576.83979748,  47089.7,  45554.9,  552.849426781,  349.298154505,  2332.38
1576.8602317,  47302.3,  45748.4,  552.849850389,  349.29759571,  2333.54
1576.88066602,  47175.1,  45631.8,  552.84943676,  349.297742045,  2334.02
1576.90110045,  46834.1,  45319.9,  552.848920396,  349.298989983,  2333.77
1576.92153467,  46631.1,  45132.7,  552.849029688,  349.299250978,  2333.85
1576.941969,  46724.2,  45217.4,  552.849109379,  349.299154,  2333.98
1576.96240332,  47026.2,  45494.3,  552.849346033,  349.29786298,  2333.17
1576.98283765,  47268.3,  45716.8,  552.850004521,  349.297275629,  2330.15
1577.00327207,  47184.7,  45641.6,  552.849331646,  349.297694571,  2331.04
1577.0237063,  46880.7,  45361.7,  552.849405452,  349.298374277,  2331.41
1577.04414063,  46633.6,  45134.8,  552.849048244,  349.299536242,  2332.41
1577.06457505,  46692.0,  45189.3,  552.849262709,  349.29877102,  2329.87
1577.08500928,  47010.0,  45480.0,  552.84955454,  349.297918778,  2331.02
1577.1054436,  47267.4,  45716.5,  552.849858093,  349.297125207,  2332.27
1577.12587803,  47219.5,  45672.6,  552.849793002,  349.297396528,  2330.88
1577.14631226,  46920.6,  45397.7,  552.849486463,  349.297832689,  2329.88
1577.16674668,  46642.2,  45144.1,  552.848730883,  349.299046896,  2330.14
1577.18718101,  46674.8,  45172.4,  552.849490954,  349.298869231,  2329.61
1577.20761524,  46965.6,  45439.1,  552.849742357,  349.297881234,  2327.55
1577.22804967,  47263.1,  45712.7,  552.849976413,  349.29712387,  2329.98
1577.24848399,  47231.2,  45681.7,  552.849420507,  349.296675762,  2330.2
1577.26891832,  46930.0,  45406.8,  552.850033413,  349.298164823,  2327.8
1577.28935265,  46659.4,  45158.3,  552.849207814,  349.299178068,  2328.7
1577.30978698,  46648.7,  45147.5,  552.849281581,  349.299041195,  2330.12
1577.33022131,  46938.5,  45414.4,  552.849754906,  349.298001957,  2330.94
1577.35065573,  47227.9,  45679.4,  552.850496996,  349.296930937,  2329.05
1577.37108996,  47260.1,  45707.9,  552.850395675,  349.297351454,  2329.37
1577.39152439,  46980.4,  45453.5,  552.850060489,  349.298258781,  2327.86
1577.41195872,  46692.5,  45186.8,  552.849395209,  349.298764768,  2329.42
1577.43239295,  46629.9,  45130.1,  552.849600142,  349.298423029,  2329.11
1577.45282738,  46901.2,  45380.3,  552.849446347,  349.297920923,  2327.95
1577.47326171,  47220.1,  45671.3,  552.850362498,  349.296856992,  2327.52
1577.49369594,  47263.6,  45712.0,  552.850633256,  349.296644072,  2329.25
1577.51413037,  47000.4,  45471.0,  552.850280914,  349.297402552,  2326.39
1577.5345647,  46702.1,  45195.4,  552.849629167,  349.298665068,  2327.69
1577.55499903,  46640.4,  45140.5,  552.84957603,  349.298135186,  2326.03
1577.57543336,  46898.1,  45376.4,  552.85009916,  349.297666636,  2326.67
1577.59586759,  47208.9,  45660.8,  552.850280654,  349.296567981,  2325.94
1577.61630202,  47268.9,  45716.4,  552.85036146,  349.296201026,  2327.21
1577.63673635,  47035.0,  45500.2,  552.850194754,  349.297347564,  2325.4
1577.65717058,  46717.4,  45210.7,  552.849619672,  349.297964802,  2324.43
1577.67760502,  46611.3,  45113.2,  552.849780755,  349.29865205,  2326.13
1577.69803935,  46831.5,  45313.9,  552.850406865,  349.297606161,  2325.14
1577.71847368,  47163.4,  45619.9,  552.850376811,  349.297017407,  2329.57
1577.73890801,  47311.7,  45755.9,  552.850505737,  349.296342663,  2324.8
1577.75934234,  47092.0,  45552.7,  552.850505184,  349.296626678,  2326.07
1577.77977678,  46747.6,  45237.9,  552.850180155,  349.297779727,  2326.88
1577.80021101,  46615.2,  45115.4,  552.849506339,  349.298384914,  2325.99
1577.82064534,  46808.0,  45292.8,  552.849608046,  349.297681904,  2326.18
1577.84107977,  47151.1,  45608.4,  552.850059391,  349.296540026,  2323.58
1577.86151411,  47297.7,  45741.1,  552.851239579,  349.296150628,  2323.77
1577.88194834,  47106.4,  45565.8,  552.850299565,  349.29677566,  2325.74
1577.90238277,  46800.9,  45286.6,  552.849807228,  349.297838907,  2323.79
1577.92281711,  46642.0,  45140.7,  552.849675764,  349.298297242,  2323.47
1577.94325144,  46775.8,  45264.1,  552.849967101,  349.298009389,  2323.67
1577.96368578,  47104.9,  45564.7,  552.85030899,  349.296700888,  2323.02
1577.98412011,  47298.5,  45742.4,  552.851194214,  349.296357522,  2324.17
1578.00455445,  47153.5,  45610.7,  552.85045266,  349.296831445,  2322.41
1578.02498878,  46808.2,  45292.1,  552.850205725,  349.297420416,  2323.99
1578.04542311,  46618.2,  45119.0,  552.850049565,  349.298330169,  2323.63
1578.06585755,  46751.8,  45241.4,  552.84987385,  349.297926206,  2328.64
1578.08629179,  47103.1,  45562.3,  552.850836581,  349.297089839,  2325.7
1578.10672612,  47327.2,  45769.6,  552.850913202,  349.29613921,  2324.85
1578.12716056,  47176.3,  45630.8,  552.850726882,  349.296329102,  2325.89
1578.14759479,  46844.3,  45325.7,  552.850348331,  349.297149994,  2323.13
1578.16802923,  46621.0,  45122.1,  552.849855958,  349.298142053,  2324.87
1578.18846356,  46714.0,  45205.7,  552.850144601,  349.297867536,  2322.34
1578.2088978,  47040.7,  45506.7,  552.850820692,  349.296568052,  2321.37
1578.22933224,  47291.8,  45737.5,  552.850843785,  349.2958875,  2322.67
1578.24976647,  47192.7,  45644.1,  552.851052956,  349.296501055,  2322.98
1578.27020081,  46887.3,  45364.8,  552.850278494,  349.297081785,  2320.72
1578.29063525,  46654.4,  45151.6,  552.850277667,  349.298246686,  2321.32
1578.31106948,  46696.8,  45189.2,  552.850475497,  349.297426472,  2321.67
1578.33150392,  47025.8,  45492.5,  552.85086099,  349.296453008,  2321.0
1578.35193826,  47267.2,  45713.7,  552.850676141,  349.29597163,  2324.28
1578.3723725,  47222.8,  45672.3,  552.851109083,  349.29573408,  2322.78
1578.39280694,  46919.6,  45395.1,  552.850564319,  349.296940387,  2322.16
1578.41324127,  46667.2,  45161.3,  552.850295459,  349.297803574,  2322.21
1578.43367561,  46701.3,  45193.5,  552.850158197,  349.29763725,  2324.68
1578.45410995,  47004.6,  45472.1,  552.850757498,  349.296950699,  2322.01
1578.47454429,  47282.0,  45725.6,  552.851354634,  349.295996567,  2321.38
1578.49497863,  47258.8,  45704.4,  552.851257084,  349.295915473,  2321.3
1578.51541297,  46944.3,  45416.2,  552.850899459,  349.29687032,  2320.91
1578.53584731,  46654.6,  45150.4,  552.850588995,  349.297795522,  2322.5
1578.55628175,  46660.0,  45156.8,  552.850466424,  349.297453193,  2319.17
1578.57671609,  46955.6,  45426.2,  552.850670531,  349.29652426,  2320.63
1578.59715033,  47264.1,  45709.2,  552.851169091,  349.29544189,  2319.95
1578.63801911,  46990.3,  45457.0,  552.851145556,  349.296773026,  2319.74
1578.65845335,  46706.6,  45197.1,  552.851196786,  349.29716718,  2319.02
1578.67888779,  46647.4,  45142.8,  552.850579131,  349.297811769,  2319.1
1578.69932213,  46903.6,  45376.8,  552.851270972,  349.296570943,  2319.3
1578.71975637,  47252.3,  45697.7,  552.851781375,  349.295067562,  2318.09
1578.74019081,  47273.6,  45715.4,  552.851770191,  349.295417273,  2317.33
1578.76062515,  47002.4,  45466.9,  552.851812188,  349.29651802,  2319.45
1578.78105959,  46706.8,  45196.9,  552.851018383,  349.297381604,  2318.48
1578.80149383,  46661.8,  45154.4,  552.851633966,  349.297414495,  2318.8
1578.82192818,  46900.1,  45373.5,  552.851704436,  349.296874675,  2318.62
1578.84236262,  47216.4,  45664.3,  552.851821278,  349.296047316,  2317.73
1578.86279686,  47293.8,  45734.3,  552.852072954,  349.295664044,  2318.43
1578.8832312,  47036.3,  45498.9,  552.851527954,  349.297000712,  2318.76
1578.90366554,  46727.5,  45215.1,  552.851145043,  349.297499724,  2318.31
1578.92409989,  46624.2,  45120.2,  552.851319232,  349.29775362,  2317.57
1578.94453433,  46861.7,  45340.0,  552.851428975,  349.297328104,  2316.38
1578.96496857,  47201.8,  45649.8,  552.852080157,  349.295901712,  2317.46
1578.98540292,  47303.5,  45743.0,  552.852228989,  349.295486367,  2318.07
1579.00583736,  47097.3,  45554.6,  552.851619613,  349.296430781,  2317.18
1579.0262716,  46768.9,  45252.6,  552.851916571,  349.297510483,  2315.51
1579.04670595,  46642.2,  45136.9,  552.851265246,  349.297647129,  2317.46
1579.06714039,  46826.3,  45305.3,  552.851652951,  349.297019982,  2317.57
1579.08757474,  47162.8,  45612.9,  552.852761221,  349.296156347,  2316.79
1579.10800898,  47307.9,  45748.6,  552.852027652,  349.295705943,  2314.43
1579.12844342,  47125.5,  45578.9,  552.852370594,  349.296409781,  2315.0
1579.14887777,  46790.9,  45271.3,  552.851812379,  349.297579043,  2316.44
1579.16931211,  46655.3,  45148.5,  552.851501789,  349.297568467,  2315.41
1579.18974646,  46819.4,  45297.2,  552.852041041,  349.29741359,  2316.96
1579.2101808,  47127.8,  45580.6,  552.852422102,  349.296263528,  2314.98
1579.23061525,  47302.8,  45741.4,  552.852089007,  349.295512059,  2315.23
1579.25104949,  47134.0,  45586.0,  552.851758216,  349.296044012,  2315.55
1579.27148384,  46818.5,  45298.3,  552.851655444,  349.297079416,  2314.55
1579.29191829,  46650.2,  45142.3,  552.851623099,  349.297844111,  2313.88
1579.31235253,  46767.4,  45249.9,  552.851862579,  349.297140419,  2315.04
1579.33278698,  47112.8,  45567.1,  552.852325177,  349.296103068,  2314.28
1579.35322133,  47317.9,  45755.0,  552.85251495,  349.29528483,  2315.65
1579.37365557,  47208.1,  45654.8,  552.85258259,  349.295536208,  2314.83
1579.39409002,  46862.6,  45338.0,  552.852049876,  349.296505994,  2314.38
1579.41452437,  46633.3,  45126.5,  552.852118307,  349.297504408,  2315.85
1579.43495861,  46735.9,  45221.4,  552.851843043,  349.297265475,  2315.74
1579.45539306,  47081.7,  45538.8,  552.85258547,  349.296512989,  2314.07
1579.47582741,  47313.7,  45750.3,  552.852745164,  349.295283644,  2315.18
1579.49626166,  47209.8,  45656.3,  552.852844438,  349.295517171,  2314.97
1579.5166961,  46893.5,  45365.2,  552.852145361,  349.296616208,  2315.0
1579.53713035,  46664.5,  45155.8,  552.852109774,  349.297620883,  2314.32
1579.5575648,  46731.1,  45216.7,  552.852065706,  349.296831036,  2315.57
1579.57799915,  47028.8,  45489.1,  552.8523325,  349.296021519,  2313.51
1579.5984335,  47278.7,  45718.8,  552.852705857,  349.295234391,  2313.48
1579.61886785,  47219.9,  45665.2,  552.853112091,  349.295491509,  2312.96
1579.63930219,  46943.6,  45410.5,  552.85251453,  349.296308012,  2313.32
1579.65973654,  46662.3,  45153.9,  552.852483559,  349.296877869,  2315.79
1579.68017089,  46701.7,  45190.1,  552.852339771,  349.296749058,  2311.88
1579.70060524,  47008.4,  45469.3,  552.852998388,  349.295472955,  2312.17
1579.72103969,  47305.5,  45743.4,  552.853183398,  349.294655667,  2312.14
1579.74147404,  47263.9,  45703.3,  552.854179159,  349.295058862,  2312.97
1579.76190829,  46948.6,  45414.5,  552.852920608,  349.296175907,  2312.2
1579.78234274,  46680.4,  45170.1,  552.852301408,  349.296728302,  2311.27
1579.80277709,  46672.6,  45161.4,  552.852616188,  349.296920261,  2311.33
1579.82321134,  46976.0,  45440.7,  552.852605219,  349.295615754,  2310.75
1579.84364579,  47285.2,  45723.4,  552.85383076,  349.294657882,  2310.52
1579.86408014,  47271.2,  45710.2,  552.85334556,  349.295050844,  2310.46
1579.8845144,  46999.2,  45462.3,  552.85351513,  349.295372847,  2309.5
1579.90494885,  46722.7,  45207.2,  552.852945539,  349.296605287,  2307.86
1579.9253832,  46675.0,  45163.0,  552.852233585,  349.296959298,  2310.48
1579.94581765,  46909.9,  45379.8,  552.852712042,  349.295526682,  2308.77
1579.9662519,  47231.0,  45673.2,  552.853518787,  349.294764112,  2307.08
1579.98668625,  47293.8,  45731.5,  552.853749161,  349.29486773,  2310.77
1580.00712071,  47020.6,  45481.4,  552.853502377,  349.295392766,  2307.23
1580.02755496,  46716.9,  45201.7,  552.853143085,  349.296003333,  2308.94
1580.04798931,  46666.7,  45157.5,  552.853022778,  349.296376748,  2307.54
1580.06842376,  46917.9,  45385.7,  552.853202327,  349.295683059,  2308.17
1580.08885802,  47234.0,  45675.6,  552.854051931,  349.294225052,  2309.41
1580.10929237,  47284.7,  45724.0,  552.853800871,  349.294391533,  2307.02
1580.12972682,  47066.3,  45522.2,  552.853363319,  349.294802739,  2305.21
1580.15016108,  46768.6,  45249.4,  552.853227948,  349.29574325,  2307.71
1580.17059553,  46659.2,  45150.0,  552.852517595,  349.296236314,  2306.6
1580.19102978,  46856.4,  45329.0,  552.853454453,  349.295510944,  2306.32
1580.21146414,  47195.6,  45641.1,  552.853724358,  349.294260646,  2305.8
1580.23189859,  47331.5,  45765.6,  552.854461396,  349.294107977,  2305.7
1580.25233285,  47125.3,  45575.2,  552.853889801,  349.294801431,  2305.63
1580.2727672,  46776.0,  45257.3,  552.852951429,  349.295850103,  2305.71
1580.29320165,  46613.1,  45106.7,  552.853230501,  349.295957925,  2305.94
1580.31363601,  46834.4,  45309.8,  552.852900645,  349.295233578,  2303.24
1580.33407036,  47167.9,  45616.2,  552.853758456,  349.294356172,  2305.29
1580.35450472,  47324.9,  45758.9,  552.854404327,  349.293461359,  2305.58
1580.37493907,  47126.2,  45576.8,  552.853762798,  349.294296438,  2304.46
1580.39537343,  46809.3,  45287.0,  552.853669644,  349.295120967,  2304.85
1580.41580779,  46662.6,  45150.3,  552.853408563,  349.295875283,  2305.11
1580.43624214,  46811.3,  45287.6,  552.853345288,  349.2957338,  2305.3
1580.4566766,  47121.5,  45573.1,  552.854094873,  349.294219817,  2302.28
1580.47711085,  47301.8,  45737.0,  552.854324909,  349.294054493,  2305.54
1580.49754521,  47158.1,  45606.5,  552.853679066,  349.294159116,  2304.11
1580.51797967,  46840.8,  45313.9,  552.853582598,  349.295675319,  2302.35
1580.53841392,  46651.4,  45141.5,  552.853357311,  349.29552305,  2304.9
1580.55884838,  46784.7,  45264.7,  552.853570571,  349.295206765,  2300.8
1580.57928274,  47114.2,  45564.2,  552.853863572,  349.294166392,  2302.73
1580.59971699,  47329.2,  45762.9,  552.854600739,  349.293690773,  2302.73
1580.62015145,  47178.8,  45624.4,  552.854038643,  349.294158511,  2305.07
1580.64058581,  46846.9,  45319.5,  552.854104272,  349.295064249,  2302.73
1580.66102007,  46652.7,  45143.4,  552.853205415,  349.295152962,  2300.82
1580.68145452,  46761.8,  45241.3,  552.854051957,  349.295181526,  2301.26
1580.70188888,  47080.2,  45533.9,  552.854286026,  349.293731811,  2301.15
1580.72232334,  47295.1,  45731.6,  552.853815733,  349.293548863,  2301.87
1580.7427576,  47229.3,  45669.4,  552.854627558,  349.293661026,  2301.87
1580.76319196,  46907.1,  45376.0,  552.853748746,  349.29482624,  2299.28
1580.78362642,  46655.1,  45144.7,  552.853885574,  349.295577234,  2300.14
1580.80406067,  46714.0,  45197.7,  552.85388578,  349.294988714,  2301.84
1580.82449503,  47032.9,  45491.2,  552.854328966,  349.29426544,  2298.82
1580.84492939,  47293.3,  45728.8,  552.85477283,  349.29376591,  2301.8
1580.86536375,  47244.9,  45684.3,  552.85473687,  349.293234318,  2300.75
1580.88579811,  46923.9,  45391.2,  552.854425625,  349.294269262,  2300.11
1580.90623247,  46667.0,  45155.1,  552.853937321,  349.29548239,  2299.67
1580.92666683,  46716.9,  45200.2,  552.854079686,  349.295109831,  2301.03
1580.94710129,  47018.8,  45477.9,  552.854540619,  349.294205791,  2299.32
1580.96753565,  47284.1,  45719.3,  552.854855953,  349.293498093,  2300.2
1580.98796991,  47236.5,  45676.7,  552.854717547,  349.293212442,  2299.99
1581.00840437,  46959.7,  45423.7,  552.854348752,  349.294184915,  2298.59
1581.02883873,  46688.1,  45173.0,  552.854134346,  349.295147314,  2298.49
1581.049273,  46685.3,  45172.0,  552.854068935,  349.295099366,  2299.49
1581.06970746,  46990.3,  45449.9,  552.854670404,  349.294054114,  2297.75
1581.09014182,  47286.9,  45722.7,  552.854498767,  349.293054467,  2297.59
1581.11057628,  47299.6,  45735.2,  552.855061954,  349.293660816,  2298.32
1581.13101054,  47014.5,  45472.4,  552.854545501,  349.294457103,  2298.31
1581.1514449,  46702.5,  45187.0,  552.854176395,  349.294842123,  2298.77
1581.17187936,  46649.1,  45138.0,  552.854005316,  349.295170047,  2298.34
1581.19231363,  46950.3,  45413.2,  552.854633177,  349.294255102,  2298.95
1581.21274799,  47266.0,  45704.6,  552.854392257,  349.293371968,  2298.63
1581.23318245,  47319.4,  45753.0,  552.854897634,  349.293306728,  2296.41
1581.25361671,  47047.2,  45503.1,  552.854789731,  349.294109911,  2296.45
1581.27405108,  46744.9,  45226.5,  552.854500253,  349.294765291,  2296.0
1581.29448554,  46690.2,  45174.9,  552.854367002,  349.295276878,  2296.29
1581.3149198,  46921.5,  45387.4,  552.854723762,  349.294357672,  2297.33
1581.33535427,  47208.3,  45651.0,  552.854979241,  349.293677789,  2295.23
1581.35578863,  47289.1,  45723.4,  552.855450176,  349.292915328,  2295.82
1581.37622299,  47086.2,  45538.6,  552.855071349,  349.293530923,  2296.75
1581.39665736,  46768.7,  45247.1,  552.854568765,  349.294639697,  2295.44
1581.41709172,  46668.3,  45154.3,  552.85444187,  349.294772521,  2295.44
1581.43752609,  46873.1,  45342.7,  552.854663388,  349.294239069,  2297.35
1581.45796045,  47212.2,  45652.9,  552.85529378,  349.293424754,  2295.42
1581.47839481,  47327.1,  45758.5,  552.855766123,  349.29276655,  2295.85
1581.49882918,  47089.3,  45542.4,  552.85520989,  349.293601331,  2295.98
1581.51926354,  46782.1,  45257.6,  552.854749467,  349.294589849,  2295.39
1581.53969791,  46665.8,  45152.7,  552.854376856,  349.294785956,  2295.46
1581.56013227,  46842.2,  45314.2,  552.855169539,  349.293771965,  2294.55
1581.58056664,  47198.7,  45641.5,  552.855816577,  349.293172058,  2295.3
1586.83219694,  47355.8,  45781.3,  552.867678601,  349.282889624,  2256.02
1586.85263145,  47219.0,  45657.4,  552.867845079,  349.283650876,  2255.51
1586.87306575,  46892.3,  45355.4,  552.867308678,  349.284709526,  2253.04
1586.89350026,  46696.6,  45176.1,  552.866852696,  349.284884356,  2255.26
1586.91393467,  46799.0,  45271.2,  552.867102623,  349.28440586,  2253.03
1586.93436897,  47129.4,  45571.6,  552.867702646,  349.283150398,  2254.61
1586.95480348,  47363.3,  45787.6,  552.86762548,  349.281883133,  2254.09
1586.97523788,  47270.7,  45702.7,  552.867629534,  349.282474827,  2254.89
1586.99567229,  46956.0,  45411.8,  552.867423052,  349.283496995,  2253.63
1587.0161067,  46711.2,  45188.0,  552.867426415,  349.283903684,  2255.51
1587.0365411,  46773.1,  45243.9,  552.867289676,  349.283618984,  2253.63
1587.05697561,  47107.5,  45551.1,  552.867766393,  349.282727892,  2251.95
1587.07741002,  47352.4,  45775.9,  552.868040703,  349.28170363,  2254.48
1587.09784433,  47283.7,  45711.1,  552.868105485,  349.281833725,  2253.92
1587.11827883,  46981.9,  45434.7,  552.868382099,  349.283193261,  2256.09
1587.13871324,  46743.1,  45216.1,  552.867440718,  349.283825639,  2253.33
1587.15914755,  46773.7,  45242.7,  552.868000185,  349.284041752,  2251.85
1587.17958206,  47074.7,  45519.3,  552.868248175,  349.282824499,  2254.58
1587.20001646,  47356.3,  45777.6,  552.8687032,  349.281789195,  2253.99
1587.22045087,  47308.7,  45732.5,  552.868579904,  349.281994539,  2252.38
1587.24088528,  47010.3,  45460.9,  552.86869124,  349.28331192,  2253.41
1587.26131959,  46734.5,  45206.2,  552.86819254,  349.283666368,  2252.34
1587.2817541,  46759.3,  45227.9,  552.868535778,  349.283871299,  2253.9
1587.30218851,  47040.7,  45487.8,  552.86810423,  349.282943669,  2252.93
1587.32262282,  47363.7,  45781.5,  552.869022972,  349.281234013,  2251.32
1587.34305732,  47347.2,  45767.3,  552.869139801,  349.282195134,  2254.09
1587.36349173,  47055.5,  45500.7,  552.868683524,  349.282910995,  2251.92
1587.38392624,  46763.8,  45230.8,  552.868740474,  349.283845234,  2253.15
1587.40436055,  46727.0,  45198.9,  552.868264907,  349.284040542,  2253.06
1587.42479496,  46986.2,  45435.3,  552.868590056,  349.283209745,  2250.68
1587.44522947,  47327.7,  45748.3,  552.86917015,  349.281986261,  2249.18
1587.46566378,  47362.9,  45782.1,  552.869198163,  349.282565909,  2250.96
1587.5065327,  46793.7,  45258.7,  552.868356472,  349.283894513,  2250.47
1587.52696701,  46731.9,  45202.6,  552.8682886,  349.283954528,  2250.55
1587.54740152,  46970.5,  45419.6,  552.868710541,  349.283295316,  2249.83
1587.56783593,  47287.4,  45711.3,  552.869094767,  349.282339394,  2248.18
1587.58827034,  47348.3,  45767.1,  552.869560331,  349.282518349,  2249.87
1587.60870475,  47109.9,  45546.1,  552.868963693,  349.283046635,  2248.72
1587.62913917,  46815.0,  45277.6,  552.868456851,  349.283726406,  2249.82
1587.64957358,  46735.3,  45203.5,  552.868673494,  349.284421553,  2249.26
1587.67000799,  46949.9,  45400.0,  552.868908522,  349.283785018,  2249.31
1587.6904424,  47276.2,  45700.8,  552.868612351,  349.282661192,  2247.7
1587.71087691,  47387.2,  45800.4,  552.869160437,  349.282234819,  2249.2
1587.73131122,  47167.0,  45599.1,  552.868678508,  349.283018744,  2248.2
1587.75174563,  46821.2,  45282.6,  552.868207739,  349.284272694,  2247.34
1587.77218015,  46708.6,  45177.9,  552.868209642,  349.284206136,  2245.63
1587.79261456,  46912.1,  45365.7,  552.868330661,  349.283942867,  2247.89
1587.81304887,  47261.1,  45685.0,  552.869092296,  349.282754122,  2247.75
1587.83348338,  47397.9,  45809.9,  552.869125977,  349.282593623,  2246.06
1587.85391769,  47208.0,  45636.1,  552.868363119,  349.282637575,  2246.71
1587.87435221,  46865.8,  45321.3,  552.868253399,  349.284182005,  2245.47
1587.89478662,  46724.4,  45192.1,  552.867973562,  349.284482654,  2245.65
1587.91522093,  46888.2,  45342.9,  552.867993854,  349.283980073,  2245.84
1587.93565545,  47226.5,  45651.5,  552.868630067,  349.28320132,  2246.45
1587.95608986,  47379.5,  45793.3,  552.868310707,  349.282171565,  2246.75
1587.97652417,  47230.2,  45657.0,  552.868742655,  349.282624524,  2246.16
1587.99695869,  46901.2,  45353.0,  552.867801867,  349.283887268,  2247.43
1588.0173931,  46727.3,  45194.6,  552.867663774,  349.284885375,  2244.91
1588.03782741,  46869.9,  45324.1,  552.867545059,  349.283946572,  2247.11
1588.05826193,  47204.5,  45631.5,  552.868368082,  349.282657982,  2245.1
1588.07869634,  47395.2,  45808.2,  552.868095138,  349.282190983,  2243.71
1588.09913086,  47249.5,  45672.1,  552.868419481,  349.282866354,  2243.93
1588.11956517,  46915.0,  45366.2,  552.867788545,  349.283966504,  2243.46
1588.13999958,  46710.0,  45177.9,  552.867090469,  349.284445128,  2243.71
1588.1604341,  46835.1,  45292.2,  552.86729401,  349.2840735,  2242.43
1588.18086841,  47156.5,  45587.6,  552.867602947,  349.282700082,  2244.47
1588.20130283,  47388.5,  45800.5,  552.868211737,  349.282152388,  2241.94
1588.22173734,  47278.4,  45697.6,  552.868312331,  349.282832461,  2241.88
1588.24217166,  46982.2,  45427.8,  552.867514081,  349.283492587,  2239.75
1588.26260617,  46728.7,  45194.4,  552.867290949,  349.28459005,  2240.55
1588.28304059,  46796.2,  45256.4,  552.867351117,  349.284551055,  2241.32
1588.303475,  47116.5,  45551.3,  552.867461679,  349.283393851,  2240.05
1588.32390942,  47367.1,  45778.9,  552.868254817,  349.282819776,  2239.7
1588.34434384,  47307.1,  45724.6,  552.86788627,  349.282874192,  2241.97
1588.36477825,  47004.9,  45448.0,  552.866988733,  349.283863373,  2240.33
1588.38521267,  46751.1,  45214.1,  552.867235504,  349.284841355,  2239.74
1588.40564708,  46799.7,  45259.4,  552.867077334,  349.284270768,  2240.7
1588.4260815,  47091.5,  45526.6,  552.867552798,  349.283964409,  2239.32
1588.44651602,  47371.1,  45782.9,  552.867963101,  349.282474317,  2239.53
1588.46695033,  47311.2,  45728.8,  552.867500587,  349.282767284,  2238.99
1588.48738485,  47017.7,  45458.1,  552.867370472,  349.284274423,  2239.84
1588.50781917,  46761.6,  45223.1,  552.867224389,  349.284844211,  2239.25
1588.52825358,  46781.5,  45242.9,  552.866827396,  349.284796641,  2239.43
1588.5486881,  47059.5,  45495.5,  552.867201244,  349.283987442,  2236.56
1588.56912242,  47359.2,  45771.5,  552.86748071,  349.283039205,  2237.32
1588.58955684,  47359.1,  45772.4,  552.867421157,  349.282822716,  2238.92
1588.60999135,  47081.9,  45515.9,  552.867210658,  349.283875606,  2237.48
1588.63042567,  46788.2,  45248.6,  552.866718339,  349.284839722,  2235.82
1588.65086019,  46731.9,  45194.7,  552.867178846,  349.284966734,  2237.59
1588.67129461,  47017.9,  45457.9,  552.867174968,  349.284262007,  2236.95
1588.69172893,  47360.2,  45772.9,  552.867911402,  349.283009975,  2236.61
1588.71216344,  47364.6,  45774.8,  552.867647849,  349.283141723,  2236.07
1588.73259786,  47096.5,  45529.7,  552.867328773,  349.283865933,  2236.05
1588.75303218,  46806.3,  45263.3,  552.866783566,  349.284690375,  2237.55
1588.7734667,  46743.6,  45205.5,  552.867237757,  349.285035363,  2235.58
1588.79390112,  46989.2,  45432.2,  552.866886979,  349.284060511,  2234.75
1588.81433554,  47289.4,  45705.1,  552.867416791,  349.283678174,  2236.45
1588.83476996,  47366.1,  45775.4,  552.867859168,  349.283001625,  2235.46
1588.85520438,  47129.6,  45561.6,  552.867625591,  349.283731676,  2233.78
1588.87563889,  46830.5,  45285.0,  552.867196704,  349.284545738,  2236.43
1588.89607321,  46743.6,  45205.0,  552.866521527,  349.285073312,  2234.94
1588.91650763,  46950.0,  45395.5,  552.867143952,  349.284275092,  2235.84
1588.93694215,  47290.1,  45705.5,  552.867689671,  349.283291543,  2234.92
1588.95737657,  47395.3,  45802.6,  552.868027346,  349.282487664,  2235.65
1588.97781089,  47162.1,  45588.7,  552.867349211,  349.283908204,  2234.69
1588.99824541,  46825.0,  45278.9,  552.867122531,  349.284761351,  2235.05
1589.01867983,  46714.3,  45179.0,  552.867082906,  349.285520786,  2235.15
1589.03911415,  46924.7,  45370.5,  552.867046283,  349.284432129,  2233.83
1589.05954867,  47270.5,  45687.1,  552.867424505,  349.283595056,  2233.2
1589.0799831,  47404.1,  45811.8,  552.867577517,  349.283304245,  2231.46
1589.10041762,  47193.5,  45616.0,  552.867666557,  349.28368924,  2233.18
1589.12085194,  46880.4,  45329.7,  552.867095476,  349.285003275,  2232.88
1589.14128636,  46725.2,  45187.7,  552.866654663,  349.285447636,  2233.47
1589.16172078,  46879.0,  45326.8,  552.867128756,  349.284813658,  2234.79
1589.1821552,  47220.4,  45642.0,  552.8673369,  349.283761497,  2234.28
1589.20258952,  47387.0,  45793.6,  552.868122617,  349.282962991,  2233.11
1589.22302404,  47231.8,  45651.0,  552.867648771,  349.284211225,  2232.29
1589.24345847,  46906.3,  45354.8,  552.867058841,  349.284756605,  2231.77
1589.26389299,  46722.9,  45184.0,  552.866752884,  349.285435782,  2231.85
1589.28432731,  46866.8,  45317.0,  552.867215217,  349.284981413,  2231.83
1589.30476173,  47219.9,  45642.1,  552.867173897,  349.283841609,  2229.98
1589.32519625,  47401.2,  45805.6,  552.867743279,  349.28345682,  2231.61
1589.34563058,  47240.8,  45660.1,  552.867460578,  349.284082835,  2230.6
1589.366065,  46931.7,  45375.4,  552.867200205,  349.284990209,  2231.06
1589.38649952,  46733.7,  45193.2,  552.866815494,  349.285655399,  2230.99
1589.40693384,  46834.8,  45287.4,  552.866792722,  349.285536979,  2229.28
1589.42736827,  47172.8,  45596.1,  552.868141808,  349.284226683,  2229.53
1589.44780279,  47397.0,  45802.0,  552.867775629,  349.283799396,  2232.05
1589.46823721,  47308.8,  45722.2,  552.867024609,  349.283949951,  2230.36
1589.48867164,  46974.6,  45414.0,  552.867318261,  349.284974639,  2228.57
1589.50910606,  46719.8,  45181.0,  552.867086597,  349.28538897,  2230.57
1589.52954048,  46799.4,  45253.9,  552.8667531,  349.285725134,  2228.7
1589.54997491,  47122.5,  45546.1,  552.867254825,  349.284433978,  2231.21
1589.57040933,  47384.1,  45789.1,  552.86750295,  349.283152361,  2228.71
1589.59084375,  47312.3,  45723.5,  552.867921013,  349.283937348,  2228.64
1589.61127828,  46997.8,  45434.6,  552.867702553,  349.284455601,  2228.22
1589.6317126,  46749.0,  45207.8,  552.866846727,  349.285327469,  2229.43
1589.65214703,  46802.1,  45254.1,  552.867278255,  349.285531428,  2228.66
1589.67258155,  47101.8,  45530.1,  552.867286659,  349.284306091,  2227.22
1589.69301588,  47353.4,  45761.4,  552.867870393,  349.283627874,  2227.92
1589.7134504,  47301.6,  45712.9,  552.86790548,  349.284097361,  2228.42
1589.73388483,  47035.5,  45468.9,  552.867527618,  349.28465321,  2228.48
1589.75431915,  46767.1,  45222.6,  552.866824631,  349.285110288,  2225.68
1589.77475368,  46780.6,  45234.2,  552.867319746,  349.28569413,  2227.2
1589.7951881,  47066.9,  45498.9,  552.867310941,  349.284774277,  2225.62
1589.81562243,  47354.6,  45761.0,  552.867916393,  349.283458722,  2226.85
1589.85649128,  47072.8,  45502.4,  552.86710308,  349.28431576,  2227.34
1589.8769258,  46752.0,  45207.7,  552.867541123,  349.285392332,  2226.68
1589.89736023,  46741.4,  45198.1,  552.867271047,  349.285406907,  2226.57
1589.91779456,  47043.3,  45475.2,  552.867278081,  349.284681445,  2225.37
1589.93822908,  47328.2,  45734.0,  552.868110096,  349.283976736,  2228.19
1589.95866351,  47373.3,  45777.5,  552.867503344,  349.283525631,  2224.06
1589.97909783,  47098.6,  45525.5,  552.867612687,  349.284523899,  2226.39
1589.99953236,  46794.0,  45244.8,  552.86732641,  349.285680734,  2225.7
1590.01996679,  46734.7,  45191.5,  552.867042076,  349.285633523,  2225.31
1590.04040121,  46993.0,  45427.2,  552.867635323,  349.284830497,  2224.47
1590.06083564,  47304.6,  45713.5,  552.868427251,  349.283837564,  2225.26
1590.08127007,  47371.2,  45774.6,  552.868152784,  349.283264301,  2224.86
1590.1017046,  47129.0,  45551.4,  552.868037156,  349.284278793,  2226.81
1590.12213892,  46830.4,  45279.1,  552.867204367,  349.285632692,  2223.48
1590.14257335,  46739.3,  45194.4,  552.867098787,  349.285574619,  2224.31
1590.16300788,  46974.2,  45409.9,  552.86779771,  349.284919434,  2224.92
1590.18344231,  47282.8,  45693.8,  552.868339861,  349.283971181,  2221.98
1590.20387663,  47385.1,  45786.9,  552.86846363,  349.283397686,  2222.32
1590.22431116,  47154.4,  45575.6,  552.867886744,  349.284150988,  2222.46
1590.24474559,  46832.0,  45280.2,  552.867564446,  349.285002014,  2222.01
1590.26517992,  46728.3,  45183.0,  552.867162872,  349.285831549,  2223.86
1590.28561445,  46937.8,  45376.6,  552.867415721,  349.284749166,  2224.43
1590.30604887,  47275.5,  45686.0,  552.868069348,  349.283558977,  2222.62
1590.3264834,  47409.8,  45808.4,  552.868375099,  349.283530775,  2221.82
1590.34691773,  47216.1,  45631.7,  552.868208908,  349.284316731,  2220.14
1590.36735216,  46874.4,  45317.3,  552.867711485,  349.284968007,  2221.77
1590.38778669,  46731.4,  45186.3,  552.867521159,  349.285793505,  2222.27
1590.40822102,  46888.4,  45332.1,  552.86766026,  349.285224036,  2220.91
1590.42865545,  47230.8,  45644.5,  552.867993969,  349.283961136,  2221.85
1590.44908988,  47403.6,  45802.8,  552.868356224,  349.283569006,  2223.29
1590.46952431,  47250.4,  45663.2,  552.868362174,  349.283515132,  2220.62
1590.48995884,  46924.0,  45362.7,  552.867756029,  349.285093157,  2220.33
1590.51039317,  46746.6,  45200.0,  552.867375085,  349.285467312,  2221.75
1590.5308276,  46864.5,  45308.5,  552.867632678,  349.284897686,  2221.62
1590.55126213,  47195.3,  45610.8,  552.867998438,  349.284074361,  2220.71
1590.57169646,  47377.1,  45778.5,  552.868786946,  349.28350086,  2221.04
1590.59213089,  47256.6,  45667.7,  552.868402195,  349.284005537,  2218.98
1590.61256542,  46935.5,  45373.0,  552.867752549,  349.285094295,  2220.57
1590.63299975,  46736.5,  45191.3,  552.867433696,  349.285933456,  2219.95
1590.65343418,  46846.0,  45289.7,  552.867958866,  349.285155785,  2221.35
1590.67386871,  47164.4,  45582.2,  552.867508156,  349.284453854,  2220.4
1590.69430314,  47402.0,  45800.8,  552.868284264,  349.283748242,  2219.52
1590.71473757,  47288.4,  45695.9,  552.868567071,  349.284005623,  2220.12
1590.735172,  46963.7,  45398.9,  552.867321812,  349.284932816,  2220.41
1590.75560643,  46725.0,  45179.4,  552.867481417,  349.285564503,  2218.45
1590.77604086,  46800.8,  45248.4,  552.867754873,  349.285851898,  2219.34
1590.79647529,  47150.2,  45569.9,  552.868172841,  349.284296563,  2218.79
1590.81690973,  47389.9,  45788.2,  552.868427656,  349.283892417,  2220.05
1590.83734426,  47321.9,  45726.4,  552.868561469,  349.28375961,  2216.95
1590.85777859,  47002.2,  45433.2,  552.86778512,  349.284600883,  2218.77
1590.87821302,  46754.6,  45205.8,  552.867896761,  349.285482392,  2218.55
1590.89864755,  46780.5,  45230.4,  552.867510196,  349.285484639,  2217.99
1590.91908189,  47094.9,  45518.9,  552.86817921,  349.284578018,  2218.46
1590.93951642,  47353.3,  45754.2,  552.868526263,  349.284033468,  2216.29
1590.95995085,  47323.0,  45727.2,  552.868431319,  349.283505719,  2220.56
1590.98038518,  47049.9,  45463.6,  552.869019128,  349.285411192,  2217.99
1591.00081972,  46796.1,  45235.7,  552.867930717,  349.284970376,  2216.23
