Kepler I.D.-----Channel

[5702939]--------[67]

-TTYPE1--------TTYPE8------------TTYPE4-----------TTYPE15------------TTYPE17-----------TTYPE6

['TIME']---['PDCSAP_FLUX']---['SAP_FLUX']---['MOM_CENTR1']---['MOM_CENTR2']---['SAP_BKG']

['BJD - 2454833']--['e-/s']--------['e-/s']---------['pixel']---------['pixel']----------['e-/s']

CROWDSAP --- 0.992

5702939

1559.24634941,  32845.2,  28274.7,  80.4973015018,  891.228301766,  882.113
1559.26678373,  32832.4,  28264.4,  80.4972531468,  891.228014338,  882.411
1559.28721814,  32841.4,  28272.2,  80.4974240857,  891.227924371,  882.067
1559.30765236,  32843.4,  28274.4,  80.4970801082,  891.228047723,  881.799
1559.32808668,  32842.7,  28274.8,  80.4969583861,  891.228465604,  881.807
1559.3485211,  32848.0,  28279.3,  80.4969827422,  891.228534229,  881.497
1559.36895532,  32831.0,  28265.5,  80.496504013,  891.228297541,  881.89
1559.38938974,  32843.8,  28276.9,  80.4968113984,  891.228075505,  881.763
1559.40982406,  32841.8,  28275.6,  80.4965467274,  891.228355854,  880.885
1559.43025838,  32846.8,  28280.6,  80.4964302203,  891.228420598,  881.682
1559.4506927,  32831.5,  28267.3,  80.496665542,  891.228295664,  881.315
1559.47112702,  32843.7,  28277.7,  80.4966954773,  891.228511057,  881.138
1559.49156134,  32844.3,  28279.8,  80.4961743488,  891.22883295,  880.942
1559.51199566,  32842.8,  28279.2,  80.4962857258,  891.228979234,  880.477
1559.53242998,  32833.4,  28270.9,  80.4965621055,  891.228642837,  881.393
1559.5528643,  32839.8,  28277.2,  80.4956522992,  891.228496361,  881.045
1559.57329862,  32840.0,  28276.6,  80.4959312431,  891.228631246,  880.417
1559.59373295,  32851.8,  28288.3,  80.4958056965,  891.228708857,  880.725
1559.61416727,  32841.6,  28280.4,  80.4958454108,  891.229006409,  880.639
1559.63460159,  32864.6,  28299.2,  80.4952936886,  891.229149415,  880.609
1559.65503591,  32843.3,  28281.9,  80.4957217345,  891.228885221,  880.029
1559.67547034,  32847.5,  28285.9,  80.4958119736,  891.228982597,  880.051
1559.69590456,  32836.4,  28277.1,  80.4956767545,  891.228951863,  879.506
1559.71633888,  32851.3,  28290.2,  80.4954636911,  891.229136325,  879.333
1559.7367733,  32846.1,  28285.6,  80.4953958955,  891.229132182,  879.278
1559.75720753,  32848.7,  28288.6,  80.4957682246,  891.229500919,  879.973
1559.77764195,  32844.7,  28285.1,  80.4956321623,  891.229045487,  879.539
1559.79807627,  32838.0,  28279.7,  80.4949935099,  891.229081161,  879.426
1559.8185105,  32837.7,  28280.0,  80.4951774576,  891.22901497,  879.146
1559.83894492,  32857.5,  28297.6,  80.4951431675,  891.22906582,  879.158
1559.85937925,  32846.2,  28287.2,  80.4952516635,  891.229340389,  879.026
1559.87981347,  32853.2,  28294.4,  80.4950220015,  891.229318431,  878.913
1559.9002479,  32850.0,  28292.8,  80.4948706416,  891.22941549,  878.241
1559.92068222,  32846.0,  28288.8,  80.495124475,  891.229409825,  878.958
1559.94111665,  32844.5,  28287.7,  80.494889479,  891.229204557,  879.223
1559.96155087,  32840.0,  28283.5,  80.4948964021,  891.229173814,  878.517
1559.9819852,  32849.9,  28292.6,  80.4948394675,  891.229550814,  878.506
1560.00241962,  32835.3,  28281.0,  80.4946701528,  891.229132785,  878.114
1560.02285385,  32843.9,  28287.3,  80.4949671799,  891.229220728,  878.475
1560.04328817,  32847.1,  28291.3,  80.4946797581,  891.229723417,  878.266
1560.0637226,  32848.2,  28292.0,  80.4944224596,  891.229500911,  877.944
1560.08415683,  32848.1,  28292.6,  80.4947050327,  891.229613972,  878.008
1560.10459125,  32843.9,  28288.5,  80.4945839218,  891.229525562,  877.516
1560.12502558,  32840.2,  28286.0,  80.4947852444,  891.229836803,  877.591
1560.14545981,  32846.3,  28291.3,  80.4942808268,  891.229893146,  877.585
1560.16589424,  32853.8,  28297.8,  80.4945068895,  891.229554531,  877.508
1560.18632856,  32839.8,  28286.3,  80.4947365731,  891.229478025,  877.652
1560.20676279,  32836.8,  28284.6,  80.4941209122,  891.229962752,  876.849
1560.22719722,  32841.7,  28288.2,  80.4944540923,  891.229870502,  877.55
1560.24763155,  32850.6,  28295.0,  80.4948900929,  891.229720752,  877.417
1560.26806578,  32845.9,  28291.6,  80.4947077998,  891.229758194,  877.347
1560.28850021,  32839.8,  28288.1,  80.4943278311,  891.229681869,  877.304
1560.30893453,  32845.9,  28292.0,  80.4941484356,  891.229896274,  876.482
1560.32936886,  32844.5,  28292.1,  80.4944160354,  891.229844489,  876.479
1560.34980319,  32843.6,  28290.9,  80.4945846463,  891.229638776,  876.453
1560.37023752,  32844.1,  28291.7,  80.4941338992,  891.229935826,  876.175
1560.39067195,  32826.1,  28276.2,  80.4944191789,  891.229781745,  874.772
1560.41110618,  32828.4,  28277.5,  80.4943539643,  891.229555765,  877.231
1560.43154051,  32842.9,  28291.1,  80.4942813789,  891.229939487,  876.739
1560.45197494,  32846.1,  28293.3,  80.4941508604,  891.229678973,  876.101
1560.47240917,  32848.9,  28296.1,  80.4941492789,  891.230009049,  876.648
1560.4928436,  32850.5,  28297.9,  80.4938304399,  891.229694474,  875.813
1560.51327793,  32849.9,  28297.5,  80.4945603646,  891.229897819,  875.995
1560.53371217,  32845.1,  28293.4,  80.4940616079,  891.230067428,  876.352
1560.5541466,  32832.0,  28282.8,  80.4941649451,  891.2303585,  876.317
1560.57458093,  32835.9,  28286.4,  80.4937548338,  891.230128117,  875.94
1560.59501516,  32844.3,  28293.8,  80.4940808088,  891.230035131,  875.237
1560.61544959,  32843.9,  28293.5,  80.4941720057,  891.229982462,  875.718
1560.63588392,  32838.5,  28289.0,  80.4936727196,  891.230493356,  875.488
1560.65631826,  32849.8,  28298.4,  80.4939317234,  891.230460092,  875.149
1560.67675259,  32851.0,  28299.1,  80.4940616494,  891.230308629,  874.931
1560.69718692,  32838.4,  28289.5,  80.4939514588,  891.230368052,  874.692
1560.73805559,  32843.0,  28293.1,  80.4942080612,  891.229989312,  874.441
1560.75848992,  32837.4,  28287.8,  80.4935597995,  891.230219095,  874.205
1560.77892436,  32840.0,  28291.7,  80.4936719736,  891.229996214,  874.393
1560.79935859,  32838.5,  28289.6,  80.4937401512,  891.230228873,  873.537
1560.81979292,  32852.0,  28300.8,  80.4937958152,  891.230610397,  876.003
1560.84022736,  32837.7,  28289.7,  80.4937152242,  891.230340767,  883.419
1560.96283337,  32846.4,  28297.6,  80.4933636953,  891.230259206,  897.216
1560.9832676,  32848.9,  28301.4,  80.4932405897,  891.229310742,  894.762
1561.00370204,  32836.1,  28289.4,  80.4941388263,  891.230249474,  892.922
1561.02413637,  32863.3,  28313.0,  80.4937224726,  891.23000328,  890.502
1561.04457081,  32852.5,  28304.6,  80.4925312652,  891.230470875,  888.793
1561.06500505,  32879.1,  28327.7,  80.4929436141,  891.229986065,  887.256
1561.08543938,  32853.5,  28304.6,  80.4942400481,  891.231321144,  887.3
1561.10587382,  32837.3,  28290.8,  80.4942580116,  891.23152162,  887.477
1561.12630806,  32851.9,  28303.3,  80.493068568,  891.22980498,  886.616
1561.1467424,  32851.8,  28302.4,  80.493630681,  891.229880388,  886.302
1561.16717683,  32856.8,  28308.0,  80.4928657124,  891.230692223,  884.356
1561.18761107,  32853.4,  28304.0,  80.4933147542,  891.231520377,  884.067
1561.20804541,  32844.0,  28296.5,  80.4933922551,  891.231324529,  882.479
1561.22847985,  32850.1,  28302.5,  80.4931534749,  891.23078834,  881.923
1561.24891408,  32864.4,  28314.7,  80.49287809,  891.231317256,  881.347
1561.26934852,  32853.9,  28306.6,  80.4935280409,  891.230940714,  880.686
1561.28978286,  32867.8,  28317.5,  80.4931197861,  891.230845611,  880.071
1561.3102172,  32856.0,  28307.1,  80.4928732082,  891.231101389,  878.468
1561.33065154,  32850.6,  28302.6,  80.4932726688,  891.230919827,  878.236
1561.35108588,  32854.4,  28306.5,  80.4930532595,  891.230753001,  878.751
1561.37152022,  32864.3,  28314.4,  80.4927653146,  891.230990201,  877.307
1561.39195456,  32844.1,  28298.2,  80.4930576847,  891.2306575,  877.974
1561.4123889,  32852.7,  28305.7,  80.4929359321,  891.230758927,  876.62
1561.43282334,  32863.3,  28314.6,  80.4930897469,  891.230920267,  875.763
1561.45325758,  32845.8,  28300.2,  80.4929427797,  891.230838491,  875.066
1561.47369192,  32844.7,  28298.8,  80.4929054249,  891.230987488,  875.976
1561.49412626,  32844.9,  28299.3,  80.492576938,  891.230862694,  874.893
1561.5145606,  32840.0,  28295.3,  80.4925501153,  891.230643572,  875.176
1561.53499494,  32842.6,  28297.9,  80.4929457011,  891.230622049,  875.065
1561.55542938,  32847.0,  28302.0,  80.4922465169,  891.230656701,  873.802
1561.57586362,  32840.1,  28295.2,  80.492836612,  891.230884977,  873.925
1561.59629797,  32873.7,  28325.2,  80.4931107097,  891.230881019,  873.435
1561.61673241,  32842.7,  28299.1,  80.4924684358,  891.23088976,  873.266
1561.63716665,  32848.5,  28303.1,  80.4929130649,  891.231149507,  873.928
1561.65760109,  32836.7,  28293.5,  80.4925656047,  891.230970184,  872.704
1561.67803544,  32858.8,  28313.8,  80.4923775619,  891.231095866,  872.39
1561.69846968,  32848.2,  28303.7,  80.4926966297,  891.231340022,  872.723
1561.71890412,  32859.9,  28314.6,  80.4926588208,  891.2312769,  872.173
1561.73933846,  32842.6,  28299.2,  80.4923689712,  891.231005869,  872.379
1561.75977271,  32853.6,  28308.7,  80.4922558153,  891.231451007,  871.998
1561.78020715,  32852.1,  28307.4,  80.4921373989,  891.230763775,  871.997
1561.80064149,  32838.2,  28296.1,  80.4923764376,  891.231483574,  870.889
1561.82107594,  32849.9,  28306.0,  80.4927611073,  891.231203015,  870.543
1561.84151018,  32851.5,  28308.5,  80.4924063503,  891.231160091,  870.44
1561.86194453,  32841.2,  28300.1,  80.4919951913,  891.231641703,  870.743
1561.88237897,  32847.2,  28304.2,  80.4922602775,  891.231548191,  870.376
1561.90281322,  32841.9,  28301.2,  80.4921022746,  891.23144345,  870.36
1561.92324756,  32846.6,  28304.0,  80.4923507275,  891.23141362,  870.475
1561.94368201,  32841.0,  28299.4,  80.4923859346,  891.231163462,  870.494
1561.96411625,  32859.0,  28315.5,  80.4918270324,  891.231486056,  870.297
1561.9845506,  32845.6,  28303.6,  80.492022653,  891.231352533,  870.371
1562.00498504,  32841.0,  28300.3,  80.4924137566,  891.231791716,  869.918
1562.02541939,  32857.5,  28315.4,  80.4925519652,  891.231646128,  869.635
1562.04585373,  32844.3,  28303.5,  80.4918171022,  891.231461433,  870.164
1562.06628808,  32847.7,  28307.2,  80.4920068145,  891.231641995,  869.694
1562.08672233,  32840.9,  28300.5,  80.4916950053,  891.231682551,  870.267
1562.10715677,  32833.6,  28293.7,  80.4915175844,  891.231074682,  868.287
1562.12759112,  32853.1,  28312.6,  80.4922000891,  891.231759615,  869.221
1562.14802537,  32856.4,  28313.8,  80.4920917952,  891.231571085,  868.502
1562.16845982,  32856.3,  28313.9,  80.4921157563,  891.231526701,  868.076
1562.18889416,  32855.6,  28314.8,  80.4918658175,  891.23192493,  867.555
1562.20932861,  32850.7,  28309.1,  80.4920409923,  891.231637643,  868.192
1562.22976286,  32851.2,  28310.4,  80.4922479137,  891.231779102,  867.889
1562.25019721,  32844.1,  28304.4,  80.4917744957,  891.231571934,  867.33
1562.27063165,  32856.7,  28315.4,  80.4918757994,  891.231831506,  868.08
1562.2910659,  32853.2,  28313.2,  80.4922689829,  891.231070377,  868.362
1562.31150025,  32854.7,  28314.9,  80.4914094216,  891.231475012,  866.851
1562.3319347,  32843.2,  28304.0,  80.4919339009,  891.232118118,  866.851
1562.35236895,  32846.4,  28307.1,  80.4920053091,  891.23165302,  867.218
1562.3728034,  32835.8,  28298.6,  80.4916059199,  891.231918478,  866.94
1562.39323775,  32850.5,  28311.0,  80.4916320829,  891.231712703,  867.324
1562.413672,  32848.5,  28309.3,  80.491776239,  891.231905247,  866.653
1562.43410645,  32854.9,  28314.9,  80.4919720925,  891.231929897,  865.789
1562.4545408,  32848.8,  28309.9,  80.4913456038,  891.232009852,  866.218
1562.47497505,  32844.8,  28306.5,  80.4917434751,  891.231810903,  866.375
1562.4954095,  32841.2,  28303.6,  80.4916927786,  891.231940314,  865.805
1562.51584385,  32850.4,  28312.4,  80.491639234,  891.232207387,  866.309
1562.5362782,  32866.2,  28324.1,  80.4912827486,  891.231954983,  865.448
1562.55671255,  32861.2,  28320.0,  80.4918432866,  891.232009715,  865.318
1562.5771469,  32850.3,  28312.1,  80.4915957549,  891.232183541,  865.599
1562.59758135,  32846.8,  28308.5,  80.491559661,  891.232024601,  864.886
1562.61801561,  32851.1,  28312.5,  80.4913805165,  891.231619447,  865.444
1562.63844996,  32850.1,  28312.9,  80.491113712,  891.232124455,  865.036
1562.65888441,  32840.7,  28303.6,  80.4915858337,  891.232051732,  864.811
1562.67931876,  32856.2,  28318.0,  80.4916774835,  891.232393331,  865.177
1562.69975301,  32857.5,  28318.7,  80.4912609035,  891.232009184,  864.773
1562.72018747,  32849.0,  28311.7,  80.4914168076,  891.232180313,  865.239
1562.74062172,  32855.0,  28316.8,  80.4915199931,  891.232242864,  864.333
1562.76105617,  32845.7,  28308.9,  80.4917383713,  891.2322161,  864.943
1562.78149053,  32847.6,  28311.1,  80.491178035,  891.232364296,  864.793
1562.80192478,  32849.4,  28312.2,  80.4913620538,  891.232388042,  864.24
1562.82235923,  32845.1,  28308.4,  80.4916813713,  891.231964369,  864.404
1562.84279359,  32840.8,  28304.7,  80.4913652002,  891.232186409,  864.486
1562.86322784,  32848.8,  28313.4,  80.4908573618,  891.23219478,  863.751
1562.88366229,  32851.7,  28314.5,  80.4914889109,  891.232779806,  863.467
1562.90409665,  32835.0,  28300.6,  80.4911701026,  891.232664687,  863.667
1562.9245309,  32856.1,  28319.3,  80.4912454737,  891.232433729,  864.036
1562.94496536,  32841.1,  28305.2,  80.4916877438,  891.232332562,  863.387
1562.96539971,  32847.6,  28312.4,  80.4913149365,  891.232263779,  864.878
1562.98583417,  32854.5,  28317.3,  80.4914771411,  891.232275388,  863.408
1563.00626842,  32852.0,  28315.9,  80.4913152231,  891.232201407,  863.0
1563.02670278,  32856.4,  28320.4,  80.4911211761,  891.232471871,  864.661
1563.04713723,  32848.7,  28312.9,  80.4910394482,  891.232292021,  863.547
1563.06757149,  32852.7,  28316.4,  80.4910004287,  891.232219808,  863.241
1563.08800585,  32860.7,  28324.1,  80.491020836,  891.232518263,  863.2
1563.1084403,  32854.7,  28318.6,  80.4912037185,  891.232420432,  863.386
1563.12887456,  32851.3,  28315.9,  80.4910983789,  891.232646437,  863.024
1563.14930902,  32852.9,  28318.0,  80.4912473171,  891.232769107,  862.73
1563.16974337,  32850.2,  28315.2,  80.4912501527,  891.232528172,  863.775
1563.19017773,  32850.7,  28315.9,  80.4909405561,  891.232523016,  863.166
1563.21061209,  32857.5,  28321.7,  80.4911778871,  891.232832454,  863.244
1563.23104644,  32847.0,  28312.8,  80.4912070024,  891.232654971,  864.611
1563.2514808,  32845.2,  28311.8,  80.4907871671,  891.232576431,  866.116
1563.27191516,  32859.8,  28324.2,  80.4910970782,  891.232910554,  867.303
1563.29234952,  32839.9,  28306.8,  80.4911387785,  891.232899945,  867.536
1563.31278388,  32854.4,  28319.9,  80.4906291967,  891.233056522,  867.295
1563.33321833,  32845.7,  28312.1,  80.4908993013,  891.232659843,  867.023
1563.35365259,  32859.8,  28324.6,  80.4908921491,  891.232682384,  867.848
1563.37408695,  32855.7,  28320.6,  80.4909905332,  891.232907441,  867.9
1563.39452131,  32857.5,  28322.1,  80.4909693054,  891.232770581,  868.07
1563.41495567,  32852.3,  28317.8,  80.4913234384,  891.232629702,  869.323
1563.43539013,  32851.7,  28317.5,  80.490585439,  891.232876661,  869.47
1563.45582439,  32844.5,  28311.7,  80.4904922136,  891.232878016,  868.182
1563.47625875,  32844.6,  28311.8,  80.4908156052,  891.232654089,  867.96
1563.49669321,  32855.2,  28321.3,  80.4907144975,  891.232612417,  867.676
1563.51712747,  32865.5,  28329.8,  80.4907856673,  891.233016378,  868.098
1563.53756193,  32840.0,  28308.5,  80.4907101287,  891.232599506,  867.799
1563.55799629,  32854.5,  28320.3,  80.4912941086,  891.232765322,  867.457
1563.57843055,  32849.2,  28315.6,  80.4909034113,  891.233023072,  866.436
1563.59886501,  32857.6,  28324.1,  80.4906106673,  891.233084053,  865.772
1563.61929937,  32848.5,  28315.8,  80.4905096569,  891.232615428,  865.911
1563.63973363,  32858.6,  28325.7,  80.4909402926,  891.232999886,  864.698
1563.66016809,  32844.5,  28312.7,  80.4906827748,  891.232927153,  864.801
1563.68060246,  32860.2,  28327.4,  80.4906848911,  891.233206163,  864.631
1563.72147118,  32854.5,  28321.4,  80.4905079906,  891.23293967,  863.717
1563.74190554,  32850.4,  28317.0,  80.4907354674,  891.232634857,  863.409
1563.76234,  32856.3,  28323.6,  80.4906920976,  891.232568625,  863.607
1563.78277427,  32849.2,  28317.5,  80.490314124,  891.233119755,  863.671
1563.80320863,  32850.3,  28318.0,  80.4902903909,  891.232989977,  863.272
1563.82364309,  32844.6,  28312.4,  80.4906389213,  891.233084348,  863.692
1563.84407746,  32835.1,  28305.6,  80.489970322,  891.233109181,  863.8
1563.86451172,  32849.8,  28318.5,  80.4904554112,  891.233142754,  863.635
1563.88494618,  32844.5,  28312.5,  80.4907144715,  891.233009919,  862.724
1563.90538055,  32849.0,  28317.6,  80.4902639959,  891.233140112,  863.002
1563.92581491,  32848.9,  28316.9,  80.4906557877,  891.232913551,  863.824
1563.94624927,  32842.6,  28312.6,  80.4904668731,  891.233169205,  864.336
1563.96668364,  32848.1,  28317.3,  80.4905424087,  891.232995348,  864.575
1563.987118,  32859.3,  28326.3,  80.4901766779,  891.233267005,  864.105
1564.00755237,  32851.4,  28319.8,  80.4899469634,  891.232966877,  863.759
1564.02798673,  32852.1,  28320.4,  80.4903673087,  891.233120515,  863.832
1564.0484211,  32847.4,  28316.2,  80.4901758985,  891.232702868,  863.948
1564.06885546,  32840.6,  28310.9,  80.4902511715,  891.232993544,  864.162
1564.08928993,  32848.1,  28317.5,  80.4902248067,  891.233193818,  863.643
1564.10972419,  32852.6,  28321.4,  80.4899376097,  891.233312123,  863.569
1564.13015856,  32844.2,  28314.0,  80.4897589891,  891.233537739,  862.962
1564.15059303,  32862.0,  28329.9,  80.4900133792,  891.233388901,  863.056
1564.17102729,  32847.5,  28317.1,  80.4901746924,  891.23321045,  862.872
1564.19146166,  32848.5,  28317.9,  80.4905758581,  891.233272158,  863.144
1564.21189613,  32850.8,  28321.0,  80.4897806327,  891.233352061,  862.027
1564.23233039,  32858.9,  28327.1,  80.4900560808,  891.233183462,  862.304
1564.25276476,  32851.1,  28320.2,  80.4905697013,  891.233447981,  861.941
1564.27319923,  32856.0,  28324.6,  80.4902931092,  891.233372852,  861.985
1564.29363349,  32846.2,  28316.3,  80.4902468698,  891.233189699,  861.125
1564.31406796,  32855.5,  28324.1,  80.4905482854,  891.233406941,  860.435
1564.33450233,  32850.4,  28320.5,  80.4901612951,  891.233489235,  862.052
1564.3549366,  32847.6,  28318.3,  80.4903455161,  891.233437027,  859.956
1564.37537106,  32843.5,  28315.1,  80.4902662532,  891.23337373,  860.687
1564.39580543,  32850.2,  28320.8,  80.4900948618,  891.233606462,  860.205
1564.4162398,  32856.0,  28326.1,  80.489907929,  891.233538931,  860.482
1564.43667417,  32848.4,  28318.9,  80.490028469,  891.233273019,  860.446
1564.45710854,  32846.6,  28317.5,  80.4900580924,  891.233472659,  860.241
1564.47754301,  32836.5,  28309.4,  80.4900490276,  891.233636134,  858.81
1564.49797738,  32857.3,  28327.4,  80.4897187374,  891.233255215,  859.004
1564.51841165,  32843.9,  28315.2,  80.4902640542,  891.233368381,  858.693
1564.53884612,  32850.6,  28322.3,  80.4895990402,  891.233733883,  858.615
1564.55928049,  32849.6,  28320.2,  80.4898889921,  891.233376795,  858.988
1564.57971476,  32842.5,  28315.4,  80.4898301105,  891.233855079,  857.312
1564.60014923,  32851.3,  28323.0,  80.4897888491,  891.233536741,  857.054
1564.6205836,  32847.7,  28319.2,  80.4899505869,  891.233772255,  855.841
1564.64101787,  32842.5,  28315.8,  80.4897969669,  891.234182924,  855.66
1564.66145234,  32851.7,  28324.0,  80.4894578691,  891.23404832,  855.608
1564.68188661,  32838.9,  28312.8,  80.4895255542,  891.233741785,  855.613
1564.70232108,  32845.3,  28318.8,  80.4895610825,  891.233700933,  855.436
1564.72275545,  32842.6,  28316.9,  80.4890834067,  891.233898461,  855.747
1564.74318972,  32859.7,  28331.4,  80.4893228659,  891.23401801,  854.899
1564.76362419,  32852.6,  28325.9,  80.4895232415,  891.233759023,  855.226
1564.78405857,  32852.0,  28325.3,  80.4894098094,  891.233742501,  854.383
1564.80449284,  32845.3,  28319.2,  80.489531842,  891.233807003,  853.916
1564.82492731,  32841.2,  28316.6,  80.4891842507,  891.233892107,  854.264
1564.84536168,  32849.5,  28322.8,  80.4892750685,  891.233960831,  853.662
1564.86579615,  32855.9,  28329.2,  80.4893053532,  891.233814837,  854.133
1564.88623043,  32860.3,  28332.6,  80.489366574,  891.233767597,  853.371
1564.9066648,  32842.5,  28317.5,  80.4895400202,  891.233862006,  853.832
1564.92709927,  32851.6,  28325.8,  80.4890178333,  891.23409063,  854.13
1564.94753355,  32854.1,  28327.7,  80.4894138045,  891.234284232,  853.799
1564.96796792,  32847.5,  28322.8,  80.4893373067,  891.234013823,  853.646
1564.98840239,  32850.2,  28325.2,  80.4889291226,  891.23420827,  852.96
1565.00883667,  32852.2,  28327.2,  80.4893675374,  891.233897155,  853.154
1565.02927104,  32860.3,  28334.1,  80.4890128198,  891.234451912,  852.744
1565.04970552,  32846.3,  28322.5,  80.4889642102,  891.233767036,  853.452
1565.07013989,  32848.8,  28324.1,  80.4892105062,  891.234087183,  853.277
1565.09057426,  32843.7,  28321.2,  80.4893049743,  891.234144693,  853.206
1565.11100864,  32859.9,  28335.1,  80.4886382586,  891.234335684,  852.562
1565.13144301,  32846.8,  28323.8,  80.4890633732,  891.234423234,  852.458
1565.15187739,  32849.1,  28326.5,  80.4887486215,  891.234292499,  852.587
1565.17231176,  32852.5,  28328.1,  80.4890396103,  891.234061115,  852.433
1565.19274614,  32844.1,  28322.0,  80.4885680093,  891.234360606,  852.285
1565.21318062,  32853.4,  28330.2,  80.4885471918,  891.234360476,  852.217
1565.23361489,  32842.0,  28320.2,  80.488647408,  891.234104859,  852.711
1565.25404937,  32848.4,  28326.1,  80.4885975612,  891.234479663,  852.779
1565.27448374,  32849.2,  28326.7,  80.4886904677,  891.234351527,  852.656
1565.29491802,  32843.4,  28321.3,  80.4887320205,  891.234485498,  852.699
1565.3153525,  32847.8,  28325.8,  80.4883094406,  891.234283734,  852.334
1565.33578677,  32845.8,  28323.8,  80.4890056468,  891.233762047,  853.227
1565.35622115,  32846.4,  28324.8,  80.4887280795,  891.234476916,  852.717
1565.37665563,  32854.1,  28331.5,  80.4886950629,  891.234538609,  852.037
1565.3970899,  32845.6,  28323.9,  80.4888057336,  891.234481061,  852.064
1565.41752428,  32842.6,  28321.2,  80.4885051684,  891.234337189,  851.63
1565.43795876,  32853.1,  28331.0,  80.488803244,  891.234583284,  852.146
1565.45839304,  32863.2,  28340.3,  80.4887186479,  891.234896258,  852.837
1565.47882752,  32851.8,  28330.2,  80.4883298112,  891.234779234,  852.009
1565.49926189,  32842.6,  28322.8,  80.4880779502,  891.234493114,  852.063
1565.51969617,  32854.1,  28332.2,  80.4883727968,  891.234568522,  853.04
1565.54013065,  32860.8,  28337.3,  80.4888820439,  891.234594464,  853.125
1565.56056503,  32854.1,  28333.0,  80.4879675446,  891.234530804,  852.714
1565.58099941,  32842.0,  28321.9,  80.4882948598,  891.234615033,  851.625
1565.60143379,  32854.3,  28333.1,  80.4883396455,  891.234516304,  852.167
1565.62186817,  32845.0,  28325.2,  80.4881783525,  891.234726814,  851.815
1565.64230265,  32846.5,  28325.8,  80.4883688978,  891.234578971,  851.721
1565.66273693,  32862.3,  28340.2,  80.4878836518,  891.234270679,  851.16
1565.68317131,  32854.8,  28333.0,  80.4884809532,  891.234859178,  851.595
1565.70360579,  32854.1,  28333.9,  80.4878125414,  891.234935521,  851.229
1565.72404017,  32847.3,  28327.3,  80.4880062925,  891.234614005,  851.038
1565.74447445,  32838.5,  28319.4,  80.4884083222,  891.234927668,  850.858
1565.76490893,  32855.8,  28335.1,  80.4883199636,  891.234822467,  851.784
1565.78534331,  32851.4,  28332.4,  80.4880742944,  891.235314178,  850.535
1565.80577769,  32861.1,  28340.0,  80.4879777072,  891.234951746,  850.811
1565.82621207,  32842.0,  28322.9,  80.4886362308,  891.234981093,  849.982
1565.84664645,  32840.7,  28323.1,  80.4883892144,  891.234815995,  849.479
1565.86708093,  32845.1,  28326.0,  80.4879647076,  891.234659927,  849.294
1565.88751521,  32852.8,  28334.1,  80.4878901154,  891.23495062,  849.762
1565.9079496,  32857.2,  28336.8,  80.4882435193,  891.235097562,  849.32
1565.92838408,  32841.5,  28324.3,  80.4878368086,  891.235084632,  849.592
1565.94881836,  32847.6,  28329.6,  80.4878831092,  891.235019504,  849.977
1565.96925274,  32853.6,  28335.0,  80.4880113611,  891.235178324,  849.281
1565.98968713,  32854.8,  28336.3,  80.4879615627,  891.235056408,  849.007
1566.01012151,  32853.0,  28334.4,  80.4880019788,  891.234975381,  848.499
1566.03055599,  32848.7,  28330.8,  80.4882784271,  891.235078328,  847.927
1566.05099027,  32851.5,  28332.9,  80.4879443201,  891.234916309,  848.069
1566.07142466,  32843.0,  28325.9,  80.4882078009,  891.235251845,  848.307
1566.09185914,  32856.0,  28337.2,  80.488033976,  891.234957143,  847.943
1566.11229342,  32856.8,  28338.2,  80.4878018009,  891.234899923,  847.927
1566.13272781,  32849.8,  28333.0,  80.4879405814,  891.235144679,  848.219
1566.15316229,  32844.5,  28327.2,  80.4881538149,  891.235450681,  848.116
1566.17359658,  32843.7,  28327.9,  80.4875970996,  891.235288005,  848.277
1566.19403106,  32849.8,  28332.5,  80.4880601466,  891.235304605,  846.364
1566.21446544,  32859.5,  28341.4,  80.4877395801,  891.235292392,  847.419
1566.23489973,  32839.6,  28323.6,  80.4879966698,  891.235543449,  847.252
1566.25533421,  32845.2,  28329.0,  80.4874900932,  891.235355937,  847.204
1566.2757686,  32852.2,  28335.2,  80.4881732454,  891.235288561,  847.32
1566.29620298,  32851.8,  28334.9,  80.4877874285,  891.235282122,  847.267
1566.31663737,  32859.5,  28341.6,  80.4878848403,  891.235525677,  847.551
1566.33707176,  32842.9,  28327.3,  80.4878889426,  891.235592479,  847.131
1566.35750614,  32845.6,  28329.4,  80.4877137915,  891.235052551,  846.289
1566.37794063,  32853.0,  28336.7,  80.4879669568,  891.235332265,  846.204
1566.39837491,  32846.4,  28331.3,  80.4877133015,  891.235245368,  846.851
1566.4188094,  32847.3,  28331.9,  80.4879081914,  891.235555622,  846.291
1566.43924379,  32848.9,  28332.7,  80.4878362098,  891.235240473,  845.725
1566.45967807,  32858.8,  28341.3,  80.4877360122,  891.235577648,  845.39
1566.48011256,  32851.3,  28335.4,  80.4874833643,  891.235452869,  845.039
1566.50054695,  32848.9,  28334.0,  80.4872125,  891.235348473,  844.957
1566.52098123,  32853.6,  28338.1,  80.4874521778,  891.235342441,  846.128
1566.54141572,  32855.2,  28338.8,  80.4875263751,  891.235061034,  846.345
1566.56185011,  32847.0,  28331.4,  80.4872564611,  891.235224294,  845.07
1566.5822845,  32850.3,  28335.0,  80.4873714168,  891.235584721,  845.706
1566.60271888,  32848.6,  28334.0,  80.4871138323,  891.235592001,  845.177
1566.62315317,  32857.3,  28341.0,  80.4875649551,  891.235425374,  845.488
1566.64358766,  32844.4,  28330.3,  80.4874348831,  891.235617234,  844.767
1566.66402205,  32850.5,  28336.0,  80.4874499582,  891.235375142,  845.917
1566.70489083,  32854.2,  28338.6,  80.4867498926,  891.235368334,  845.026
1566.72532522,  32843.5,  28329.9,  80.4873215628,  891.235422848,  845.062
1566.7457596,  32848.2,  28333.4,  80.4870314368,  891.235379075,  844.425
1566.76619399,  32840.9,  28327.1,  80.4873387898,  891.235529906,  844.927
1566.78662838,  32842.4,  28329.4,  80.4868863748,  891.235614235,  844.361
1566.80706287,  32844.9,  28331.0,  80.4871732292,  891.235606576,  844.74
1566.82749716,  32853.5,  28339.5,  80.4867560198,  891.235836631,  844.728
1566.84793155,  32871.0,  28354.1,  80.4870879819,  891.235897372,  844.367
1566.86836604,  32849.7,  28335.6,  80.486953594,  891.235817271,  844.407
1566.88880043,  32850.9,  28337.0,  80.4871996111,  891.2354726,  844.635
1566.90923472,  32855.3,  28341.4,  80.4867373823,  891.2355553,  844.432
1566.92966921,  32847.9,  28334.4,  80.4869188348,  891.23571487,  844.792
1566.95010361,  32851.9,  28338.9,  80.4869057113,  891.235777219,  843.422
1566.970538,  32851.4,  28337.6,  80.4870936076,  891.235533193,  844.476
1566.99097239,  32846.7,  28334.5,  80.4868337326,  891.235980745,  843.838
1567.01140678,  32859.6,  28345.1,  80.4869180275,  891.235733561,  843.684
1567.03184117,  32851.3,  28338.2,  80.4869920849,  891.236043003,  843.231
1567.05227556,  32853.9,  28340.9,  80.487104067,  891.235994372,  844.05
1567.07270995,  32848.6,  28335.7,  80.4871883104,  891.235638634,  843.464
1567.09314445,  32856.7,  28342.3,  80.4868357236,  891.23600402,  844.007
1567.11357874,  32852.4,  28340.0,  80.4866720505,  891.235942114,  843.814
1567.13401323,  32852.9,  28339.7,  80.4871902735,  891.236147815,  843.996
1567.15444762,  32850.1,  28338.1,  80.4864316988,  891.235920557,  843.589
1567.17488192,  32863.1,  28348.5,  80.4870360109,  891.235502038,  843.462
1567.19531641,  32848.2,  28335.6,  80.4869091314,  891.236084168,  843.034
1567.2157508,  32847.3,  28335.8,  80.4867950902,  891.236001944,  843.355
1567.2361851,  32848.1,  28336.4,  80.4866204971,  891.235794875,  843.329
1567.25661959,  32856.2,  28343.0,  80.4868911389,  891.236076976,  842.462
1567.27705388,  32852.0,  28339.8,  80.486747378,  891.236170379,  842.892
1567.29748828,  32846.3,  28334.4,  80.4871160961,  891.235961017,  843.171
1567.31792277,  32845.0,  28333.7,  80.4870638278,  891.23586861,  842.971
1567.33835706,  32848.7,  28337.5,  80.4866013959,  891.236125211,  843.038
1567.35879156,  32839.7,  28329.5,  80.4867780254,  891.236298286,  842.584
1567.37922595,  32850.3,  28339.0,  80.4865020968,  891.236147147,  842.405
1567.39966025,  32854.6,  28343.0,  80.4864510867,  891.235973953,  842.272
1567.42009474,  32850.3,  28338.8,  80.4863888643,  891.236107179,  843.009
1567.44052914,  32847.6,  28337.0,  80.4862572761,  891.236066978,  842.561
1567.46096353,  32849.5,  28338.8,  80.4863571534,  891.236285037,  842.755
1567.48139793,  32843.6,  28333.7,  80.4866988823,  891.236322226,  842.698
1567.50183232,  32847.6,  28337.0,  80.4866034421,  891.236421176,  842.939
1567.52226682,  32858.8,  28347.4,  80.4863492094,  891.23635813,  847.68
1567.54270112,  32854.1,  28342.7,  80.4862886787,  891.236253044,  842.387
1567.56313551,  32863.4,  28351.6,  80.4863425804,  891.236479447,  842.162
1567.58357001,  32846.1,  28336.3,  80.4863507757,  891.23639548,  841.947
1567.6040044,  32852.2,  28341.6,  80.4865096141,  891.236444925,  841.644
1567.6244387,  32852.0,  28341.9,  80.4864067692,  891.236343777,  841.779
1567.6448732,  32850.1,  28340.3,  80.4864727249,  891.23629637,  842.003
1567.66530759,  32854.3,  28345.0,  80.4862900666,  891.236393074,  841.659
1567.68574189,  32847.1,  28337.8,  80.4865673602,  891.236621853,  841.975
1567.70617639,  32846.2,  28337.5,  80.4861238366,  891.236525308,  841.909
1567.72661079,  32843.4,  28335.9,  80.486327576,  891.236453347,  841.478
1567.74704528,  32864.0,  28352.8,  80.4862563211,  891.236503679,  841.202
1567.76747958,  32862.6,  28352.3,  80.4861228185,  891.236527128,  841.508
1567.78791398,  32867.0,  28355.8,  80.4861399008,  891.236929269,  841.077
1567.80834848,  32854.5,  28345.1,  80.4861529909,  891.236589842,  841.494
1567.82878278,  32854.9,  28345.3,  80.4863177444,  891.236495863,  840.973
1567.84921717,  32857.5,  28348.2,  80.4857604886,  891.236442367,  841.28
1567.86965167,  32847.2,  28339.3,  80.4858983902,  891.236609613,  840.829
1567.89008597,  32848.3,  28340.7,  80.4860259504,  891.236593206,  840.428
1567.91052047,  32859.0,  28349.7,  80.4857857307,  891.236486437,  840.886
1567.93095477,  32862.6,  28353.2,  80.4857182174,  891.237023324,  840.412
1567.95138917,  32867.4,  28357.2,  80.4860718321,  891.236678881,  840.163
1567.97182367,  32845.1,  28338.2,  80.4857474671,  891.236636842,  840.314
1567.99225797,  32858.3,  28349.6,  80.485767357,  891.236756941,  840.769
1568.01269237,  32863.3,  28354.1,  80.4860670876,  891.236460696,  839.997
1568.03312687,  32855.1,  28347.6,  80.4859832035,  891.236871175,  840.284
1568.05356117,  32846.7,  28340.8,  80.4859788915,  891.236696758,  839.618
1568.07399557,  32878.6,  28367.8,  80.4854483124,  891.237056592,  840.796
1568.09443007,  32849.0,  28342.7,  80.4855246494,  891.237120117,  839.252
1568.11486447,  32849.1,  28342.9,  80.4856367231,  891.237153579,  840.609
1568.13529887,  32856.6,  28349.5,  80.4854279244,  891.236783617,  840.163
1568.15573327,  32858.2,  28350.5,  80.4855335021,  891.236765072,  840.525
1568.17616767,  32844.3,  28338.7,  80.4858346269,  891.236929605,  840.145
1568.19660207,  32843.9,  28338.8,  80.4855321772,  891.236896916,  839.274
1568.21703648,  32846.3,  28340.8,  80.4857247538,  891.236744356,  840.055
1568.23747088,  32847.4,  28342.9,  80.4854703054,  891.236795407,  839.609
1568.25790538,  32851.7,  28345.3,  80.4855031673,  891.236809022,  839.763
1568.27833968,  32850.2,  28345.2,  80.4856531618,  891.237204083,  839.588
1568.29877418,  32852.6,  28347.1,  80.4854057206,  891.237052526,  839.727
1568.31920859,  32856.2,  28349.7,  80.4856913216,  891.23687208,  839.796
1568.33964289,  32861.5,  28354.9,  80.4849595564,  891.237352524,  839.584
1568.36007739,  32855.4,  28349.3,  80.4855855232,  891.236908966,  839.298
1568.38051179,  32852.8,  28346.7,  80.4856656006,  891.237033249,  839.038
1568.4009461,  32840.2,  28336.9,  80.4855090902,  891.237132233,  839.352
1568.4213806,  32857.8,  28352.0,  80.4854304359,  891.237049931,  839.638
1568.441815,  32855.4,  28349.7,  80.4854644822,  891.237252888,  839.573
1568.46224931,  32856.1,  28350.0,  80.4852216852,  891.236901046,  838.849
1568.48268381,  32851.4,  28347.2,  80.4854798772,  891.236939757,  839.261
1568.50311821,  32846.7,  28342.3,  80.4852628857,  891.237024245,  838.831
1568.52355272,  32838.9,  28336.2,  80.4853050498,  891.237174605,  839.232
1568.54398702,  32844.7,  28340.6,  80.4854529097,  891.237241878,  839.357
1568.56442133,  32855.3,  28349.7,  80.4854037141,  891.237346093,  838.459
1568.58485583,  32852.4,  28348.4,  80.4851899805,  891.237137986,  839.133
1568.60529024,  32851.3,  28346.2,  80.4853980539,  891.237047159,  838.842
1568.62572464,  32854.0,  28349.4,  80.4852375349,  891.237144954,  838.353
1568.64615905,  32854.9,  28350.8,  80.4850233056,  891.237263113,  838.897
1568.66659345,  32849.9,  28346.6,  80.4848858938,  891.237125002,  838.503
1568.68702796,  32854.8,  28350.6,  80.4850102601,  891.23705193,  838.599
1568.70746226,  32849.2,  28345.3,  80.4852082932,  891.237161756,  838.873
1568.72789667,  32854.6,  28350.3,  80.4851214071,  891.23713953,  839.275
1568.74833117,  32854.9,  28350.8,  80.4849431423,  891.237508536,  839.113
1568.76876558,  32860.7,  28355.6,  80.4852266394,  891.237180112,  838.201
1568.78919989,  32842.8,  28340.6,  80.4851404067,  891.23793005,  838.067
1568.80963439,  32852.1,  28349.6,  80.4855455712,  891.237437198,  838.879
1568.8300688,  32842.6,  28340.3,  80.4852661214,  891.237542036,  838.64
1568.85050321,  32847.0,  28345.1,  80.485209145,  891.237525655,  838.494
1568.87093761,  32846.5,  28344.2,  80.4853633472,  891.237284677,  838.434
1568.89137202,  32848.6,  28346.4,  80.4848548512,  891.237472389,  838.955
1568.91180653,  32853.6,  28351.3,  80.4849576535,  891.237327177,  838.903
1568.93224083,  32857.2,  28352.7,  80.4849889572,  891.237389439,  838.561
1568.95267524,  32859.5,  28356.1,  80.4846412782,  891.237434111,  845.52
1568.97310975,  32851.3,  28348.8,  80.4853425319,  891.237502612,  839.522
1568.99354406,  32863.0,  28358.5,  80.4850255722,  891.237548841,  839.999
1569.01397846,  32848.0,  28346.1,  80.4850595361,  891.237199731,  840.02
1569.03441297,  32843.1,  28342.5,  80.4851000726,  891.237615657,  840.475
1569.05484728,  32851.7,  28350.1,  80.4848122229,  891.237511408,  840.606
1569.07528179,  32854.0,  28352.3,  80.4845423931,  891.237151554,  840.469
1569.0957162,  32845.3,  28343.8,  80.4851223298,  891.237669114,  840.825
1569.11615051,  32847.1,  28345.9,  80.484991383,  891.237361027,  840.341
1569.13658502,  32854.7,  28352.9,  80.4848580769,  891.237396853,  840.795
1569.15701943,  32854.3,  28352.1,  80.4848096296,  891.237799958,  841.445
1569.17745373,  32851.1,  28350.2,  80.484746933,  891.237450023,  842.656
1569.19788824,  32850.1,  28349.2,  80.4852153178,  891.237567864,  842.738
1569.21832255,  32849.2,  28347.8,  80.4845339082,  891.237191037,  843.566
1569.23875706,  32854.9,  28353.6,  80.4851050784,  891.237625386,  843.791
1569.25919147,  32859.5,  28357.6,  80.4849898478,  891.237442878,  842.944
1569.27962578,  32842.6,  28343.0,  80.4847214919,  891.237905348,  842.454
1569.30006029,  32850.0,  28350.0,  80.4846295827,  891.237950876,  842.899
1569.3204947,  32862.6,  28359.7,  80.4849784997,  891.237530573,  842.886
1569.34092912,  32828.6,  28330.8,  80.4849413776,  891.237953644,  841.954
1569.36136353,  32859.1,  28357.9,  80.4846720453,  891.237613348,  842.259
1569.38179794,  32860.8,  28358.7,  80.4847088287,  891.237922847,  841.572
1569.40223235,  32857.6,  28356.2,  80.484631054,  891.238094022,  841.184
1569.42266676,  32847.7,  28348.4,  80.4845108761,  891.237566135,  841.547
1569.44310117,  32855.5,  28353.6,  80.4850917177,  891.237630331,  841.343
1569.46353568,  32860.5,  28358.7,  80.4851671909,  891.237773812,  840.672
1569.48397009,  32849.4,  28348.7,  80.4847284502,  891.237644432,  840.476
1569.50440441,  32843.7,  28344.8,  80.484645947,  891.237787748,  840.456
1569.52483892,  32850.1,  28350.1,  80.484862879,  891.23785197,  840.32
1569.54527333,  32840.0,  28341.7,  80.4849897244,  891.237979931,  838.368
1569.56570764,  32868.3,  28365.8,  80.484563437,  891.237913486,  838.513
1569.58614216,  32854.9,  28354.7,  80.4845314038,  891.237936762,  838.13
1569.60657657,  32835.5,  28336.1,  80.4847768857,  891.237618671,  838.593
1569.62701108,  32847.8,  28348.4,  80.4845174246,  891.237981371,  837.911
1569.64744539,  32844.3,  28345.5,  80.4849606762,  891.238029155,  837.513
1569.68831432,  32858.1,  28358.1,  80.4845114254,  891.237883045,  837.054
1569.70874863,  32848.3,  28349.3,  80.4845842411,  891.237937065,  837.098
1569.72918305,  32865.3,  28364.0,  80.4840744581,  891.238144582,  837.029
1569.74961756,  32845.2,  28347.1,  80.4843858643,  891.237981709,  836.894
1569.77005188,  32856.1,  28356.2,  80.4843781642,  891.238246645,  836.176
1569.79048629,  32851.5,  28352.2,  80.4842479167,  891.237928396,  837.06
1569.8109208,  32858.7,  28358.2,  80.4842168942,  891.237801598,  837.084
1569.83135512,  32851.9,  28352.7,  80.4840994856,  891.238097112,  836.5
1569.85178963,  32841.7,  28343.9,  80.4839755542,  891.238024109,  836.185
1569.87222395,  32847.8,  28349.0,  80.4842675623,  891.237961475,  836.532
1569.89265836,  32853.2,  28354.1,  80.4839788413,  891.23791762,  836.118
1569.91309288,  32856.0,  28356.0,  80.4843605673,  891.237793746,  836.932
1569.93352719,  32860.9,  28359.9,  80.4843131392,  891.238362848,  835.712
1569.95396161,  32855.0,  28355.8,  80.4837055758,  891.238085375,  835.644
1569.97439612,  32832.1,  28335.9,  80.4846633414,  891.238245443,  836.274
1569.99483054,  32854.4,  28355.0,  80.4839286816,  891.238021262,  835.938
1570.01526496,  32853.7,  28355.0,  80.4843150806,  891.238195149,  834.835
1570.03569937,  32857.0,  28357.8,  80.4839374737,  891.2378934,  835.267
1570.05613379,  32851.3,  28352.7,  80.4840232232,  891.238436708,  834.975
1570.07656821,  32842.8,  28345.4,  80.4845106059,  891.238374773,  834.873
1570.09700262,  32855.6,  28356.7,  80.4839105691,  891.238136621,  835.427
1570.11743704,  32851.7,  28353.1,  80.4840931916,  891.238270303,  835.431
1570.13787156,  32850.3,  28352.4,  80.4843955305,  891.237957884,  835.073
1570.15830587,  32859.2,  28359.7,  80.4840135735,  891.238117832,  834.7
1570.17874039,  32853.5,  28354.9,  80.4839763823,  891.238086425,  835.265
1570.19917481,  32857.6,  28358.4,  80.4835708965,  891.238162628,  834.929
1570.21960912,  32862.0,  28361.9,  80.4840405767,  891.238664893,  835.189
1570.24004364,  32832.8,  28336.3,  80.4844600159,  891.23846651,  835.496
1570.26047806,  32841.3,  28344.8,  80.4839195796,  891.237958338,  835.605
1570.28091238,  32847.2,  28349.5,  80.4841777697,  891.238349948,  834.855
1570.3013469,  32846.8,  28349.4,  80.484242373,  891.238384084,  834.792
1570.32178131,  32856.4,  28358.6,  80.4836220569,  891.238466218,  835.491
1570.34221563,  32848.5,  28351.6,  80.4838294864,  891.238186828,  835.228
1570.36265015,  32861.1,  28362.6,  80.48355609,  891.238464241,  834.512
1570.38308457,  32857.1,  28358.4,  80.4840400571,  891.238627632,  834.534
1570.40351899,  32852.3,  28355.2,  80.4840625368,  891.238682954,  834.127
1570.42395341,  32852.5,  28355.6,  80.4839518889,  891.238552383,  833.687
1570.44438783,  32847.3,  28350.6,  80.483475123,  891.23823182,  834.041
1570.46482225,  32837.5,  28342.7,  80.4841611055,  891.238642489,  832.988
1570.48525667,  32845.8,  28349.6,  80.4836558113,  891.238369391,  833.479
1570.50569109,  32849.8,  28353.1,  80.48363612,  891.238223696,  832.995
1570.52612551,  32852.7,  28355.5,  80.4839322512,  891.238468856,  833.688
1570.54655993,  32859.8,  28362.0,  80.483731345,  891.238446668,  833.365
1570.56699445,  32837.7,  28343.0,  80.4835334658,  891.238953276,  832.712
1570.58742877,  32853.6,  28356.8,  80.4840706882,  891.238458475,  833.182
1570.60786319,  32822.9,  28329.4,  80.4844491888,  891.238369188,  832.885
1570.62829771,  32858.9,  28362.6,  80.4835123599,  891.238800434,  832.507
1570.64873213,  32850.3,  28353.8,  80.4840223406,  891.23840333,  832.128
1570.66916645,  32848.0,  28352.7,  80.4837929004,  891.238748803,  832.852
1570.68960097,  32853.8,  28357.4,  80.4839626806,  891.238504313,  832.84
1570.71003539,  32853.4,  28358.0,  80.4834772801,  891.238749875,  833.18
1570.73046971,  32848.8,  28353.1,  80.4835817625,  891.238618628,  832.509
1570.75090424,  32853.2,  28357.3,  80.4835769814,  891.23867387,  832.712
1570.77133866,  32848.9,  28353.9,  80.4833161583,  891.238470497,  832.393
1570.79177318,  32846.2,  28351.6,  80.4834926844,  891.238794233,  832.059
1570.8122075,  32854.2,  28358.6,  80.4834871477,  891.238563698,  832.369
1570.83264192,  32849.4,  28353.9,  80.4836818016,  891.238434799,  832.582
1570.85307645,  32852.7,  28357.6,  80.4833911967,  891.239046341,  832.713
1570.87351077,  32851.6,  28356.5,  80.4831041679,  891.238747428,  833.124
1570.89394519,  32853.9,  28358.0,  80.4834523989,  891.239023329,  832.18
1570.91437971,  32853.9,  28358.7,  80.4836578977,  891.239008648,  831.773
1570.93481404,  32853.4,  28358.4,  80.483660458,  891.239037626,  831.789
1570.95524856,  32849.2,  28355.0,  80.4836483671,  891.23899918,  832.154
1570.97568298,  32838.5,  28345.9,  80.4833347212,  891.238788584,  831.629
1570.99611731,  32856.5,  28361.3,  80.483231936,  891.23855191,  831.737
1571.01655183,  32851.7,  28357.1,  80.4831910333,  891.238902438,  831.165
1571.03698625,  32849.9,  28356.4,  80.483307908,  891.239185871,  830.92
1571.05742058,  32853.1,  28359.0,  80.4833205767,  891.239208442,  831.75
1571.0778551,  32858.0,  28362.6,  80.4836606749,  891.239022741,  831.276
1571.09828953,  32850.1,  28356.9,  80.4831582242,  891.238533442,  831.234
1571.11872385,  32857.4,  28362.4,  80.4832676649,  891.238850852,  832.173
1571.13915838,  32852.2,  28358.4,  80.4836017094,  891.238930993,  831.723
1571.1595928,  32847.8,  28355.4,  80.4834981457,  891.239158763,  831.589
1571.18002723,  32854.3,  28361.0,  80.4834602448,  891.23905674,  831.576
1571.20046165,  32854.6,  28361.4,  80.4830639122,  891.239519911,  831.693
1571.22089608,  32848.5,  28355.1,  80.4834113012,  891.238853201,  831.589
1571.2413305,  32847.5,  28355.9,  80.4828272788,  891.2393652,  831.672
1571.26176493,  32852.3,  28359.0,  80.4834541542,  891.239213688,  831.069
1571.28219935,  32862.9,  28368.4,  80.4829553712,  891.238992553,  832.208
1571.30263378,  32853.5,  28360.2,  80.4830110475,  891.238980751,  832.185
1571.3230682,  32853.9,  28361.0,  80.4830408167,  891.238938808,  831.893
1571.34350273,  32849.1,  28357.3,  80.4833294944,  891.239216774,  831.319
1571.36393716,  32853.7,  28362.3,  80.4832995118,  891.239502174,  831.889
1571.38437148,  32855.9,  28363.2,  80.4829563087,  891.239233993,  831.906
1571.40480601,  32842.6,  28352.2,  80.4828125843,  891.239379263,  832.05
1571.42524044,  32854.3,  28362.1,  80.482971925,  891.239237735,  832.855
1571.44567476,  32861.1,  28367.6,  80.4831177749,  891.239718157,  832.657
1571.46610929,  32832.6,  28343.5,  80.4825283541,  891.23902635,  833.141
1571.48654372,  32845.3,  28354.9,  80.4827810258,  891.239167093,  833.148
1571.50697804,  32851.1,  28359.3,  80.4825824206,  891.239356213,  832.646
1571.52741257,  32845.1,  28353.3,  80.4831630041,  891.239085355,  833.065
1571.547847,  32852.4,  28361.1,  80.482759459,  891.239079641,  833.715
1571.56828153,  32856.8,  28364.0,  80.4831149513,  891.239559935,  833.154
1571.58871585,  32848.6,  28357.7,  80.4828268902,  891.239201206,  833.329
1571.60915028,  32851.9,  28360.5,  80.4828957937,  891.239285714,  834.385
1571.62958481,  32855.9,  28364.2,  80.4825409678,  891.239385215,  834.024
1571.65001914,  32847.8,  28357.3,  80.4827931208,  891.239051259,  834.252
1571.67045357,  32842.8,  28352.9,  80.4828168913,  891.239653398,  833.274
1571.6908881,  32846.2,  28356.7,  80.4824756104,  891.239465584,  834.923
1571.71132243,  32852.8,  28361.8,  80.4828551491,  891.23924258,  835.313
1571.73175695,  32848.0,  28357.5,  80.4826924016,  891.239649326,  834.985
1571.75219138,  32849.0,  28358.4,  80.4823828177,  891.239334225,  835.103
1571.77262571,  32847.9,  28357.8,  80.4826791977,  891.239597688,  835.45
1571.79306024,  32836.6,  28347.5,  80.4829981312,  891.239430008,  835.062
1571.81349467,  32839.4,  28351.3,  80.4829843792,  891.239548643,  835.187
1571.833929,  32862.2,  28370.3,  80.4826706002,  891.239068242,  835.252
1571.85436353,  32847.1,  28357.5,  80.4825620672,  891.239708441,  834.797
1571.87479796,  32845.7,  28356.8,  80.4825854344,  891.239631949,  834.971
1571.89523229,  32850.9,  28361.3,  80.4824957225,  891.239777734,  834.633
1571.91566682,  32848.3,  28359.1,  80.4826319831,  891.239752084,  834.021
1571.93610125,  32850.0,  28360.8,  80.4822866153,  891.239787198,  833.255
1571.95653578,  32855.7,  28365.3,  80.4829166558,  891.239650078,  832.938
1571.97697011,  32866.8,  28375.4,  80.4825214844,  891.239866645,  833.372
1571.99740454,  32851.5,  28362.0,  80.4826644012,  891.239593148,  833.24
1572.01783908,  32851.6,  28362.2,  80.4828411444,  891.2398299,  833.096
1572.03827341,  32845.2,  28357.0,  80.4823907971,  891.2395683,  833.126
1572.05870784,  32848.2,  28360.2,  80.4822914525,  891.239754889,  833.411
1572.07914237,  32850.7,  28360.7,  80.4828237985,  891.23997715,  832.919
1572.0995767,  32844.1,  28356.9,  80.4823962719,  891.239568053,  833.681
1572.12001123,  32854.2,  28364.3,  80.4827556455,  891.239843146,  832.35
1572.14044567,  32852.5,  28364.6,  80.4819720734,  891.239890105,  832.829
1572.16088,  32850.4,  28361.0,  80.4823276573,  891.239623897,  832.719
1572.18131453,  32848.1,  28359.6,  80.4825007337,  891.239857568,  832.576
1572.20174896,  32854.1,  28364.5,  80.4825852332,  891.239798613,  832.184
1572.22218329,  32848.5,  28360.1,  80.4824971085,  891.239574705,  832.513
1572.24261783,  32842.5,  28355.3,  80.4821591843,  891.239804458,  831.903
1572.26305226,  32849.0,  28360.4,  80.4826861921,  891.239696665,  832.59
1572.28348669,  32864.4,  28373.7,  80.4819423728,  891.239949926,  831.193
1572.30392113,  32841.3,  28353.6,  80.4824898157,  891.239839056,  829.9
1572.32435556,  32848.8,  28360.7,  80.4824910986,  891.239754556,  830.367
1572.34478999,  32843.2,  28355.5,  80.482425448,  891.239834341,  829.92
1572.36522443,  32836.8,  28351.2,  80.4821524564,  891.240030857,  830.33
1572.38565886,  32845.7,  28357.8,  80.4827586396,  891.239659543,  830.095
1572.40609329,  32848.2,  28360.6,  80.4824469906,  891.240324431,  829.535
1572.42652773,  32850.5,  28362.0,  80.4825011002,  891.239979816,  829.542
1572.44696216,  32850.0,  28362.4,  80.4819218726,  891.240475413,  830.073
1572.4673966,  32842.8,  28355.6,  80.4827889557,  891.239742455,  830.562
1572.48783103,  32842.7,  28357.3,  80.4820764018,  891.239828533,  830.628
1572.50826557,  32856.8,  28367.4,  80.4824569459,  891.2396105,  829.856
1572.5287,  32841.6,  28355.0,  80.4822907383,  891.240059688,  830.657
1572.54913434,  32854.5,  28366.1,  80.4821888924,  891.240226497,  830.972
1572.56956887,  32842.2,  28355.9,  80.4823134891,  891.240340412,  831.112
1572.59000331,  32862.5,  28374.0,  80.4819947309,  891.240061137,  829.915
1572.61043764,  32840.6,  28354.4,  80.4822131904,  891.240168217,  829.369
1572.63087218,  32841.6,  28355.3,  80.4824105153,  891.240313476,  830.511
1572.67174095,  32854.6,  28366.0,  80.4820887459,  891.239917635,  831.135
1572.69217548,  32849.0,  28361.6,  80.4818636236,  891.240144776,  831.644
1572.71260992,  32851.5,  28364.1,  80.4821973242,  891.240137155,  831.873
1572.73304446,  32844.1,  28357.4,  80.4818044412,  891.240551944,  831.469
1572.75347879,  32860.3,  28371.1,  80.4820255397,  891.240260231,  832.43
1572.77391323,  32854.2,  28365.9,  80.4820211568,  891.240146369,  833.374
1572.79434777,  32849.0,  28361.7,  80.4822889922,  891.240493689,  833.416
1572.8147821,  32854.4,  28366.2,  80.4818542987,  891.24041903,  833.137
1572.83521654,  32847.9,  28360.8,  80.482177976,  891.240269958,  834.561
1572.85565108,  32847.6,  28360.4,  80.4817316279,  891.240254657,  835.196
1572.87608541,  32855.9,  28368.0,  80.4818256558,  891.240108297,  835.904
1572.89651995,  32849.3,  28361.9,  80.4820854261,  891.240204042,  838.253
1572.91695439,  32854.9,  28366.5,  80.4819382382,  891.239941433,  837.907
1572.93738873,  32846.5,  28359.6,  80.4819221819,  891.240245982,  837.164
1572.95782327,  32845.5,  28358.3,  80.4823047466,  891.240036464,  838.725
1572.9782577,  32853.1,  28365.7,  80.4820836662,  891.239927158,  837.588
1572.99869214,  32856.0,  28367.8,  80.4817642781,  891.240087521,  834.644
1573.01912658,  32854.1,  28366.0,  80.4820433993,  891.240212223,  832.316
1573.03956102,  32848.2,  28361.4,  80.4818015553,  891.240233598,  830.038
1573.05999536,  32845.4,  28359.6,  80.4819518581,  891.240272914,  829.738
1573.0804299,  32838.5,  28352.6,  80.4817725686,  891.240113922,  829.418
1573.10086433,  32849.2,  28362.4,  80.4820059716,  891.240301164,  829.277
1573.12129877,  32843.9,  28358.3,  80.4817287269,  891.240349361,  829.578
1573.14173321,  32847.7,  28361.3,  80.4817264876,  891.240404306,  828.832
1573.16216765,  32846.7,  28360.8,  80.4818040455,  891.240436316,  828.748
1573.18260219,  32843.9,  28357.8,  80.4818501638,  891.240849593,  828.259
1573.20303653,  32845.2,  28359.2,  80.4815596412,  891.240485988,  827.17
1573.22347097,  32844.5,  28358.7,  80.481752008,  891.240095373,  826.756
1573.24390551,  32856.9,  28368.9,  80.4818288433,  891.240360572,  826.224
1573.26433985,  32848.5,  28363.0,  80.4819547558,  891.240328955,  826.488
1573.28477439,  32851.0,  28364.8,  80.4821442745,  891.240427323,  825.536
1573.30520883,  32847.9,  28361.6,  80.4817517055,  891.240534787,  824.73
1573.32564317,  32854.4,  28368.1,  80.4816390694,  891.240305511,  825.755
1573.34607771,  32849.9,  28364.1,  80.481557552,  891.24059881,  823.972
1573.36651215,  32864.1,  28375.8,  80.4817014281,  891.240342732,  823.985
1573.38694649,  32851.7,  28366.0,  80.481547066,  891.240445397,  824.745
1573.40738103,  32852.7,  28366.1,  80.481657003,  891.240661437,  823.801
1573.42781548,  32844.5,  28359.8,  80.4814437106,  891.240853478,  823.712
1573.44824982,  32849.2,  28363.1,  80.4823019312,  891.240385862,  822.39
1573.46868436,  32851.9,  28365.5,  80.4814674603,  891.240617313,  821.96
1573.4891188,  32844.3,  28359.8,  80.4813328785,  891.240587154,  821.403
1573.50955334,  32853.7,  28367.6,  80.4818306066,  891.240437653,  821.239
1573.52998768,  32850.3,  28365.5,  80.4810549985,  891.240670319,  821.289
1573.55042213,  32843.4,  28358.9,  80.4812435286,  891.240328149,  821.07
1573.57085667,  32850.6,  28364.8,  80.4816315469,  891.240460156,  821.405
1573.59129101,  32854.0,  28368.5,  80.4814720945,  891.240624855,  821.31
1573.61172545,  32846.9,  28363.0,  80.4813711878,  891.240949456,  821.256
1573.63215999,  32847.1,  28362.2,  80.4819833766,  891.240858834,  820.139
1573.65259444,  32846.5,  28362.9,  80.4811957338,  891.240879482,  820.682
1573.67302888,  32853.6,  28368.3,  80.481673326,  891.241029312,  820.312
1573.69346332,  32846.7,  28362.7,  80.4814870739,  891.24084865,  819.892
1573.71389767,  32851.5,  28367.1,  80.4814104485,  891.240774977,  819.577
1573.73433221,  32847.7,  28362.9,  80.4812543202,  891.24087598,  819.477
1573.75476665,  32849.5,  28365.1,  80.4814543457,  891.24100018,  819.294
1573.775201,  32855.9,  28371.3,  80.4814834702,  891.24070724,  819.45
1573.79563554,  32851.4,  28367.3,  80.481290285,  891.240807519,  819.137
1573.81606998,  32848.5,  28364.4,  80.4813933914,  891.240986603,  819.188
1573.83650433,  32850.7,  28366.6,  80.4812620387,  891.240960085,  819.14
1573.85693887,  32849.8,  28365.8,  80.4810685307,  891.240681535,  818.782
1573.87737332,  32841.0,  28358.9,  80.481371817,  891.241073918,  818.58
1573.89780786,  32860.3,  28375.4,  80.4812039788,  891.240772999,  818.731
1573.91824221,  32857.2,  28372.2,  80.4815985788,  891.240928873,  818.525
1573.93867665,  32855.2,  28371.1,  80.481149819,  891.241055955,  818.587
1573.95911119,  32844.2,  28361.9,  80.4807190093,  891.241149993,  818.133
1573.97954554,  32854.1,  28370.1,  80.4812636615,  891.241014548,  818.322
1573.99997998,  32844.0,  28362.5,  80.4810676461,  891.241144816,  818.037
1574.02041453,  32868.3,  28382.8,  80.4814547003,  891.241134794,  818.857
1574.04084888,  32844.5,  28362.5,  80.4813438942,  891.241337215,  817.218
1574.06128342,  32855.7,  28372.8,  80.4811036114,  891.241230567,  816.898
1574.08171787,  32842.8,  28360.8,  80.481033287,  891.240877476,  818.388
1574.10215221,  32844.4,  28364.1,  80.480866134,  891.241117905,  817.121
1574.12258676,  32847.0,  28364.3,  80.4810772786,  891.241486802,  817.587
1574.1430212,  32848.5,  28366.2,  80.481096525,  891.24096711,  817.159
1574.16345565,  32856.3,  28373.1,  80.4810731782,  891.241154536,  816.735
1574.1838901,  32846.9,  28364.8,  80.4808863276,  891.241173395,  817.258
1574.20432454,  32854.4,  28371.3,  80.481064796,  891.24133306,  816.131
1574.22475899,  32848.9,  28367.3,  80.4804756056,  891.240842164,  817.152
1574.24519344,  32852.3,  28369.2,  80.481434208,  891.241258714,  816.508
1574.26562788,  32841.7,  28360.8,  80.4804476971,  891.24111763,  816.375
1574.28606233,  32846.6,  28365.8,  80.4807709627,  891.241251747,  815.903
1574.30649688,  32856.4,  28373.7,  80.4806337083,  891.241566745,  816.143
1574.32693123,  32852.6,  28370.4,  80.4809466322,  891.241116245,  815.77
1574.34736567,  32852.8,  28370.8,  80.4806461165,  891.241256416,  815.558
1574.36780012,  32840.2,  28359.9,  80.4808691244,  891.241304055,  816.069
1574.38823457,  32852.1,  28370.5,  80.480551932,  891.241232484,  815.384
1574.40866912,  32860.4,  28378.3,  80.480702205,  891.24146762,  816.151
1574.42910346,  32857.8,  28375.7,  80.4808261372,  891.241430552,  815.689
1574.44953801,  32851.0,  28370.6,  80.4805855686,  891.241075342,  815.434
1574.46997246,  32844.3,  28363.7,  80.4806268778,  891.241440641,  815.477
1574.49040681,  32855.0,  28373.3,  80.480805474,  891.241337251,  815.292
1574.51084136,  32849.0,  28368.1,  80.4807912277,  891.241520438,  815.141
1574.53127581,  32845.3,  28364.8,  80.4807990579,  891.241038802,  815.129
1574.55171015,  32847.0,  28366.8,  80.4808205374,  891.241383737,  815.354
1574.5721447,  32848.6,  28368.3,  80.4802259743,  891.241416984,  814.729
1574.59257915,  32843.2,  28363.6,  80.4806242137,  891.241478655,  813.919
1574.6130137,  32854.4,  28374.2,  80.48093857,  891.241514041,  813.625
1574.63344805,  32848.3,  28367.3,  80.4806762105,  891.241349583,  814.596
1574.6538825,  32852.7,  28372.5,  80.4804892764,  891.241814245,  813.933
1574.67431705,  32840.9,  28361.8,  80.4803768753,  891.241326685,  814.32
1574.6947514,  32851.2,  28370.1,  80.4806524097,  891.241359658,  814.098
1574.71518585,  32847.3,  28367.2,  80.4805853948,  891.241329921,  813.523
1574.7356204,  32850.4,  28370.0,  80.4805399012,  891.241519545,  814.242
1574.75605475,  32851.4,  28370.0,  80.4808356365,  891.241533316,  813.15
1574.7764892,  32848.3,  28368.3,  80.4805483232,  891.241530665,  813.313
1574.79692375,  32858.7,  28376.7,  80.4808546211,  891.241543869,  813.275
1574.8173582,  32849.5,  28369.7,  80.4804321214,  891.241647491,  813.19
1574.83779265,  32849.2,  28369.7,  80.480211434,  891.241745111,  813.186
1574.8582271,  32846.4,  28367.2,  80.4807483868,  891.241785907,  812.071
1574.87866155,  32858.1,  28376.8,  80.4802239639,  891.241729947,  812.781
1574.89909601,  32862.4,  28380.7,  80.4807864961,  891.241776829,  813.223
1574.91953046,  32858.1,  28377.4,  80.4805404391,  891.24171565,  812.766
1574.93996491,  32853.2,  28372.6,  80.4808778042,  891.241569177,  812.796
1574.96039936,  32856.3,  28375.8,  80.4805772021,  891.241666472,  812.213
1574.98083381,  32850.9,  28370.6,  80.4805522123,  891.241745819,  813.191
1575.00126826,  32854.0,  28372.8,  80.4808326283,  891.241765821,  811.296
1575.02170271,  32845.5,  28366.6,  80.4804552993,  891.241904466,  811.787
1575.04213717,  32845.6,  28366.5,  80.4805345539,  891.241755126,  812.931
1575.06257172,  32836.9,  28359.7,  80.4807766745,  891.241558778,  811.578
1575.08300607,  32854.2,  28373.7,  80.4802561473,  891.24170314,  811.368
1575.10344052,  32859.2,  28378.9,  80.4805165644,  891.241487195,  811.139
1575.12387508,  32846.1,  28367.0,  80.4808701334,  891.241724537,  812.165
1575.14430943,  32840.8,  28362.8,  80.4803077906,  891.241800088,  811.152
1575.16474388,  32860.5,  28380.4,  80.4803627115,  891.241796273,  811.511
1575.18517844,  32842.3,  28364.6,  80.4801693056,  891.241865924,  810.703
1575.20561279,  32842.5,  28363.9,  80.4806064387,  891.241798379,  812.123
1575.22604734,  32840.8,  28362.8,  80.4805583938,  891.242209426,  811.116
1575.2464818,  32846.8,  28367.9,  80.480261282,  891.241743145,  810.818
1575.26691615,  32847.8,  28369.2,  80.4806678851,  891.241772129,  810.664
1575.2873507,  32858.6,  28378.4,  80.4802861007,  891.241561875,  810.279
1575.30778516,  32849.0,  28370.2,  80.4806596519,  891.24196556,  810.137
1575.32821951,  32859.3,  28378.2,  80.4807636871,  891.241526102,  810.455
1575.34865406,  32850.3,  28371.8,  80.4804109175,  891.242005585,  810.052
1575.36908852,  32851.4,  28372.7,  80.480295962,  891.242094015,  810.73
1575.38952307,  32847.2,  28369.4,  80.4802546346,  891.241833526,  810.105
1575.40995743,  32847.6,  28368.7,  80.4805047257,  891.241994036,  809.749
1575.43039188,  32862.7,  28382.3,  80.4803778972,  891.242249369,  809.583
1575.45082644,  32848.5,  28370.6,  80.4801893365,  891.241759679,  809.486
1575.47126089,  32848.3,  28369.3,  80.4804917599,  891.242187221,  809.298
1575.49169525,  32844.1,  28366.6,  80.4799221463,  891.242134281,  809.38
1575.5121298,  32852.0,  28373.2,  80.4803654044,  891.24205492,  809.209
1575.53256426,  32850.8,  28371.5,  80.4799021106,  891.242158987,  810.089
1575.55299861,  32842.3,  28364.8,  80.4803525357,  891.241949088,  809.623
1575.57343317,  32858.4,  28378.8,  80.4803346779,  891.241719955,  809.539
1575.59386762,  32849.3,  28371.1,  80.4800692352,  891.242335765,  809.09
1575.61430208,  32857.4,  28377.9,  80.4804127176,  891.242097475,  808.057
1575.65517089,  32854.5,  28375.2,  80.4804247838,  891.242088338,  809.067
1575.67560545,  32886.2,  28402.4,  80.4766592852,  891.243438929,  808.687
1575.6960399,  32843.8,  28365.9,  80.4782883315,  891.243333541,  808.531
1575.71647426,  32847.7,  28369.3,  80.4803796174,  891.241862039,  808.109
1575.73690882,  32847.4,  28369.0,  80.4800846737,  891.241776709,  808.543
1575.75734327,  32844.6,  28366.1,  80.4804125234,  891.242186134,  809.127
1575.77777783,  32847.9,  28369.7,  80.4801447094,  891.241794946,  808.26
1575.79821219,  32848.5,  28369.2,  80.4800443671,  891.242336148,  808.333
1575.81864664,  32854.3,  28375.2,  80.4802606412,  891.242211134,  807.615
1575.8390812,  32860.0,  28379.8,  80.4800381859,  891.241930869,  807.884
1575.85951556,  32848.7,  28370.0,  80.4800002123,  891.242443599,  808.229
1575.87995002,  32856.5,  28377.1,  80.4800940911,  891.242058694,  807.419
1575.90038457,  32842.0,  28364.2,  80.4800345614,  891.242137255,  807.645
1575.92081893,  32840.8,  28363.1,  80.4801715878,  891.242503456,  808.827
1575.94125339,  32854.1,  28374.3,  80.4801498481,  891.242109428,  807.128
1575.96168795,  32855.4,  28375.5,  80.4801746497,  891.242017413,  807.896
1575.98212231,  32855.2,  28375.6,  80.4801811204,  891.241908303,  807.207
1576.00255686,  32848.9,  28370.2,  80.4801464594,  891.242172315,  807.17
1576.02299132,  32848.4,  28369.1,  80.4802986285,  891.242261035,  806.812
1576.04342578,  32851.5,  28372.5,  80.4801292992,  891.242416481,  806.782
1576.06386024,  32854.9,  28375.0,  80.4799723783,  891.24200854,  806.951
1576.0842947,  32847.1,  28368.0,  80.4797733695,  891.242148223,  806.297
1576.10472916,  32851.5,  28372.7,  80.480023555,  891.242194435,  806.834
1576.12516362,  32850.4,  28371.9,  80.4801841861,  891.242319383,  806.397
1576.14559808,  32848.8,  28369.7,  80.4799890099,  891.242313345,  805.993
1576.16603253,  32851.6,  28372.6,  80.4798456314,  891.242323525,  805.626
1576.18646709,  32843.4,  28365.3,  80.4799061335,  891.242207072,  806.59
1576.20690145,  32850.3,  28370.6,  80.4802491516,  891.242132277,  805.538
1576.22733601,  32858.9,  28379.1,  80.480347582,  891.242278334,  805.737
1576.24777047,  32851.8,  28372.0,  80.4804921644,  891.242248631,  806.468
1576.26820483,  32853.2,  28374.2,  80.4798955294,  891.242632007,  805.988
1576.28863939,  32852.8,  28373.5,  80.4801440265,  891.242380969,  806.075
1576.30907375,  32840.3,  28362.8,  80.4802287468,  891.242648319,  805.622
1576.32950821,  32851.2,  28372.8,  80.4798867336,  891.242229921,  805.23
1576.34994277,  32856.1,  28376.6,  80.4802058591,  891.24241576,  805.787
1576.3908117,  32852.7,  28374.0,  80.479965638,  891.242273274,  805.706
1576.41124616,  32833.7,  28357.3,  80.4799963407,  891.242641614,  805.412
1576.43168052,  32857.9,  28378.2,  80.4799401297,  891.242535199,  804.892
1576.45211508,  32862.1,  28381.9,  80.479801585,  891.242191361,  804.86
1576.47254954,  32841.4,  28364.3,  80.4801896358,  891.2424009,  804.535
1576.4929839,  32841.1,  28364.8,  80.4797039277,  891.242334542,  804.587
1576.51341846,  32851.7,  28373.3,  80.4798808081,  891.242588055,  805.145
1576.53385292,  32858.1,  28378.6,  80.4796901682,  891.242586589,  804.156
1576.55428739,  32855.2,  28376.9,  80.4797309439,  891.242636351,  804.13
1576.57472185,  32854.6,  28376.2,  80.4798784988,  891.242427368,  804.767
1576.59515631,  32840.4,  28363.9,  80.4797307342,  891.242664233,  804.292
1576.61559087,  32849.1,  28372.2,  80.479450802,  891.242538043,  804.154
1576.63602523,  32844.9,  28367.5,  80.4798442882,  891.242539167,  804.054
1576.6564597,  32849.3,  28371.8,  80.4800083215,  891.242643904,  804.608
1576.67689426,  32854.0,  28376.9,  80.4796654809,  891.242588247,  804.159
1576.69732872,  32852.5,  28374.1,  80.4795856378,  891.242644875,  804.619
1576.71776308,  32850.1,  28373.5,  80.4794830063,  891.242974102,  803.572
1576.73819765,  32847.8,  28369.8,  80.4799198277,  891.242785826,  803.796
1576.75863211,  32852.3,  28375.1,  80.4796645851,  891.242799563,  804.326
1576.77906657,  32846.7,  28370.0,  80.4794908551,  891.242361794,  804.078
1576.79950104,  32855.5,  28377.8,  80.4797896562,  891.242786344,  803.815
1576.8199355,  32845.6,  28368.9,  80.4795809756,  891.242536776,  803.861
1576.84037006,  32856.4,  28378.9,  80.4796841753,  891.242743065,  803.472
1576.86080443,  32847.1,  28370.0,  80.4799505895,  891.24270666,  803.36
1576.88123889,  32850.2,  28373.6,  80.4795250964,  891.242579046,  802.996
1576.90167345,  32850.3,  28374.8,  80.4795006656,  891.242866662,  803.03
1576.92210782,  32853.7,  28376.2,  80.4792825462,  891.242771995,  803.45
1576.94254228,  32847.6,  28371.7,  80.4795833816,  891.242620319,  802.899
1576.96297675,  32845.3,  28369.2,  80.4795025118,  891.242935956,  802.827
1576.98341121,  32857.1,  28379.8,  80.4797037683,  891.242810881,  802.377
1577.00384577,  32846.1,  28371.0,  80.4794484167,  891.242862738,  802.511
1577.02428014,  32847.8,  28372.1,  80.4793719313,  891.242757651,  802.444
1577.0447146,  32840.0,  28365.7,  80.4795112172,  891.242966681,  802.228
1577.06514917,  32837.4,  28363.4,  80.4793490186,  891.242723441,  802.417
1577.08558353,  32844.6,  28369.4,  80.4791688916,  891.242951984,  802.31
1577.106018,  32849.2,  28372.7,  80.4794859564,  891.242988793,  802.134
1577.12645256,  32850.2,  28375.3,  80.47903502,  891.243003002,  803.005
1577.14688693,  32846.9,  28371.0,  80.4793629478,  891.242889464,  801.801
1577.16732149,  32852.9,  28377.6,  80.4793145485,  891.242836187,  801.957
1577.18775596,  32847.8,  28372.8,  80.4792348721,  891.24310854,  801.794
1577.20819033,  32849.6,  28373.7,  80.4796156486,  891.243051947,  802.128
1577.22862489,  32850.0,  28375.3,  80.4791672012,  891.243015848,  801.665
1577.24905936,  32841.3,  28367.1,  80.4793928357,  891.242874206,  801.798
1577.26949382,  32841.3,  28367.6,  80.4791791807,  891.243373832,  801.627
1577.28992829,  32852.0,  28376.7,  80.4791704662,  891.243428275,  801.167
1577.31036276,  32843.0,  28368.9,  80.4791572931,  891.243016827,  801.335
1577.33079722,  32846.0,  28371.9,  80.4790018812,  891.242890338,  801.616
1577.35123179,  32843.8,  28369.5,  80.4794891528,  891.243040769,  801.269
1577.37166616,  32856.5,  28380.4,  80.4790818207,  891.243018686,  800.898
1577.39210072,  32852.2,  28377.5,  80.4787633413,  891.2430221,  801.076
1577.41253519,  32848.2,  28373.8,  80.4788705872,  891.2433425,  800.903
1577.43296956,  32845.9,  28371.4,  80.4794430841,  891.243291455,  800.931
1577.45340412,  32851.4,  28376.0,  80.4792296196,  891.243055396,  801.031
1577.47383859,  32842.2,  28369.9,  80.4788015825,  891.243109453,  800.683
1577.49427296,  32850.2,  28376.5,  80.4789023677,  891.242992124,  800.658
1577.51470753,  32852.7,  28377.5,  80.4792522889,  891.243121429,  801.027
1577.53514199,  32857.0,  28381.4,  80.4788781701,  891.243479347,  800.745
1577.55557646,  32847.4,  28373.7,  80.4790959609,  891.243004624,  799.893
1577.57601093,  32843.1,  28369.6,  80.4791897702,  891.24328795,  800.812
1577.5964453,  32846.0,  28371.9,  80.4791817228,  891.242882632,  800.409
1577.61687987,  32855.4,  28380.9,  80.4790026385,  891.242922298,  800.051
1577.63731433,  32849.5,  28375.5,  80.478677971,  891.24334826,  800.253
1577.6577487,  32850.5,  28375.5,  80.4792949684,  891.242978184,  800.283
1577.67818327,  32838.8,  28367.3,  80.4788067124,  891.243234095,  800.165
1577.69861774,  32848.4,  28374.4,  80.4794680767,  891.243082755,  800.037
1577.71905221,  32855.2,  28381.2,  80.4788396819,  891.243422922,  801.684
1577.73948668,  32842.9,  28370.2,  80.4790807253,  891.243274836,  799.473
1577.75992115,  32856.8,  28381.2,  80.4792572302,  891.243095855,  799.124
1577.78035572,  32840.9,  28368.5,  80.4791424636,  891.24343315,  798.753
1577.80079008,  32847.5,  28373.5,  80.4794728435,  891.243420269,  799.331
1577.82122455,  32847.7,  28373.3,  80.4792842045,  891.243305263,  799.182
1577.84165912,  32842.7,  28370.2,  80.479076599,  891.243125196,  799.399
1577.86209359,  32842.6,  28370.0,  80.4793704486,  891.24362491,  800.163
1577.88252796,  32843.7,  28370.7,  80.4792770875,  891.243046232,  798.961
1577.90296253,  32856.2,  28381.9,  80.4790129246,  891.243271593,  799.181
1577.923397,  32851.7,  28377.6,  80.479186763,  891.243377046,  798.707
1577.94383147,  32842.8,  28370.0,  80.4789088586,  891.243240014,  798.81
1577.96426594,  32861.8,  28386.3,  80.4793610074,  891.243691774,  798.458
1577.98470041,  32848.8,  28375.4,  80.4790200376,  891.243546596,  798.477
1578.00513488,  32851.5,  28378.4,  80.4788634621,  891.243441907,  798.128
1578.02556935,  32850.1,  28375.8,  80.4794422947,  891.243423426,  798.577
1578.04600382,  32844.9,  28372.9,  80.4791052521,  891.24324096,  798.257
1578.0664384,  32842.5,  28369.3,  80.4791398983,  891.243275384,  803.472
1578.08687277,  32846.9,  28373.9,  80.4786279086,  891.243300199,  800.211
1578.10730724,  32846.1,  28373.4,  80.4792078518,  891.243178918,  798.436
1578.12774181,  32851.6,  28377.7,  80.4788544109,  891.243795147,  798.785
1578.14817618,  32844.7,  28371.8,  80.4789628766,  891.243331492,  797.463
1578.16861075,  32840.7,  28368.9,  80.4794205196,  891.2435216,  797.303
1578.18904522,  32847.0,  28374.3,  80.4785072867,  891.24334012,  798.465
1578.20947959,  32849.6,  28376.0,  80.4791217646,  891.243441371,  797.559
1578.22991417,  32835.5,  28364.6,  80.4790152718,  891.243342934,  798.271
1578.25034854,  32846.1,  28373.5,  80.4791077733,  891.243815076,  797.912
1578.27078301,  32853.1,  28379.9,  80.4791163178,  891.243616954,  798.349
1578.29121758,  32852.3,  28379.2,  80.4788154504,  891.243574023,  797.686
1578.31165195,  32842.9,  28370.5,  80.4789948646,  891.243335861,  797.869
1578.33208653,  32843.3,  28371.1,  80.4792126389,  891.243350542,  797.637
1578.352521,  32838.6,  28366.6,  80.4791135377,  891.243347876,  797.176
1578.37295537,  32853.3,  28379.2,  80.4788458783,  891.24334451,  798.14
1578.39338994,  32850.7,  28378.2,  80.4788459801,  891.24351891,  797.761
1578.41382442,  32851.5,  28377.9,  80.4790744443,  891.24376455,  796.729
1578.43425889,  32849.6,  28376.4,  80.4788492374,  891.243301583,  797.769
1578.45469336,  32851.0,  28378.1,  80.4785411219,  891.243625347,  797.576
1578.47512784,  32844.6,  28372.4,  80.4788660492,  891.243587029,  798.066
1578.49556231,  32850.9,  28379.1,  80.4786555207,  891.243460178,  797.638
1578.51599678,  32849.2,  28376.5,  80.4787106512,  891.243536506,  797.57
1578.53643126,  32841.3,  28369.2,  80.4790611597,  891.243659285,  796.69
1578.55686583,  32847.6,  28376.5,  80.4786344291,  891.243604403,  797.537
1578.5773003,  32846.7,  28374.9,  80.4791359986,  891.243288952,  798.106
1578.59773468,  32841.5,  28369.3,  80.4786511009,  891.243418129,  797.448
1578.63860372,  32845.1,  28373.1,  80.4788365769,  891.243722467,  796.65
1578.6590381,  32828.3,  28358.7,  80.4789334149,  891.243597061,  796.897
1578.67947267,  32841.7,  28369.7,  80.4791237562,  891.24368052,  797.16
1578.69990715,  32846.0,  28374.0,  80.4787227754,  891.243409819,  796.941
1578.72034152,  32847.7,  28374.7,  80.4787252898,  891.243700382,  796.229
1578.7407761,  32848.7,  28375.9,  80.4786822444,  891.243539985,  796.845
1578.76121057,  32838.7,  28367.6,  80.4788062953,  891.243841989,  795.724
1578.78164515,  32850.0,  28376.8,  80.4785415579,  891.243903745,  795.91
1578.80207952,  32861.2,  28385.6,  80.4792051742,  891.24383499,  795.562
1578.822514,  32847.2,  28375.8,  80.4782582349,  891.243993289,  796.372
1578.84294857,  32841.7,  28370.2,  80.4786719996,  891.243559074,  796.039
1578.86338295,  32842.2,  28370.2,  80.4790968844,  891.24361545,  795.491
1578.88381742,  32842.0,  28370.7,  80.4783199282,  891.243664224,  795.981
1578.9042519,  32845.0,  28373.2,  80.4787356159,  891.243797424,  795.419
1578.92468637,  32854.4,  28381.2,  80.4785547613,  891.243627402,  796.205
1578.94512095,  32838.2,  28366.8,  80.4784585237,  891.243596304,  796.017
1578.96555533,  32847.2,  28375.4,  80.4783406504,  891.244040151,  795.7
1578.9859898,  32849.2,  28377.0,  80.4785342952,  891.243945484,  795.214
1579.00642438,  32849.8,  28376.8,  80.4787939562,  891.243648691,  794.95
1579.02685875,  32855.2,  28381.2,  80.4785327027,  891.24379439,  795.535
1579.04729323,  32846.7,  28374.7,  80.4788080326,  891.243971224,  796.193
1579.06772781,  32839.1,  28368.0,  80.4785794041,  891.243971526,  794.572
1579.08816228,  32839.4,  28367.9,  80.47840656,  891.243801653,  795.076
1579.10859666,  32851.4,  28378.5,  80.4790653227,  891.243827177,  794.877
1579.12903124,  32848.7,  28376.3,  80.4786422149,  891.243768852,  794.714
1579.14946571,  32827.8,  28358.6,  80.4784360044,  891.24405568,  795.489
1579.16990019,  32844.7,  28373.0,  80.4784941331,  891.243758798,  794.481
1579.19033467,  32841.8,  28370.6,  80.4781006351,  891.243692778,  794.43
1579.21076915,  32840.3,  28369.9,  80.4784680933,  891.243742586,  794.057
1579.23120372,  32841.2,  28369.3,  80.4787877974,  891.24341509,  794.057
1579.2516381,  32842.6,  28371.1,  80.4785732415,  891.243881619,  793.577
1579.27207258,  32850.6,  28378.0,  80.4785249664,  891.243904854,  793.853
1579.29250716,  32851.1,  28378.2,  80.4784379889,  891.243715398,  793.933
1579.31294153,  32846.2,  28374.4,  80.4785836639,  891.243625936,  794.076
1579.33337611,  32835.7,  28365.6,  80.4785027494,  891.243562348,  793.77
1579.35381059,  32842.1,  28371.0,  80.4783804491,  891.243791198,  793.77
1579.37424497,  32841.5,  28370.1,  80.4788173719,  891.243968273,  794.357
1579.39467955,  32843.6,  28372.2,  80.4784631204,  891.244103028,  794.771
1579.41511402,  32861.0,  28387.5,  80.4777275574,  891.243799613,  793.782
1579.4355484,  32835.3,  28365.9,  80.4782759781,  891.243860472,  793.063
1579.45598298,  32849.6,  28377.6,  80.4782406994,  891.243993931,  793.755
1579.47641746,  32843.2,  28371.8,  80.4786400234,  891.243872514,  794.005
1579.49685184,  32841.9,  28371.6,  80.4782803437,  891.244068692,  793.56
1579.51728642,  32843.7,  28373.0,  80.4783204519,  891.244377129,  794.485
1579.5377208,  32843.8,  28373.4,  80.4785712562,  891.243936093,  793.527
1579.55815538,  32846.1,  28375.5,  80.4784402965,  891.243848636,  794.49
1579.57858985,  32849.1,  28377.7,  80.4780734621,  891.243955943,  794.363
1579.59902433,  32854.1,  28381.7,  80.478388508,  891.243824722,  793.577
1579.61945881,  32849.4,  28379.6,  80.4778214932,  891.244030039,  793.912
1579.63989329,  32847.3,  28376.7,  80.4779518485,  891.244109319,  793.476
1579.66032777,  32854.8,  28383.9,  80.4776909208,  891.244146825,  793.105
1579.68076225,  32844.5,  28374.0,  80.478461416,  891.244292134,  792.463
1579.70119673,  32849.3,  28378.7,  80.4782987417,  891.244251625,  791.933
1579.72163131,  32853.4,  28382.4,  80.478274455,  891.24417636,  792.769
1579.74206579,  32838.5,  28370.0,  80.4781194455,  891.24396168,  792.388
1579.76250017,  32840.3,  28371.3,  80.4778364112,  891.2446122,  793.2
1579.78293475,  32852.6,  28382.4,  80.4778933369,  891.244010666,  793.044
1579.80336923,  32856.5,  28385.9,  80.4781027426,  891.244379621,  791.845
1579.82380361,  32848.6,  28378.4,  80.4780599268,  891.244090052,  792.38
1579.8442382,  32845.5,  28376.7,  80.4774110768,  891.244093504,  792.444
1579.86467268,  32861.3,  28388.8,  80.4779558071,  891.244233628,  791.81
1579.88510706,  32849.9,  28380.9,  80.4776314969,  891.243849839,  791.59
1579.90554164,  32846.9,  28377.9,  80.4780331293,  891.244057013,  791.696
1579.92597612,  32834.5,  28367.3,  80.4778411448,  891.243886789,  791.605
1579.9464107,  32838.2,  28370.4,  80.4775554691,  891.244011386,  791.651
1579.96684508,  32840.5,  28372.9,  80.4774097961,  891.244241296,  791.231
1579.98727956,  32843.5,  28374.9,  80.4776635214,  891.244373084,  791.497
1580.00771415,  32857.2,  28387.3,  80.477722567,  891.243767841,  791.464
1580.02814853,  32840.0,  28371.9,  80.4777684551,  891.244419793,  791.718
1580.04858301,  32842.6,  28374.6,  80.4775326561,  891.244149657,  791.033
1580.06901759,  32832.9,  28366.9,  80.4778353206,  891.244219794,  790.893
1580.08945197,  32829.8,  28364.1,  80.4780032888,  891.244724971,  790.89
1580.10988645,  32840.4,  28373.4,  80.4777503256,  891.244355968,  790.401
1580.13032104,  32859.0,  28388.4,  80.4777944034,  891.244463267,  790.163
1580.15075542,  32846.3,  28378.2,  80.4780401357,  891.244437487,  790.161
1580.17119,  32837.8,  28370.5,  80.4777270089,  891.244478162,  790.777
1580.19162438,  32841.2,  28373.9,  80.4775668454,  891.244528838,  790.473
1580.21205887,  32853.5,  28384.3,  80.4780642953,  891.244668262,  790.658
1580.23249345,  32838.9,  28372.1,  80.4776213353,  891.244600951,  790.203
1580.25292783,  32845.9,  28378.0,  80.4778692236,  891.244232379,  790.419
1580.27336232,  32854.4,  28386.1,  80.4777295574,  891.244396406,  789.649
1580.2937969,  32853.0,  28383.7,  80.4775149842,  891.244664855,  789.472
1580.31423138,  32845.2,  28377.7,  80.4774871882,  891.244643362,  789.484
1580.33466586,  32857.6,  28387.9,  80.4776517354,  891.244576131,  790.07
1580.35510035,  32848.7,  28380.8,  80.4778337357,  891.2445717,  789.095
1580.37553483,  32847.1,  28379.9,  80.4776527577,  891.244865217,  789.369
1580.39596932,  32843.5,  28376.6,  80.4778209274,  891.244542439,  788.953
1580.4164038,  32852.3,  28384.1,  80.4774106256,  891.24484762,  788.648
1580.43683828,  32845.9,  28379.0,  80.477619419,  891.244404173,  788.425
1580.45727287,  32852.8,  28385.0,  80.4775895912,  891.244858385,  788.769
1580.47770725,  32849.5,  28381.7,  80.4774498618,  891.244814135,  788.851
1580.49814174,  32851.8,  28384.3,  80.4778162614,  891.244383355,  788.667
1580.51857632,  32841.1,  28374.6,  80.4773998494,  891.245189784,  788.678
1580.5390107,  32850.3,  28382.4,  80.4779454775,  891.244457704,  788.627
1580.55944529,  32841.3,  28375.6,  80.4770935787,  891.244749175,  788.352
1580.57987977,  32845.8,  28378.9,  80.4774535976,  891.245131197,  789.184
1580.60031416,  32833.8,  28369.0,  80.4774064729,  891.244655034,  788.043
1580.62074874,  32849.1,  28382.3,  80.4774431305,  891.244226444,  788.479
1580.64118323,  32834.4,  28369.7,  80.4775279916,  891.244951104,  788.225
1580.66161761,  32834.4,  28368.9,  80.4775403172,  891.244774032,  787.816
1580.6820522,  32848.7,  28382.4,  80.4774682253,  891.244846563,  788.348
1580.70248668,  32849.7,  28382.9,  80.4776248154,  891.245370795,  787.522
1580.72292127,  32846.7,  28380.4,  80.4774207184,  891.24475392,  787.511
1580.74335565,  32851.5,  28384.3,  80.4772221957,  891.245191397,  788.16
1580.76379014,  32854.6,  28387.5,  80.4772943654,  891.244713924,  786.836
1580.78422472,  32835.4,  28370.7,  80.4777064474,  891.24446833,  787.584
1580.80465911,  32849.6,  28383.1,  80.4773285628,  891.244511191,  787.807
1580.8250936,  32844.5,  28379.5,  80.4773005441,  891.244757038,  786.651
1580.84552808,  32839.8,  28374.9,  80.4773338012,  891.245063251,  786.964
1580.86596257,  32855.0,  28388.1,  80.4772767292,  891.244715941,  787.017
1580.88639705,  32856.7,  28389.4,  80.4770071021,  891.244794655,  787.583
1580.90683154,  32842.8,  28378.0,  80.4774256548,  891.24494739,  786.676
1580.92726603,  32843.3,  28378.2,  80.4773088684,  891.244752025,  787.166
1580.94770061,  32839.6,  28375.2,  80.4775283414,  891.24455361,  786.478
1580.9681351,  32842.1,  28376.7,  80.4773329251,  891.244989828,  786.667
1580.98856949,  32847.7,  28382.3,  80.4769338069,  891.244689083,  786.418
1581.00900407,  32838.4,  28374.1,  80.4774262023,  891.244886678,  786.58
1581.02943856,  32842.9,  28378.6,  80.4772168722,  891.244804605,  786.341
1581.04987295,  32841.6,  28377.2,  80.4769681636,  891.244451929,  786.609
1581.07030753,  32849.2,  28383.8,  80.4772455512,  891.244938509,  786.56
1581.09074202,  32844.3,  28377.9,  80.4773668431,  891.244676736,  785.939
1581.11117661,  32849.7,  28385.3,  80.4769364647,  891.24512968,  785.764
1581.131611,  32840.1,  28375.8,  80.4769193345,  891.244947248,  785.788
1581.15204548,  32850.6,  28385.2,  80.4772202857,  891.244741935,  785.915
1581.17248007,  32857.1,  28390.5,  80.4768845177,  891.245040915,  785.441
1581.19291446,  32844.4,  28379.6,  80.4774225184,  891.245394341,  785.732
1581.21334895,  32846.2,  28381.4,  80.4772269276,  891.245021497,  785.71
1581.23378353,  32842.2,  28378.7,  80.4769646153,  891.244779613,  784.953
1581.25421792,  32846.5,  28382.6,  80.4768721186,  891.245265254,  785.926
1581.27465241,  32848.1,  28383.6,  80.4767567619,  891.244568161,  785.455
1581.295087,  32840.6,  28376.9,  80.4770616414,  891.245079166,  784.671
1581.31552139,  32845.5,  28381.3,  80.4772432605,  891.244653295,  785.333
1581.33595598,  32844.2,  28380.9,  80.4767614532,  891.24502459,  785.266
1581.35639046,  32857.7,  28391.2,  80.4772699745,  891.244986068,  785.463
1581.37682495,  32847.1,  28383.2,  80.4769101378,  891.244900744,  784.757
1581.39725944,  32840.5,  28377.3,  80.4764012872,  891.24485729,  785.254
1581.41769393,  32847.6,  28383.1,  80.4768012453,  891.245028619,  785.1
1581.43812842,  32846.5,  28382.4,  80.4775833275,  891.245218289,  784.814
1581.45856291,  32857.5,  28393.1,  80.4765889215,  891.245138621,  785.043
1581.4789974,  32842.7,  28379.8,  80.4770312791,  891.24503434,  784.881
1581.49943189,  32846.9,  28383.2,  80.4772693141,  891.244979233,  784.598
1581.51986638,  32840.9,  28377.9,  80.4770553826,  891.245340826,  783.753
1581.54030086,  32849.4,  28385.4,  80.4770424003,  891.245164784,  784.119
1581.56073535,  32849.9,  28386.1,  80.4767357414,  891.245373955,  784.306
1581.58116984,  32847.3,  28385.9,  80.476475735,  891.245123415,  784.312
1586.8328298,  32857.0,  28430.6,  80.4656520536,  891.247464794,  767.483
1586.85326442,  32850.9,  28427.8,  80.4654236459,  891.247404117,  767.454
1586.87369883,  32847.3,  28425.3,  80.4653512661,  891.246962754,  767.88
1586.89413344,  32855.5,  28431.2,  80.4657354405,  891.247746776,  768.165
1586.91456795,  32853.8,  28430.1,  80.4654471199,  891.246983051,  767.758
1586.93500236,  32859.9,  28435.0,  80.4659148145,  891.247783567,  767.458
1586.95543698,  32846.5,  28422.7,  80.4662195054,  891.247381417,  767.409
1586.97587149,  32843.2,  28421.2,  80.4656989516,  891.247320489,  766.922
1586.996306,  32847.2,  28424.0,  80.4657133872,  891.247682486,  766.883
1587.01674051,  32838.0,  28417.0,  80.4658818381,  891.247245239,  767.427
1587.03717503,  32846.6,  28423.6,  80.4657896495,  891.247675296,  767.054
1587.05760964,  32838.0,  28417.1,  80.4654717035,  891.247642151,  766.964
1587.07804415,  32848.4,  28426.4,  80.4659163243,  891.247603976,  767.074
1587.09847857,  32852.6,  28428.9,  80.4658237436,  891.247736675,  767.165
1587.11891318,  32847.9,  28426.5,  80.4654294567,  891.247803182,  766.776
1587.13934769,  32849.8,  28428.5,  80.4653388481,  891.247832734,  766.478
1587.1597821,  32847.0,  28425.6,  80.465328573,  891.247995666,  766.371
1587.18021672,  32839.5,  28419.4,  80.4655497593,  891.247815114,  767.128
1587.20065123,  32844.6,  28423.9,  80.465401803,  891.247950774,  766.64
1587.22108574,  32855.5,  28433.8,  80.4658479984,  891.24812463,  767.003
1587.24152026,  32857.6,  28436.5,  80.4654326122,  891.247956538,  765.677
1587.26195467,  32842.5,  28423.3,  80.4654181886,  891.248249342,  766.328
1587.28238928,  32847.6,  28427.9,  80.4656754045,  891.248270382,  766.388
1587.3028238,  32845.4,  28425.9,  80.4651596723,  891.248339804,  766.286
1587.32325821,  32836.1,  28417.0,  80.4657962312,  891.247904863,  766.111
1587.34369283,  32853.8,  28433.5,  80.4655486891,  891.248540229,  767.755
1587.36412734,  32844.1,  28425.4,  80.4651994902,  891.248364042,  766.354
1587.38456195,  32850.8,  28430.9,  80.4655839329,  891.248728021,  765.906
1587.40499637,  32849.6,  28429.7,  80.4651746635,  891.248512988,  766.496
1587.42543088,  32845.4,  28426.6,  80.4655578215,  891.248291919,  766.661
1587.4458655,  32856.7,  28434.9,  80.4655528474,  891.24829382,  766.25
1587.46629991,  32855.9,  28436.4,  80.4650987181,  891.248500595,  766.52
1587.50716904,  32849.5,  28429.5,  80.4654990491,  891.248341583,  766.547
1587.52760345,  32848.5,  28428.9,  80.4656467505,  891.248511225,  765.694
1587.54803807,  32843.7,  28423.6,  80.4657546055,  891.248537677,  766.156
1587.56847258,  32844.1,  28425.1,  80.4654682526,  891.248406507,  766.307
1587.5889071,  32853.3,  28433.1,  80.4660484922,  891.248594775,  766.006
1587.60934161,  32841.6,  28421.7,  80.4657651742,  891.248628132,  766.313
1587.62977613,  32848.8,  28429.8,  80.4657434846,  891.248757689,  766.454
1587.65021064,  32854.2,  28432.7,  80.4660119066,  891.24874728,  765.856
1587.67064515,  32853.2,  28432.4,  80.4661650617,  891.24870914,  766.113
1587.69107967,  32848.8,  28427.1,  80.4663060262,  891.248653755,  765.787
1587.71151428,  32854.8,  28431.9,  80.4664190727,  891.248466999,  766.324
1587.7319487,  32852.1,  28430.4,  80.4661871794,  891.248710602,  766.433
1587.75238321,  32839.0,  28418.4,  80.4671240174,  891.248527874,  766.271
1587.77281783,  32852.0,  28429.6,  80.4664393372,  891.248954997,  766.538
1587.79325235,  32856.3,  28433.3,  80.4663818586,  891.249040078,  766.572
1587.81368676,  32851.6,  28428.2,  80.4665099551,  891.248806195,  766.5
1587.83412138,  32840.0,  28418.5,  80.4668212212,  891.248456231,  766.85
1587.85455579,  32847.4,  28423.6,  80.4670755187,  891.24869063,  766.038
1587.87499041,  32855.9,  28431.6,  80.4670149439,  891.248813372,  765.882
1587.89542492,  32862.2,  28437.2,  80.4670222973,  891.249049727,  765.998
1587.91585934,  32852.7,  28428.5,  80.4670706514,  891.248731209,  766.271
1587.93629395,  32857.2,  28431.5,  80.4674830552,  891.248700095,  765.446
1587.95672847,  32864.2,  28437.0,  80.4677250813,  891.248946295,  765.533
1587.97716289,  32853.4,  28428.4,  80.4675752158,  891.248658941,  765.024
1587.9975975,  32849.9,  28423.4,  80.46771646,  891.248594112,  765.543
1588.01803202,  32854.0,  28428.8,  80.4674611118,  891.248613839,  765.057
1588.03846643,  32850.5,  28424.4,  80.4676303315,  891.248906197,  765.102
1588.05890105,  32854.2,  28427.4,  80.4683243091,  891.248578089,  765.281
1588.07933557,  32842.5,  28416.7,  80.4684373599,  891.24868446,  765.622
1588.09977018,  32847.8,  28421.5,  80.4683036018,  891.248540582,  765.149
1588.1202046,  32851.5,  28424.3,  80.4682240846,  891.24834213,  764.29
1588.14063911,  32848.5,  28422.2,  80.4680583987,  891.248622718,  764.559
1588.16107373,  32857.8,  28428.9,  80.4682620193,  891.248644605,  764.89
1588.18150815,  32861.1,  28431.5,  80.4692631311,  891.249116864,  764.113
1588.20194266,  32853.3,  28424.2,  80.4685886097,  891.248481742,  764.474
1588.22237728,  32852.4,  28424.4,  80.4682432235,  891.248749557,  764.531
1588.2428117,  32858.7,  28428.3,  80.4691420167,  891.248475893,  764.76
1588.26324631,  32856.8,  28427.0,  80.4685721361,  891.248581725,  763.857
1588.28368083,  32858.2,  28428.4,  80.4684429633,  891.248928113,  763.796
1588.30411535,  32854.4,  28424.2,  80.4685408563,  891.247950757,  763.816
1588.32454987,  32847.3,  28417.8,  80.4686711083,  891.248985109,  763.857
1588.34498438,  32846.8,  28417.4,  80.4688260644,  891.248717067,  764.101
1588.3654189,  32843.3,  28414.3,  80.4691755536,  891.248428771,  763.244
1588.38585342,  32853.0,  28422.4,  80.4691040412,  891.248692442,  763.193
1588.40628793,  32839.8,  28411.1,  80.4686862633,  891.248425824,  762.865
1588.42672245,  32854.2,  28422.4,  80.4689972717,  891.248275033,  763.881
1588.44715707,  32859.0,  28426.9,  80.4692815892,  891.248753829,  763.135
1588.46759149,  32849.1,  28418.8,  80.4693248254,  891.248451004,  762.452
1588.4880261,  32851.8,  28420.2,  80.4693952391,  891.248919185,  762.563
1588.50846052,  32853.5,  28421.5,  80.4696614179,  891.248583645,  762.73
1588.52889504,  32840.5,  28410.8,  80.4696016801,  891.248360535,  761.445
1588.54932966,  32858.1,  28425.6,  80.4694968481,  891.248804383,  762.057
1588.56976407,  32851.9,  28420.5,  80.4691735529,  891.248678293,  763.205
1588.59019859,  32852.6,  28420.0,  80.4694947059,  891.248322528,  762.19
1588.61063321,  32846.2,  28414.5,  80.4700739715,  891.248495853,  762.724
1588.63106763,  32849.9,  28418.0,  80.4693393001,  891.248818155,  762.291
1588.65150225,  32854.1,  28421.9,  80.4696648877,  891.248467323,  763.13
1588.67193676,  32849.1,  28417.2,  80.4696500272,  891.24854856,  761.591
1588.69237118,  32848.0,  28415.7,  80.4696613644,  891.248399335,  762.57
1588.7128058,  32850.7,  28417.9,  80.4695642006,  891.24857939,  761.634
1588.73324032,  32846.5,  28415.0,  80.4693889864,  891.24886049,  761.462
1588.75367474,  32849.2,  28416.5,  80.4698358447,  891.24857066,  761.579
1588.77410935,  32859.9,  28425.6,  80.4694267311,  891.248617576,  762.112
1588.79454387,  32852.2,  28418.9,  80.4702133013,  891.248400851,  762.05
1588.81497839,  32858.7,  28424.7,  80.4692532138,  891.248319047,  761.945
1588.83541291,  32848.7,  28415.0,  80.4703829659,  891.248798078,  762.159
1588.85584743,  32850.1,  28417.2,  80.4699289934,  891.248157941,  761.619
1588.87628205,  32840.6,  28408.2,  80.4701160775,  891.248900237,  761.202
1588.89671647,  32852.1,  28418.0,  80.4703651561,  891.24906991,  761.139
1588.91715099,  32840.9,  28408.6,  80.469915887,  891.248559946,  761.078
1588.9375856,  32852.2,  28417.7,  80.4702684145,  891.248551463,  760.99
1588.95802012,  32846.8,  28413.2,  80.4701593147,  891.24872941,  761.236
1588.97845454,  32847.8,  28414.2,  80.4698561113,  891.248688315,  761.697
1588.99888916,  32853.0,  28418.2,  80.4701974898,  891.248648238,  761.009
1589.01932368,  32849.5,  28416.2,  80.4700030313,  891.248444214,  760.807
1589.0397581,  32841.4,  28408.3,  80.4699237963,  891.248599681,  760.27
1589.06019272,  32849.2,  28415.3,  80.4702775892,  891.24837848,  761.227
1589.08062724,  32846.3,  28413.0,  80.4700970387,  891.248552597,  761.113
1589.10106186,  32842.8,  28408.4,  80.4701004956,  891.248815689,  760.565
1589.12149628,  32842.4,  28408.9,  80.4702437472,  891.248818307,  760.613
1589.1419308,  32855.2,  28419.6,  80.4702586631,  891.248688572,  760.233
1589.16236532,  32847.5,  28413.2,  80.4703752163,  891.248856081,  760.26
1589.18279984,  32846.6,  28412.3,  80.4703918269,  891.248636228,  759.808
1589.20323426,  32854.8,  28419.5,  80.4703737058,  891.248938214,  759.882
1589.22366888,  32850.1,  28415.6,  80.4700054478,  891.248445856,  760.134
1589.2441034,  32845.8,  28411.2,  80.47050435,  891.248643657,  760.867
1589.26453801,  32840.9,  28407.1,  80.4703393476,  891.24896465,  759.536
1589.28497243,  32846.2,  28411.6,  80.4702770182,  891.248988271,  760.411
1589.30540695,  32859.1,  28422.7,  80.4704827481,  891.248815214,  760.042
1589.32584157,  32854.2,  28418.1,  80.4703919074,  891.248692754,  760.013
1589.34627599,  32850.2,  28415.1,  80.4701062913,  891.248726318,  760.26
1589.36671052,  32855.5,  28419.5,  80.4702794347,  891.248927998,  759.337
1589.38714514,  32840.8,  28406.2,  80.4702319256,  891.248398805,  759.032
1589.40757956,  32847.8,  28412.8,  80.4701361295,  891.248705409,  759.567
1589.42801408,  32843.3,  28408.3,  80.470214656,  891.24843347,  759.515
1589.4484487,  32836.8,  28403.7,  80.4704659861,  891.248905202,  759.179
1589.46888322,  32852.3,  28416.3,  80.4704777287,  891.248506831,  759.655
1589.48931774,  32854.1,  28418.5,  80.469407169,  891.24889103,  758.559
1589.50975226,  32843.5,  28408.8,  80.4704584256,  891.248635804,  759.315
1589.53018678,  32843.0,  28408.1,  80.470101155,  891.248726926,  759.231
1589.5506213,  32851.3,  28414.5,  80.4702475583,  891.248749796,  759.353
1589.57105582,  32844.1,  28408.4,  80.4707403809,  891.248858835,  758.944
1589.59149034,  32844.6,  28409.9,  80.4703461669,  891.248699951,  758.444
1589.61192496,  32845.8,  28409.7,  80.4707522496,  891.24900087,  758.46
1589.63235938,  32853.8,  28417.4,  80.4705920778,  891.248693299,  758.88
1589.6527939,  32833.4,  28399.9,  80.4704683481,  891.248966151,  758.465
1589.67322852,  32838.2,  28403.1,  80.4705050493,  891.248601523,  758.666
1589.69366295,  32852.2,  28416.2,  80.4703143586,  891.248833587,  758.2
1589.71409757,  32837.1,  28402.6,  80.4703213543,  891.248538277,  758.427
1589.73453209,  32840.1,  28405.7,  80.4701629375,  891.248595366,  758.587
1589.75496651,  32839.0,  28403.6,  80.4707350818,  891.24871342,  759.141
1589.77540113,  32835.3,  28401.8,  80.4700629068,  891.248601439,  758.673
1589.79583565,  32843.5,  28408.3,  80.470378881,  891.248962646,  758.537
1589.81627007,  32837.4,  28402.9,  80.47066749,  891.24850751,  758.703
1589.85713912,  32838.0,  28403.3,  80.4707573592,  891.248399024,  757.844
1589.87757374,  32838.3,  28403.4,  80.470403942,  891.249079644,  757.88
1589.89800826,  32839.3,  28404.3,  80.4705285376,  891.248568862,  758.286
1589.91844268,  32853.5,  28416.3,  80.4704573648,  891.248615584,  758.22
1589.9388773,  32840.9,  28405.8,  80.4701559488,  891.248764717,  758.284
1589.95931183,  32852.8,  28415.5,  80.470591825,  891.248658862,  758.086
1589.97974625,  32847.0,  28410.9,  80.4704092046,  891.248723336,  758.198
1590.00018087,  32839.5,  28404.1,  80.4703713411,  891.248610061,  757.791
1590.02061539,  32850.1,  28414.0,  80.4703593835,  891.248788405,  758.569
1590.04104991,  32847.9,  28411.4,  80.4704483947,  891.248179541,  758.191
1590.06148444,  32846.0,  28410.4,  80.4704248948,  891.24870247,  757.883
1590.08191896,  32843.6,  28407.0,  80.4707610165,  891.248570226,  758.256
1590.10235358,  32847.4,  28410.8,  80.4704531977,  891.249106014,  757.459
1590.122788,  32843.8,  28408.5,  80.470440605,  891.24895137,  758.245
1590.14322252,  32833.2,  28398.4,  80.4704785924,  891.248991836,  757.514
1590.16365715,  32847.0,  28410.9,  80.4704551826,  891.248996173,  757.126
1590.18409167,  32845.4,  28410.3,  80.4700944351,  891.248637618,  756.992
1590.20452609,  32842.3,  28405.8,  80.4702879766,  891.248757568,  757.125
1590.22496071,  32850.8,  28414.4,  80.4705529739,  891.248862139,  757.652
1590.24539524,  32848.6,  28412.1,  80.4704634076,  891.249214961,  757.36
1590.26582966,  32846.0,  28409.2,  80.4702511887,  891.248720138,  757.957
1590.28626428,  32846.0,  28409.5,  80.4708208576,  891.248905842,  757.473
1590.30669881,  32844.1,  28408.1,  80.4711067212,  891.248952465,  756.967
1590.32713343,  32852.3,  28414.8,  80.4708876463,  891.249274091,  756.78
1590.34756785,  32836.8,  28401.5,  80.4703707224,  891.248855512,  757.09
1590.36800237,  32841.5,  28405.0,  80.4703786952,  891.249058682,  757.059
1590.388437,  32834.8,  28400.2,  80.4703087505,  891.249036944,  757.372
1590.40887142,  32847.6,  28410.7,  80.4706887495,  891.248860508,  757.744
1590.42930594,  32841.3,  28404.7,  80.4705260233,  891.249068256,  756.732
1590.44974047,  32833.4,  28398.4,  80.4703422899,  891.248951546,  756.618
1590.47017499,  32847.8,  28411.0,  80.4702326864,  891.248803222,  756.557
1590.49060961,  32841.1,  28405.2,  80.4707803017,  891.24901343,  756.292
1590.51104404,  32847.6,  28410.4,  80.4706337138,  891.248853567,  756.981
1590.53147856,  32837.3,  28401.3,  80.470328198,  891.248937318,  756.96
1590.55191318,  32836.9,  28401.3,  80.4702468275,  891.24889868,  756.989
1590.57234761,  32848.6,  28412.6,  80.4701438867,  891.249131698,  757.096
1590.59278213,  32843.6,  28406.7,  80.4706834648,  891.248910268,  757.212
1590.61321675,  32836.7,  28401.7,  80.4705353907,  891.248731146,  756.439
1590.63365118,  32851.6,  28414.5,  80.470602606,  891.248996111,  755.861
1590.6540857,  32841.8,  28405.0,  80.4708100368,  891.249050471,  756.127
1590.67452033,  32841.6,  28405.1,  80.4705426758,  891.248958436,  756.358
1590.69495485,  32848.2,  28411.8,  80.4702901129,  891.248753555,  756.402
1590.71538937,  32857.1,  28418.2,  80.470650522,  891.24915296,  756.944
1590.7358239,  32837.9,  28402.0,  80.4709340921,  891.248681984,  756.712
1590.75625842,  32846.4,  28409.2,  80.4706394848,  891.248829645,  756.263
1590.77669295,  32844.5,  28408.0,  80.4706610573,  891.249062372,  756.575
1590.79712747,  32845.7,  28408.5,  80.470588788,  891.24869932,  756.294
1590.81756199,  32845.0,  28407.8,  80.4705761407,  891.2494456,  756.498
1590.83799662,  32837.6,  28402.0,  80.470564636,  891.249410345,  756.162
1590.85843104,  32836.8,  28400.6,  80.4709149185,  891.248880075,  755.968
1590.87886557,  32841.8,  28404.9,  80.4707509842,  891.249022386,  756.181
1590.89930019,  32842.6,  28406.2,  80.4707915076,  891.248937998,  755.602
1590.91973461,  32840.7,  28403.6,  80.4710907655,  891.24875535,  755.661
1590.94016924,  32841.5,  28404.7,  80.4706071439,  891.248950517,  755.773
1590.96060376,  32852.3,  28414.1,  80.4705294513,  891.249588939,  755.975
1590.98103819,  32837.8,  28403.7,  80.469334299,  891.249522075,  755.716
1591.00147281,  32824.1,  28388.4,  80.4708072788,  891.249047973,  755.617
