Kepler I.D.-----Channel

[6468938]--------[74]

-TTYPE1--------TTYPE8------------TTYPE4-----------TTYPE15------------TTYPE17-----------TTYPE6

['TIME']---['PDCSAP_FLUX']---['SAP_FLUX']---['MOM_CENTR1']---['MOM_CENTR2']---['SAP_BKG']

['BJD - 2454833']--['e-/s']--------['e-/s']---------['pixel']---------['pixel']----------['e-/s']

CROWDSAP --- 0.9713

6468938

1559.24586184,  66180.5,  62342.4,  314.085398517,  622.782244845,  2650.91
1559.26629603,  66195.9,  62356.8,  314.086030631,  622.782097875,  2651.44
1559.28673032,  66216.3,  62374.7,  314.086098303,  622.782176622,  2650.55
1559.30716441,  66200.6,  62360.5,  314.086298304,  622.78189539,  2650.7
1559.3275986,  66213.2,  62372.0,  314.086110829,  622.782008149,  2651.45
1559.3480329,  66199.6,  62359.1,  314.086013538,  622.782004443,  2648.22
1559.36846699,  66213.3,  62371.2,  314.086179075,  622.781795812,  2651.39
1559.38890128,  66230.9,  62386.7,  314.086326627,  622.781450208,  2651.84
1559.40933547,  66219.4,  62376.0,  314.086282393,  622.781461519,  2649.17
1559.42976967,  66220.5,  62376.9,  314.086358179,  622.781614335,  2649.42
1559.45020386,  66244.0,  62397.7,  314.086458951,  622.781423893,  2649.81
1559.47063806,  66243.5,  62397.5,  314.086564306,  622.781132105,  2649.27
1559.49107225,  66237.4,  62391.7,  314.086803477,  622.781001536,  2646.94
1559.51150644,  66258.4,  62410.7,  314.086747287,  622.780984257,  2650.15
1559.53194064,  66256.4,  62408.1,  314.086806586,  622.780616161,  2650.11
1559.55237483,  66259.1,  62410.2,  314.08712693,  622.780732171,  2649.25
1559.57280903,  66261.9,  62413.0,  314.087078575,  622.780764841,  2645.97
1559.59324323,  66285.4,  62433.8,  314.087284203,  622.780432008,  2644.13
1559.61367742,  66286.7,  62434.8,  314.08739736,  622.78024346,  2646.21
1559.63411162,  66278.3,  62427.0,  314.086891952,  622.78070734,  2645.0
1559.65454581,  66302.6,  62448.3,  314.087567641,  622.78054334,  2645.16
1559.67498011,  66293.4,  62439.7,  314.087202532,  622.78013401,  2645.58
1559.69541421,  66286.6,  62434.2,  314.08746502,  622.780012161,  2643.0
1559.71584841,  66304.4,  62449.6,  314.087436879,  622.780016324,  2644.51
1559.7362827,  66319.4,  62462.6,  314.087665423,  622.779986486,  2645.63
1559.7567168,  66324.4,  62467.6,  314.0876214,  622.779724365,  2643.1
1559.7771511,  66320.4,  62463.8,  314.087729553,  622.779964469,  2640.89
1559.7975853,  66345.8,  62486.8,  314.087558561,  622.779575291,  2641.63
1559.8180194,  66344.3,  62485.3,  314.087837711,  622.779671576,  2642.07
1559.83845369,  66346.2,  62487.0,  314.088148971,  622.779555356,  2642.35
1559.85888789,  66356.7,  62496.3,  314.088289364,  622.779509506,  2640.76
1559.87932199,  66362.6,  62500.9,  314.088172868,  622.779046179,  2642.54
1559.89975629,  66373.3,  62510.7,  314.087728625,  622.77921517,  2640.82
1559.92019049,  66375.7,  62512.9,  314.087865536,  622.779008643,  2641.59
1559.94062479,  66388.8,  62524.9,  314.088499543,  622.779352633,  2639.4
1559.96105889,  66386.7,  62522.8,  314.088434972,  622.778988095,  2639.91
1559.98149309,  66404.0,  62538.4,  314.087814362,  622.779025008,  2638.87
1560.0019274,  66411.1,  62545.2,  314.088338865,  622.778998833,  2638.9
1560.0223615,  66420.0,  62553.3,  314.088748739,  622.778930933,  2639.11
1560.0427957,  66415.1,  62548.4,  314.088640408,  622.77856265,  2640.09
1560.06323,  66421.9,  62554.1,  314.088783499,  622.778867665,  2639.01
1560.0836641,  66429.5,  62560.6,  314.088476164,  622.778230206,  2638.7
1560.1040984,  66448.7,  62578.5,  314.08843852,  622.778704959,  2637.12
1560.12453261,  66459.9,  62588.9,  314.088908078,  622.778632319,  2638.1
1560.14496671,  66464.8,  62592.8,  314.088427918,  622.778335452,  2638.19
1560.16540101,  66483.6,  62611.2,  314.08923449,  622.778824349,  2636.24
1560.18583522,  66472.3,  62599.5,  314.088464352,  622.778575775,  2639.57
1560.20626932,  66481.5,  62607.9,  314.088883811,  622.778106986,  2636.22
1560.22670362,  66479.2,  62606.1,  314.089062723,  622.778682133,  2637.96
1560.24713783,  66515.5,  62638.5,  314.089188162,  622.778635707,  2638.06
1560.26757193,  66515.9,  62639.4,  314.089545897,  622.778048604,  2636.08
1560.28800624,  66525.7,  62647.4,  314.088608943,  622.777571912,  2637.24
1560.30844044,  66542.6,  62663.4,  314.089079107,  622.777594095,  2636.76
1560.32887465,  66548.5,  62668.9,  314.089387658,  622.777905679,  2637.3
1560.34930885,  66546.7,  62666.8,  314.08950338,  622.778175892,  2636.59
1560.36974306,  66557.3,  62676.2,  314.089110479,  622.777811911,  2635.11
1560.39017736,  66567.5,  62685.8,  314.089327541,  622.778005248,  2637.57
1560.41061147,  66585.0,  62702.4,  314.089212493,  622.778040726,  2633.77
1560.43104568,  66597.6,  62712.8,  314.08903427,  622.777704616,  2634.4
1560.45147998,  66625.6,  62739.0,  314.089901691,  622.778040335,  2635.81
1560.47191409,  66633.1,  62745.9,  314.089348788,  622.777467801,  2635.24
1560.4923484,  66619.5,  62732.6,  314.08900921,  622.777667087,  2634.33
1560.51278261,  66649.7,  62761.6,  314.089692188,  622.777329907,  2634.71
1560.53321671,  66669.8,  62779.5,  314.089659792,  622.77759847,  2634.17
1560.55365102,  66638.3,  62749.6,  314.089480945,  622.777761621,  2633.56
1560.57408523,  66247.8,  62393.3,  314.090054736,  622.777499208,  2633.09
1560.59451934,  65000.0,  61252.6,  314.089660192,  622.777223273,  2632.47
1560.61495365,  63645.4,  60014.1,  314.090048514,  622.776925369,  2632.07
1560.63538786,  62712.0,  59159.8,  314.090049182,  622.776731961,  2634.39
1560.65582207,  62452.1,  58923.0,  314.090178035,  622.776671826,  2633.39
1560.67625628,  62980.1,  59406.4,  314.090935634,  622.777172321,  2632.49
1560.69669049,  64129.9,  60456.6,  314.090120431,  622.776702566,  2630.26
1560.73755891,  66602.4,  62717.7,  314.090035273,  622.777528641,  2630.44
1560.75799312,  66796.9,  62894.8,  314.089747642,  622.776918092,  2629.4
1560.77842743,  66807.3,  62904.4,  314.089663648,  622.77651886,  2629.56
1560.79886154,  66835.8,  62929.7,  314.089573168,  622.776657407,  2628.15
1560.81929575,  66844.0,  62936.4,  314.089707341,  622.776731682,  2636.6
1560.83973006,  66833.8,  62930.0,  314.089464327,  622.776468821,  2661.42
1560.96233534,  66954.7,  63040.9,  314.089813605,  622.776168591,  2695.25
1560.98276945,  66924.5,  63013.7,  314.089272662,  622.775722232,  2688.73
1561.00320377,  66991.8,  63078.9,  314.090184919,  622.774949486,  2684.72
1561.02363798,  66967.6,  63054.4,  314.08900772,  622.775568079,  2682.27
1561.0440723,  66953.5,  63041.8,  314.089656869,  622.776135284,  2679.43
1561.06450641,  66973.0,  63057.6,  314.089696981,  622.776207969,  2679.01
1561.08494063,  67011.8,  63093.6,  314.090239814,  622.775789729,  2676.94
1561.10537494,  67011.5,  63093.2,  314.089624489,  622.775545598,  2674.1
1561.12580906,  67009.1,  63090.6,  314.089873394,  622.775785408,  2667.92
1561.14624327,  67026.7,  63108.0,  314.089821764,  622.775461979,  2662.57
1561.16667759,  67045.3,  63123.7,  314.089458206,  622.775780672,  2661.87
1561.1871117,  67064.9,  63141.2,  314.090133541,  622.775419516,  2659.33
1561.20754592,  67048.6,  63125.8,  314.089679325,  622.775623278,  2658.22
1561.22798024,  67071.0,  63146.0,  314.090323271,  622.775577178,  2651.32
1561.24841436,  67083.2,  63157.0,  314.090695249,  622.775240148,  2649.44
1561.26884867,  67096.9,  63169.0,  314.089834253,  622.775458033,  2651.85
1561.28928289,  67111.1,  63182.0,  314.090946886,  622.773980277,  2646.52
1561.30971711,  67120.8,  63189.4,  314.090646666,  622.774009919,  2646.42
1561.33015133,  67146.7,  63213.7,  314.090221115,  622.774939172,  2644.92
1561.35058554,  67135.3,  63203.6,  314.090365464,  622.775234561,  2643.54
1561.37101976,  67149.9,  63218.0,  314.089934919,  622.775042309,  2638.16
1561.39145398,  67175.2,  63239.7,  314.090034176,  622.775482443,  2640.1
1561.4118882,  67169.2,  63234.3,  314.090146388,  622.775193642,  2638.87
1561.43232252,  67153.1,  63219.4,  314.090494788,  622.775191519,  2638.04
1561.45275664,  67174.9,  63238.6,  314.089600218,  622.774475093,  2635.67
1561.47319086,  67302.8,  63355.2,  314.091006366,  622.77526367,  2637.06
1561.49362508,  67184.4,  63246.3,  314.09034071,  622.775330891,  2635.48
1561.5140593,  67230.7,  63289.9,  314.090659907,  622.774625007,  2635.21
1561.53449352,  67203.7,  63264.8,  314.090302112,  622.774654926,  2631.71
1561.55492784,  67210.2,  63270.1,  314.090613051,  622.774889651,  2632.47
1561.57536196,  67219.6,  63279.2,  314.090880346,  622.775125527,  2631.73
1561.59579619,  67218.1,  63277.8,  314.090079693,  622.775436996,  2629.69
1561.61623051,  67249.0,  63305.7,  314.090470752,  622.774887993,  2629.65
1561.63666463,  67220.5,  63279.7,  314.090619302,  622.774917686,  2628.81
1561.65709895,  67223.3,  63282.8,  314.090518327,  622.774374692,  2629.3
1561.67753317,  67258.9,  63314.4,  314.089878303,  622.773988342,  2628.81
1561.6979673,  67242.1,  63298.7,  314.090757285,  622.774136432,  2629.24
1561.71840162,  67209.7,  63269.4,  314.090990945,  622.774686689,  2624.91
1561.73883584,  67237.3,  63294.3,  314.091055768,  622.77432503,  2629.06
1561.75926997,  67269.7,  63323.3,  314.090502365,  622.774351904,  2624.07
1561.77970429,  67235.6,  63292.4,  314.091105405,  622.774382629,  2622.72
1561.80013851,  67231.5,  63288.2,  314.090856183,  622.774658223,  2625.32
1561.82057284,  67231.9,  63289.1,  314.09111599,  622.774156268,  2625.48
1561.84100696,  67222.5,  63280.1,  314.090695138,  622.774122474,  2623.53
1561.86144119,  67238.8,  63295.3,  314.090848552,  622.773970554,  2623.27
1561.88187551,  67226.5,  63283.6,  314.091165803,  622.77386362,  2622.6
1561.90230964,  67248.4,  63303.7,  314.090946139,  622.773834022,  2620.86
1561.92274386,  67250.3,  63305.9,  314.09129285,  622.773952657,  2620.13
1561.94317819,  67237.1,  63293.7,  314.091192527,  622.773892613,  2620.11
1561.96361232,  67238.9,  63293.7,  314.091255349,  622.773218194,  2619.35
1561.98404654,  67227.6,  63284.0,  314.091146485,  622.773625372,  2618.26
1562.00448087,  67226.2,  63282.7,  314.091267867,  622.773391938,  2617.76
1562.0249151,  67227.2,  63283.4,  314.091506993,  622.773416465,  2616.98
1562.04534932,  67256.0,  63309.9,  314.091190786,  622.773446932,  2616.64
1562.06578355,  67238.0,  63293.2,  314.091207483,  622.773417851,  2616.25
1562.08621768,  67223.8,  63280.4,  314.091194346,  622.773937623,  2619.59
1562.10665201,  67238.4,  63293.7,  314.091578487,  622.773390688,  2615.96
1562.12708623,  67241.6,  63296.0,  314.091449578,  622.773274585,  2615.76
1562.14752036,  67249.1,  63302.5,  314.091490253,  622.773381908,  2613.27
1562.16795469,  67231.2,  63287.1,  314.091754409,  622.772857073,  2613.06
1562.18838892,  67257.3,  63310.1,  314.091453731,  622.773337779,  2613.26
1562.20882325,  67226.3,  63282.4,  314.091374423,  622.773496747,  2613.61
1562.22925738,  67227.3,  63283.3,  314.091275337,  622.773099609,  2613.18
1562.24969161,  67219.1,  63275.7,  314.091910085,  622.773119819,  2612.31
1562.27012594,  67212.9,  63268.8,  314.091931471,  622.772746331,  2612.91
1562.29056007,  67215.7,  63271.9,  314.092179659,  622.773145186,  2612.08
1562.3109943,  67221.9,  63277.1,  314.091772723,  622.772838065,  2613.02
1562.33142863,  67224.8,  63279.7,  314.091992034,  622.772796437,  2611.31
1562.35186276,  67209.9,  63267.3,  314.092077745,  622.773042886,  2610.37
1562.37229709,  67199.0,  63257.1,  314.091806398,  622.772664261,  2609.22
1562.39273132,  67212.4,  63268.6,  314.092059152,  622.772800814,  2611.38
1562.41316546,  67200.9,  63258.7,  314.092064167,  622.773007359,  2608.78
1562.43359979,  67200.9,  63258.3,  314.092185579,  622.772698997,  2610.25
1562.45403402,  67166.0,  63226.2,  314.091536721,  622.772974461,  2609.53
1562.47446815,  67170.6,  63230.8,  314.092317291,  622.772730396,  2609.82
1562.49490249,  67163.5,  63223.8,  314.092065456,  622.772593554,  2609.76
1562.51533672,  67175.1,  63233.8,  314.09239201,  622.772599542,  2609.51
1562.53577095,  67185.4,  63244.2,  314.092482171,  622.772597343,  2607.5
1562.55620519,  67177.7,  63236.5,  314.092499678,  622.772501012,  2607.48
1562.57663942,  67163.2,  63223.3,  314.092457818,  622.772221089,  2610.61
1562.59707375,  67146.6,  63207.8,  314.09222834,  622.771980876,  2607.39
1562.61750789,  67123.3,  63186.0,  314.092426746,  622.772405917,  2608.53
1562.63794212,  67158.9,  63219.7,  314.092462733,  622.772224461,  2609.35
1562.65837646,  67122.8,  63186.3,  314.092702364,  622.772077063,  2607.37
1562.67881069,  67127.4,  63190.3,  314.092979883,  622.771860755,  2607.66
1562.69924483,  67116.9,  63180.9,  314.092377532,  622.772408579,  2606.46
1562.71967916,  67108.0,  63172.4,  314.092497063,  622.771845169,  2608.91
1562.7401133,  67110.9,  63175.3,  314.093065549,  622.772028872,  2605.99
1562.76054764,  67113.8,  63178.4,  314.092983592,  622.771883891,  2606.74
1562.78098187,  67085.5,  63151.6,  314.092364077,  622.771810504,  2607.73
1562.80141601,  67068.2,  63135.7,  314.092665518,  622.771976851,  2608.53
1562.82185035,  67064.7,  63132.2,  314.092780699,  622.771927742,  2607.16
1562.84228458,  67068.5,  63136.2,  314.092780821,  622.771450908,  2604.81
1562.86271872,  67069.3,  63137.0,  314.092325213,  622.7718898,  2606.16
1562.88315306,  67056.4,  63124.3,  314.092810455,  622.771820977,  2607.45
1562.9035873,  67044.5,  63114.4,  314.093176564,  622.772226498,  2606.74
1562.92402143,  67038.5,  63108.7,  314.093370925,  622.771765304,  2606.98
1562.94445577,  67031.9,  63102.2,  314.093134021,  622.771923904,  2605.92
1562.96489001,  67013.9,  63086.0,  314.092905346,  622.771852761,  2606.92
1562.98532435,  67016.4,  63088.1,  314.093483202,  622.77142884,  2604.85
1563.00575849,  67021.2,  63092.0,  314.093344747,  622.771402979,  2605.21
1563.02619273,  66998.3,  63071.8,  314.093110885,  622.77128093,  2605.79
1563.04662707,  66972.0,  63047.6,  314.092734825,  622.771384079,  2605.01
1563.06706121,  66979.9,  63054.0,  314.093260501,  622.771240161,  2604.09
1563.08749545,  66971.8,  63046.6,  314.093216884,  622.771658812,  2604.57
1563.10792979,  66963.8,  63039.0,  314.092973967,  622.771108724,  2610.39
1563.12836393,  66946.2,  63023.0,  314.093713886,  622.771236912,  2611.98
1563.14879827,  66942.5,  63020.2,  314.093602418,  622.771704872,  2612.58
1563.16923251,  66945.6,  63022.4,  314.093373796,  622.770861119,  2613.21
1563.18966675,  66944.7,  63021.9,  314.093549173,  622.771421862,  2613.25
1563.21010099,  66923.9,  63002.4,  314.093412973,  622.77083375,  2615.57
1563.23053524,  66920.5,  62999.3,  314.093975291,  622.770780977,  2613.69
1563.25096948,  66884.9,  62966.5,  314.093606233,  622.77100049,  2614.09
1563.27140372,  66886.8,  62967.9,  314.093650168,  622.770773745,  2612.64
1563.29183796,  66871.1,  62953.4,  314.093668367,  622.770934698,  2612.62
1563.31227221,  66863.4,  62947.3,  314.093930947,  622.770982785,  2612.77
1563.33270655,  66841.6,  62927.0,  314.093730258,  622.77049656,  2613.19
1563.35314069,  66832.2,  62918.8,  314.09369434,  622.770948562,  2612.37
1563.37357494,  66837.2,  62923.7,  314.093775871,  622.77083314,  2610.54
1563.39400918,  66820.2,  62906.9,  314.093928195,  622.770768982,  2610.94
1563.41444343,  66807.9,  62896.3,  314.094305598,  622.770758946,  2609.59
1563.43487777,  66796.5,  62886.2,  314.093828917,  622.77061423,  2609.58
1563.45531191,  66791.9,  62881.0,  314.093963753,  622.770539041,  2607.82
1563.47574616,  66779.2,  62869.8,  314.094077865,  622.770844972,  2608.07
1563.4961805,  66768.1,  62859.5,  314.093735678,  622.770612378,  2606.55
1563.51661465,  66735.5,  62829.5,  314.094400271,  622.770389011,  2607.42
1563.537049,  66747.1,  62840.1,  314.093881923,  622.77085637,  2605.98
1563.55748324,  66737.0,  62830.7,  314.093921592,  622.770228616,  2605.49
1563.57791739,  66718.5,  62813.9,  314.094672378,  622.770283934,  2604.8
1563.59835173,  66699.1,  62796.1,  314.094520904,  622.770166795,  2605.48
1563.61878598,  66698.7,  62795.9,  314.093705032,  622.770510354,  2604.29
1563.63922013,  66684.0,  62782.2,  314.094344351,  622.770263859,  2602.07
1563.65965448,  66667.6,  62767.2,  314.093971301,  622.770191065,  2602.01
1563.68008872,  66647.9,  62749.2,  314.09415422,  622.769739852,  2602.18
1563.72095722,  66645.8,  62746.6,  314.093930113,  622.770458011,  2601.24
1563.74139147,  66629.6,  62732.5,  314.093915303,  622.770142732,  2602.98
1563.76182582,  66607.2,  62712.2,  314.093868588,  622.770037938,  2603.42
1563.78225996,  66606.9,  62711.2,  314.093421707,  622.769655554,  2603.45
1563.80269421,  66603.0,  62707.1,  314.094252526,  622.769638275,  2605.6
1563.82312856,  66603.4,  62707.6,  314.093803107,  622.769894356,  2602.01
1563.84356281,  66568.5,  62675.8,  314.093993725,  622.769113378,  2603.49
1563.86399696,  66549.9,  62658.9,  314.094005628,  622.76980711,  2602.82
1563.88443131,  66548.4,  62657.6,  314.094332346,  622.76968805,  2605.28
1563.90486556,  66523.3,  62634.1,  314.094233614,  622.76966341,  2603.93
1563.92529981,  66522.5,  62633.8,  314.094171978,  622.769651026,  2603.3
1563.94573406,  66527.2,  62637.2,  314.093882937,  622.769320591,  2604.79
1563.96616831,  66503.6,  62615.6,  314.094041384,  622.768994088,  2603.85
1563.98660257,  66504.0,  62616.6,  314.094442622,  622.769559524,  2604.83
1564.00703682,  66492.4,  62605.5,  314.093817401,  622.769127735,  2603.61
1564.02747107,  66483.3,  62597.7,  314.094630467,  622.769284867,  2604.36
1564.04790532,  66462.2,  62578.5,  314.094307983,  622.769107297,  2605.48
1564.06833957,  66457.1,  62573.0,  314.094213849,  622.768876639,  2603.79
1564.08877393,  66435.4,  62553.8,  314.094316607,  622.768959466,  2604.03
1564.10920808,  66423.7,  62542.6,  314.094136697,  622.769155571,  2605.31
1564.12964233,  66415.4,  62535.3,  314.093927166,  622.768795862,  2601.61
1564.15007668,  66408.6,  62529.0,  314.094471295,  622.768426661,  2603.02
1564.17051084,  66386.1,  62509.1,  314.094171758,  622.768871842,  2598.16
1564.19094509,  66378.9,  62502.0,  314.094361791,  622.768968036,  2599.43
1564.21137945,  66388.7,  62510.3,  314.094266311,  622.768622731,  2599.53
1564.2318136,  66365.9,  62489.7,  314.094009238,  622.768698345,  2598.22
1564.25224785,  66344.9,  62470.7,  314.094663194,  622.768897709,  2594.65
1564.27268221,  66328.8,  62456.3,  314.094460156,  622.768894661,  2595.55
1564.29311636,  66326.3,  62453.6,  314.094317052,  622.768477701,  2595.33
1564.31355072,  66306.9,  62436.0,  314.094603975,  622.768837164,  2596.01
1564.33398498,  66105.2,  62251.1,  314.094574203,  622.768505946,  2598.11
1564.35441913,  64842.6,  61096.8,  314.095199287,  622.768009073,  2592.89
1564.37485349,  63107.6,  59510.9,  314.095212991,  622.768295827,  2596.45
1564.39528774,  61695.2,  58220.1,  314.095232431,  622.7681201,  2594.51
1564.415722,  61046.4,  57626.1,  314.095486011,  622.767833219,  2594.85
1564.43615626,  61248.9,  57811.6,  314.095562531,  622.768062084,  2593.84
1564.45659051,  62317.1,  58787.3,  314.095272857,  622.767789531,  2593.08
1564.47702487,  63941.4,  60272.9,  314.095291925,  622.768179152,  2591.59
1564.49745913,  65543.0,  61736.9,  314.094746102,  622.768075262,  2592.99
1564.51789329,  66229.3,  62363.2,  314.094852286,  622.767938818,  2590.72
1564.53832764,  66209.2,  62345.5,  314.094626326,  622.768141635,  2588.13
1564.5587619,  66214.9,  62349.8,  314.094934126,  622.767919052,  2586.91
1564.57919606,  66208.7,  62344.5,  314.094676914,  622.768046505,  2586.51
1564.59963042,  66220.0,  62354.8,  314.095117506,  622.767847414,  2583.18
1564.62006468,  66206.6,  62342.4,  314.094784698,  622.767954807,  2583.83
1564.64049884,  66185.5,  62323.1,  314.094877449,  622.767712757,  2583.53
1564.6609332,  66172.4,  62311.3,  314.095172139,  622.767898312,  2583.25
1564.68136736,  66176.5,  62314.7,  314.094860232,  622.767683798,  2580.48
1564.70180172,  66161.9,  62301.2,  314.095389733,  622.767747848,  2581.88
1564.72223598,  66178.9,  62317.3,  314.09518169,  622.767547708,  2581.54
1564.74267014,  66165.3,  62304.4,  314.094900864,  622.767661081,  2580.13
1564.7631045,  66162.6,  62302.3,  314.09535879,  622.767685539,  2579.63
1564.78353876,  66147.4,  62287.5,  314.095401387,  622.767512358,  2580.44
1564.80397292,  66157.0,  62296.8,  314.095059015,  622.767689372,  2577.66
1564.82440728,  66133.6,  62275.0,  314.095397813,  622.767113052,  2578.65
1564.84484154,  66150.4,  62290.6,  314.095247519,  622.767427147,  2577.65
1564.8652759,  66136.1,  62277.8,  314.095547623,  622.767315766,  2576.49
1564.88571007,  66138.5,  62279.7,  314.095644564,  622.767176085,  2577.6
1564.90614433,  66158.0,  62296.4,  314.095392245,  622.767383532,  2575.23
1564.92657869,  66134.3,  62274.9,  314.095191682,  622.76712847,  2575.58
1564.94701285,  66135.4,  62276.6,  314.095516936,  622.767194588,  2575.83
1564.96744712,  66139.3,  62279.4,  314.095410529,  622.766892572,  2578.54
1564.98788148,  66145.7,  62285.3,  314.095477035,  622.767509891,  2576.58
1565.00831564,  66147.6,  62286.6,  314.095231123,  622.76696078,  2575.78
1565.02874991,  66147.7,  62286.7,  314.095552253,  622.766444449,  2575.48
1565.04918427,  66150.0,  62289.4,  314.095322821,  622.766868321,  2576.07
1565.06961854,  66167.7,  62305.0,  314.095576405,  622.766643769,  2574.17
1565.0900528,  66168.1,  62305.2,  314.095943993,  622.766718448,  2575.25
1565.11048707,  66149.2,  62287.7,  314.095365236,  622.766878782,  2575.06
1565.13092133,  66158.7,  62296.0,  314.095278904,  622.766409617,  2575.25
1565.1513556,  66157.3,  62294.8,  314.095525483,  622.766277125,  2575.58
1565.17178986,  66139.7,  62279.9,  314.095748089,  622.766895066,  2573.31
1565.19222413,  66165.2,  62302.4,  314.095788226,  622.766441709,  2572.92
1565.21265849,  66169.4,  62306.1,  314.096008098,  622.766577884,  2574.8
1565.23309266,  66160.2,  62297.2,  314.095622319,  622.766355129,  2573.92
1565.25352703,  66164.1,  62300.1,  314.095741435,  622.766237173,  2574.4
1565.27396129,  66169.2,  62305.8,  314.096352215,  622.766158485,  2574.53
1565.29439546,  66173.4,  62308.7,  314.096029184,  622.766153717,  2573.68
1565.31482983,  66182.4,  62317.2,  314.095804643,  622.766234309,  2574.92
1565.335264,  66202.5,  62335.5,  314.09630974,  622.765938989,  2575.14
1565.35569826,  66211.7,  62343.8,  314.095925191,  622.765880227,  2574.03
1565.37613263,  66207.3,  62339.4,  314.096344305,  622.766200631,  2573.47
1565.3965668,  66197.1,  62330.4,  314.096266881,  622.765938345,  2575.1
1565.41700107,  66222.3,  62353.5,  314.096175235,  622.765861822,  2574.01
1565.43743544,  66214.8,  62346.2,  314.09632825,  622.765734696,  2573.79
1565.45786961,  66208.3,  62340.2,  314.096171571,  622.765985513,  2575.69
1565.47830397,  66230.2,  62359.9,  314.096119452,  622.765634693,  2574.5
1565.49873824,  66232.4,  62362.7,  314.096362862,  622.765626293,  2573.1
1565.51917241,  66221.0,  62351.5,  314.096487011,  622.765610142,  2574.57
1565.53960678,  66233.4,  62362.6,  314.096951118,  622.76571264,  2572.62
1565.56004105,  66212.6,  62343.5,  314.096514549,  622.765849485,  2572.11
1565.58047532,  66235.9,  62365.1,  314.096396277,  622.765432694,  2573.14
1565.6009096,  66246.9,  62375.0,  314.096999468,  622.765634768,  2574.84
1565.62134387,  66234.1,  62362.6,  314.096420343,  622.765766474,  2575.02
1565.64177824,  66261.8,  62388.8,  314.096793439,  622.765468877,  2572.7
1565.66221241,  66251.2,  62379.4,  314.096917301,  622.765467306,  2573.26
1565.68264668,  66253.5,  62380.5,  314.096189625,  622.765174657,  2573.58
1565.70308105,  66262.6,  62388.9,  314.096708205,  622.764797364,  2571.65
1565.72351532,  66255.8,  62382.4,  314.09678856,  622.765646748,  2571.63
1565.7439495,  66265.4,  62391.6,  314.096667572,  622.765443241,  2570.15
1565.76438387,  66260.0,  62386.4,  314.096967899,  622.76514377,  2570.7
1565.78481814,  66261.1,  62387.5,  314.096888228,  622.765281177,  2568.23
1565.80525242,  66267.5,  62393.1,  314.096941728,  622.765086136,  2572.06
1565.82568669,  66268.3,  62394.3,  314.097166229,  622.765431156,  2566.05
1565.84612096,  66271.3,  62396.3,  314.096905947,  622.76535576,  2567.2
1565.86655534,  66268.6,  62394.6,  314.09715487,  622.765250003,  2566.02
1565.88698951,  66259.7,  62386.4,  314.096900048,  622.764811183,  2568.08
1565.90742378,  66274.0,  62399.0,  314.097183789,  622.765205567,  2565.46
1565.92785816,  66285.6,  62410.5,  314.097162134,  622.764916082,  2566.44
1565.94829233,  66268.7,  62394.4,  314.09721022,  622.764853836,  2566.2
1565.96872661,  66271.7,  62397.0,  314.096973483,  622.764644605,  2565.82
1565.98916088,  66266.8,  62392.0,  314.097039339,  622.764713263,  2564.7
1566.00959516,  66280.3,  62404.2,  314.097107304,  622.764795707,  2565.69
1566.03002954,  66314.8,  62434.9,  314.097323762,  622.764354554,  2565.28
1566.05046371,  66288.5,  62411.9,  314.097426207,  622.764743604,  2563.23
1566.07089799,  66277.6,  62400.7,  314.097236301,  622.764258371,  2563.59
1566.09133236,  66283.8,  62407.5,  314.097540684,  622.764098025,  2564.25
1566.11176654,  66283.7,  62406.7,  314.097311586,  622.764724088,  2562.25
1566.13220082,  66290.2,  62413.0,  314.097067205,  622.764078649,  2562.59
1566.15263519,  66288.2,  62410.6,  314.097809502,  622.764250375,  2561.62
1566.17306937,  66302.0,  62424.0,  314.097407155,  622.764477387,  2561.19
1566.19350375,  66302.2,  62423.5,  314.097051994,  622.764122509,  2560.73
1566.21393803,  66297.5,  62419.6,  314.097687428,  622.764119649,  2562.24
1566.23437221,  66299.6,  62421.6,  314.097560375,  622.76422505,  2559.36
1566.25480658,  66298.3,  62419.3,  314.09741952,  622.764231057,  2560.02
1566.27524086,  66309.5,  62429.9,  314.097727311,  622.764197979,  2558.87
1566.29567514,  66322.0,  62442.1,  314.097770564,  622.764298125,  2557.81
1566.31610942,  66324.4,  62444.5,  314.097558523,  622.764243993,  2560.37
1566.3365437,  66294.5,  62416.2,  314.098035038,  622.76380718,  2559.32
1566.35697798,  66314.0,  62434.7,  314.09766738,  622.763996117,  2556.25
1566.37741236,  66307.4,  62428.7,  314.098098659,  622.76394137,  2558.28
1566.39784654,  66318.8,  62439.0,  314.098058023,  622.764149125,  2558.8
1566.41828092,  66309.2,  62429.4,  314.097697406,  622.763820481,  2558.01
1566.4387152,  66340.0,  62458.1,  314.098129826,  622.764225735,  2557.55
1566.45914938,  66331.1,  62449.9,  314.098123095,  622.763379802,  2558.23
1566.47958376,  66319.7,  62438.9,  314.098078023,  622.76372803,  2558.18
1566.50001804,  66325.5,  62444.8,  314.098346803,  622.763637289,  2558.24
1566.52045223,  66331.0,  62449.8,  314.097802215,  622.763780483,  2556.37
1566.54088661,  66341.0,  62458.4,  314.098170881,  622.763523508,  2557.18
1566.56132089,  66321.5,  62441.6,  314.098309916,  622.764024694,  2556.75
1566.58175517,  66327.1,  62445.2,  314.098254962,  622.763687864,  2557.33
1566.60218945,  66333.0,  62451.1,  314.098065718,  622.763885086,  2558.32
1566.62262364,  66344.4,  62461.9,  314.098383028,  622.763577828,  2556.22
1566.64305802,  66335.0,  62452.4,  314.097866983,  622.763402474,  2556.18
1566.6634923,  66338.0,  62455.5,  314.098007023,  622.763704357,  2555.12
1566.70436087,  66344.6,  62461.7,  314.097796439,  622.763431296,  2554.76
1566.72479515,  66345.4,  62462.8,  314.098413025,  622.763183706,  2554.33
1566.74522944,  66352.0,  62467.7,  314.098210832,  622.762879624,  2552.78
1566.76566372,  66354.4,  62470.2,  314.097941708,  622.763244634,  2552.5
1566.78609801,  66377.3,  62491.3,  314.098159239,  622.762872506,  2552.65
1566.80653239,  66378.1,  62491.8,  314.097611902,  622.763095936,  2551.57
1566.82696658,  66364.3,  62478.7,  314.097670889,  622.762641876,  2551.18
1566.84740086,  66395.5,  62508.0,  314.097783804,  622.763092852,  2551.09
1566.86783525,  66368.5,  62481.9,  314.09811809,  622.762530975,  2553.63
1566.88826953,  66380.4,  62493.4,  314.098092909,  622.762533723,  2551.89
1566.90870372,  66388.8,  62500.8,  314.097861148,  622.762267287,  2550.32
1566.92913811,  66388.5,  62500.6,  314.097859626,  622.76266487,  2548.95
1566.94957239,  66388.4,  62500.8,  314.097629646,  622.762329963,  2547.97
1566.97000668,  66412.2,  62521.9,  314.097635695,  622.762373026,  2548.78
1566.99044097,  66419.2,  62528.9,  314.097723057,  622.762096249,  2549.87
1567.01087525,  66430.1,  62538.8,  314.098457186,  622.762473175,  2548.72
1567.03130954,  66423.9,  62533.1,  314.097686429,  622.762020584,  2549.39
1567.05174383,  66433.5,  62541.9,  314.097996797,  622.761912007,  2550.02
1567.07217812,  66427.6,  62536.4,  314.09806316,  622.762375535,  2549.25
1567.0926125,  66434.6,  62542.8,  314.098012127,  622.762085678,  2547.81
1567.11304669,  66449.4,  62555.5,  314.098154778,  622.762224175,  2551.76
1567.13348108,  66439.6,  62547.6,  314.098159893,  622.762463168,  2548.4
1567.15391537,  66456.6,  62562.1,  314.097978992,  622.76188668,  2547.25
1567.17434956,  66452.4,  62559.6,  314.098464492,  622.762309648,  2547.68
1567.19478395,  66487.4,  62590.9,  314.098130438,  622.762116461,  2548.35
1567.21521824,  66479.9,  62583.6,  314.098094531,  622.761950577,  2548.62
1567.23565243,  66498.8,  62601.3,  314.098289037,  622.761872829,  2546.18
1567.25608682,  66490.4,  62593.4,  314.098401179,  622.761566673,  2545.88
1567.27652101,  66524.2,  62624.4,  314.098531367,  622.761600312,  2546.88
1567.2969553,  66522.9,  62623.2,  314.098355069,  622.761696183,  2546.04
1567.31738969,  66532.1,  62631.5,  314.098511588,  622.761913356,  2544.1
1567.33782388,  66536.8,  62635.9,  314.098570059,  622.761935753,  2545.51
1567.35825827,  66549.7,  62648.6,  314.098344239,  622.761563232,  2544.4
1567.37869256,  66571.6,  62667.1,  314.098533511,  622.7611638,  2542.9
1567.39912675,  66574.0,  62670.7,  314.09864495,  622.761566093,  2544.68
1567.41956115,  66591.6,  62685.2,  314.098640693,  622.761318891,  2543.08
1567.43999544,  66604.1,  62696.8,  314.098441884,  622.761464032,  2544.62
1567.46042973,  66623.8,  62714.7,  314.098705406,  622.761439977,  2545.21
1567.48086402,  66638.8,  62728.6,  314.098443917,  622.761011621,  2542.54
1567.50129832,  66649.8,  62738.4,  314.09873915,  622.761444125,  2545.06
1567.52173271,  66653.4,  62741.9,  314.098924671,  622.761253622,  2556.0
1567.5421669,  66695.6,  62779.8,  314.098756876,  622.761319855,  2543.14
1567.5626012,  66697.0,  62781.3,  314.098892482,  622.761062252,  2543.74
1567.58303559,  66702.9,  62786.8,  314.098653256,  622.760801774,  2541.01
1567.60346988,  66731.6,  62813.6,  314.098761047,  622.760989529,  2542.33
1567.62390408,  66739.5,  62820.4,  314.098833147,  622.761154014,  2541.82
1567.64433847,  66741.5,  62821.7,  314.0988692,  622.760797619,  2539.78
1567.66477277,  66777.8,  62854.8,  314.09868672,  622.760570293,  2542.0
1567.68520696,  66789.3,  62865.3,  314.099125235,  622.761129085,  2543.48
1567.70564136,  66785.9,  62862.3,  314.098913259,  622.760830537,  2542.52
1567.72607565,  66798.3,  62873.6,  314.099110156,  622.760692854,  2541.15
1567.74651005,  66805.1,  62879.7,  314.098919145,  622.76052971,  2539.91
1567.76694424,  66797.0,  62872.0,  314.098510471,  622.760516972,  2540.71
1567.78737854,  66576.6,  62670.6,  314.09917916,  622.76082145,  2540.74
1567.80781294,  65407.3,  61602.1,  314.099362626,  622.760479185,  2542.06
1567.82824713,  64029.7,  60342.1,  314.09975819,  622.760396853,  2540.93
1567.84868143,  62992.0,  59393.6,  314.099845609,  622.760551969,  2538.23
1567.86911583,  62592.5,  59027.3,  314.099953724,  622.759837102,  2541.25
1567.88955002,  63003.1,  59403.5,  314.099868233,  622.76018481,  2537.4
1567.90998442,  64066.1,  60376.0,  314.10014564,  622.760318697,  2538.28
1567.93041862,  65458.1,  61647.7,  314.099272392,  622.760002179,  2539.5
1567.95085292,  66675.5,  62760.3,  314.099153328,  622.760494968,  2540.02
1567.97128732,  66979.0,  63038.6,  314.099602078,  622.760409787,  2537.05
1567.99172151,  66991.6,  63049.2,  314.098981398,  622.759837659,  2539.34
1568.01215581,  67007.6,  63063.9,  314.099585282,  622.760321771,  2538.9
1568.03259021,  66995.9,  63052.9,  314.099374419,  622.759885399,  2538.32
1568.05302441,  67030.6,  63085.0,  314.099532353,  622.759460086,  2538.56
1568.07345871,  67045.5,  63098.1,  314.099362629,  622.759865842,  2539.29
1568.09389311,  67064.8,  63115.8,  314.099411553,  622.759918306,  2539.38
1568.11432741,  67067.9,  63118.4,  314.09996644,  622.759621427,  2539.98
1568.13476171,  67092.8,  63141.6,  314.09943483,  622.759791548,  2538.91
1568.15519601,  67135.1,  63179.7,  314.099765877,  622.759257304,  2538.04
1568.17563031,  67133.8,  63178.0,  314.100025391,  622.759517743,  2539.37
1568.19606461,  67130.4,  63174.8,  314.099658249,  622.75971004,  2537.4
1568.21649891,  67140.2,  63184.5,  314.099877464,  622.759395396,  2536.08
1568.23693321,  67148.7,  63192.8,  314.09966312,  622.759465589,  2537.89
1568.25736762,  67174.1,  63215.4,  314.099911353,  622.759471715,  2537.05
1568.27780182,  67203.6,  63242.1,  314.099926064,  622.759425583,  2536.51
1568.29823622,  67227.8,  63264.5,  314.099859975,  622.759403582,  2535.9
1568.31867052,  67220.9,  63257.5,  314.100315821,  622.759589553,  2535.81
1568.33910472,  67243.4,  63278.7,  314.100079028,  622.75949802,  2536.63
1568.35953913,  67271.0,  63303.7,  314.100114665,  622.759096125,  2536.23
1568.37997343,  67250.2,  63285.1,  314.099850222,  622.758922479,  2536.02
1568.40040763,  67261.8,  63295.3,  314.100228398,  622.759194576,  2536.52
1568.42084203,  67284.1,  63314.9,  314.099872018,  622.75920225,  2534.11
1568.44127634,  67282.8,  63314.5,  314.100010713,  622.759589071,  2534.06
1568.46171054,  67324.5,  63352.5,  314.100581582,  622.758993859,  2533.96
1568.48214495,  67313.7,  63342.4,  314.100054885,  622.759280033,  2536.56
1568.50257925,  67331.9,  63358.7,  314.100009688,  622.759253733,  2535.1
1568.52301365,  67338.4,  63365.1,  314.100674288,  622.75915242,  2535.51
1568.54344786,  67318.1,  63346.2,  314.100093823,  622.758746382,  2534.69
1568.56388206,  67344.0,  63370.3,  314.100415483,  622.759177596,  2536.59
1568.58431647,  67362.1,  63386.1,  314.100269217,  622.758756295,  2535.89
1568.60475077,  67361.6,  63385.4,  314.100709778,  622.758921171,  2535.71
1568.62518508,  67387.7,  63408.7,  314.100781513,  622.758833818,  2535.87
1568.64561939,  67396.3,  63417.6,  314.100193957,  622.758439726,  2536.64
1568.66605369,  67380.3,  63402.7,  314.100324545,  622.758475615,  2537.24
1568.6864881,  67404.0,  63425.0,  314.100718925,  622.758707447,  2539.59
1568.70692231,  67391.4,  63412.9,  314.100534456,  622.758361139,  2542.94
1568.72735661,  67443.2,  63460.2,  314.100641315,  622.759120479,  2540.76
1568.74779102,  67421.2,  63440.1,  314.100462828,  622.758691962,  2541.64
1568.76822533,  67430.3,  63448.0,  314.100561599,  622.758642136,  2544.03
1568.78865953,  67431.3,  63449.5,  314.100565029,  622.758711293,  2543.14
1568.80909394,  67453.7,  63469.8,  314.100819871,  622.758218989,  2543.25
1568.82952825,  67435.4,  63452.9,  314.100699065,  622.758691882,  2541.29
1568.84996256,  67451.3,  63468.4,  314.100585596,  622.758189521,  2539.99
1568.87039687,  67449.0,  63465.1,  314.100309997,  622.758080563,  2540.15
1568.89083117,  67462.9,  63478.4,  314.10067572,  622.758569224,  2540.19
1568.91126558,  67452.2,  63467.8,  314.100723611,  622.758089337,  2540.58
1568.93169979,  67454.1,  63469.6,  314.101009819,  622.758391924,  2538.99
1568.9521341,  67446.9,  63462.9,  314.100470115,  622.758119851,  2552.8
1568.97256851,  67478.2,  63491.7,  314.101166271,  622.758222538,  2539.66
1568.99300272,  67458.6,  63473.5,  314.100811609,  622.758037423,  2539.11
1569.01343703,  67488.6,  63500.8,  314.100968839,  622.758264011,  2536.3
1569.03387144,  67474.5,  63488.3,  314.100949682,  622.75814236,  2535.79
1569.05430565,  67478.1,  63490.6,  314.101068471,  622.757684069,  2535.86
1569.07474006,  67486.1,  63498.7,  314.10084963,  622.758131683,  2534.22
1569.09517437,  67473.9,  63488.1,  314.10096507,  622.758080173,  2534.88
1569.11560858,  67477.9,  63491.9,  314.101224092,  622.758023235,  2531.81
1569.13604299,  67459.5,  63474.2,  314.100963091,  622.757721632,  2535.92
1569.15647731,  67460.3,  63475.2,  314.101027742,  622.757708171,  2531.53
1569.17691152,  67470.5,  63484.8,  314.101130856,  622.757610097,  2532.18
1569.19734593,  67463.1,  63478.9,  314.101365556,  622.758104886,  2532.17
1569.21778014,  67452.5,  63467.9,  314.100854128,  622.757777558,  2533.57
1569.23821455,  67463.7,  63477.9,  314.10131614,  622.757706625,  2532.83
1569.25864887,  67455.5,  63470.6,  314.101193451,  622.757633663,  2530.8
1569.27908308,  67430.0,  63447.7,  314.101322831,  622.757630877,  2531.32
1569.29951749,  67457.3,  63472.5,  314.101495822,  622.757964275,  2531.74
1569.31995181,  67438.8,  63455.3,  314.101230706,  622.757867827,  2530.74
1569.34038612,  67431.3,  63447.8,  314.101353772,  622.757347068,  2529.32
1569.36082043,  67449.9,  63465.9,  314.101535738,  622.757552814,  2529.01
1569.38125475,  67443.4,  63459.3,  314.101357536,  622.757283524,  2529.64
1569.40168906,  67442.3,  63458.5,  314.101060283,  622.757395226,  2527.41
1569.42212338,  67408.5,  63428.4,  314.1018264,  622.757066182,  2526.9
1569.44255769,  67410.5,  63428.8,  314.101278886,  622.757352795,  2526.34
1569.46299211,  67433.3,  63450.3,  314.101843639,  622.757333587,  2525.5
1569.48342642,  67418.2,  63436.2,  314.101800577,  622.757302389,  2525.09
1569.50386064,  67415.5,  63434.5,  314.101397334,  622.757302198,  2524.17
1569.52429505,  67390.3,  63411.5,  314.101660041,  622.757280313,  2524.47
1569.54472937,  67387.9,  63409.2,  314.101600678,  622.756924301,  2524.21
1569.56516358,  67380.7,  63403.0,  314.101851746,  622.757044757,  2524.19
1569.585598,  67380.5,  63402.0,  314.101822313,  622.757111978,  2523.73
1569.60603232,  67368.0,  63391.3,  314.101983135,  622.757449773,  2524.51
1569.62646673,  67355.0,  63379.0,  314.102036327,  622.757219097,  2521.85
1569.64690095,  67348.5,  63373.0,  314.101908354,  622.756940095,  2524.07
1569.68776968,  67334.8,  63360.1,  314.101758704,  622.756839988,  2522.32
1569.7082039,  67326.3,  63352.2,  314.101831699,  622.756529396,  2522.72
1569.72863822,  67328.2,  63354.3,  314.10124439,  622.756377609,  2522.36
1569.74907264,  67300.2,  63327.9,  314.101815747,  622.756531108,  2523.62
1569.76950686,  67312.8,  63339.4,  314.10146508,  622.756443974,  2523.68
1569.78994117,  67284.0,  63313.0,  314.101467299,  622.756671554,  2521.38
1569.81037559,  67289.7,  63318.2,  314.101447056,  622.756566588,  2521.13
1569.83080981,  67289.5,  63317.9,  314.101100484,  622.756528661,  2522.14
1569.85124423,  67260.7,  63291.4,  314.101488535,  622.756597358,  2522.45
1569.87167845,  67253.2,  63285.4,  314.101320613,  622.756309921,  2521.71
1569.89211277,  67242.0,  63274.6,  314.101228378,  622.756106587,  2521.55
1569.91254719,  67221.7,  63257.0,  314.10157208,  622.756532329,  2517.8
1569.93298141,  67226.0,  63260.4,  314.101528694,  622.756484565,  2520.77
1569.95341573,  67202.7,  63238.4,  314.101177758,  622.75618084,  2519.45
1569.97385015,  67192.0,  63229.4,  314.1016307,  622.756492963,  2518.67
1569.99428447,  67371.1,  63393.5,  314.101534259,  622.754178048,  2518.1
1570.01471879,  67168.3,  63207.4,  314.101594881,  622.756307436,  2518.76
1570.03515311,  67172.5,  63211.8,  314.10143767,  622.756182258,  2519.49
1570.05558744,  67137.9,  63179.4,  314.101507096,  622.756176309,  2519.35
1570.07602176,  67137.3,  63179.4,  314.10163621,  622.756079977,  2519.6
1570.09645608,  67105.1,  63149.9,  314.101689397,  622.755819402,  2516.66
1570.1168904,  67098.3,  63143.3,  314.101343657,  622.755657004,  2515.37
1570.13732482,  67087.9,  63134.1,  314.101820243,  622.75601865,  2517.85
1570.15775905,  67082.3,  63129.0,  314.101479814,  622.755445271,  2517.04
1570.17819347,  67069.4,  63117.2,  314.101566933,  622.755637715,  2515.15
1570.19862779,  67062.6,  63110.7,  314.101959606,  622.755636039,  2515.38
1570.21906201,  67035.9,  63086.2,  314.101572064,  622.755803855,  2513.43
1570.23949644,  67024.9,  63075.8,  314.101901456,  622.755518707,  2513.99
1570.25993076,  66994.2,  63048.3,  314.101952504,  622.755883087,  2513.48
1570.28036499,  66983.8,  63038.4,  314.101887723,  622.755700274,  2514.11
1570.30079941,  66966.5,  63023.0,  314.10185241,  622.755432489,  2512.83
1570.32123373,  66946.5,  63004.2,  314.101402844,  622.755142062,  2512.62
1570.34166796,  66937.4,  62995.3,  314.101635017,  622.755506838,  2512.93
1570.36210238,  66940.8,  62998.1,  314.101321952,  622.755029985,  2513.32
1570.38253671,  66914.5,  62974.7,  314.101971065,  622.755624509,  2510.11
1570.40297103,  66899.3,  62960.6,  314.101880423,  622.755500849,  2509.54
1570.42340536,  66886.7,  62949.3,  314.102018213,  622.755356451,  2510.95
1570.44383968,  66876.6,  62939.8,  314.101890276,  622.755158589,  2511.11
1570.46427401,  66852.8,  62918.4,  314.101828447,  622.755099511,  2510.98
1570.48470834,  66829.0,  62897.0,  314.102193888,  622.755200335,  2508.2
1570.50514266,  66813.3,  62882.1,  314.10161377,  622.755271712,  2508.47
1570.52557699,  66797.0,  62867.2,  314.102475199,  622.755298335,  2509.9
1570.54601132,  66794.0,  62863.8,  314.101930978,  622.755138105,  2510.13
1570.56644574,  66793.5,  62863.7,  314.102129819,  622.754618341,  2506.96
1570.58687997,  66754.7,  62828.3,  314.102447117,  622.755120502,  2508.27
1570.6073143,  66743.3,  62817.9,  314.102327357,  622.75491959,  2509.35
1570.62774872,  66722.5,  62799.2,  314.102209169,  622.754626855,  2509.74
1570.64818305,  66715.9,  62793.5,  314.102187888,  622.75496647,  2507.99
1570.66861728,  66701.0,  62779.1,  314.102337933,  622.754322692,  2506.93
1570.68905171,  66698.8,  62776.6,  314.102337568,  622.754637954,  2508.41
1570.70948604,  66671.4,  62751.9,  314.102691201,  622.754827306,  2508.76
1570.72992027,  66672.0,  62752.0,  314.10239722,  622.754550418,  2506.77
1570.75035469,  66644.7,  62727.7,  314.102546267,  622.754870609,  2507.07
1570.77078902,  66627.3,  62711.1,  314.102603979,  622.754507108,  2506.04
1570.79122345,  66633.1,  62716.0,  314.102578083,  622.754403387,  2508.18
1570.81165768,  66617.5,  62702.4,  314.102595599,  622.754692501,  2506.91
1570.83209201,  66606.9,  62692.9,  314.102290076,  622.754753522,  2505.26
1570.85252644,  66583.1,  62670.3,  314.102595927,  622.754432224,  2505.35
1570.87296067,  66562.0,  62651.8,  314.103095322,  622.754765286,  2505.28
1570.893395,  66579.3,  62667.4,  314.102717222,  622.754013455,  2505.64
1570.91382943,  66553.0,  62642.8,  314.102899091,  622.75445943,  2505.42
1570.93426366,  66548.7,  62639.7,  314.102983476,  622.754164603,  2504.77
1570.9546981,  66526.0,  62617.8,  314.10294834,  622.753854882,  2505.27
1570.97513243,  66514.3,  62607.9,  314.102785814,  622.754210395,  2505.31
1570.99556666,  66522.5,  62615.5,  314.102874346,  622.754125649,  2504.25
1571.01600109,  66514.9,  62607.8,  314.102879705,  622.754373911,  2505.72
1571.03643542,  66506.3,  62599.7,  314.102967665,  622.754064065,  2506.11
1571.05686965,  66499.6,  62593.6,  314.103243539,  622.754209584,  2507.33
1571.07730409,  66480.5,  62576.3,  314.103150232,  622.753784626,  2504.86
1571.09773842,  66483.2,  62578.8,  314.103222067,  622.754301342,  2505.11
1571.11817265,  66459.6,  62557.6,  314.102793545,  622.754083663,  2503.97
1571.13860709,  66456.0,  62553.5,  314.103051186,  622.754098262,  2505.32
1571.15904142,  66460.2,  62557.3,  314.103293666,  622.753846976,  2505.05
1571.17947575,  66430.3,  62529.6,  314.103284143,  622.753577037,  2505.62
1571.19991009,  66439.9,  62538.3,  314.103829647,  622.753938855,  2506.99
1571.22034442,  66430.3,  62529.7,  314.103250332,  622.753895116,  2504.39
1571.24077875,  66420.5,  62521.0,  314.10296333,  622.753689855,  2506.79
1571.26121309,  66397.9,  62500.8,  314.103599284,  622.753882115,  2507.3
1571.28164742,  66398.3,  62500.6,  314.103588098,  622.753574973,  2507.21
1571.30208176,  66385.0,  62489.0,  314.103264854,  622.753554593,  2505.69
1571.32251609,  66376.5,  62480.7,  314.10362937,  622.753768692,  2506.6
1571.34295053,  66374.3,  62478.1,  314.103199961,  622.753500239,  2508.71
1571.36338486,  66370.0,  62473.9,  314.103454399,  622.752974474,  2509.02
1571.3838191,  66348.9,  62454.9,  314.103566538,  622.753345053,  2509.24
1571.40425354,  66353.4,  62459.4,  314.103471402,  622.753313298,  2511.56
1571.42468787,  66357.0,  62462.5,  314.103401512,  622.753345059,  2506.97
1571.44512211,  66342.9,  62449.3,  314.103494794,  622.753392107,  2506.73
1571.46555654,  66331.1,  62438.5,  314.103461066,  622.75339734,  2508.94
1571.48599088,  66296.3,  62406.6,  314.103635701,  622.753171974,  2510.08
1571.50642512,  66309.2,  62418.4,  314.103332386,  622.753145105,  2509.94
1571.52685956,  66298.1,  62407.6,  314.103921671,  622.753425449,  2511.12
1571.54729389,  66195.2,  62314.3,  314.103825147,  622.753306146,  2512.21
1571.56772833,  65119.8,  61331.3,  314.103640227,  622.753250763,  2510.74
1571.58816257,  63439.2,  59795.3,  314.104006387,  622.753064099,  2511.6
1571.60859691,  61905.0,  58391.4,  314.104637388,  622.752682417,  2512.26
1571.62903134,  61092.9,  57649.1,  314.104448153,  622.752400938,  2511.47
1571.64946558,  61149.0,  57701.1,  314.104727991,  622.75323908,  2509.89
1571.66989992,  62110.0,  58579.4,  314.104086159,  622.752968503,  2511.51
1571.69033436,  63675.2,  60009.3,  314.104136648,  622.752165564,  2512.78
1571.7107686,  65334.0,  61526.6,  314.104271923,  622.752900515,  2509.99
1571.73120304,  66213.7,  62330.2,  314.103662009,  622.75259248,  2511.79
1571.75163738,  66246.8,  62360.9,  314.104093392,  622.753292754,  2509.98
1571.77207162,  66236.0,  62351.6,  314.104273132,  622.752908073,  2511.62
1571.79250606,  66232.2,  62346.7,  314.103863078,  622.75298706,  2511.38
1571.8129404,  66228.5,  62343.7,  314.103824544,  622.752951066,  2512.12
1571.83337464,  66229.7,  62344.4,  314.103942323,  622.752971479,  2510.88
1571.85380908,  66214.0,  62330.1,  314.103796286,  622.752150013,  2510.77
1571.87424342,  66210.3,  62327.3,  314.1042961,  622.752507475,  2507.99
1571.89467766,  66205.8,  62323.2,  314.104200424,  622.75231887,  2507.34
1571.9151121,  66196.7,  62314.9,  314.104018553,  622.752207709,  2508.68
1571.93554644,  66201.1,  62319.2,  314.104178862,  622.752588081,  2505.75
1571.95598089,  66195.4,  62313.5,  314.103952489,  622.752534058,  2505.13
1571.97641513,  66193.6,  62312.1,  314.10428564,  622.752205613,  2503.96
1571.99684947,  66199.6,  62317.5,  314.104276879,  622.75246226,  2503.08
1572.01728391,  66195.5,  62313.8,  314.104399189,  622.751951051,  2501.62
1572.03771815,  66184.6,  62303.5,  314.104219715,  622.75204467,  2499.45
1572.0581525,  66220.8,  62336.8,  314.104146747,  622.752373522,  2501.37
1572.07858694,  66202.4,  62320.0,  314.104842221,  622.752337523,  2498.4
1572.09902118,  66205.8,  62322.7,  314.104183211,  622.752395584,  2499.32
1572.11945563,  66203.8,  62320.7,  314.104464954,  622.752106723,  2497.01
1572.13988997,  66210.8,  62326.9,  314.104113131,  622.751931895,  2497.52
1572.16032421,  66218.2,  62334.5,  314.104989783,  622.752095106,  2497.21
1572.18075866,  66216.9,  62333.0,  314.104310876,  622.751860654,  2495.81
1572.201193,  66205.5,  62322.3,  314.104479524,  622.752026955,  2496.99
1572.22162725,  66201.2,  62318.9,  314.104755978,  622.752077714,  2495.39
1572.24206169,  66217.9,  62333.6,  314.104461144,  622.751767712,  2494.35
1572.26249604,  66220.9,  62336.6,  314.105033027,  622.75177407,  2495.09
1572.28293038,  66230.2,  62344.9,  314.104227315,  622.752020902,  2495.21
1572.30336473,  66246.5,  62359.2,  314.104784962,  622.752124957,  2494.36
1572.32379907,  66224.9,  62340.2,  314.10471837,  622.751604831,  2494.13
1572.34423342,  66218.5,  62335.2,  314.104858298,  622.751517623,  2494.74
1572.36466776,  66231.6,  62346.8,  314.104471837,  622.751670713,  2494.31
1572.38510211,  66231.9,  62346.8,  314.105014118,  622.751979513,  2496.58
1572.40553646,  66265.5,  62377.1,  314.104720264,  622.751323602,  2494.86
1572.4259708,  66259.2,  62370.5,  314.104589658,  622.751944164,  2495.47
1572.44640515,  66241.3,  62355.6,  314.104634973,  622.751535843,  2495.58
1572.4668395,  66256.5,  62369.1,  314.104713739,  622.751446461,  2498.01
1572.48727384,  66259.6,  62371.9,  314.105048039,  622.751568838,  2494.76
1572.50770829,  66254.7,  62367.5,  314.104748549,  622.751643252,  2494.66
1572.52814264,  66260.8,  62373.2,  314.104568007,  622.751528049,  2493.35
1572.54857689,  66267.1,  62378.2,  314.105122567,  622.751316236,  2497.13
1572.56901134,  66260.9,  62372.3,  314.105171341,  622.751180026,  2497.17
1572.58944568,  66277.5,  62388.2,  314.104967807,  622.751475446,  2495.67
1572.60987993,  66275.7,  62386.3,  314.10512342,  622.751353367,  2496.07
1572.63031438,  66277.6,  62387.8,  314.104876084,  622.751397136,  2498.33
1572.67118298,  66274.4,  62385.7,  314.104828124,  622.751218409,  2500.82
1572.69161743,  66280.7,  62390.3,  314.104691965,  622.750957905,  2499.75
1572.71205178,  66275.3,  62385.7,  314.104910193,  622.751251675,  2501.89
1572.73248623,  66288.0,  62397.3,  314.104824577,  622.751037147,  2502.85
1572.75292048,  66294.0,  62402.5,  314.104391779,  622.750856546,  2503.75
1572.77335483,  66281.2,  62391.5,  314.104817094,  622.750914304,  2502.07
1572.79378928,  66277.0,  62386.4,  314.104542802,  622.75072257,  2502.88
1572.81422353,  66299.7,  62407.9,  314.104456584,  622.750776137,  2505.92
1572.83465788,  66286.3,  62396.2,  314.104610473,  622.750958223,  2511.24
1572.85509233,  66296.2,  62404.0,  314.10439587,  622.750938366,  2517.32
1572.87552658,  66315.5,  62422.7,  314.104686702,  622.750441026,  2516.06
1572.89596103,  66305.1,  62413.3,  314.104825143,  622.750654525,  2510.94
1572.91639539,  66318.2,  62424.9,  314.104864198,  622.750802927,  2498.92
1572.93682964,  66329.7,  62435.8,  314.104789195,  622.750479078,  2495.05
1572.95726409,  66317.2,  62424.0,  314.10463116,  622.750555799,  2490.04
1572.97769844,  66331.1,  62436.4,  314.104242381,  622.750321845,  2490.55
1572.99813279,  66320.9,  62427.0,  314.10471797,  622.750675907,  2489.27
1573.01856715,  66318.2,  62424.7,  314.104836845,  622.750422803,  2488.62
1573.0390015,  66346.2,  62450.9,  314.104616752,  622.750323326,  2488.37
1573.05943575,  66333.7,  62439.3,  314.104588215,  622.750717313,  2488.91
1573.07987021,  66355.7,  62459.5,  314.104789801,  622.750138655,  2488.54
1573.10030456,  66349.0,  62453.3,  314.104870251,  622.750390328,  2488.9
1573.12073891,  66352.4,  62456.7,  314.104445809,  622.74974985,  2485.48
1573.14117327,  66339.1,  62444.1,  314.104435297,  622.74996326,  2485.47
1573.16160762,  66355.0,  62459.2,  314.104655728,  622.750127262,  2482.64
1573.18204208,  66342.4,  62446.9,  314.104224386,  622.74976471,  2482.98
1573.20247633,  66335.4,  62440.0,  314.104754394,  622.750091006,  2483.5
1573.22291069,  66345.9,  62449.9,  314.104565322,  622.749994943,  2479.48
1573.24334514,  66331.9,  62436.7,  314.104554644,  622.750042686,  2481.24
1573.2637794,  66348.6,  62452.2,  314.104658615,  622.74972251,  2477.83
1573.28421385,  66348.5,  62452.9,  314.104987833,  622.75043132,  2475.92
1573.30464821,  66345.9,  62449.7,  314.104608612,  622.749801096,  2476.26
1573.32508246,  66346.4,  62450.7,  314.104796615,  622.750198214,  2475.48
1573.34551692,  66353.7,  62456.5,  314.104855302,  622.749778783,  2473.24
1573.36595127,  66335.8,  62440.1,  314.10473427,  622.749616137,  2474.0
1573.38638553,  66345.4,  62449.8,  314.104912761,  622.749867941,  2470.97
1573.40681999,  66355.2,  62458.8,  314.104621183,  622.749769707,  2472.4
1573.42725434,  66343.5,  62447.7,  314.104447643,  622.749802751,  2470.15
1573.4476886,  66362.9,  62465.6,  314.10506834,  622.749869331,  2469.01
1573.46812306,  66360.0,  62462.5,  314.105182538,  622.749074939,  2468.64
1573.48855742,  66364.3,  62466.7,  314.104721823,  622.749600993,  2469.33
1573.50899187,  66356.6,  62459.6,  314.105203511,  622.74972499,  2468.24
1573.52942613,  66369.2,  62471.2,  314.104936592,  622.749268427,  2466.34
1573.54986049,  66352.0,  62455.5,  314.105235046,  622.749522274,  2467.04
1573.57029495,  66356.2,  62458.9,  314.104909094,  622.749149043,  2467.39
1573.59072921,  66351.6,  62454.0,  314.104903095,  622.749296368,  2465.68
1573.61116357,  66348.3,  62451.7,  314.105362591,  622.749469858,  2465.29
1573.63159802,  66353.9,  62456.9,  314.105185744,  622.749574643,  2466.5
1573.65203238,  66351.3,  62454.3,  314.105446027,  622.749496598,  2464.63
1573.67246674,  66357.6,  62459.5,  314.1050117,  622.749335596,  2463.33
1573.6929011,  66367.9,  62468.4,  314.105144482,  622.748946952,  2463.99
1573.71333536,  66368.6,  62469.6,  314.105334968,  622.749070987,  2461.77
1573.73376982,  66372.9,  62473.4,  314.104924455,  622.749193713,  2462.57
1573.75420418,  66350.1,  62452.3,  314.10527117,  622.748877429,  2463.42
1573.77463844,  66355.8,  62457.9,  314.105598977,  622.749387765,  2462.58
1573.7950729,  66351.8,  62453.3,  314.105245273,  622.748826638,  2463.99
1573.81550726,  66355.0,  62456.7,  314.105463402,  622.749256159,  2464.43
1573.83594153,  66355.9,  62457.6,  314.105207166,  622.749075958,  2461.08
1573.85637599,  66361.7,  62463.1,  314.105104434,  622.748619477,  2463.84
1573.87681035,  66348.9,  62451.4,  314.105319773,  622.748991399,  2459.32
1573.89724481,  66360.2,  62461.5,  314.105630903,  622.748767711,  2461.32
1573.91767907,  66359.7,  62460.6,  314.105393799,  622.748724317,  2462.54
1573.93811343,  66372.9,  62473.7,  314.105783258,  622.74898102,  2462.05
1573.9585479,  66360.1,  62461.1,  314.105637471,  622.748667126,  2460.35
1573.97898216,  66360.6,  62461.5,  314.105519207,  622.748227171,  2460.22
1573.99941652,  66367.9,  62467.7,  314.105703656,  622.74858215,  2460.84
1574.01985098,  66375.3,  62474.2,  314.105370246,  622.748778846,  2460.08
1574.04028525,  66382.8,  62481.5,  314.106024404,  622.748421218,  2459.11
1574.06071971,  66382.3,  62480.7,  314.105801264,  622.748114313,  2458.71
1574.08115407,  66384.2,  62482.1,  314.105743608,  622.748129475,  2461.77
1574.10158834,  66387.5,  62485.5,  314.105629291,  622.748450649,  2459.19
1574.1220228,  66402.6,  62499.1,  314.106041806,  622.748725935,  2457.95
1574.14245716,  66369.8,  62468.9,  314.105737549,  622.748164558,  2456.85
1574.16289153,  66389.9,  62487.6,  314.105744594,  622.748546875,  2456.86
1574.18332589,  66406.5,  62503.1,  314.105798641,  622.748279837,  2455.22
1574.20376026,  66408.6,  62504.1,  314.106070819,  622.748233384,  2456.41
1574.22419462,  66417.2,  62512.9,  314.105591248,  622.748351675,  2455.0
1574.24462899,  66426.6,  62521.3,  314.106155029,  622.748103965,  2453.94
1574.26506335,  66423.7,  62518.2,  314.106001615,  622.748150534,  2456.18
1574.28549772,  66424.1,  62518.9,  314.106115373,  622.748351254,  2452.98
1574.30593218,  66419.7,  62514.7,  314.105582865,  622.748101843,  2452.11
1574.32636645,  66431.7,  62525.6,  314.106190891,  622.748119744,  2452.69
1574.34680082,  66442.8,  62535.7,  314.105908223,  622.747846885,  2453.44
1574.36723518,  66444.8,  62537.1,  314.106140177,  622.747622387,  2452.13
1574.38766955,  66468.0,  62558.4,  314.106008393,  622.747784044,  2451.7
1574.40810402,  66454.8,  62546.4,  314.106137837,  622.74770087,  2453.09
1574.42853828,  66469.5,  62559.6,  314.106113128,  622.747854763,  2451.73
1574.44897275,  66472.8,  62563.2,  314.106355639,  622.747549862,  2448.91
1574.46940712,  66488.5,  62577.4,  314.106041013,  622.748035127,  2451.02
1574.48984138,  66502.7,  62589.9,  314.105869579,  622.74745714,  2453.07
1574.51027585,  66486.0,  62575.7,  314.10599212,  622.747533606,  2451.33
1574.53071022,  66473.5,  62563.3,  314.106013999,  622.747633476,  2450.06
1574.55114449,  66504.4,  62591.6,  314.106606744,  622.747763454,  2448.88
1574.57157896,  66518.7,  62603.9,  314.106193574,  622.747443901,  2448.6
1574.59201332,  66515.2,  62600.9,  314.105918854,  622.747326638,  2449.0
1574.61244779,  66531.9,  62616.4,  314.106247975,  622.747348649,  2450.83
1574.63288206,  66519.5,  62605.5,  314.106411759,  622.74746989,  2447.5
1574.65331643,  66552.5,  62635.1,  314.106374071,  622.747211495,  2448.36
1574.6737509,  66571.2,  62651.8,  314.106700944,  622.747962012,  2450.76
1574.69418517,  66584.2,  62663.9,  314.106341422,  622.747087864,  2447.96
1574.71461954,  66567.3,  62648.6,  314.106558376,  622.747407194,  2447.26
1574.73505401,  66564.3,  62646.0,  314.10647032,  622.747443269,  2448.21
1574.75548828,  66585.6,  62665.2,  314.106726057,  622.747304395,  2447.41
1574.77592265,  66608.4,  62687.0,  314.106041647,  622.747421795,  2445.47
1574.79635712,  66628.6,  62705.3,  314.106541851,  622.747285723,  2444.9
1574.81679149,  66632.9,  62708.4,  314.106382755,  622.747299524,  2444.53
1574.83722586,  66636.8,  62712.7,  314.106358056,  622.747197642,  2446.67
1574.85766023,  66646.0,  62721.1,  314.106340313,  622.74727634,  2446.96
1574.8780946,  66655.6,  62730.2,  314.106680478,  622.747270334,  2444.96
1574.89852898,  66627.7,  62704.6,  314.106494719,  622.747290959,  2444.15
1574.91896335,  66678.1,  62749.5,  314.106340004,  622.747314383,  2445.74
1574.93939772,  66679.6,  62751.2,  314.106522507,  622.747321079,  2446.35
1574.95983209,  66689.1,  62760.2,  314.106569437,  622.746983025,  2443.74
1574.98026646,  66718.8,  62787.7,  314.106474458,  622.746971802,  2444.62
1575.00070084,  66550.1,  62633.4,  314.10760004,  622.747007169,  2443.33
1575.02113521,  65516.6,  61687.8,  314.106432589,  622.74674523,  2443.5
1575.04156958,  64170.5,  60457.7,  314.107175948,  622.746612155,  2443.26
1575.06200406,  63007.3,  59394.4,  314.107060888,  622.746466202,  2446.14
1575.08243833,  62518.2,  58946.7,  314.106947776,  622.746609582,  2444.35
1575.1028727,  62765.9,  59173.1,  314.10691021,  622.74663983,  2442.3
1575.12330718,  63735.1,  60059.2,  314.107480533,  622.746402171,  2443.61
1575.14374145,  65086.8,  61295.4,  314.106902504,  622.746434984,  2441.8
1575.16417582,  66356.3,  62455.7,  314.107008113,  622.746883731,  2441.29
1575.1846103,  66819.7,  62879.6,  314.106352799,  622.746482055,  2442.64
1575.20504457,  66842.1,  62899.3,  314.106805324,  622.746660423,  2443.42
1575.22547905,  66875.4,  62930.1,  314.107272102,  622.746798234,  2442.54
1575.24591342,  66865.9,  62921.4,  314.106588204,  622.746268916,  2440.82
1575.2663477,  66872.2,  62927.3,  314.107085506,  622.746604011,  2441.06
1575.28678217,  66888.4,  62942.7,  314.107161308,  622.746604203,  2442.5
1575.30721655,  66903.8,  62955.7,  314.106759595,  622.746383338,  2441.48
1575.32765082,  66907.3,  62959.9,  314.107215903,  622.746645817,  2438.98
1575.3480853,  66929.0,  62979.0,  314.10698186,  622.746390413,  2441.24
1575.36851968,  66942.4,  62992.2,  314.106773064,  622.746593623,  2440.44
1575.38895415,  66947.7,  62996.3,  314.107295469,  622.74626011,  2439.93
1575.40938843,  66962.4,  63010.1,  314.106933113,  622.746455986,  2438.38
1575.42982281,  66978.7,  63024.7,  314.106827162,  622.746344657,  2439.28
1575.45025728,  66991.3,  63036.4,  314.106888532,  622.74682459,  2439.21
1575.47069166,  67005.6,  63049.1,  314.107354138,  622.746809918,  2439.5
1575.49112594,  67020.9,  63062.9,  314.106944022,  622.746399097,  2437.22
1575.51156041,  67024.5,  63066.5,  314.10715985,  622.746533231,  2439.81
1575.53199479,  67041.9,  63082.1,  314.106656496,  622.746527465,  2439.11
1575.55242907,  67048.5,  63088.3,  314.107302354,  622.746100416,  2437.6
1575.57286355,  67060.6,  63099.9,  314.107142175,  622.746623557,  2435.83
1575.59329793,  67071.8,  63109.2,  314.106885199,  622.746063079,  2437.25
1575.6137323,  67080.1,  63117.7,  314.107156278,  622.746206726,  2437.36
1575.65460096,  67101.6,  63137.3,  314.107194124,  622.745997884,  2437.73
1575.67503544,  67097.6,  63133.6,  314.106809842,  622.746164473,  2435.25
1575.69546982,  67128.4,  63161.4,  314.106496435,  622.745954482,  2435.56
1575.7159041,  67129.2,  63161.9,  314.107368128,  622.745784233,  2434.76
1575.73633858,  67137.1,  63169.6,  314.106721997,  622.745585,  2435.78
1575.75677296,  67132.9,  63165.5,  314.106434593,  622.745685315,  2435.16
1575.77720744,  67163.5,  63193.5,  314.106969506,  622.746084865,  2432.58
1575.79764172,  67148.6,  63179.7,  314.106628657,  622.745990213,  2434.86
1575.8180761,  67169.7,  63197.3,  314.106505122,  622.745708399,  2434.47
1575.83851058,  67167.4,  63197.3,  314.106829675,  622.745738724,  2433.27
1575.85894486,  67172.5,  63200.6,  314.106827019,  622.745325228,  2433.36
1575.87937924,  67170.0,  63199.0,  314.1067706,  622.745438954,  2434.15
1575.89981372,  67173.6,  63202.7,  314.106984244,  622.74523813,  2433.88
1575.920248,  67184.0,  63211.5,  314.106529634,  622.745578927,  2433.22
1575.94068239,  67182.1,  63210.9,  314.106620834,  622.745416293,  2433.21
1575.96111687,  67198.0,  63224.9,  314.10674918,  622.745217214,  2431.16
1575.98155115,  67189.8,  63216.9,  314.106652732,  622.745701762,  2430.27
1576.00198563,  67196.1,  63224.0,  314.106606909,  622.745714232,  2433.67
1576.02242001,  67185.3,  63213.0,  314.106642498,  622.745471989,  2431.61
1576.0428544,  67210.9,  63235.7,  314.106539918,  622.745602083,  2432.26
1576.06328878,  67215.9,  63241.0,  314.106469562,  622.745881131,  2430.1
1576.08372316,  67203.7,  63230.0,  314.106628597,  622.745146317,  2430.03
1576.10415755,  67223.7,  63248.3,  314.107021783,  622.745193925,  2431.25
1576.12459193,  67226.7,  63250.7,  314.107039614,  622.745114992,  2429.62
1576.14502631,  67220.0,  63244.6,  314.106598836,  622.745257256,  2430.14
1576.1654607,  67215.5,  63241.4,  314.107005272,  622.744946473,  2428.2
1576.18589518,  67218.0,  63242.8,  314.10685868,  622.745550341,  2430.8
1576.20632946,  67218.8,  63244.0,  314.106742333,  622.744908139,  2430.61
1576.22676395,  67233.6,  63256.9,  314.106646576,  622.745239584,  2428.81
1576.24719833,  67237.8,  63261.9,  314.106817512,  622.745074171,  2428.81
1576.26763262,  67247.5,  63269.6,  314.106739858,  622.744973454,  2431.89
1576.2880671,  67249.8,  63272.3,  314.106865524,  622.74535228,  2428.94
1576.30850139,  67248.0,  63270.2,  314.106872025,  622.745027946,  2428.16
1576.32893577,  67241.8,  63264.5,  314.10698031,  622.744792881,  2430.72
1576.34937026,  67228.2,  63251.8,  314.107040867,  622.745302336,  2425.85
1576.36980454,  67269.4,  63305.4,  314.106511603,  622.744549261,  2448.43
1576.39023903,  67232.2,  63255.9,  314.106811741,  622.744879823,  2429.43
1576.41067342,  67256.5,  63276.9,  314.106822347,  622.745084335,  2427.37
1576.4311077,  67240.8,  63263.6,  314.106855697,  622.74471112,  2427.39
1576.45154219,  67257.6,  63278.4,  314.107100159,  622.744904325,  2425.56
1576.47197658,  67258.4,  63279.4,  314.106886364,  622.744690308,  2426.48
1576.49241086,  67242.7,  63264.7,  314.106680449,  622.744600349,  2426.15
1576.51284535,  67237.4,  63260.1,  314.107246349,  622.744689478,  2427.39
1576.53327974,  67248.9,  63270.7,  314.107133819,  622.744440712,  2425.98
1576.55371412,  67261.7,  63282.2,  314.107491806,  622.744735748,  2425.64
1576.57414851,  67241.7,  63263.9,  314.107187538,  622.744955117,  2426.14
1576.5945829,  67244.4,  63266.4,  314.10709857,  622.744133623,  2424.82
1576.61501739,  67249.0,  63270.8,  314.107250973,  622.744447989,  2423.49
1576.63545168,  67244.2,  63265.6,  314.106836967,  622.744419539,  2423.47
1576.65588606,  67231.0,  63253.3,  314.107234164,  622.744490251,  2424.05
1576.67632055,  67227.8,  63250.6,  314.106964273,  622.744486745,  2426.26
1576.69675494,  67223.4,  63246.0,  314.107051991,  622.744357196,  2426.73
1576.71718923,  67227.2,  63249.5,  314.107350113,  622.744394651,  2423.85
1576.73762372,  67222.3,  63245.6,  314.10751486,  622.743695131,  2422.41
1576.75805811,  67224.2,  63246.4,  314.106969222,  622.74417574,  2423.24
1576.7784925,  67222.4,  63244.6,  314.107321642,  622.744372404,  2423.77
1576.79892689,  67214.2,  63237.2,  314.106958973,  622.743854716,  2424.78
1576.81936128,  67191.3,  63216.1,  314.107564776,  622.744010159,  2422.94
1576.83979577,  67201.1,  63225.4,  314.107501784,  622.74423062,  2422.77
1576.86023006,  67178.5,  63205.3,  314.107397517,  622.743979312,  2423.4
1576.88066445,  67195.6,  63220.1,  314.107729668,  622.74412907,  2421.19
1576.90109894,  67183.1,  63209.2,  314.107480893,  622.744082432,  2423.1
1576.92153323,  67191.6,  63215.8,  314.107555783,  622.744129634,  2420.61
1576.94196762,  67157.0,  63184.5,  314.107361018,  622.743949538,  2419.96
1576.96240201,  67147.3,  63175.9,  314.107479852,  622.743546303,  2421.27
1576.9828364,  67153.4,  63181.4,  314.107558765,  622.743854283,  2420.8
1577.0032709,  67143.2,  63171.9,  314.107607987,  622.744111193,  2419.44
1577.02370519,  67154.1,  63181.7,  314.107461669,  622.74414872,  2418.79
1577.04413958,  67125.1,  63155.5,  314.107761013,  622.743614207,  2419.81
1577.06457407,  67126.4,  63156.7,  314.107729562,  622.743875806,  2420.09
1577.08500836,  67102.2,  63134.5,  314.10777995,  622.743880015,  2419.38
1577.10544276,  67115.0,  63146.3,  314.108161201,  622.743467437,  2419.28
1577.12587725,  67088.0,  63121.3,  314.107860799,  622.743835255,  2420.63
1577.14631154,  67093.4,  63126.0,  314.107895314,  622.743394297,  2420.0
1577.16674604,  67107.2,  63138.2,  314.107847699,  622.743246394,  2419.66
1577.18718043,  67076.0,  63109.9,  314.107725968,  622.743591093,  2418.91
1577.20761472,  67059.6,  63095.1,  314.10763422,  622.743567204,  2418.68
1577.22804922,  67052.8,  63089.5,  314.107777134,  622.743358813,  2418.65
1577.24848361,  67039.5,  63076.6,  314.107808344,  622.743628885,  2418.49
1577.268918,  67025.5,  63063.7,  314.108114145,  622.743447135,  2418.69
1577.2893524,  67040.6,  63077.2,  314.107804024,  622.743865138,  2416.91
1577.30978679,  67001.5,  63041.2,  314.108163847,  622.743020019,  2417.6
1577.33022119,  67023.5,  63061.0,  314.107975795,  622.74306413,  2416.29
1577.35065568,  67005.4,  63044.9,  314.108310464,  622.743351045,  2417.19
1577.37108998,  66986.8,  63027.8,  314.107924301,  622.743284783,  2416.89
1577.39152447,  66987.0,  63028.0,  314.108353486,  622.742904507,  2417.52
1577.41195887,  66965.7,  63008.1,  314.108090361,  622.743324195,  2418.9
1577.43239316,  66967.6,  63010.3,  314.1082584,  622.743086877,  2415.53
1577.45282766,  66973.5,  63015.9,  314.108127804,  622.743042714,  2417.07
1577.47326205,  66935.3,  62979.8,  314.107822558,  622.743136323,  2415.23
1577.49369635,  66943.3,  62987.4,  314.107998282,  622.743112094,  2415.99
1577.51413085,  66905.4,  62953.4,  314.10837588,  622.743019325,  2414.12
1577.53456524,  66895.2,  62942.8,  314.108076052,  622.742745258,  2414.82
1577.55499964,  66902.5,  62950.0,  314.10819388,  622.743072875,  2416.89
1577.57543404,  66880.9,  62930.0,  314.108088096,  622.74287005,  2415.38
1577.59586833,  66868.4,  62919.0,  314.108286394,  622.743072288,  2413.78
1577.61630283,  66875.5,  62925.0,  314.108388202,  622.743066804,  2412.66
1577.63673723,  66847.8,  62899.8,  314.108244182,  622.742654144,  2415.66
1577.65717153,  66849.5,  62901.4,  314.108416279,  622.743050507,  2412.91
1577.67760602,  66844.6,  62896.6,  314.108190298,  622.743106461,  2413.73
1577.69804042,  66816.8,  62871.0,  314.10846647,  622.742788589,  2415.0
1577.71847482,  66814.8,  62869.9,  314.108176011,  622.742752213,  2417.32
1577.73890922,  66805.4,  62861.1,  314.108467184,  622.743239384,  2412.32
1577.75934362,  66786.6,  62843.4,  314.10867333,  622.74285698,  2412.83
1577.77977812,  66793.8,  62850.7,  314.108528882,  622.74265281,  2410.16
1577.80021242,  66782.0,  62839.2,  314.108767406,  622.742900463,  2413.74
1577.82064681,  66778.1,  62836.4,  314.108773393,  622.7424027,  2411.13
1577.84108131,  66756.5,  62816.3,  314.108526341,  622.74287339,  2412.62
1577.86151571,  66736.3,  62797.1,  314.108563138,  622.742326372,  2411.48
1577.88195001,  66739.2,  62800.9,  314.10849749,  622.742327022,  2411.5
1577.90238451,  66732.8,  62795.2,  314.108617868,  622.742574451,  2411.65
1577.92281891,  66729.7,  62791.8,  314.108840889,  622.74241268,  2410.96
1577.94325331,  66715.7,  62779.4,  314.108837902,  622.742528881,  2412.9
1577.96368771,  66707.8,  62771.6,  314.108439452,  622.742591477,  2412.64
1577.98412211,  66713.0,  62776.6,  314.10864289,  622.742524149,  2412.13
1578.00455652,  66697.0,  62762.2,  314.108517445,  622.742412117,  2411.18
1578.02499092,  66702.7,  62767.3,  314.108873631,  622.742074129,  2409.03
1578.04542532,  66682.9,  62749.5,  314.108622642,  622.742146457,  2408.02
1578.06585982,  66688.6,  62754.1,  314.109125206,  622.742610299,  2418.33
1578.08629412,  66677.3,  62743.7,  314.108439378,  622.74223688,  2415.23
1578.10672852,  66678.6,  62745.0,  314.108774325,  622.742097853,  2409.24
1578.12716302,  66671.2,  62737.1,  314.108882666,  622.74232988,  2412.96
1578.14759733,  66667.6,  62734.1,  314.108849173,  622.742301639,  2408.97
1578.16803183,  66669.1,  62736.0,  314.109485954,  622.742426241,  2411.95
1578.18846623,  66641.6,  62711.8,  314.108084202,  622.742200777,  2410.44
1578.20890053,  66644.9,  62714.3,  314.108648742,  622.741797773,  2409.4
1578.22933504,  66625.9,  62697.4,  314.109169179,  622.742279024,  2410.33
1578.24976934,  66626.1,  62696.2,  314.108756321,  622.741815929,  2410.2
1578.27020374,  66625.1,  62695.9,  314.108794556,  622.742449051,  2410.65
1578.29063825,  66625.2,  62695.6,  314.108574416,  622.742209554,  2411.53
1578.31107255,  66628.9,  62698.0,  314.108784263,  622.741937569,  2411.62
1578.33150705,  66615.9,  62687.9,  314.10916952,  622.742112026,  2409.88
1578.35194146,  66627.6,  62698.1,  314.109276133,  622.742885454,  2408.48
1578.37237576,  66601.0,  62673.1,  314.109289619,  622.7418277,  2407.85
1578.39281027,  66601.4,  62674.2,  314.109163432,  622.742079563,  2410.18
1578.41324467,  66601.2,  62674.5,  314.108936153,  622.741967711,  2408.01
1578.43367907,  66600.2,  62673.4,  314.109280795,  622.742140162,  2407.67
1578.45411348,  66583.1,  62657.9,  314.109042146,  622.741904131,  2410.37
1578.47454788,  66619.9,  62690.7,  314.108548954,  622.741590336,  2409.84
1578.49498229,  66585.5,  62659.8,  314.109257605,  622.742052386,  2408.55
1578.51541669,  66573.1,  62648.0,  314.108842288,  622.741314522,  2408.41
1578.5358511,  66570.5,  62645.6,  314.108879737,  622.741811533,  2407.77
1578.55628561,  66564.5,  62640.7,  314.10896871,  622.74195667,  2407.64
1578.57672001,  66569.2,  62644.1,  314.108919255,  622.74150562,  2407.05
1578.59715432,  66576.3,  62650.7,  314.109127054,  622.742077654,  2406.74
1578.63802323,  66532.5,  62611.0,  314.108823522,  622.741178584,  2407.34
1578.65845754,  66548.4,  62624.6,  314.109172632,  622.741388222,  2407.58
1578.67889204,  66551.7,  62627.7,  314.108552299,  622.741527034,  2406.05
1578.69932645,  66519.2,  62598.4,  314.108861249,  622.741394827,  2405.13
1578.71976076,  66532.0,  62610.6,  314.108932157,  622.741680872,  2405.47
1578.74019527,  66515.5,  62594.8,  314.108934106,  622.741332901,  2407.22
1578.76062967,  66484.0,  62565.7,  314.108759482,  622.741281149,  2405.24
1578.78106418,  65603.8,  61761.1,  314.109127662,  622.74097653,  2403.47
1578.80149849,  63970.2,  60267.9,  314.109061444,  622.74096546,  2404.75
1578.8219329,  62345.8,  58782.4,  314.108786162,  622.74064684,  2405.8
1578.84236741,  61385.2,  57904.7,  314.109252086,  622.740884261,  2403.96
1578.86280171,  61302.3,  57828.6,  314.109352479,  622.740582844,  2404.61
1578.88323612,  62116.9,  58572.5,  314.109028178,  622.74085911,  2405.31
1578.90367053,  63579.5,  59910.6,  314.109225787,  622.74088785,  2404.55
1578.92410494,  65277.9,  61462.9,  314.108536504,  622.74088848,  2403.8
1578.94453945,  66383.3,  62472.9,  314.108926538,  622.741655121,  2404.15
1578.96497376,  66485.3,  62566.9,  314.108385299,  622.740907272,  2402.81
1578.98540817,  66477.9,  62559.3,  314.108761711,  622.741177673,  2403.07
1579.00584268,  66465.9,  62549.3,  314.108912832,  622.741189258,  2406.43
1579.02627699,  66459.5,  62543.0,  314.108515705,  622.740545591,  2402.07
1579.0467114,  66458.3,  62541.7,  314.109028895,  622.740817615,  2403.44
1579.06714591,  66473.2,  62556.4,  314.10853533,  622.740878214,  2402.78
1579.08758032,  66447.9,  62532.4,  314.10872487,  622.740779822,  2401.02
1579.10801463,  66450.6,  62535.8,  314.108508642,  622.741073628,  2401.93
1579.12844914,  66450.4,  62535.4,  314.108281356,  622.740703247,  2399.9
1579.14888355,  66444.5,  62528.9,  314.108551878,  622.740991082,  2404.02
1579.16931796,  66450.7,  62534.8,  314.108918302,  622.740883965,  2403.13
1579.18975237,  66442.5,  62527.8,  314.108313472,  622.741102219,  2402.42
1579.21018679,  66443.9,  62529.5,  314.108277104,  622.74075072,  2400.95
1579.2306213,  66454.1,  62538.4,  314.108453673,  622.740860711,  2400.3
1579.25105561,  66443.0,  62528.0,  314.108393483,  622.740384358,  2400.46
1579.27149002,  66442.1,  62527.9,  314.10856037,  622.740852395,  2400.13
1579.29192453,  66447.0,  62531.9,  314.108794097,  622.740511268,  2398.93
1579.31235885,  66450.5,  62535.2,  314.108728584,  622.740363712,  2400.18
1579.33279336,  66456.3,  62540.1,  314.108958041,  622.740488386,  2400.71
1579.35322777,  66435.0,  62520.4,  314.108594524,  622.740238012,  2400.66
1579.37366208,  66451.6,  62535.8,  314.108942407,  622.740342849,  2400.28
1579.3940966,  66443.6,  62528.6,  314.108591379,  622.740821023,  2401.2
1579.41453101,  66443.7,  62528.1,  314.108335631,  622.740627048,  2399.29
1579.43496532,  66438.9,  62523.9,  314.108886029,  622.74028839,  2399.35
1579.45539984,  66455.1,  62538.9,  314.109158517,  622.740591863,  2400.96
1579.47583425,  66432.1,  62517.7,  314.109099344,  622.740471439,  2400.34
1579.49626857,  66445.7,  62530.2,  314.108917454,  622.74037593,  2401.33
1579.51670308,  66440.2,  62524.9,  314.108929173,  622.740296867,  2399.87
1579.5371374,  66443.7,  62527.5,  314.109140137,  622.740158351,  2399.89
1579.55757191,  66464.4,  62545.9,  314.109095058,  622.740211314,  2400.27
1579.57800632,  66442.1,  62525.5,  314.109062936,  622.740334551,  2399.32
1579.59844074,  66437.0,  62521.1,  314.109282996,  622.740285475,  2399.54
1579.61887515,  66446.3,  62529.7,  314.108857532,  622.740277475,  2399.69
1579.63930957,  66448.0,  62531.2,  314.109028557,  622.739881421,  2398.86
1579.65974399,  66458.3,  62539.9,  314.109190213,  622.739952762,  2398.53
1579.6801784,  66462.0,  62543.7,  314.109291268,  622.739998917,  2398.61
1579.70061282,  66453.8,  62536.0,  314.109341599,  622.740274447,  2398.42
1579.72104733,  66449.4,  62531.4,  314.109334278,  622.740015089,  2399.32
1579.74148175,  66438.8,  62521.9,  314.10912465,  622.739536244,  2396.67
1579.76191607,  66448.1,  62530.3,  314.109294919,  622.739845039,  2395.43
1579.78235058,  66429.5,  62513.6,  314.109202035,  622.739848666,  2393.03
1579.802785,  66464.8,  62544.8,  314.108998665,  622.73975406,  2392.51
1579.82321932,  66458.9,  62540.2,  314.109183595,  622.740018425,  2397.51
1579.84365383,  66459.0,  62540.5,  314.109403196,  622.739890303,  2394.95
1579.86408825,  66437.2,  62520.0,  314.109609364,  622.739753588,  2396.96
1579.88452257,  66449.6,  62531.4,  314.109528293,  622.739466767,  2394.22
1579.90495708,  66435.6,  62518.6,  314.109144826,  622.73937588,  2394.36
1579.9253915,  66463.2,  62543.2,  314.109287089,  622.739550647,  2395.39
1579.94582602,  66449.3,  62530.8,  314.109494651,  622.739200482,  2393.29
1579.96626034,  66462.4,  62543.3,  314.109538234,  622.739117208,  2392.57
1579.98669476,  66439.1,  62521.6,  314.109747052,  622.739506314,  2391.63
1580.00712928,  66452.4,  62533.2,  314.109502487,  622.739157453,  2393.39
1580.02756359,  66432.7,  62514.9,  314.109485256,  622.739368129,  2393.19
1580.04799801,  66434.6,  62517.3,  314.109933882,  622.739634141,  2390.89
1580.06843253,  66441.6,  62523.4,  314.109488087,  622.739117796,  2391.14
1580.08886685,  66430.9,  62512.7,  314.10959328,  622.739151691,  2390.38
1580.10930127,  66442.2,  62523.7,  314.109462549,  622.738835779,  2392.58
1580.12973579,  66431.5,  62513.8,  314.109903432,  622.739180578,  2392.49
1580.15017011,  66439.9,  62521.4,  314.109467863,  622.738965083,  2391.79
1580.17060463,  66422.0,  62505.6,  314.109897895,  622.739544671,  2391.76
1580.19103895,  66440.0,  62521.1,  314.109784709,  622.738835333,  2389.54
1580.21147337,  66470.4,  62549.0,  314.110199779,  622.739473077,  2390.56
1580.23190789,  66435.9,  62517.5,  314.109710173,  622.738954774,  2389.52
1580.25234221,  66442.4,  62522.8,  314.10966507,  622.739257498,  2390.01
1580.27277663,  66430.7,  62512.8,  314.109707709,  622.739195709,  2390.61
1580.29321115,  66447.4,  62527.9,  314.109793243,  622.739276431,  2390.31
1580.31364557,  66432.2,  62514.6,  314.109855431,  622.739214057,  2388.5
1580.33407999,  66445.6,  62526.5,  314.110061336,  622.738794284,  2388.92
1580.35451442,  66443.3,  62523.2,  314.10994347,  622.738584848,  2388.03
1580.37494884,  66434.6,  62515.8,  314.109748168,  622.738693383,  2389.15
1580.39538326,  66426.2,  62507.6,  314.110154242,  622.73877646,  2387.84
1580.41581768,  66438.7,  62518.3,  314.10964868,  622.738484394,  2389.04
1580.4362521,  66437.2,  62517.2,  314.109936393,  622.738789896,  2388.7
1580.45668663,  66419.0,  62501.2,  314.109928382,  622.738412834,  2386.25
1580.47712095,  66424.3,  62505.6,  314.109913069,  622.73839393,  2388.44
1580.49755537,  66431.9,  62512.8,  314.110165189,  622.738429455,  2386.64
1580.51798989,  66419.6,  62501.1,  314.109735797,  622.738330593,  2387.63
1580.53842422,  66447.3,  62527.3,  314.110023167,  622.738762003,  2386.12
1580.55885874,  66435.7,  62515.4,  314.109875867,  622.738752441,  2389.02
1580.57929316,  66432.8,  62513.3,  314.110099174,  622.738608577,  2386.98
1580.59972749,  66445.2,  62524.7,  314.110102805,  622.738308874,  2385.67
1580.62016201,  66447.7,  62526.5,  314.110040973,  622.738399523,  2385.65
1580.64059643,  66430.9,  62512.2,  314.109827592,  622.738206071,  2385.29
1580.66103076,  66432.6,  62512.8,  314.11079557,  622.738891265,  2386.17
1580.68146528,  66378.8,  62463.7,  314.109883139,  622.737953438,  2384.58
1580.70189971,  66438.9,  62518.6,  314.110461279,  622.737879167,  2383.94
1580.72233423,  66432.1,  62513.4,  314.110194394,  622.738616012,  2383.29
1580.74276856,  66442.8,  62521.1,  314.110524517,  622.738026403,  2385.07
1580.76320298,  66416.9,  62498.7,  314.110243548,  622.737926681,  2382.95
1580.78363751,  66419.9,  62500.9,  314.110327909,  622.738221202,  2383.88
1580.80407183,  66419.5,  62500.9,  314.110779397,  622.737763289,  2383.42
1580.82450626,  66404.5,  62487.0,  314.110738896,  622.737965248,  2384.5
1580.84494068,  66407.4,  62489.1,  314.109932589,  622.737995677,  2382.9
1580.86537511,  66417.5,  62498.8,  314.11038299,  622.738008633,  2383.07
1580.88580953,  66414.2,  62496.6,  314.110574363,  622.737964822,  2383.39
1580.90624396,  66394.0,  62477.3,  314.110180265,  622.738097545,  2381.97
1580.92667839,  66391.7,  62474.7,  314.110311007,  622.738014766,  2383.26
1580.94711291,  66392.8,  62476.3,  314.110489689,  622.737816956,  2384.07
1580.96754734,  66396.9,  62479.6,  314.109977492,  622.738109864,  2382.66
1580.98798167,  66395.4,  62478.1,  314.110384573,  622.737762826,  2381.34
1581.00841619,  66375.1,  62459.4,  314.110513441,  622.737739078,  2381.4
1581.02885062,  66393.3,  62476.0,  314.109835259,  622.737626636,  2382.44
1581.04928495,  66400.7,  62483.0,  314.110467257,  622.737845477,  2382.56
1581.06971947,  66378.5,  62462.0,  314.110307736,  622.737817165,  2381.97
1581.0901539,  66396.3,  62479.0,  314.110555201,  622.737987761,  2379.97
1581.11058843,  66354.2,  62440.4,  314.110566565,  622.737785636,  2383.29
1581.13102276,  66382.1,  62465.8,  314.110192947,  622.737939938,  2382.65
1581.15145719,  66400.5,  62482.0,  314.11035927,  622.737722696,  2381.52
1581.17189171,  66382.1,  62465.4,  314.110850446,  622.738233598,  2380.97
1581.19232604,  66392.5,  62474.9,  314.110541121,  622.737586352,  2378.69
1581.21276047,  66398.2,  62480.2,  314.110851215,  622.737453556,  2378.85
1581.233195,  66379.7,  62463.6,  314.110115629,  622.737551394,  2379.67
1581.25362933,  66390.2,  62472.6,  314.110363338,  622.737676685,  2379.2
1581.27406376,  66396.7,  62478.3,  314.110815812,  622.737211352,  2377.51
1581.29449829,  66394.0,  62475.3,  314.110662872,  622.737286227,  2380.49
1581.31493262,  66401.3,  62482.9,  314.110755175,  622.73708672,  2378.53
1581.33536715,  66394.5,  62476.5,  314.11037055,  622.737149702,  2378.94
1581.35580158,  66413.7,  62494.3,  314.11046109,  622.737376866,  2376.15
1581.37623601,  66411.2,  62491.6,  314.11093128,  622.737255259,  2379.45
1581.39667044,  66400.3,  62481.8,  314.110636587,  622.737060679,  2378.15
1581.41710487,  66395.4,  62476.9,  314.110963538,  622.737408997,  2380.31
1581.4375393,  66430.3,  62508.9,  314.110726292,  622.737049628,  2377.13
1581.45797373,  66409.1,  62488.8,  314.110432724,  622.737044072,  2377.79
1581.47840816,  66411.0,  62490.7,  314.110557891,  622.737141744,  2379.75
1581.49884259,  66427.0,  62505.3,  314.110900055,  622.737310066,  2377.88
1581.51927702,  66424.6,  62503.8,  314.111042705,  622.736905312,  2378.99
1581.53971145,  66433.4,  62511.5,  314.110909205,  622.736874609,  2378.0
1581.56014588,  66424.3,  62503.9,  314.110750236,  622.737135561,  2377.35
1581.58058031,  66444.7,  62519.6,  314.110428935,  622.736909014,  2377.42
1586.83222761,  66406.3,  62405.7,  314.115427711,  622.72284452,  2354.59
1586.85266218,  66394.3,  62398.7,  314.115377414,  622.722740534,  2356.53
1586.87309655,  66380.1,  62385.3,  314.115589076,  622.722712866,  2357.72
1586.89353113,  66374.7,  62381.2,  314.116216711,  622.722969664,  2354.88
1586.9139656,  66390.2,  62396.0,  314.116515826,  622.722758495,  2356.3
1586.93439997,  66378.3,  62385.8,  314.116773805,  622.722691374,  2355.52
1586.95483454,  66367.6,  62377.4,  314.116836425,  622.722977779,  2358.74
1586.97526901,  66355.8,  62366.1,  314.116764097,  622.722563846,  2355.3
1586.99570349,  66347.1,  62359.2,  314.116738853,  622.722168024,  2356.59
1587.01613796,  66362.8,  62374.2,  314.116867638,  622.721833822,  2352.79
1587.03657243,  66343.1,  62356.6,  314.117139988,  622.72219249,  2356.07
1587.05700701,  66350.6,  62363.2,  314.116815531,  622.722187665,  2354.43
1587.07744148,  66336.6,  62350.9,  314.116947774,  622.72218533,  2353.97
1587.09787585,  66334.6,  62349.0,  314.116810481,  622.722006765,  2348.16
1587.11831042,  66335.2,  62349.9,  314.116984035,  622.721689537,  2352.7
1587.1387449,  66326.8,  62343.0,  314.116492345,  622.721885333,  2348.21
1587.15917927,  66329.7,  62346.4,  314.116768191,  622.72203078,  2345.51
1587.17961385,  66328.7,  62345.4,  314.116771514,  622.721726064,  2346.78
1587.20004832,  66322.2,  62339.5,  314.116942868,  622.721790338,  2347.3
1587.22048279,  66325.5,  62342.5,  314.117226612,  622.721333671,  2343.87
1587.24091727,  66331.5,  62349.1,  314.117054125,  622.72129409,  2344.84
1587.26135164,  66332.5,  62350.6,  314.116715903,  622.721007195,  2342.71
1587.28178622,  66326.7,  62345.2,  314.117080953,  622.720937142,  2339.57
1587.30222069,  66304.9,  62326.8,  314.117246488,  622.721576502,  2338.92
1587.32265506,  66330.8,  62350.6,  314.117858493,  622.721031715,  2340.23
1587.34308964,  66306.6,  62328.7,  314.116670532,  622.721299155,  2341.4
1587.36352411,  66310.8,  62333.1,  314.117017504,  622.721285055,  2337.52
1587.38395869,  66301.2,  62324.2,  314.116928623,  622.721207916,  2337.86
1587.40439307,  66312.8,  62336.3,  314.117401044,  622.721935807,  2337.66
1587.42482754,  66298.0,  62322.7,  314.117110678,  622.721391148,  2337.6
1587.44526212,  66294.2,  62319.1,  314.117532497,  622.721257859,  2337.22
1587.46569649,  66290.6,  62315.9,  314.11649199,  622.721257043,  2337.62
1587.50656554,  66299.5,  62325.9,  314.117001309,  622.721402922,  2336.29
1587.52699992,  66282.5,  62310.8,  314.116946457,  622.72131793,  2333.81
1587.5474345,  66271.8,  62301.2,  314.116858187,  622.721330159,  2333.15
1587.56786897,  66275.5,  62304.8,  314.1169379,  622.721190349,  2334.15
1587.58830345,  66293.4,  62322.6,  314.116954459,  622.721398012,  2331.48
1587.60873792,  66302.0,  62329.7,  314.116760137,  622.721320778,  2331.49
1587.6291724,  66286.2,  62315.6,  314.116897153,  622.721499292,  2333.29
1587.64960688,  66282.5,  62313.7,  314.116817922,  622.721676619,  2331.17
1587.67004136,  66286.1,  62317.4,  314.116793998,  622.72168551,  2329.57
1587.69047583,  66275.9,  62308.8,  314.117226167,  622.721524334,  2330.71
1587.71091041,  66255.2,  62290.5,  314.116913538,  622.721269671,  2331.48
1587.73134479,  66261.5,  62297.3,  314.116990659,  622.7215655,  2329.99
1587.75177926,  66278.9,  62313.7,  314.117250945,  622.721543204,  2327.63
1587.77221384,  66266.0,  62301.1,  314.117034091,  622.721190003,  2329.08
1587.79264832,  66248.7,  62285.9,  314.116929325,  622.721349602,  2329.27
1587.8130827,  66240.6,  62279.9,  314.117015018,  622.721649001,  2329.73
1587.83351728,  66264.1,  62300.6,  314.116927299,  622.7214903,  2329.76
1587.85395165,  66246.1,  62285.2,  314.11712463,  622.721853599,  2327.56
1587.87438623,  66258.8,  62297.6,  314.116646991,  622.721290793,  2328.52
1587.89482071,  66254.0,  62293.5,  314.116851898,  622.721574596,  2325.81
1587.91525509,  66222.0,  62265.3,  314.117062071,  622.721644135,  2328.61
1587.93568967,  66234.7,  62277.1,  314.116468298,  622.721768521,  2326.26
1587.95612415,  66235.9,  62278.5,  314.117274037,  622.721717355,  2325.54
1587.97655853,  66229.5,  62273.6,  314.116500469,  622.721625172,  2325.98
1587.99699311,  66223.9,  62268.2,  314.116850776,  622.721851526,  2323.76
1588.01742759,  66226.1,  62271.1,  314.116406121,  622.721799336,  2325.15
1588.03786196,  66234.0,  62279.2,  314.116957216,  622.721588605,  2324.75
1588.05829654,  66220.4,  62267.0,  314.116521647,  622.72214216,  2323.68
1588.07873102,  66222.0,  62269.5,  314.116352789,  622.721963891,  2325.21
1588.0991656,  66232.7,  62279.4,  314.116244335,  622.722008516,  2322.6
1588.11959998,  66235.9,  62282.8,  314.116907393,  622.721888765,  2322.42
1588.14003446,  66234.1,  62281.6,  314.116294419,  622.721860359,  2322.33
1588.16046904,  66224.4,  62273.4,  314.11642935,  622.721840739,  2321.21
1588.18090342,  66232.6,  62280.9,  314.116522129,  622.722250633,  2321.17
1588.20133791,  66236.0,  62284.8,  314.116680917,  622.721931201,  2320.39
1588.22177249,  66224.3,  62274.2,  314.115958513,  622.721657499,  2319.53
1588.24220687,  66222.8,  62273.9,  314.116655201,  622.722218129,  2318.89
1588.26264145,  66248.2,  62296.3,  314.11597151,  622.722028411,  2318.12
1588.28307593,  66229.5,  62281.0,  314.115844285,  622.722132045,  2318.96
1588.30351041,  66245.8,  62296.0,  314.116359593,  622.722512771,  2317.32
1588.32394489,  66242.0,  62292.7,  314.116118356,  622.721893203,  2317.29
1588.34437937,  66244.0,  62294.8,  314.116316526,  622.722236787,  2318.04
1588.36481385,  66260.6,  62310.4,  314.116438497,  622.722095791,  2317.82
1588.38524834,  66255.1,  62305.8,  314.115538498,  622.722201378,  2313.99
1588.40568282,  66256.0,  62306.8,  314.116303701,  622.722320298,  2316.14
1588.4261173,  66253.3,  62305.3,  314.116202749,  622.722434062,  2317.39
1588.44655188,  66257.4,  62309.0,  314.116231276,  622.722514147,  2314.94
1588.46698626,  66260.8,  62312.6,  314.116359655,  622.722407172,  2315.51
1588.48742085,  66254.8,  62307.8,  314.116068105,  622.722372509,  2312.0
1588.50785523,  66269.3,  62321.3,  314.116143558,  622.722297979,  2312.5
1588.52828971,  66265.1,  62316.9,  314.115967896,  622.722674666,  2311.5
1588.54872429,  66259.5,  62312.1,  314.11593766,  622.722132359,  2312.13
1588.56915868,  66283.5,  62334.7,  314.116048658,  622.722598039,  2315.03
1588.58959316,  66282.3,  62333.6,  314.116051888,  622.722597334,  2311.98
1588.61002774,  66284.1,  62336.2,  314.115708982,  622.722616389,  2311.92
1588.63046213,  66288.4,  62340.2,  314.116498394,  622.72262616,  2311.27
1588.65089671,  66308.3,  62358.3,  314.116057154,  622.722623296,  2310.71
1588.67133119,  66315.8,  62365.3,  314.11623082,  622.72247488,  2311.28
1588.69176558,  66315.6,  62365.3,  314.116178178,  622.723082474,  2310.95
1588.71220016,  66306.3,  62357.6,  314.116028775,  622.722858871,  2310.44
1588.73263465,  66345.4,  62392.9,  314.116248604,  622.722755017,  2310.45
1588.75306903,  66322.0,  62372.3,  314.116007483,  622.722731685,  2310.74
1588.77350361,  66328.5,  62377.5,  314.115660498,  622.722477494,  2310.84
1588.7939381,  66348.7,  62396.8,  314.116398838,  622.722935199,  2310.5
1588.81437258,  66350.5,  62399.4,  314.115773453,  622.722857054,  2308.6
1588.83480707,  66376.4,  62423.3,  314.11641963,  622.722870081,  2307.84
1588.85524155,  66367.6,  62415.1,  314.116066431,  622.722801011,  2308.92
1588.87567614,  66390.2,  62435.1,  314.115918554,  622.722896159,  2307.2
1588.89611052,  66393.3,  62438.6,  314.116204992,  622.723043459,  2308.07
1588.91654501,  66410.2,  62453.8,  314.11632918,  622.722628245,  2308.88
1588.93697959,  66406.5,  62450.8,  314.116375727,  622.722641393,  2307.83
1588.95741408,  66425.6,  62468.6,  314.116156211,  622.723010215,  2305.97
1588.97784846,  66441.7,  62483.6,  314.11619939,  622.722954365,  2305.85
1588.99828305,  66441.4,  62482.7,  314.115891493,  622.722642262,  2308.68
1589.01871753,  66461.0,  62499.6,  314.116065629,  622.723077936,  2310.35
1589.03915192,  66480.2,  62518.0,  314.116229873,  622.72250977,  2307.11
1589.05958651,  66486.8,  62525.0,  314.116219419,  622.722945203,  2307.45
1589.08002099,  66503.3,  62540.6,  314.116071671,  622.722910114,  2304.44
1589.10045558,  66522.2,  62558.2,  314.115915749,  622.722700251,  2305.07
1589.12088997,  66531.8,  62566.6,  314.116193901,  622.72286133,  2303.89
1589.14132445,  66534.6,  62569.7,  314.116167706,  622.723121304,  2305.7
1589.16175894,  66553.4,  62586.4,  314.115922138,  622.722714208,  2304.63
1589.18219343,  66567.7,  62600.4,  314.115787136,  622.722983487,  2306.08
1589.20262781,  66576.4,  62607.8,  314.116055343,  622.722849362,  2303.98
1589.2230624,  66582.8,  62614.5,  314.115736613,  622.722837104,  2304.37
1589.24349689,  66605.8,  62635.0,  314.116366471,  622.722940299,  2303.99
1589.26393147,  66646.4,  62672.5,  314.115727856,  622.722797819,  2303.72
1589.28436586,  66643.4,  62669.3,  314.11567963,  622.72277224,  2302.99
1589.30480035,  66645.9,  62672.7,  314.116063806,  622.723088326,  2302.63
1589.32523494,  66676.3,  62699.8,  314.115937249,  622.722970916,  2302.92
1589.34566933,  66704.6,  62726.6,  314.115759791,  622.722913762,  2302.26
1589.36610381,  66710.8,  62731.4,  314.115942488,  622.722816955,  2302.4
1589.3865384,  66723.9,  62742.9,  314.115949243,  622.722672851,  2300.14
1589.40697279,  66748.5,  62767.0,  314.11598922,  622.723263351,  2302.73
1589.42740728,  66718.8,  62739.4,  314.116098896,  622.722632488,  2300.96
1589.44784187,  66039.9,  62118.3,  314.115775024,  622.722822291,  2302.48
1589.46827636,  64728.4,  60919.9,  314.116438828,  622.722966602,  2300.15
1589.48871084,  63476.5,  59775.2,  314.116221008,  622.722802243,  2302.57
1589.50914533,  62714.1,  59078.2,  314.116815379,  622.722515553,  2299.92
1589.52957982,  62692.9,  59059.1,  314.116107622,  622.72275994,  2298.04
1589.55001431,  63412.8,  59716.4,  314.115962855,  622.722335851,  2298.73
1589.5704488,  64655.4,  60851.9,  314.116516069,  622.72298622,  2300.53
1589.59088329,  66022.6,  62103.3,  314.115958644,  622.722952597,  2297.63
1589.61131788,  66846.3,  62855.9,  314.116273987,  622.722909926,  2299.49
1589.63175227,  66929.5,  62932.2,  314.116219367,  622.723469895,  2298.77
1589.65218676,  66961.1,  62960.5,  314.116146657,  622.722762649,  2298.67
1589.67262135,  66955.9,  62956.3,  314.115911147,  622.723008811,  2297.09
1589.69305574,  66983.0,  62981.0,  314.116053847,  622.722810427,  2297.06
1589.71349033,  67001.8,  62998.5,  314.115857668,  622.722674416,  2296.6
1589.73392482,  67028.1,  63021.9,  314.115802914,  622.723031691,  2294.43
1589.75435921,  67025.9,  63020.8,  314.116650764,  622.723152198,  2296.28
1589.7747938,  67046.4,  63039.1,  314.115524277,  622.722618536,  2295.44
1589.79522829,  67082.8,  63073.5,  314.115837384,  622.722937639,  2297.43
1589.81566268,  67083.5,  63072.5,  314.116222983,  622.722664654,  2297.4
1589.85653166,  67112.2,  63100.6,  314.115929599,  622.723474091,  2296.57
1589.87696625,  67120.3,  63107.8,  314.115672703,  622.722743677,  2296.28
1589.89740075,  67134.5,  63120.4,  314.116056789,  622.722472142,  2295.69
1589.91783514,  67148.4,  63133.8,  314.11607663,  622.723205315,  2294.03
1589.93826973,  67155.0,  63138.7,  314.115695281,  622.722681135,  2295.73
1589.95870422,  67187.0,  63168.4,  314.116164319,  622.722898478,  2294.94
1589.97913861,  67187.9,  63169.0,  314.116017861,  622.722542891,  2293.5
1589.9995732,  67192.4,  63173.2,  314.115797033,  622.722553821,  2294.29
1590.0200077,  67217.6,  63195.9,  314.115867706,  622.722558764,  2293.69
1590.04044219,  67213.3,  63192.1,  314.115772746,  622.722440902,  2294.51
1590.06087668,  67244.1,  63219.9,  314.115816799,  622.722855384,  2294.46
1590.08131117,  67265.9,  63241.2,  314.116216658,  622.722672925,  2293.04
1590.10174577,  67263.9,  63237.8,  314.115674516,  622.722536534,  2293.35
1590.12218016,  67284.9,  63257.4,  314.116015679,  622.722260809,  2293.08
1590.14261465,  67298.4,  63270.2,  314.115978111,  622.722706236,  2293.25
1590.16304924,  67303.5,  63275.1,  314.115914901,  622.722518341,  2292.28
1590.18348374,  67307.6,  63278.6,  314.115742354,  622.722388589,  2291.55
1590.20391813,  67323.6,  63293.1,  314.116009425,  622.722584714,  2293.07
1590.22435272,  67351.0,  63318.6,  314.11551882,  622.722544626,  2293.17
1590.24478722,  67335.8,  63304.4,  314.115918209,  622.722625507,  2292.06
1590.26522161,  67344.5,  63312.0,  314.115687961,  622.722365337,  2291.49
1590.2856562,  67375.1,  63340.4,  314.115781729,  622.722874456,  2291.33
1590.3060907,  67381.2,  63346.1,  314.116326895,  622.722856024,  2292.9
1590.32652529,  67380.7,  63345.3,  314.115672179,  622.722503547,  2290.62
1590.34695969,  67395.5,  63359.8,  314.115849338,  622.722356961,  2291.26
1590.36739418,  67415.7,  63377.3,  314.115877906,  622.722706208,  2292.22
1590.38782877,  67416.2,  63377.7,  314.115741862,  622.72249305,  2291.79
1590.40826317,  67419.2,  63380.7,  314.11608139,  622.722764392,  2289.67
1590.42869766,  67431.9,  63392.7,  314.115928051,  622.722569453,  2289.76
1590.44913216,  67437.6,  63397.7,  314.115875733,  622.722415674,  2290.52
1590.46956665,  67458.7,  63417.6,  314.116262479,  622.722313988,  2290.36
1590.49000125,  67462.6,  63419.9,  314.115789318,  622.722811362,  2288.27
1590.51043564,  67471.2,  63428.1,  314.116492599,  622.722358955,  2289.87
1590.53087014,  67477.7,  63435.2,  314.115698322,  622.722533033,  2290.01
1590.55130473,  67497.4,  63453.0,  314.115916384,  622.722462322,  2289.84
1590.57173913,  67487.8,  63444.4,  314.115955922,  622.722362376,  2287.9
1590.59217362,  67504.3,  63459.3,  314.115677621,  622.722484687,  2290.7
1590.61260822,  67499.7,  63454.8,  314.115718192,  622.722194664,  2288.66
1590.63304261,  67498.9,  63454.2,  314.115480762,  622.722221603,  2288.56
1590.65347711,  67514.3,  63468.9,  314.115704379,  622.722019964,  2288.42
1590.67391171,  67512.5,  63466.5,  314.116120075,  622.722458705,  2289.08
1590.6943462,  67518.6,  63472.6,  314.11593109,  622.722272553,  2288.87
1590.7147807,  67530.8,  63484.0,  314.115887902,  622.722238321,  2289.11
1590.73521519,  67515.5,  63469.8,  314.115679771,  622.722434266,  2289.74
1590.75564969,  67534.2,  63486.6,  314.115858038,  622.722350953,  2288.06
1590.77608419,  67545.4,  63497.1,  314.115704806,  622.722408425,  2288.0
1590.79651868,  67526.2,  63478.9,  314.116288073,  622.722625103,  2288.52
1590.81695318,  67541.2,  63492.7,  314.115759756,  622.722377439,  2287.81
1590.83738778,  67533.8,  63486.4,  314.116080983,  622.722431644,  2286.68
1590.85782218,  67538.8,  63490.6,  314.116059274,  622.72255306,  2288.89
1590.87825667,  67538.8,  63491.8,  314.115806763,  622.722118345,  2286.46
1590.89869127,  67550.1,  63501.5,  314.116047445,  622.7223392,  2287.27
1590.91912567,  67543.3,  63495.5,  314.116064649,  622.722415245,  2288.24
1590.93956026,  67538.2,  63489.9,  314.115841063,  622.721950404,  2287.25
1590.95999476,  67534.2,  63487.1,  314.116326389,  622.72239032,  2286.76
1590.98042916,  67513.9,  63461.8,  314.114537718,  622.721473092,  2285.96
1591.00086376,  67457.5,  63412.6,  314.116277663,  622.72165299,  2286.75
