Kepler I.D.-----Channel

[2854432]--------[83]

-TTYPE1--------TTYPE8------------TTYPE4-----------TTYPE15------------TTYPE17-----------TTYPE6

['TIME']---['PDCSAP_FLUX']---['SAP_FLUX']---['MOM_CENTR1']---['MOM_CENTR2']---['SAP_BKG']

['BJD - 2454833']--['e-/s']--------['e-/s']---------['pixel']---------['pixel']----------['e-/s']

CROWDSAP --- 0.9635

2854432

1559.24617342,  15776.1,  11930.4,  974.913146263,  918.911368867,  931.632
1559.26660781,  14835.6,  11244.9,  974.912965826,  918.922275441,  932.109
1559.2870423,  14007.6,  10640.3,  974.91264883,  918.931993412,  931.174
1559.30747659,  13938.7,  10590.1,  974.912543008,  918.932911868,  931.008
1559.32791098,  14671.1,  11126.1,  974.912002877,  918.924002347,  931.295
1559.34834548,  15472.6,  11710.2,  974.913176359,  918.914951184,  930.856
1559.36877977,  15980.7,  12081.8,  974.91277634,  918.909619091,  930.796
1559.38921426,  16059.9,  12140.2,  974.913485288,  918.909424878,  931.647
1559.40964865,  15570.1,  11782.2,  974.912716179,  918.914141242,  931.541
1559.43008304,  14701.8,  11149.7,  974.912489626,  918.923808072,  931.18
1559.45051744,  13754.9,  10458.5,  974.911214524,  918.93606919,  929.573
1559.47095183,  13694.8,  10414.2,  974.911660602,  918.936801105,  930.329
1559.49138622,  14579.4,  11061.2,  974.911153361,  918.925419071,  930.198
1559.51182062,  15595.1,  11802.3,  974.911980875,  918.91386725,  929.841
1559.53225501,  16280.3,  12303.1,  974.912822458,  918.907118695,  929.927
1559.5526894,  16239.2,  12274.2,  974.913121536,  918.907568266,  929.831
1559.5731238,  15467.6,  11710.1,  974.912506149,  918.91569553,  929.813
1559.59355819,  14601.4,  11078.5,  974.911726963,  918.925828115,  929.956
1559.61399259,  13944.5,  10599.8,  974.910536769,  918.934210417,  928.765
1559.63442698,  14092.8,  10707.2,  974.911170237,  918.931437503,  928.74
1559.65486138,  14842.2,  11255.9,  974.911577025,  918.922871165,  928.45
1559.67529587,  15598.2,  11807.2,  974.912271285,  918.914549888,  928.284
1559.69573017,  16119.2,  12187.6,  974.91231585,  918.909015182,  929.107
1559.71616456,  16070.4,  12152.9,  974.911877205,  918.909867566,  928.616
1559.73659906,  15411.0,  11671.2,  974.911399004,  918.916474794,  928.474
1559.75703335,  14434.2,  10958.4,  974.911244142,  918.927234044,  929.112
1559.77746785,  13531.4,  10300.3,  974.910721666,  918.939819422,  928.31
1559.79790225,  13794.4,  10491.2,  974.910068643,  918.935653798,  927.493
1559.81833654,  14875.0,  11280.7,  974.910877678,  918.923531113,  928.263
1559.83877104,  15841.1,  11986.8,  974.912153065,  918.912299903,  928.09
1559.85920544,  16329.3,  12342.1,  974.91222155,  918.907380075,  928.288
1559.87963973,  16092.6,  12170.8,  974.912104202,  918.909791542,  927.719
1559.90007423,  15343.8,  11624.0,  974.911001354,  918.918210179,  927.733
1559.92050863,  14533.0,  11032.1,  974.910490487,  918.927039957,  927.082
1559.94094313,  13929.0,  10592.2,  974.909879411,  918.934534247,  927.18
1559.96137743,  14233.3,  10813.2,  974.910249555,  918.930345915,  927.423
1559.98181182,  14925.4,  11318.9,  974.91073831,  918.922536203,  926.534
1560.00224632,  15685.2,  11874.4,  974.911111205,  918.914469819,  928.016
1560.02268062,  16217.3,  12261.8,  974.911656615,  918.908958294,  926.533
1560.04311502,  15996.2,  12100.7,  974.911355584,  918.911019389,  927.306
1560.06354952,  15183.2,  11508.1,  974.911187419,  918.920151467,  926.829
1560.08398382,  14158.4,  10759.0,  974.910766583,  918.931460493,  926.765
1560.10441832,  13522.5,  10296.0,  974.909724619,  918.940313475,  926.631
1560.12485272,  14148.9,  10752.7,  974.910169826,  918.93190496,  926.832
1560.14528702,  15147.0,  11481.1,  974.910213242,  918.919939812,  926.574
1560.16572152,  16010.3,  12112.3,  974.911394027,  918.910823132,  926.335
1560.18615592,  16286.1,  12312.8,  974.911425684,  918.908503098,  926.436
1560.20659022,  15869.5,  12009.0,  974.911046875,  918.913060554,  926.298
1560.22702472,  15212.8,  11530.3,  974.910991945,  918.919491598,  925.464
1560.24745913,  14391.4,  10929.7,  974.910115196,  918.929593939,  925.302
1560.26789343,  13911.3,  10579.8,  974.909491468,  918.935006051,  926.026
1560.28832793,  14346.6,  10898.0,  974.910145398,  918.93047924,  926.085
1560.30876233,  15128.8,  11468.1,  974.910704931,  918.920745691,  925.112
1560.32919673,  15971.5,  12084.5,  974.910165498,  918.912184084,  925.843
1560.34963114,  16286.8,  12314.1,  974.911256167,  918.908047204,  924.891
1560.37006554,  15835.0,  11984.1,  974.910804492,  918.913814193,  925.028
1560.39050004,  14895.9,  11299.3,  974.91033022,  918.923742302,  924.919
1560.41093435,  13836.2,  10524.4,  974.908953937,  918.936914965,  925.633
1560.43136875,  13610.3,  10360.4,  974.908886396,  918.939048189,  924.804
1560.45180325,  14426.5,  10956.9,  974.909889702,  918.929028602,  924.272
1560.47223756,  15398.3,  11664.9,  974.910779325,  918.918345392,  925.035
1560.49267206,  16105.8,  12182.4,  974.910806923,  918.910228237,  925.429
1560.51310647,  16249.2,  12286.8,  974.910732559,  918.909638692,  925.005
1560.53354077,  15860.1,  12002.2,  974.910229028,  918.913315141,  923.968
1560.55397528,  15083.6,  11436.4,  974.909947849,  918.921874912,  925.213
1560.57440968,  14212.6,  10799.8,  974.909554433,  918.932123865,  923.184
1560.59484399,  13873.0,  10552.1,  974.90913365,  918.935976989,  923.455
1560.61527849,  14402.2,  10939.5,  974.909662061,  918.929625611,  923.179
1560.6357129,  15355.6,  11634.1,  974.909637463,  918.918226427,  923.463
1560.6561473,  16147.2,  12211.9,  974.91061785,  918.910229013,  923.365
1560.67658171,  16247.1,  12285.8,  974.910235799,  918.909105385,  922.67
1560.69701612,  15616.6,  11824.6,  974.9101389,  918.915714494,  923.047
1560.73788493,  13776.2,  10481.8,  974.909332983,  918.9373694,  924.1
1560.75831934,  13783.4,  10486.1,  974.908676279,  918.937106176,  923.224
1560.77875384,  14658.1,  11125.5,  974.909563622,  918.926508562,  923.011
1560.79918815,  15541.0,  11769.0,  974.909490311,  918.916065978,  922.878
1560.81962256,  16075.9,  12159.0,  974.91029246,  918.91077306,  924.866
1560.84005707,  16206.8,  12255.7,  974.909564772,  918.910035286,  933.405
1560.96266352,  15677.9,  11870.2,  974.910690944,  918.915118454,  942.107
1560.98309783,  16235.9,  12277.9,  974.909584989,  918.909882471,  939.826
1561.00353234,  16111.5,  12187.9,  974.910073369,  918.911081633,  939.663
1561.02396675,  15268.2,  11571.7,  974.909282343,  918.919980858,  936.521
1561.04440126,  14411.7,  10945.5,  974.909180937,  918.928849064,  935.735
1561.06483557,  13737.3,  10454.2,  974.907336584,  918.937990044,  935.355
1561.08526998,  13967.8,  10622.3,  974.90860638,  918.934792665,  934.537
1561.10570449,  14834.7,  11255.1,  974.908803938,  918.925171576,  934.917
1561.1261388,  15653.9,  11853.6,  974.91049247,  918.915808952,  934.171
1561.14657321,  16240.7,  12280.9,  974.909357752,  918.90961944,  931.756
1561.16700772,  16216.1,  12263.1,  974.910085922,  918.909914535,  930.03
1561.18744203,  15575.0,  11794.8,  974.910033556,  918.915644442,  929.937
1561.20787645,  14637.9,  11109.5,  974.909485059,  918.927053073,  930.421
1561.22831096,  13816.3,  10511.1,  974.908693148,  918.936862697,  929.123
1561.24874527,  13993.2,  10639.9,  974.908166217,  918.935517958,  927.921
1561.26917978,  14952.9,  11339.3,  974.908666563,  918.923544278,  928.278
1561.2896142,  15828.9,  11979.8,  974.909408785,  918.913694632,  926.425
1561.31004861,  16231.8,  12273.2,  974.908744194,  918.90990061,  926.621
1561.33048302,  15921.0,  12046.3,  974.909727669,  918.91350594,  926.297
1561.35091744,  15135.5,  11473.8,  974.908784786,  918.921144139,  926.006
1561.37135185,  14299.6,  10862.5,  974.908990903,  918.930535022,  925.359
1561.39178626,  13689.5,  10418.0,  974.908289236,  918.937269474,  925.333
1561.41222068,  14105.8,  10721.7,  974.908007175,  918.931639632,  923.383
1561.43265519,  14916.8,  11313.1,  974.908728909,  918.924268809,  922.854
1561.45308951,  15754.2,  11925.0,  974.908995715,  918.914432785,  922.671
1561.47352392,  16348.6,  12358.5,  974.909609426,  918.908646966,  922.581
1561.49395834,  16152.6,  12215.6,  974.909843087,  918.910153512,  921.566
1561.51439275,  15353.2,  11633.0,  974.908958231,  918.919739514,  921.56
1561.53482717,  14362.0,  10907.8,  974.909272481,  918.930177326,  921.443
1561.55526168,  13762.6,  10471.1,  974.907759174,  918.938443775,  921.38
1561.575696,  14294.6,  10859.4,  974.907867874,  918.931178549,  920.94
1561.59613041,  15211.0,  11527.8,  974.90849094,  918.920775024,  920.655
1561.61656493,  15973.6,  12085.5,  974.908780519,  918.912504158,  921.195
1561.63699925,  16154.9,  12217.6,  974.909313823,  918.910958179,  920.096
1561.65743376,  15692.5,  11879.1,  974.909077692,  918.915616323,  919.88
1561.67786818,  15003.6,  11377.5,  974.908295285,  918.923504986,  919.964
1561.6983025,  14143.2,  10748.8,  974.907985431,  918.932937107,  919.454
1561.71873702,  13676.3,  10408.2,  974.90739857,  918.939265186,  919.82
1561.73917143,  14255.7,  10831.6,  974.90819421,  918.931699672,  919.962
1561.75960575,  15139.9,  11476.3,  974.908665363,  918.921991639,  919.433
1561.78004027,  16040.5,  12134.6,  974.909403677,  918.912079262,  919.076
1561.80047469,  16402.8,  12399.5,  974.909343538,  918.908436406,  918.551
1561.82090921,  15998.1,  12102.9,  974.909142581,  918.912421786,  919.133
1561.84134352,  15068.5,  11425.1,  974.908331631,  918.923305336,  919.113
1561.86177794,  14039.1,  10673.1,  974.907265003,  918.935163185,  918.576
1561.88221246,  13846.7,  10532.8,  974.907081474,  918.937601745,  917.802
1561.90264678,  14535.4,  11035.8,  974.907744207,  918.92917367,  918.577
1561.9230812,  15390.7,  11659.7,  974.908912765,  918.919001693,  917.879
1561.94351572,  16021.8,  12120.6,  974.908754428,  918.912899285,  917.414
1561.96395004,  16110.7,  12186.4,  974.908658036,  918.912058471,  917.372
1561.98438446,  15664.7,  11859.8,  974.908515518,  918.91642715,  917.833
1562.00481898,  14860.7,  11273.6,  974.907082238,  918.924680095,  916.908
1562.0252534,  13958.2,  10615.1,  974.906861583,  918.936032366,  917.571
1562.04568782,  13679.2,  10410.4,  974.90734582,  918.940263242,  916.026
1562.06612224,  14328.5,  10885.2,  974.906950367,  918.932095153,  916.461
1562.08655657,  15392.1,  11661.6,  974.908359888,  918.918973523,  916.853
1562.10699109,  16255.2,  12291.0,  974.908853782,  918.910103108,  916.092
1562.12742551,  16381.7,  12384.6,  974.908575708,  918.909197834,  916.214
1562.14785983,  15767.5,  11935.3,  974.908545096,  918.91530705,  915.819
1562.16829435,  14812.2,  11238.1,  974.90720464,  918.92558345,  915.905
1562.18872878,  14015.4,  10657.2,  974.906828061,  918.935368175,  916.171
1562.2091633,  13994.9,  10641.1,  974.907106323,  918.935739297,  914.799
1562.22959762,  14751.3,  11193.5,  974.907476453,  918.926516283,  916.323
1562.25003204,  15540.5,  11770.2,  974.908472143,  918.918090291,  914.923
1562.27046657,  16003.1,  12106.8,  974.907087121,  918.913877507,  914.741
1562.29090089,  16056.9,  12146.9,  974.908670582,  918.91239512,  915.082
1562.31133531,  15544.0,  11772.7,  974.907787116,  918.918170406,  915.157
1562.33176984,  14660.4,  11127.1,  974.907235601,  918.928253596,  914.834
1562.35220416,  13749.7,  10463.3,  974.907211016,  918.938627465,  914.691
1562.37263869,  13718.0,  10439.1,  974.906581298,  918.939260168,  914.497
1562.39307311,  14603.9,  11086.5,  974.906976997,  918.929898765,  914.61
1562.41350744,  15657.9,  11856.2,  974.908057188,  918.916665337,  914.74
1562.43394196,  16327.8,  12344.0,  974.908222099,  918.909774152,  913.65
1562.45437639,  16256.1,  12291.9,  974.907397225,  918.91011952,  914.486
1562.47481071,  15455.3,  11708.4,  974.907770581,  918.91935779,  914.191
1562.49524524,  14596.1,  11079.9,  974.907003826,  918.928766728,  913.675
1562.51567966,  13979.6,  10630.7,  974.90682597,  918.936994118,  913.554
1562.53611409,  14101.3,  10719.1,  974.906572899,  918.935981552,  913.356
1562.55654851,  14897.6,  11300.4,  974.907724627,  918.925215182,  912.888
1562.57698294,  15636.3,  11840.5,  974.908035407,  918.917572552,  912.739
1562.59741747,  16150.8,  12215.0,  974.908369289,  918.911832622,  912.114
1562.61785179,  16067.0,  12154.0,  974.908190542,  918.912601863,  912.276
1562.63828622,  15374.1,  11649.1,  974.90721767,  918.92073201,  912.004
1562.65872075,  14399.6,  10936.8,  974.906769596,  918.930981495,  912.239
1562.67915518,  13523.5,  10297.6,  974.906761196,  918.942167586,  911.714
1562.6995895,  13842.3,  10531.3,  974.906445253,  918.938053121,  911.845
1562.72002403,  14928.6,  11322.8,  974.906878181,  918.924821099,  912.292
1562.74045836,  15894.5,  12028.8,  974.907778752,  918.915287833,  911.235
1562.76089289,  16359.8,  12367.8,  974.908327177,  918.910027328,  911.857
1562.78132732,  16087.2,  12168.7,  974.907819591,  918.913081186,  911.511
1562.80176165,  15321.3,  11610.5,  974.907150149,  918.920623602,  911.473
1562.82219617,  14523.7,  11027.4,  974.906931062,  918.929307978,  910.881
1562.8426306,  13951.0,  10610.0,  974.90673084,  918.936554544,  912.31
1562.86306493,  14277.7,  10848.9,  974.906587006,  918.93271893,  911.469
1562.88349946,  14985.4,  11364.5,  974.90708334,  918.925171009,  910.517
1562.90393389,  15732.7,  11910.6,  974.907636204,  918.916394395,  911.178
1562.92436822,  16240.9,  12281.3,  974.907612821,  918.911276544,  911.719
1562.94480275,  15967.7,  12081.2,  974.907795868,  918.913871855,  911.419
1562.96523718,  15145.9,  11482.4,  974.906593001,  918.922694127,  910.9
1562.98567171,  14120.7,  10733.1,  974.906892771,  918.935025914,  911.028
1563.00610604,  13525.2,  10298.4,  974.905903684,  918.941670895,  912.005
1563.02654048,  14179.3,  10776.9,  974.906687104,  918.934550825,  910.789
1563.04697501,  15196.2,  11518.1,  974.907038533,  918.922040295,  910.436
1563.06740934,  16038.9,  12133.9,  974.907511783,  918.913185646,  910.752
1563.08784377,  16287.1,  12315.8,  974.907392252,  918.911561439,  911.095
1563.1082783,  15871.4,  12011.4,  974.907375847,  918.91495809,  909.461
1563.12871263,  15195.7,  11518.8,  974.90720192,  918.92244428,  909.791
1563.14914717,  14379.3,  10922.3,  974.907009046,  918.93163288,  910.081
1563.1695816,  13938.6,  10600.6,  974.906225812,  918.937803369,  909.839
1563.19001603,  14404.0,  10940.9,  974.90625067,  918.932054111,  911.17
1563.21045046,  15180.6,  11507.1,  974.907027047,  918.922854245,  913.133
1563.2308849,  16009.5,  12112.2,  974.907820503,  918.91403361,  913.635
1563.25131933,  16279.7,  12310.3,  974.907411357,  918.910950229,  914.615
1563.27175376,  15812.6,  11968.3,  974.907138481,  918.916164056,  914.237
1563.2921882,  14849.6,  11265.9,  974.90598067,  918.92578418,  914.02
1563.31262263,  13802.2,  10501.8,  974.906525291,  918.939301065,  914.418
1563.33305717,  13633.3,  10377.8,  974.905969824,  918.941656687,  915.304
1563.3534915,  14462.0,  10983.4,  974.906376155,  918.930951194,  916.376
1563.37392594,  15418.5,  11681.2,  974.907034672,  918.920501776,  917.221
1563.39436037,  16126.2,  12197.6,  974.907096491,  918.913248378,  917.65
1563.41479481,  16272.4,  12305.1,  974.907509438,  918.911381714,  916.381
1563.43522934,  15857.9,  12001.3,  974.907335987,  918.915651575,  916.839
1563.45566368,  15075.9,  11430.6,  974.906824309,  918.923681001,  916.555
1563.47609811,  14194.6,  10788.3,  974.905637003,  918.934176814,  917.269
1563.49653265,  13918.6,  10585.9,  974.906109232,  918.93742306,  915.512
1563.51696698,  14474.5,  10991.8,  974.906829271,  918.930880814,  915.393
1563.53740152,  15411.9,  11677.0,  974.907144086,  918.92098589,  914.542
1563.55783596,  16173.3,  12231.8,  974.906100744,  918.912733247,  913.595
1563.57827029,  16224.0,  12269.2,  974.907547375,  918.912277447,  912.6
1563.59870483,  15566.8,  11789.2,  974.906912861,  918.919106087,  912.554
1563.61913927,  14587.9,  11074.5,  974.905685617,  918.929497143,  912.279
1563.6395736,  13756.9,  10469.0,  974.905311255,  918.940315512,  912.115
1563.66000814,  13794.7,  10495.7,  974.905864826,  918.939304749,  911.645
1563.68044258,  14698.5,  11155.5,  974.906155849,  918.928019042,  912.339
1563.72131146,  16114.0,  12187.6,  974.907089246,  918.91281664,  910.311
1563.74174589,  16244.9,  12283.6,  974.907498518,  918.912228225,  910.779
1563.76218043,  15745.7,  11919.6,  974.90683234,  918.917079298,  909.679
1563.78261477,  14894.3,  11296.8,  974.906436079,  918.926040267,  910.719
1563.80304921,  14006.8,  10649.5,  974.905459726,  918.936381656,  909.883
1563.82348375,  13963.0,  10617.5,  974.905912878,  918.937936308,  910.483
1563.84391819,  14764.4,  11202.1,  974.906200896,  918.927281804,  910.711
1563.86435253,  15695.4,  11882.2,  974.906339779,  918.917414221,  910.228
1563.88478707,  16272.5,  12302.7,  974.907474001,  918.911224279,  910.067
1563.90522151,  16096.7,  12174.6,  974.906710852,  918.912771619,  910.391
1563.92565595,  15240.3,  11549.8,  974.906475887,  918.922791147,  909.939
1563.94609039,  14362.0,  10907.6,  974.905405006,  918.931684731,  909.318
1563.96652483,  13707.6,  10430.5,  974.904630554,  918.940552584,  909.502
1563.98695927,  13976.1,  10626.5,  974.905205169,  918.936869628,  909.798
1564.00739371,  14855.2,  11267.3,  974.90570743,  918.926338689,  910.169
1564.02782815,  15690.3,  11877.9,  974.906256541,  918.917883531,  909.63
1564.04826259,  16281.6,  12309.1,  974.90687497,  918.91121984,  909.753
1564.06869704,  16248.5,  12284.6,  974.906774339,  918.911578229,  909.095
1564.08913158,  15604.4,  11815.1,  974.906286691,  918.918952723,  909.629
1564.10956592,  14639.1,  11109.6,  974.905225735,  918.92866645,  909.642
1564.13000036,  13798.5,  10495.9,  974.904711116,  918.939189251,  909.185
1564.15043491,  14081.7,  10703.4,  974.9052747,  918.935756246,  908.805
1564.17086925,  15030.5,  11395.0,  974.906042604,  918.924465358,  909.654
1564.19130369,  15894.2,  12025.9,  974.906871914,  918.915309789,  909.32
1564.21173823,  16263.9,  12296.3,  974.906056131,  918.91176547,  907.958
1564.23217258,  15898.9,  12028.7,  974.906045156,  918.915808179,  907.752
1564.25260702,  15110.1,  11453.6,  974.90579795,  918.924054952,  907.422
1564.27304156,  14263.7,  10835.4,  974.905514394,  918.933427614,  908.75
1564.29347591,  13686.5,  10413.9,  974.904089452,  918.9403274,  907.181
1564.31391045,  14128.7,  10737.6,  974.905315482,  918.935208175,  907.204
1564.3343449,  14969.6,  11350.3,  974.905552676,  918.925446695,  908.4
1564.35477924,  15810.5,  11964.3,  974.906580244,  918.916968162,  906.009
1564.37521379,  16401.8,  12396.7,  974.906899535,  918.910838527,  906.77
1564.39564823,  16172.1,  12228.3,  974.906190191,  918.91286102,  907.234
1564.41608268,  15375.3,  11647.1,  974.90529512,  918.920926309,  905.447
1564.43651712,  14352.3,  10900.4,  974.904787832,  918.933343826,  906.026
1564.45695157,  13819.8,  10511.1,  974.904854203,  918.939019903,  906.318
1564.47738611,  14367.0,  10911.1,  974.904729318,  918.932724864,  906.099
1564.49782056,  15256.4,  11560.2,  974.905778399,  918.922605896,  905.501
1564.5182549,  16012.6,  12111.8,  974.905998218,  918.914313742,  904.749
1564.53868945,  16155.4,  12216.6,  974.905537078,  918.913659087,  904.835
1564.5591239,  15682.6,  11870.6,  974.905869335,  918.918179053,  903.206
1564.57955824,  14976.5,  11355.6,  974.904942898,  918.925281482,  902.755
1564.59999279,  14109.1,  10722.9,  974.904372016,  918.935776821,  903.257
1564.62042724,  13669.4,  10401.0,  974.904114201,  918.940907756,  901.834
1564.64086159,  14280.3,  10847.6,  974.905417395,  918.933509575,  901.351
1564.66129613,  15183.3,  11507.3,  974.90539189,  918.923253832,  901.513
1564.68173048,  16084.2,  12163.9,  974.905726909,  918.913954126,  902.299
1564.70216503,  16452.2,  12433.3,  974.90581245,  918.910737355,  902.705
1564.72259948,  16009.3,  12109.8,  974.905986552,  918.915102801,  902.154
1564.74303383,  15078.3,  11430.0,  974.905140462,  918.924335919,  901.757
1564.76346837,  14069.4,  10694.5,  974.904542097,  918.935952144,  900.715
1564.78390282,  13885.0,  10559.6,  974.904341085,  918.938684335,  901.238
1564.80433717,  14709.2,  11160.6,  974.905057673,  918.931769454,  901.392
1564.82477172,  15459.3,  11709.2,  974.905270952,  918.920453413,  901.117
1564.84520617,  16071.6,  12154.9,  974.905726362,  918.914215776,  900.814
1564.86564072,  16122.4,  12192.9,  974.906072674,  918.913902192,  899.715
1564.88607507,  15641.2,  11842.2,  974.905431231,  918.918617897,  899.611
1564.90650952,  14835.2,  11252.4,  974.904607882,  918.927222761,  898.893
1564.92694407,  13923.6,  10588.1,  974.903413264,  918.937312398,  899.929
1564.94737842,  13674.4,  10406.1,  974.904170236,  918.941514913,  899.226
1564.96781287,  14378.4,  10919.2,  974.904219378,  918.932895173,  900.572
1564.98824742,  15453.7,  11705.2,  974.9049013,  918.920100229,  899.395
1565.00868177,  16294.9,  12318.6,  974.905625663,  918.912148308,  899.389
1565.02911622,  16410.7,  12403.3,  974.905550505,  918.911412897,  898.949
1565.04955078,  15792.9,  11952.9,  974.905449918,  918.918131253,  899.359
1565.06998523,  14838.3,  11255.3,  974.904421529,  918.927640774,  898.283
1565.09041968,  14038.0,  10672.2,  974.903943797,  918.937057804,  898.234
1565.11085413,  14045.3,  10677.4,  974.903365655,  918.937045274,  899.073
1565.13128858,  14807.2,  11232.5,  974.904488669,  918.92777648,  898.937
1565.15172304,  15574.8,  11793.9,  974.904659379,  918.919548572,  899.229
1565.17215749,  16023.6,  12120.8,  974.905162372,  918.915019617,  899.008
1565.19259194,  16066.7,  12152.1,  974.904904055,  918.914717411,  898.698
1565.21302649,  15511.3,  11748.0,  974.904505518,  918.920698665,  898.073
1565.23346085,  14638.5,  11109.8,  974.904047209,  918.930102202,  898.359
1565.2538954,  13734.1,  10449.6,  974.903638798,  918.940783215,  897.71
1565.27432985,  13769.9,  10476.6,  974.903819864,  918.940665507,  899.107
1565.29476421,  14707.4,  11160.3,  974.904389039,  918.928778844,  897.915
1565.31519876,  15730.6,  11907.3,  974.904440814,  918.917845494,  899.026
1565.33563312,  16387.8,  12387.2,  974.905005371,  918.911646605,  897.648
1565.35606757,  16299.9,  12322.4,  974.90564886,  918.912545097,  898.319
1565.37650212,  15470.0,  11717.8,  974.904610902,  918.921581334,  896.967
1565.39693648,  14628.6,  11103.0,  974.904088922,  918.93083766,  897.499
1565.41737093,  13994.5,  10639.8,  974.903479311,  918.938220276,  898.903
1565.43780549,  14196.1,  10787.9,  974.904261384,  918.935276384,  897.913
1565.45823984,  14941.1,  11330.5,  974.904295482,  918.927063223,  898.299
1565.4786744,  15674.9,  11866.4,  974.904558907,  918.918881787,  898.348
1565.49910886,  16169.6,  12228.2,  974.904628794,  918.914428156,  896.764
1565.51954321,  16062.4,  12149.3,  974.904474761,  918.915401121,  897.24
1565.53997777,  15345.7,  11626.9,  974.904552666,  918.922740613,  897.399
1565.56041222,  14369.6,  10914.2,  974.903599614,  918.933503449,  897.688
1565.58084668,  13510.3,  10286.5,  974.902585688,  918.944441155,  896.373
1565.60128114,  13925.4,  10590.2,  974.903900815,  918.938863181,  897.657
1565.62171559,  15014.9,  11384.8,  974.903840663,  918.926472587,  896.883
1565.64215015,  15947.4,  12065.8,  974.904083049,  918.916260383,  897.378
1565.66258451,  16401.0,  12397.9,  974.904070847,  918.911997705,  895.499
1565.68301897,  16107.5,  12182.2,  974.905396107,  918.915215849,  896.786
1565.70345352,  15348.5,  11628.8,  974.904231995,  918.922563447,  896.468
1565.72388798,  14527.3,  11029.6,  974.903717781,  918.932148074,  896.31
1565.74432234,  13965.4,  10618.3,  974.903275165,  918.938550275,  896.996
1565.7647569,  14324.3,  10881.3,  974.902479685,  918.934419382,  896.831
1565.78519136,  15024.0,  11392.1,  974.903678779,  918.926025801,  896.179
1565.80562582,  15788.1,  11949.2,  974.904397367,  918.918286806,  896.778
1565.82606027,  16272.2,  12303.3,  974.904855507,  918.913528037,  895.18
1565.84649473,  15972.0,  12083.5,  974.904293206,  918.916564094,  896.072
1565.86692929,  15115.4,  11458.4,  974.904281791,  918.925123143,  895.414
1565.88736365,  14079.7,  10702.9,  974.903243084,  918.937386116,  895.698
1565.90779811,  13551.2,  10316.0,  974.903189342,  918.943398536,  895.252
1565.92823267,  14248.1,  10825.6,  974.903034378,  918.934926277,  895.002
1565.94866703,  15268.6,  11570.8,  974.903113642,  918.924546418,  894.699
1565.96910149,  16097.8,  12175.4,  974.904396165,  918.914863226,  893.793
1565.98953595,  16318.1,  12336.9,  974.904763943,  918.913136578,  894.51
1566.00997041,  15885.3,  12020.7,  974.904109953,  918.916805277,  894.466
1566.03040497,  15208.9,  11526.2,  974.903298015,  918.924298043,  893.959
1566.05083934,  14371.6,  10916.2,  974.903047861,  918.933629861,  894.657
1566.0712738,  13948.3,  10606.1,  974.903476534,  918.939579952,  894.156
1566.09170836,  14446.8,  10970.1,  974.902955934,  918.933171093,  894.023
1566.11214272,  15252.0,  11558.6,  974.90364119,  918.924165519,  893.604
1566.13257718,  16047.4,  12138.6,  974.903942776,  918.915981377,  892.786
1566.15301174,  16297.3,  12321.2,  974.904156908,  918.913626762,  892.822
1566.17344611,  15789.3,  11950.9,  974.903354417,  918.918541003,  893.118
1566.19388067,  14812.6,  11237.2,  974.903383898,  918.928342821,  893.522
1566.21431513,  13803.6,  10501.4,  974.902898651,  918.941381765,  892.573
1566.23474949,  13654.0,  10391.7,  974.902746387,  918.942478854,  892.913
1566.25518406,  14528.0,  11029.3,  974.902647664,  918.931553864,  893.023
1566.27561852,  15456.3,  11707.9,  974.903419516,  918.921908179,  893.2
1566.29605298,  16159.2,  12220.3,  974.904265394,  918.914716263,  892.454
1566.31648745,  16272.8,  12303.2,  974.903976058,  918.913912077,  892.523
1566.33692191,  15844.9,  11991.6,  974.903588571,  918.918728558,  892.038
1566.35735637,  15066.4,  11422.2,  974.902892878,  918.925622208,  891.417
1566.37779094,  14195.5,  10786.9,  974.902911278,  918.935695755,  891.708
1566.3982253,  13933.5,  10595.8,  974.902163124,  918.939035336,  891.382
1566.41865987,  14529.0,  11029.6,  974.90296288,  918.932461999,  891.525
1566.43909433,  15497.7,  11738.0,  974.903343832,  918.921996615,  891.008
1566.4595287,  16213.3,  12259.7,  974.903801173,  918.914707405,  890.415
1566.47996326,  16237.7,  12277.2,  974.903960041,  918.913839352,  890.835
1566.50039773,  15543.2,  11771.5,  974.902776805,  918.922208584,  890.508
1566.52083209,  14573.0,  11061.9,  974.903115635,  918.931810565,  889.909
1566.54126666,  13752.4,  10463.2,  974.902313389,  918.941328748,  889.549
1566.56170112,  13845.3,  10531.9,  974.901899218,  918.940042289,  889.842
1566.58213559,  14732.9,  11178.5,  974.903106297,  918.930029556,  890.718
1566.60257006,  15597.1,  11810.1,  974.903495223,  918.920718495,  890.852
1566.62300442,  16140.3,  12206.6,  974.903919059,  918.915575853,  891.32
1566.64343899,  16253.3,  12288.0,  974.903822974,  918.914255097,  890.411
1566.66387346,  15738.5,  11913.3,  974.903526753,  918.919323069,  891.334
1566.70474239,  14001.4,  10644.5,  974.902020506,  918.938774568,  890.02
1566.72517686,  13990.6,  10637.1,  974.901936218,  918.939283659,  889.108
1566.74561133,  14826.8,  11246.3,  974.903022334,  918.929175101,  890.224
1566.76604579,  15749.2,  11920.1,  974.903154025,  918.919319018,  890.006
1566.78648026,  16299.9,  12322.4,  974.903858509,  918.914104445,  889.636
1566.80691483,  16096.8,  12172.5,  974.903824841,  918.915670346,  889.912
1566.8273492,  15240.3,  11548.3,  974.902125135,  918.924370907,  889.232
1566.84778367,  14372.2,  10914.2,  974.902980331,  918.934090477,  889.44
1566.86821824,  13713.9,  10433.2,  974.901234294,  918.942302294,  889.32
1566.8886527,  14020.5,  10657.8,  974.902025167,  918.938476956,  888.539
1566.90908707,  14918.1,  11312.7,  974.901883847,  918.929039909,  888.871
1566.92952164,  15727.5,  11902.9,  974.903157137,  918.919561237,  888.353
1566.94995611,  16304.2,  12324.9,  974.902745021,  918.913931549,  888.665
1566.97039058,  16248.3,  12282.7,  974.902961684,  918.914442627,  887.728
1566.99082505,  15549.2,  11772.8,  974.902242616,  918.920769353,  888.94
1567.01125952,  14599.6,  11080.0,  974.90153845,  918.931840018,  888.561
1567.03169399,  13783.2,  10483.3,  974.901438967,  918.9416934,  889.16
1567.05212846,  14137.7,  10742.7,  974.901493587,  918.937463179,  888.885
1567.07256293,  15099.3,  11444.6,  974.90220894,  918.925895604,  887.426
1567.0929975,  15943.8,  12060.1,  974.902926173,  918.916429455,  888.665
1567.11343187,  16291.9,  12315.4,  974.902899534,  918.914570542,  888.061
1567.13386645,  15897.4,  12026.3,  974.902741318,  918.918353041,  887.98
1567.15430092,  15123.0,  11461.1,  974.902337947,  918.925514483,  887.844
1567.17473529,  14258.8,  10831.3,  974.900882091,  918.935761094,  887.574
1567.19516986,  13702.1,  10424.0,  974.901588444,  918.941882014,  887.695
1567.21560433,  14193.9,  10783.6,  974.901822659,  918.936583914,  887.239
1567.2360387,  15014.2,  11382.1,  974.90180812,  918.927180961,  886.981
1567.25647328,  15866.9,  12004.1,  974.902773397,  918.918078198,  886.551
1567.27690765,  16413.0,  12403.3,  974.90322121,  918.913059243,  887.768
1567.29734212,  16160.8,  12218.9,  974.902950634,  918.915612775,  886.175
1567.3177767,  15322.0,  11606.2,  974.902170976,  918.923861319,  887.56
1567.33821107,  14318.5,  10874.7,  974.901704396,  918.935418976,  886.706
1567.35864564,  13820.8,  10510.1,  974.900972406,  918.94094439,  887.516
1567.37908012,  14414.9,  10944.2,  974.90189065,  918.93363685,  886.712
1567.39951449,  15327.3,  11610.8,  974.902330875,  918.923728411,  887.196
1567.41994906,  16071.3,  12152.8,  974.902607292,  918.916035441,  886.761
1567.44038354,  16171.4,  12226.8,  974.902256563,  918.91558923,  886.81
1567.46081801,  15680.2,  11868.4,  974.90207663,  918.920938941,  886.389
1567.48125249,  14978.5,  11354.9,  974.901951204,  918.927924254,  886.634
1567.50168696,  14102.0,  10716.0,  974.901644459,  918.937671501,  886.595
1567.52212153,  13701.5,  10423.7,  974.900800203,  918.942360811,  890.644
1567.54255591,  14346.4,  10893.7,  974.901544187,  918.934919867,  886.698
1567.56299038,  15248.1,  11553.0,  974.901596722,  918.925283739,  886.751
1567.58342496,  16132.4,  12198.1,  974.902461709,  918.916183162,  885.782
1567.60385944,  16437.3,  12420.1,  974.902594194,  918.912929464,  886.151
1567.62429381,  15971.7,  12081.1,  974.902295798,  918.917352712,  884.866
1567.64472839,  15006.6,  11375.9,  974.901914684,  918.927747405,  885.96
1567.66516286,  14032.0,  10664.6,  974.901152067,  918.93848582,  885.984
1567.68559724,  13903.2,  10571.4,  974.900897761,  918.940203695,  884.675
1567.70603182,  14639.4,  11107.8,  974.901352129,  918.931343596,  885.187
1567.72646629,  15486.2,  11727.1,  974.90184381,  918.922320632,  885.61
1567.74690087,  16094.6,  12170.3,  974.902490999,  918.916057359,  884.626
1567.76733525,  16111.6,  12182.7,  974.902077846,  918.915859792,  885.02
1567.78776972,  15634.0,  11835.4,  974.902034132,  918.9211243,  884.593
1567.8082043,  14810.5,  11233.1,  974.901454557,  918.92939718,  885.145
1567.82863868,  13912.0,  10577.4,  974.901628592,  918.939963283,  885.293
1567.84907316,  13705.3,  10427.3,  974.900403632,  918.943109449,  884.944
1567.86950773,  14429.2,  10954.9,  974.901177648,  918.934174565,  885.722
1567.88994211,  15497.1,  11734.9,  974.900829191,  918.922564244,  883.75
1567.91037669,  16303.0,  12323.7,  974.902221136,  918.91421866,  884.384
1567.93081107,  16385.8,  12382.5,  974.901874861,  918.913510038,  884.36
1567.95124555,  15725.3,  11901.5,  974.901715393,  918.920598601,  884.598
1567.97168013,  14769.9,  11204.1,  974.900987072,  918.930848776,  884.19
1567.99211451,  14009.2,  10648.4,  974.90054319,  918.939820105,  884.149
1568.01254898,  14055.0,  10683.0,  974.901510853,  918.938518957,  884.071
1568.03298356,  14822.8,  11242.4,  974.900829282,  918.929938735,  883.811
1568.05341794,  15603.3,  11812.1,  974.901433485,  918.921989187,  883.254
1568.07385242,  16027.0,  12122.4,  974.902134908,  918.917556549,  883.657
1568.094287,  16064.2,  12148.2,  974.902331979,  918.916861107,  884.046
1568.11472148,  15503.9,  11740.0,  974.901104062,  918.922690117,  883.507
1568.13515596,  14608.2,  11086.5,  974.900633772,  918.932281743,  883.739
1568.15559044,  13724.4,  10440.5,  974.900838742,  918.942815691,  883.225
1568.17602492,  13814.3,  10506.6,  974.900446779,  918.942226984,  883.57
1568.19645941,  14796.1,  11223.1,  974.90150718,  918.93057398,  883.605
1568.21689389,  15781.3,  11942.1,  974.901428014,  918.919000119,  883.488
1568.23732837,  16389.6,  12386.9,  974.901819527,  918.91431967,  883.094
1568.25776295,  16237.6,  12275.1,  974.902154273,  918.915598654,  883.633
1568.27819733,  15392.1,  11657.9,  974.900494189,  918.924231853,  882.554
1568.29863191,  14549.0,  11043.2,  974.900205062,  918.932870035,  882.962
1568.31906639,  13952.9,  10607.0,  974.90032753,  918.940127131,  882.209
1568.33950078,  14211.4,  10796.9,  974.898847994,  918.936509351,  882.289
1568.35993536,  14973.9,  11353.4,  974.90054145,  918.928513008,  882.33
1568.38036984,  15708.5,  11888.8,  974.901286801,  918.920506565,  883.672
1568.40080422,  16187.1,  12239.0,  974.901406738,  918.916389009,  882.485
1568.42123881,  16046.6,  12136.2,  974.901291821,  918.917635285,  882.378
1568.44167329,  15332.9,  11614.6,  974.901242583,  918.924546763,  882.04
1568.46210767,  14351.6,  10899.2,  974.901297758,  918.936021056,  881.45
1568.48254226,  13515.2,  10287.9,  974.899891467,  918.945368515,  882.512
1568.50297674,  13990.4,  10634.7,  974.900075552,  918.939983461,  882.594
1568.52341132,  15074.7,  11427.5,  974.90084258,  918.927557918,  881.494
1568.54384571,  15990.9,  12094.8,  974.901537428,  918.917917638,  881.025
1568.56428009,  16385.8,  12383.4,  974.90173821,  918.914735937,  882.069
1568.58471468,  16046.8,  12136.6,  974.900901281,  918.917786809,  880.643
1568.60514916,  15278.5,  11574.7,  974.901105186,  918.925313541,  881.315
1568.62558365,  14465.1,  10982.1,  974.900223608,  918.933907789,  881.795
1568.64601813,  13933.3,  10593.4,  974.900499194,  918.940377942,  881.368
1568.66645262,  14335.9,  10887.1,  974.900395302,  918.935491818,  881.563
1568.6868872,  15046.0,  11406.5,  974.900690261,  918.928038585,  880.326
1568.70732159,  15824.1,  11973.1,  974.901381698,  918.92004172,  881.52
1568.72775607,  16272.2,  12300.6,  974.901231887,  918.915393475,  881.921
1568.74819066,  15956.9,  12070.8,  974.90117326,  918.918178275,  880.778
1568.76862514,  15092.3,  11438.9,  974.900777917,  918.927229883,  880.622
1568.78905953,  14057.2,  10683.7,  974.900338072,  918.939436362,  881.051
1568.80949412,  13564.2,  10324.5,  974.899437211,  918.945616143,  881.2
1568.8299286,  14307.2,  10865.5,  974.900097735,  918.936379529,  880.77
1568.85036309,  15320.5,  11606.3,  974.90048281,  918.925258595,  881.239
1568.87079758,  16108.2,  12181.0,  974.900974297,  918.917664238,  881.484
1568.89123206,  16289.4,  12313.0,  974.901706983,  918.916212592,  880.955
1568.91166665,  15818.9,  11970.3,  974.900638062,  918.919747997,  881.832
1568.93210104,  15134.6,  11470.3,  974.900829999,  918.927381042,  881.302
1568.95253552,  14302.5,  10863.1,  974.89966668,  918.936628808,  887.278
1568.97297011,  13929.5,  10591.4,  974.899944779,  918.940869863,  881.054
1568.9934045,  14463.3,  10980.2,  974.900779821,  918.934973548,  881.534
1569.01383899,  15279.7,  11576.6,  974.900302187,  918.925989144,  881.186
1569.03427358,  16078.0,  12159.2,  974.901033465,  918.917889047,  881.619
1569.05470797,  16290.9,  12313.7,  974.900663773,  918.915037666,  881.318
1569.07514255,  15775.0,  11938.3,  974.900358412,  918.919906075,  882.039
1569.09557704,  14780.7,  11212.0,  974.90010663,  918.930824601,  882.523
1569.11601143,  13776.6,  10478.7,  974.89926741,  918.942433233,  882.367
1569.13644602,  13704.1,  10426.8,  974.899662047,  918.943603408,  884.036
1569.15688051,  14585.8,  11069.4,  974.899883997,  918.93346061,  884.697
1569.1773149,  15508.7,  11743.5,  974.900359986,  918.923672725,  884.946
1569.19774949,  16174.1,  12229.7,  974.901096975,  918.916479205,  883.592
1569.21818388,  16245.5,  12280.8,  974.901246001,  918.916043337,  884.405
1569.23861847,  15778.4,  11940.6,  974.900861113,  918.921184328,  884.414
1569.25905296,  14969.6,  11350.0,  974.899855944,  918.929151588,  883.598
1569.27948735,  14110.2,  10722.1,  974.899500284,  918.939159668,  885.015
1569.29992194,  13906.1,  10574.0,  974.89925453,  918.941126788,  885.391
1569.32035643,  14531.6,  11029.9,  974.899844113,  918.932847493,  885.117
1569.34079092,  15518.9,  11750.8,  974.900415178,  918.923384498,  883.788
1569.36122541,  16230.9,  12271.7,  974.900914282,  918.916539355,  884.394
1569.3816599,  16224.4,  12265.0,  974.900666865,  918.916844698,  884.858
1569.4020944,  15523.9,  11754.1,  974.900219365,  918.92316066,  884.388
1569.42252889,  14551.1,  11044.5,  974.899575961,  918.934042831,  884.71
1569.44296338,  13750.6,  10459.0,  974.898947297,  918.942462538,  884.693
1569.46339797,  13885.7,  10558.6,  974.899299795,  918.941175951,  883.661
1569.48383246,  14806.8,  11230.6,  974.899838047,  918.93079886,  883.676
1569.50426686,  15636.8,  11835.8,  974.900244598,  918.922025496,  882.139
1569.52470145,  16126.5,  12194.5,  974.900390595,  918.918377056,  882.021
1569.54513594,  16212.5,  12256.5,  974.901197767,  918.916656381,  881.889
1569.56557033,  15650.6,  11846.2,  974.900254578,  918.922198879,  881.09
1569.58600493,  14754.2,  11192.3,  974.900152754,  918.931589175,  881.471
1569.60643942,  13922.7,  10584.6,  974.89911843,  918.941360375,  880.29
1569.62687401,  13979.0,  10626.5,  974.900010238,  918.940696807,  880.238
1569.64730841,  14848.8,  11261.1,  974.899704352,  918.93114621,  880.102
1569.68817749,  16298.6,  12319.4,  974.900505633,  918.916027479,  878.897
1569.70861189,  16072.3,  12153.4,  974.900332635,  918.91812434,  879.826
1569.72904638,  15185.2,  11505.3,  974.899325367,  918.927168973,  879.335
1569.74948098,  14340.0,  10888.8,  974.899518379,  918.936943939,  878.84
1569.76991537,  13714.7,  10431.6,  974.898524564,  918.943465622,  878.566
1569.79034987,  14077.3,  10696.2,  974.899119646,  918.938725927,  879.429
1569.81078446,  14955.8,  11338.2,  974.899546895,  918.928966405,  878.873
1569.83121886,  15762.2,  11925.7,  974.899829031,  918.921307139,  878.731
1569.85165345,  16297.3,  12316.6,  974.900118448,  918.916354717,  879.184
1569.87208785,  16176.2,  12228.5,  974.899775302,  918.917465377,  878.239
1569.89252234,  15469.5,  11711.7,  974.899137952,  918.9234403,  878.234
1569.91295694,  14501.1,  11005.7,  974.898392349,  918.934886555,  879.254
1569.93339133,  13715.0,  10431.3,  974.898108597,  918.943693238,  878.507
1569.95382583,  14125.4,  10730.5,  974.89884933,  918.93923795,  878.2
1569.97426043,  15100.0,  11442.9,  974.899052594,  918.927258058,  878.178
1569.99469492,  15944.9,  12058.1,  974.899828982,  918.918497994,  877.82
1570.01512942,  16272.0,  12297.5,  974.900408829,  918.915876867,  878.141
1570.03556392,  15858.2,  11996.2,  974.900111818,  918.920367375,  877.787
1570.05599841,  15071.6,  11420.6,  974.899147834,  918.928203409,  876.909
1570.07643291,  14220.2,  10799.6,  974.898406746,  918.938343619,  877.401
1570.09686741,  13689.8,  10412.2,  974.898714966,  918.943844114,  877.894
1570.11730191,  14222.8,  10800.4,  974.899166164,  918.937327336,  877.047
1570.1377365,  15037.9,  11396.6,  974.899113498,  918.92845686,  877.282
1570.1581709,  15882.1,  12012.1,  974.898827294,  918.919620215,  877.06
1570.1786055,  16378.3,  12374.2,  974.900449331,  918.915293889,  877.187
1570.19904,  16063.6,  12145.4,  974.899788361,  918.917909529,  877.939
1570.2194744,  15210.6,  11522.0,  974.899677335,  918.926426714,  877.805
1570.239909,  14212.0,  10793.3,  974.899066208,  918.937865687,  877.204
1570.26034349,  13772.6,  10473.1,  974.898583364,  918.943069698,  876.826
1570.28077789,  14411.5,  10937.9,  974.89919986,  918.935145112,  877.224
1570.30121249,  15334.7,  11612.9,  974.899479739,  918.925690716,  876.983
1570.32164699,  16047.4,  12133.0,  974.899604571,  918.918019176,  876.488
1570.34208139,  16129.3,  12191.9,  974.899816863,  918.917227886,  877.916
1570.36251599,  15652.2,  11844.9,  974.899138653,  918.922647931,  876.77
1570.38295049,  14937.0,  11322.0,  974.899029492,  918.929480697,  876.576
1570.40338499,  14068.2,  10688.0,  974.898297158,  918.93983128,  875.81
1570.42381949,  13690.0,  10412.6,  974.898246755,  918.944305474,  877.101
1570.44425399,  14356.6,  10898.1,  974.898305794,  918.935918661,  876.088
1570.46468849,  15275.2,  11569.6,  974.899073356,  918.926528596,  875.125
1570.48512299,  16121.6,  12187.5,  974.899461242,  918.9178008,  875.074
1570.50555749,  16389.2,  12381.8,  974.89989774,  918.915155757,  875.082
1570.52599199,  15892.9,  12020.4,  974.899768299,  918.919760974,  875.566
1570.5464265,  14903.3,  11297.9,  974.898518268,  918.930217079,  874.875
1570.5668611,  13948.1,  10600.1,  974.897572299,  918.940971387,  874.949
1570.5872955,  13881.6,  10552.6,  974.897922729,  918.942027106,  874.014
1570.60773,  14659.6,  11119.5,  974.898458245,  918.933207601,  874.991
1570.6281646,  15511.3,  11741.5,  974.89933582,  918.924169258,  874.215
1570.6485991,  16096.3,  12169.1,  974.899767997,  918.918160623,  874.004
1570.66903351,  16097.8,  12169.3,  974.899364896,  918.917844052,  874.289
1570.68946811,  15598.9,  11805.8,  974.899122591,  918.923666397,  874.962
1570.70990261,  14781.6,  11209.6,  974.898163677,  918.930814826,  873.633
1570.73033701,  13869.1,  10542.3,  974.897406615,  918.941523544,  874.49
1570.75077162,  13693.5,  10415.3,  974.897431202,  918.944566023,  874.195
1570.77120612,  14455.0,  10970.7,  974.898315874,  918.935094788,  873.426
1570.79164072,  15515.5,  11744.6,  974.899001875,  918.923273214,  873.408
1570.81207513,  16278.3,  12302.6,  974.899125494,  918.916883033,  874.273
1570.83250963,  16312.7,  12327.0,  974.898993532,  918.915815228,  873.479
1570.85294423,  15631.6,  11829.5,  974.899367667,  918.922631968,  874.426
1570.87337864,  14671.9,  11129.6,  974.897783614,  918.933053746,  873.633
1570.89381314,  13944.7,  10597.8,  974.898019561,  918.940968358,  874.104
1570.91424774,  14059.6,  10682.8,  974.897197842,  918.939969806,  873.521
1570.93468215,  14855.2,  11263.4,  974.898031211,  918.931253391,  874.039
1570.95511675,  15679.6,  11864.3,  974.897397696,  918.924336195,  873.727
1570.97555126,  16052.3,  12137.1,  974.899063414,  918.918656403,  873.464
1570.99598566,  16069.2,  12149.3,  974.899073603,  918.91910661,  872.403
1571.01642027,  15462.8,  11706.3,  974.898978876,  918.924345988,  873.445
1571.03685477,  14550.6,  11041.4,  974.898354555,  918.934849382,  873.576
1571.05728918,  13667.3,  10395.7,  974.897039557,  918.944810477,  872.699
1571.07772378,  13805.3,  10496.8,  974.897588425,  918.943360708,  872.706
1571.09815829,  14793.7,  11219.0,  974.898128767,  918.932295182,  873.169
1571.1185927,  15773.5,  11933.4,  974.898957544,  918.921389062,  873.442
1571.1390273,  16355.5,  12358.8,  974.899230625,  918.915872047,  872.079
1571.15946181,  16167.4,  12221.7,  974.899178501,  918.917960729,  873.274
1571.17989631,  15312.3,  11596.8,  974.898425721,  918.926677662,  873.129
1571.20033082,  14498.2,  11002.9,  974.897844687,  918.935013072,  872.558
1571.22076533,  13910.3,  10573.5,  974.896987751,  918.941618571,  872.428
1571.24119983,  14214.3,  10795.3,  974.897004905,  918.938526603,  873.125
1571.26163434,  15002.9,  11371.6,  974.897566141,  918.930456599,  872.302
1571.28206885,  15733.5,  11904.6,  974.89847622,  918.922537695,  871.962
1571.30250336,  16202.4,  12246.8,  974.898176439,  918.918028675,  872.177
1571.32293786,  16033.2,  12123.9,  974.899031337,  918.919355291,  872.938
1571.34337247,  15286.9,  11578.0,  974.898235017,  918.926707615,  873.344
1571.36380698,  14288.7,  10850.0,  974.897593448,  918.937186471,  872.677
1571.38424139,  13480.0,  10260.0,  974.896896503,  918.947251015,  872.668
1571.404676,  14000.8,  10639.3,  974.897390184,  918.941035761,  873.352
1571.4251105,  15073.2,  11422.8,  974.898163716,  918.929376495,  872.662
1571.44554491,  15970.8,  12077.6,  974.898858053,  918.919901397,  872.967
1571.46597952,  16337.4,  12344.8,  974.898613703,  918.91615136,  873.819
1571.48641403,  15979.7,  12085.2,  974.898212902,  918.919905445,  874.023
1571.50684844,  15210.8,  11522.4,  974.897296264,  918.927945604,  873.963
1571.52728305,  14384.9,  10920.2,  974.897978108,  918.936320882,  873.404
1571.54771756,  13911.3,  10574.8,  974.897242104,  918.9423705,  873.656
1571.56815217,  14354.7,  10897.3,  974.897713369,  918.937283201,  873.251
1571.58858658,  15061.5,  11414.1,  974.897918539,  918.929974473,  873.738
1571.60902109,  15849.4,  11989.2,  974.898196605,  918.921203082,  874.431
1571.6294557,  16269.6,  12295.3,  974.898550837,  918.917607261,  873.867
1571.64989011,  15924.5,  12044.5,  974.898590927,  918.920626511,  874.908
1571.67032462,  15040.3,  11398.5,  974.8979036,  918.929006149,  874.581
1571.69075923,  14013.4,  10648.5,  974.897356358,  918.940839446,  873.608
1571.71119364,  13562.0,  10320.0,  974.896492794,  918.94659442,  874.672
1571.73162825,  14319.5,  10871.7,  974.897625133,  918.93740857,  874.563
1571.75206276,  15311.3,  11596.2,  974.89713406,  918.926456612,  874.662
1571.77249717,  16067.3,  12148.9,  974.897515192,  918.920087103,  874.46
1571.79293178,  16221.2,  12259.9,  974.898673949,  918.917742188,  875.117
1571.81336629,  15763.4,  11926.6,  974.897614045,  918.922172575,  874.319
1571.83380071,  15075.8,  11424.4,  974.897826006,  918.929348621,  874.876
1571.85423532,  14249.3,  10820.3,  974.896417564,  918.939276445,  874.324
1571.87466983,  13904.8,  10570.3,  974.896976415,  918.942488359,  875.622
1571.89510424,  14462.4,  10976.8,  974.897248103,  918.936194569,  874.942
1571.91553885,  15303.3,  11590.2,  974.897638603,  918.927107854,  873.997
1571.93597337,  16090.1,  12165.2,  974.89791639,  918.919085662,  874.378
1571.95640798,  16289.0,  12309.4,  974.898307188,  918.917382377,  874.364
1571.97684239,  15723.0,  11896.6,  974.897746607,  918.922791941,  874.084
1571.9972769,  14713.7,  11160.9,  974.896830297,  918.933388655,  873.756
1572.01771152,  13738.0,  10447.1,  974.896689964,  918.944222195,  874.553
1572.03814593,  13689.2,  10412.8,  974.896507997,  918.94490165,  873.505
1572.05858044,  14575.0,  11058.8,  974.89720267,  918.934233224,  873.1
1572.07901506,  15484.9,  11722.4,  974.897941328,  918.925200031,  874.219
1572.09944947,  16138.8,  12201.2,  974.898260268,  918.919387345,  873.287
1572.11988409,  16184.6,  12233.4,  974.897800969,  918.919107973,  873.559
1572.1403186,  15718.0,  11892.9,  974.897791197,  918.92264509,  873.902
1572.16075301,  14916.6,  11308.5,  974.897793219,  918.931035298,  872.864
1572.18118763,  14084.8,  10700.3,  974.89730687,  918.940731851,  873.049
1572.20162214,  13897.5,  10564.2,  974.896568265,  918.942859294,  872.673
1572.22205656,  14558.7,  11047.3,  974.896925299,  918.935224247,  873.136
1572.24249117,  15546.1,  11766.6,  974.897510988,  918.924411781,  873.145
1572.26292569,  16237.6,  12272.7,  974.898435888,  918.917909846,  871.84
1572.2833602,  16192.5,  12239.4,  974.897913271,  918.91806841,  872.629
1572.30379472,  15474.6,  11714.8,  974.897048047,  918.925450342,  872.285
1572.32422923,  14509.1,  11010.8,  974.897070613,  918.936477375,  871.951
1572.34466375,  13724.6,  10437.1,  974.896093722,  918.944278951,  871.846
1572.36509827,  13892.5,  10559.8,  974.896336093,  918.942699138,  871.948
1572.38553278,  14791.2,  11216.7,  974.897616126,  918.932139715,  871.55
1572.4059673,  15601.2,  11806.8,  974.898158519,  918.923892507,  871.415
1572.42640181,  16098.1,  12170.1,  974.897258421,  918.918907731,  871.57
1572.44683633,  16166.2,  12220.1,  974.898004717,  918.918321382,  870.542
1572.46727085,  15611.5,  11813.9,  974.897246628,  918.923473406,  870.969
1572.48770536,  14712.1,  11158.5,  974.89628821,  918.933973129,  871.674
1572.50813998,  13894.7,  10561.4,  974.896561327,  918.943095986,  871.746
1572.5285745,  14003.3,  10640.8,  974.896369793,  918.941421969,  871.261
1572.54900892,  14877.3,  11279.1,  974.897372394,  918.931653244,  872.848
1572.56944353,  15794.5,  11948.1,  974.897454779,  918.922540188,  871.086
1572.58987805,  16294.6,  12313.4,  974.897477902,  918.917229654,  872.125
1572.61031247,  16031.7,  12121.9,  974.897870809,  918.91940132,  871.38
1572.63074709,  15154.9,  11480.7,  974.897114554,  918.929065222,  872.867
1572.67161602,  13710.7,  10426.7,  974.896308634,  918.945123993,  871.498
1572.69205064,  14077.4,  10693.4,  974.896464903,  918.940414513,  872.447
1572.71248516,  14959.8,  11338.3,  974.897405981,  918.930777179,  873.309
1572.73291978,  15741.8,  11908.3,  974.897354936,  918.922142333,  874.307
1572.7533542,  16272.5,  12295.3,  974.897826206,  918.917458667,  874.323
1572.77378872,  16161.1,  12214.5,  974.898066993,  918.918545863,  874.727
1572.79422333,  15434.0,  11682.6,  974.896550004,  918.9259061,  875.26
1572.81465775,  14453.4,  10967.2,  974.896413812,  918.936095369,  876.042
1572.83509227,  13705.6,  10421.9,  974.89603519,  918.944352304,  876.005
1572.85552689,  14160.5,  10753.3,  974.896568959,  918.939240535,  876.594
1572.87596131,  15146.8,  11474.0,  974.897284207,  918.928682762,  877.743
1572.89639593,  15962.1,  12068.4,  974.897186504,  918.920341537,  880.735
1572.91683045,  16259.5,  12284.7,  974.897226476,  918.917735561,  879.79
1572.93726487,  15841.1,  11980.4,  974.897151783,  918.921758241,  879.007
1572.95769949,  15049.6,  11401.3,  974.897089969,  918.929686542,  880.036
1572.97813401,  14203.6,  10784.2,  974.896227685,  918.939029354,  879.116
1572.99856854,  13714.7,  10427.8,  974.895554125,  918.944429958,  876.453
1573.01900306,  14254.2,  10820.3,  974.897007824,  918.938363507,  875.11
1573.03943758,  15042.5,  11396.3,  974.896378131,  918.930329723,  871.976
1573.059872,  15887.6,  12013.3,  974.896714505,  918.921348957,  869.971
1573.08030662,  16363.4,  12359.4,  974.897079612,  918.916525398,  870.679
1573.10074114,  16047.2,  12129.8,  974.897679921,  918.919824755,  869.44
1573.12117566,  15193.9,  11506.1,  974.897040851,  918.927729878,  869.921
1573.14161019,  14196.8,  10778.2,  974.896396391,  918.939065356,  870.444
1573.16204471,  13789.7,  10481.4,  974.895898477,  918.944520678,  869.124
1573.18247933,  14458.7,  10969.0,  974.896464162,  918.935812553,  869.494
1573.20291375,  15358.3,  11626.2,  974.896587673,  918.925837238,  869.172
1573.22334827,  16054.4,  12134.7,  974.896711523,  918.919875177,  868.951
1573.2437829,  16115.8,  12178.8,  974.897215847,  918.918135968,  869.543
1573.26421732,  15629.6,  11824.3,  974.897144516,  918.92365152,  868.58
1573.28465194,  14925.5,  11310.3,  974.896517415,  918.930625177,  869.36
1573.30508647,  14053.9,  10673.2,  974.895889341,  918.940669878,  867.68
1573.32552089,  13732.0,  10439.5,  974.896075359,  918.945109623,  867.502
1573.34595551,  14392.6,  10920.7,  974.895783869,  918.93663982,  866.829
1573.36639004,  15299.0,  11582.8,  974.896638589,  918.926900427,  866.489
1573.38682446,  16140.7,  12197.7,  974.896696602,  918.919083118,  865.992
1573.40725908,  16391.2,  12379.2,  974.897497097,  918.91642397,  866.245
1573.42769361,  15867.0,  11997.1,  974.89650362,  918.921022903,  865.766
1573.44812803,  14882.7,  11279.0,  974.896833458,  918.931554896,  865.143
1573.46856266,  13945.9,  10594.5,  974.895975201,  918.941657935,  863.709
1573.48899718,  13914.6,  10572.4,  974.896096693,  918.942560615,  863.967
1573.5094318,  14685.9,  11135.0,  974.895788865,  918.933207489,  862.976
1573.52986623,  15531.8,  11752.3,  974.895962503,  918.925306493,  863.051
1573.55030075,  16088.5,  12159.4,  974.89699473,  918.919820725,  862.988
1573.57073538,  16082.0,  12154.2,  974.897248118,  918.919903041,  862.008
1573.5911698,  15581.9,  11788.7,  974.895838049,  918.92461709,  862.355
1573.61160433,  14764.5,  11192.8,  974.895767491,  918.93258212,  861.642
1573.63203896,  13861.6,  10532.6,  974.895681644,  918.942465159,  861.897
1573.65247348,  13735.2,  10441.3,  974.895433513,  918.94508011,  861.495
1573.67290801,  14495.1,  10996.0,  974.895688389,  918.935821067,  861.058
1573.69334253,  15561.2,  11773.3,  974.896497996,  918.924458855,  861.348
1573.71377696,  16297.7,  12311.7,  974.896385434,  918.917227169,  861.322
1573.73421159,  16320.7,  12328.4,  974.897139805,  918.91725842,  861.051
1573.75464611,  15629.7,  11823.5,  974.896433777,  918.924388972,  861.881
1573.77508054,  14668.9,  11123.0,  974.896064764,  918.933809613,  860.818
1573.79551517,  13945.6,  10594.2,  974.895090334,  918.942527576,  860.318
1573.81594969,  14075.1,  10689.4,  974.895923393,  918.940306412,  859.892
1573.83638412,  14873.0,  11272.2,  974.895801262,  918.931568011,  859.978
1573.85681875,  15621.0,  11816.7,  974.896557861,  918.924008195,  860.372
1573.87725327,  16027.4,  12114.5,  974.896417173,  918.920347689,  860.853
1573.8976879,  16042.3,  12125.8,  974.896452963,  918.920331819,  860.277
1573.91812233,  15440.1,  11685.4,  974.895951533,  918.926600499,  860.406
1573.93855686,  14539.3,  11028.6,  974.895604008,  918.935502813,  859.622
1573.95899149,  13685.8,  10405.1,  974.894699856,  918.945409424,  860.054
1573.97942591,  13868.3,  10538.0,  974.895085635,  918.943623465,  859.594
1573.99986044,  14846.5,  11253.2,  974.895149839,  918.932507402,  859.575
1574.02029507,  15830.6,  11970.3,  974.89610215,  918.921874855,  859.96
1574.0407295,  16387.1,  12377.1,  974.896820592,  918.91720427,  858.476
1574.06116413,  16159.7,  12211.2,  974.896687003,  918.919920955,  859.245
1574.08159866,  15303.8,  11585.8,  974.895599776,  918.927311221,  860.348
1574.10203309,  14494.7,  10995.6,  974.895042921,  918.936316867,  858.147
1574.12246771,  13915.4,  10573.0,  974.894446856,  918.942690981,  858.385
1574.14290224,  14242.7,  10811.1,  974.895812713,  918.938985059,  858.131
1574.16333677,  15004.6,  11368.4,  974.895941951,  918.930880286,  858.715
1574.1837713,  15724.4,  11892.7,  974.896101786,  918.923247064,  858.71
1574.20420583,  16180.4,  12225.9,  974.896207554,  918.918599685,  858.103
1574.22464036,  15997.5,  12093.4,  974.89610247,  918.920752661,  857.794
1574.24507489,  15289.3,  11575.6,  974.895809024,  918.927816353,  857.763
1574.26550942,  14256.8,  10821.8,  974.895190811,  918.938882091,  858.218
1574.28594395,  13479.7,  10255.3,  974.894256397,  918.948411127,  857.824
1574.30637858,  14071.7,  10686.3,  974.89497205,  918.941292304,  857.596
1574.32681301,  15125.9,  11456.9,  974.895515677,  918.928897783,  857.473
1574.34724755,  16033.2,  12118.5,  974.89563617,  918.91970953,  857.242
1574.36768208,  16374.9,  12367.7,  974.895974922,  918.916993599,  857.814
1574.38811661,  16000.1,  12094.9,  974.895920421,  918.920987473,  857.557
1574.40855124,  15215.3,  11521.1,  974.895269004,  918.928719012,  857.79
1574.42898567,  14376.8,  10909.3,  974.895127741,  918.937413672,  857.395
1574.4494203,  13942.5,  10592.9,  974.894465665,  918.94309728,  856.999
1574.46985483,  14369.3,  10902.8,  974.895184607,  918.937615117,  857.555
1574.49028927,  15067.2,  11413.5,  974.895455167,  918.930323562,  857.529
1574.5107239,  15866.3,  11996.9,  974.896539424,  918.921883658,  856.74
1574.53115843,  16256.6,  12280.8,  974.896023694,  918.917931439,  856.464
1574.55159286,  15875.0,  12003.3,  974.896082893,  918.922090364,  856.746
1574.57202749,  14995.6,  11360.2,  974.895212149,  918.931438369,  857.581
1574.59246203,  13984.0,  10621.8,  974.894863675,  918.942616093,  857.397
1574.61289666,  13612.1,  10351.4,  974.894279633,  918.946401522,  855.783
1574.63333109,  14391.4,  10919.9,  974.894962464,  918.937441294,  856.174
1574.65376563,  15363.4,  11629.3,  974.895585835,  918.926560399,  856.942
1574.67420026,  16113.2,  12177.1,  974.896108069,  918.919249031,  856.681
1574.69463469,  16225.8,  12258.1,  974.895801175,  918.918350583,  856.786
1574.71506923,  15767.8,  11924.6,  974.895490639,  918.923009142,  856.555
1574.73550386,  15066.0,  11411.9,  974.895123604,  918.930417507,  856.566
1574.75593829,  14220.7,  10794.8,  974.895254371,  918.939521486,  855.048
1574.77637283,  13903.6,  10563.7,  974.894568331,  918.942960629,  856.057
1574.79680746,  14472.8,  10978.6,  974.895068921,  918.936876522,  855.77
1574.817242,  15313.7,  11592.5,  974.895044309,  918.927614658,  855.452
1574.83767653,  16088.5,  12158.8,  974.894861917,  918.920736868,  855.064
1574.85811106,  16252.6,  12277.6,  974.895819597,  918.919111354,  856.0
1574.8785456,  15698.7,  11873.7,  974.895472792,  918.923495009,  854.367
1574.89898013,  14687.1,  11135.2,  974.894472213,  918.93448252,  855.194
1574.91941467,  13735.6,  10440.0,  974.894752191,  918.945792032,  854.88
1574.9398492,  13752.6,  10453.4,  974.893632075,  918.945419676,  854.778
1574.96028374,  14643.0,  11102.7,  974.894977458,  918.93484068,  855.27
1574.98071827,  15546.6,  11761.5,  974.895447832,  918.924646465,  855.276
1575.00115281,  16173.3,  12220.3,  974.895595794,  918.91962657,  854.398
1575.02158735,  16224.2,  12256.2,  974.896155412,  918.918669352,  854.526
1575.04202188,  15713.3,  11883.8,  974.895158455,  918.92409414,  854.053
1575.06245652,  14914.8,  11301.3,  974.895026817,  918.931405476,  854.487
1575.08289095,  14044.0,  10664.6,  974.894086689,  918.941713198,  854.004
1575.10332549,  13894.9,  10556.6,  974.894052754,  918.943629791,  854.524
1575.12376013,  14571.4,  11050.0,  974.894787245,  918.935750342,  854.658
1575.14419456,  15565.2,  11775.0,  974.895474816,  918.925211991,  853.961
1575.1646291,  16231.3,  12262.2,  974.895922241,  918.918839547,  852.754
1575.18506374,  16164.1,  12212.4,  974.895647956,  918.919284713,  854.647
1575.20549817,  15438.0,  11682.5,  974.895809238,  918.926191019,  855.323
1575.22593281,  14476.2,  10980.9,  974.894426573,  918.937334668,  852.914
1575.24636735,  13724.7,  10431.6,  974.894075021,  918.944989725,  853.383
1575.26680179,  13945.0,  10592.6,  974.894627508,  918.942837456,  853.528
1575.28723642,  14844.0,  11249.2,  974.894954113,  918.932718243,  852.809
1575.30767096,  15653.2,  11838.8,  974.89576489,  918.923752398,  853.939
1575.3281054,  16130.2,  12188.2,  974.895750485,  918.920869849,  852.672
1575.34854004,  16182.9,  12226.2,  974.895475635,  918.919742626,  853.696
1575.36897457,  15590.9,  11793.4,  974.894825499,  918.924365196,  852.987
1575.38940921,  14685.2,  11133.0,  974.89483802,  918.934895129,  852.858
1575.40984365,  13871.8,  10538.7,  974.894603504,  918.943606703,  853.176
1575.43027819,  14016.8,  10644.2,  974.894241782,  918.942310368,  852.003
1575.45071283,  14890.4,  11282.9,  974.894095115,  918.932308017,  852.163
1575.47114737,  15793.2,  11940.7,  974.896035394,  918.922980937,  852.538
1575.49158181,  16268.7,  12288.6,  974.895053275,  918.917754487,  851.845
1575.51201645,  15983.1,  12080.1,  974.895186901,  918.920665742,  852.314
1575.53245099,  15102.6,  11436.3,  974.8946924,  918.929796195,  852.173
1575.55288542,  14291.1,  10844.7,  974.894600485,  918.939212178,  852.077
1575.57332006,  13711.8,  10421.4,  974.894284276,  918.945664241,  852.023
1575.5937546,  14125.7,  10723.4,  974.893773785,  918.941460249,  851.283
1575.61418914,  14989.4,  11354.2,  974.894437437,  918.931285783,  851.345
1575.65505812,  16300.6,  12310.5,  974.895344497,  918.918470217,  852.771
1575.67549276,  16138.8,  12192.3,  974.895109418,  918.920034226,  850.848
1575.6959273,  15396.1,  11648.9,  974.894684425,  918.927229657,  851.133
1575.71636175,  14408.9,  10929.2,  974.894580341,  918.937977372,  851.239
1575.73679639,  13684.4,  10399.7,  974.893669077,  918.945329123,  850.818
1575.75723093,  14188.9,  10767.3,  974.894009819,  918.940482516,  851.701
1575.77766557,  15155.5,  11473.9,  974.894390875,  918.929036597,  850.405
1575.79810001,  15969.3,  12066.8,  974.894900181,  918.920711973,  850.083
1575.81853455,  16247.0,  12269.4,  974.895926369,  918.918435791,  850.643
1575.83896919,  15809.0,  11950.3,  974.895384656,  918.92243627,  850.977
1575.85940363,  15021.6,  11374.6,  974.894763118,  918.930514719,  849.969
1575.87983817,  14174.4,  10756.5,  974.893763559,  918.940208433,  849.02
1575.90027282,  13717.9,  10423.6,  974.893422826,  918.945153802,  850.247
1575.92070726,  14278.3,  10831.4,  974.893844254,  918.938622542,  849.874
1575.9411418,  15072.7,  11412.0,  974.893934224,  918.930076481,  849.465
1575.96157644,  15933.4,  12039.7,  974.895401662,  918.92160166,  850.642
1575.98201089,  16383.3,  12367.9,  974.895256101,  918.917266508,  849.35
1576.00244553,  16041.3,  12118.7,  974.89518501,  918.920454216,  848.953
1576.02288007,  15143.7,  11462.9,  974.894860616,  918.928903832,  849.079
1576.04331461,  14150.5,  10737.6,  974.894364696,  918.940364477,  848.518
1576.06374916,  13793.1,  10477.3,  974.893396308,  918.943815552,  849.479
1576.0841837,  14482.7,  10979.6,  974.893834898,  918.936069826,  849.832
1576.10461824,  15393.4,  11644.9,  974.89456008,  918.925822544,  848.171
1576.12505279,  16061.5,  12132.9,  974.8951428,  918.919459701,  849.061
1576.14548733,  16091.9,  12153.6,  974.8952965,  918.919477773,  849.937
1576.16592187,  15612.6,  11805.4,  974.894522045,  918.924746383,  848.408
1576.18635652,  14899.4,  11283.6,  974.89390657,  918.93212467,  848.847
1576.20679096,  14024.8,  10645.2,  974.893789056,  918.941454274,  847.615
1576.22722561,  13732.0,  10432.3,  974.893440475,  918.945231946,  848.513
1576.24766015,  14422.8,  10935.3,  974.89429761,  918.937298531,  848.717
1576.26809459,  15353.6,  11615.2,  974.895106404,  918.926871373,  848.456
1576.28852924,  16176.8,  12216.2,  974.894992746,  918.919373587,  849.488
1576.30896368,  16390.6,  12371.6,  974.894998089,  918.916397841,  848.112
1576.32939823,  15837.2,  11968.7,  974.894333254,  918.922208914,  848.441
1576.34983287,  14835.0,  11236.6,  974.89425978,  918.932337113,  848.527
1576.39070196,  13936.2,  10580.7,  974.893746645,  918.943199689,  848.588
1576.41113651,  14720.6,  11152.7,  974.893885404,  918.934287193,  848.037
1576.43157095,  15543.3,  11753.0,  974.894017979,  918.925524619,  849.305
1576.4520056,  16096.0,  12157.5,  974.894626322,  918.919301695,  847.335
1576.47244014,  16075.2,  12141.4,  974.894571579,  918.919822734,  847.291
1576.49287459,  15548.3,  11757.1,  974.894192972,  918.92490043,  848.607
1576.51330924,  14721.3,  11153.8,  974.893644223,  918.934075584,  847.908
1576.53374378,  13841.1,  10510.5,  974.892988349,  918.943962295,  847.152
1576.55417833,  13739.6,  10437.3,  974.892154908,  918.945903164,  847.309
1576.57461288,  14533.5,  11016.1,  974.893884672,  918.936170058,  847.939
1576.59504742,  15591.0,  11788.0,  974.894094712,  918.924881113,  846.818
1576.61548207,  16318.2,  12319.7,  974.894881425,  918.917542191,  846.985
1576.63591652,  16296.8,  12303.2,  974.894821265,  918.91834852,  846.425
1576.65635106,  15573.3,  11775.8,  974.894227017,  918.925112657,  846.99
1576.67678571,  14627.7,  11085.6,  974.89420609,  918.934109315,  847.491
1576.69722026,  13923.8,  10570.7,  974.893409756,  918.943535838,  846.633
1576.7176547,  14103.6,  10702.7,  974.89337041,  918.940794358,  846.94
1576.73808935,  14895.9,  11281.1,  974.893984672,  918.932343413,  846.865
1576.7585239,  15645.7,  11827.5,  974.893229686,  918.923932932,  846.265
1576.77895845,  16032.9,  12111.2,  974.894424404,  918.920486122,  846.117
1576.79939299,  16028.9,  12107.5,  974.894477655,  918.921079276,  845.94
1576.81982754,  15407.7,  11654.5,  974.894003403,  918.926726997,  846.22
1576.84026219,  14485.5,  10981.5,  974.893298834,  918.936443521,  846.0
1576.86069664,  13647.7,  10369.3,  974.892485669,  918.946249259,  845.779
1576.88113119,  13878.2,  10538.1,  974.892880875,  918.94388087,  847.147
1576.90156584,  14863.8,  11257.5,  974.893715508,  918.932329718,  845.155
1576.92200028,  15829.4,  11961.7,  974.894013413,  918.922718737,  846.195
1576.94243483,  16382.8,  12366.4,  974.894683154,  918.91669771,  845.806
1576.96286938,  16130.7,  12181.9,  974.894737522,  918.919873506,  845.544
1576.98330393,  15267.8,  11551.8,  974.89358913,  918.928837484,  844.586
1577.00373858,  14453.4,  10958.6,  974.892782301,  918.936988064,  845.249
1577.02417303,  13902.9,  10555.4,  974.892948592,  918.943980857,  844.69
1577.04460758,  14259.5,  10816.1,  974.893441595,  918.939657448,  845.457
1577.06504223,  15036.9,  11384.0,  974.893694319,  918.93117419,  845.885
1577.08547668,  15769.6,  11917.7,  974.894177488,  918.923923918,  845.297
1577.10591123,  16195.6,  12229.8,  974.895127812,  918.919529457,  845.245
1577.12634588,  15981.7,  12073.7,  974.894017105,  918.921383121,  844.277
1577.14678033,  15213.8,  11512.4,  974.893867249,  918.929323416,  844.028
1577.16721498,  14198.1,  10771.8,  974.892796065,  918.939717523,  844.31
1577.18764953,  13468.1,  10238.2,  974.892397104,  918.949137056,  843.771
1577.20808398,  14082.1,  10686.4,  974.893064895,  918.941195127,  844.974
1577.22851863,  15150.1,  11466.7,  974.89349836,  918.928319323,  844.777
1577.24895318,  16019.6,  12101.0,  974.893804749,  918.920378338,  844.149
1577.26938773,  16350.2,  12342.7,  974.894147791,  918.918070703,  844.84
1577.28982228,  15930.6,  12036.7,  974.893504629,  918.922099317,  845.154
1577.31025684,  15173.7,  11483.3,  974.893467485,  918.928729521,  843.967
1577.33069139,  14340.6,  10876.0,  974.892900951,  918.938654858,  844.711
1577.35112604,  13912.2,  10562.6,  974.893371289,  918.943361845,  843.363
1577.37156049,  14395.1,  10914.7,  974.892884446,  918.938043816,  843.622
1577.39199514,  15103.6,  11433.1,  974.893392753,  918.930588749,  844.291
1577.41242969,  15915.3,  12024.6,  974.893545859,  918.922237257,  843.18
1577.43286415,  16267.6,  12281.7,  974.893915492,  918.918780413,  843.36
1577.4532988,  15864.2,  11988.2,  974.894001356,  918.922373288,  843.63
1577.47373335,  14959.0,  11326.3,  974.893113576,  918.931480016,  843.695
1577.4941678,  13924.7,  10572.0,  974.892895261,  918.942459664,  843.937
1577.51460246,  13600.1,  10334.9,  974.892702574,  918.947350942,  842.755
1577.53503701,  14414.2,  10928.4,  974.892368813,  918.937729877,  843.132
1577.55547156,  15384.7,  11637.8,  974.893280326,  918.927680833,  843.426
1577.57590611,  16134.3,  12184.2,  974.894381546,  918.920092625,  842.792
1577.59634057,  16224.1,  12250.0,  974.894287192,  918.919315221,  842.703
1577.61677522,  15759.2,  11911.0,  974.893705435,  918.923972827,  843.36
1577.63720977,  15034.3,  11380.8,  974.893473102,  918.930847371,  842.703
1577.65764423,  14203.2,  10775.0,  974.8933447,  918.940009374,  842.103
1577.67807888,  13932.9,  10577.9,  974.8922616,  918.943170037,  842.691
1577.69851343,  14523.0,  11007.6,  974.893688241,  918.93628643,  843.101
1577.71894799,  15380.4,  11634.5,  974.893063127,  918.92778477,  844.373
1577.73938254,  16135.9,  12185.3,  974.893977024,  918.920129511,  841.591
1577.7598171,  16261.4,  12276.5,  974.893771104,  918.918814696,  842.444
1577.78025175,  15656.8,  11836.2,  974.893310077,  918.92466688,  841.351
1577.8006862,  14636.5,  11090.5,  974.892711,  918.935412506,  841.003
1577.82112076,  13709.3,  10413.9,  974.892332575,  918.946207208,  842.193
1577.84155541,  13771.2,  10459.7,  974.89210529,  918.945425017,  841.42
1577.86198997,  14681.1,  11122.7,  974.89306392,  918.93444302,  840.478
1577.88242442,  15555.2,  11761.7,  974.893006105,  918.92567391,  841.08
1577.90285908,  16166.8,  12207.7,  974.893971193,  918.920199199,  841.947
1577.92329363,  16196.0,  12228.7,  974.894186964,  918.919722101,  841.406
1577.94372819,  15680.9,  11853.3,  974.892983171,  918.924747511,  840.593
1577.96416274,  14869.9,  11260.8,  974.892954662,  918.932642875,  840.959
1577.9845973,  14040.5,  10655.5,  974.892483323,  918.943012117,  840.081
1578.00503186,  13930.0,  10575.5,  974.8924288,  918.943729733,  840.525
1578.02546641,  14641.9,  11093.9,  974.893038864,  918.935333289,  840.184
1578.04590097,  15629.3,  11815.5,  974.893461689,  918.925100264,  840.884
1578.06633562,  16266.4,  12280.6,  974.893752149,  918.919010705,  844.934
1578.08677008,  16164.7,  12205.6,  974.893529355,  918.920024476,  842.209
1578.10720464,  15397.8,  11646.6,  974.89341631,  918.927845238,  840.306
1578.12763929,  14429.1,  10938.8,  974.893069105,  918.93785171,  840.104
1578.14807375,  13710.2,  10413.9,  974.892092075,  918.945666582,  840.188
1578.16850841,  13968.9,  10603.3,  974.892100443,  918.943284292,  840.501
1578.18894296,  14875.8,  11264.5,  974.89253722,  918.932522713,  840.597
1578.20937742,  15672.0,  11846.2,  974.89315056,  918.924695759,  839.828
1578.22981208,  16142.3,  12189.8,  974.893823901,  918.920264269,  840.243
1578.25024653,  16172.1,  12210.6,  974.893993103,  918.919768732,  840.216
1578.27068109,  15547.8,  11755.6,  974.89303397,  918.925395688,  839.638
1578.29111575,  14645.9,  11096.9,  974.892902846,  918.935456969,  840.156
1578.31155021,  13859.3,  10521.9,  974.892470119,  918.944037165,  840.543
1578.33198486,  14060.1,  10669.4,  974.892778853,  918.941798263,  840.282
1578.35241942,  14963.5,  11328.5,  974.893197607,  918.931804226,  840.423
1578.37285388,  15864.3,  11985.8,  974.893794519,  918.922885005,  840.017
1578.39328854,  16311.4,  12312.9,  974.893469258,  918.919039622,  839.568
1578.4137231,  15967.2,  12060.6,  974.893139542,  918.922208097,  839.814
1578.43415765,  15065.1,  11402.7,  974.893050354,  918.931264611,  839.562
1578.45459221,  14257.3,  10812.9,  974.892351464,  918.939612631,  840.285
1578.47502677,  13689.2,  10397.6,  974.892277385,  918.946071413,  839.671
1578.49546133,  14140.5,  10727.9,  974.891737963,  918.941594971,  838.856
1578.51589589,  15004.6,  11358.0,  974.892936398,  918.931825281,  840.354
1578.53633045,  15804.3,  11941.6,  974.89322609,  918.9236613,  839.395
1578.55676511,  16296.3,  12301.4,  974.893619116,  918.91844645,  839.948
1578.57719967,  16120.0,  12171.6,  974.89334074,  918.920167601,  840.227
1578.59763413,  15355.0,  11613.5,  974.893178402,  918.927825622,  838.695
1578.63850334,  13691.2,  10398.1,  974.891666079,  918.946400345,  839.244
1578.6589378,  14265.0,  10817.4,  974.892351733,  918.940268356,  838.443
1578.67937246,  15229.3,  11520.5,  974.893369935,  918.928463202,  839.256
1578.69980702,  16029.9,  12104.8,  974.893251736,  918.920600949,  838.504
1578.72024148,  16264.0,  12276.1,  974.893368352,  918.91921978,  838.492
1578.74067614,  15768.3,  11913.1,  974.893301001,  918.923736332,  838.796
1578.76111071,  14975.1,  11334.4,  974.892769284,  918.931541885,  838.775
1578.78154537,  14122.4,  10712.3,  974.891546562,  918.940601824,  837.828
1578.80197983,  13692.9,  10398.0,  974.892117264,  918.94580496,  838.344
1578.82241439,  14296.0,  10838.4,  974.892177056,  918.938840679,  838.91
1578.84284905,  15070.9,  11404.1,  974.893113764,  918.930701632,  839.003
1578.86328351,  15964.1,  12055.7,  974.892875238,  918.922052878,  838.108
1578.88371807,  16377.2,  12357.7,  974.892824296,  918.917548777,  837.601
1578.90415263,  15986.7,  12072.0,  974.893247253,  918.921502945,  838.185
1578.92458719,  15101.8,  11426.1,  974.892622986,  918.930182494,  836.801
1578.94502185,  14120.7,  10710.3,  974.892034664,  918.941254633,  837.918
1578.96545632,  13826.1,  10494.7,  974.891150039,  918.944370025,  837.793
1578.98589088,  14544.4,  11018.6,  974.891796052,  918.936340873,  837.777
1579.00632554,  15446.4,  11677.7,  974.892370433,  918.926526317,  837.064
1579.02676,  16094.2,  12149.5,  974.892946483,  918.920236942,  837.393
1579.04719456,  16080.6,  12140.4,  974.893084015,  918.92034872,  836.881
1579.06762923,  15560.9,  11760.1,  974.892665706,  918.925160181,  836.873
1579.08806379,  14823.3,  11221.5,  974.891773096,  918.93317088,  837.076
1579.10849825,  13956.5,  10589.7,  974.891879208,  918.942986532,  838.207
1579.12893291,  13741.4,  10432.0,  974.891171501,  918.944505743,  836.916
1579.14936748,  14431.9,  10935.8,  974.892054368,  918.938028033,  836.336
1579.16980204,  15371.8,  11622.6,  974.89205922,  918.927690997,  837.03
1579.1902366,  16196.4,  12223.3,  974.893088577,  918.91934573,  836.824
1579.21067116,  16386.9,  12363.2,  974.893323347,  918.917533321,  836.149
1579.23110583,  15794.3,  11930.9,  974.892689397,  918.923364088,  836.217
1579.25154029,  14776.6,  11186.9,  974.892391753,  918.933633578,  836.517
1579.27197485,  13910.0,  10555.2,  974.891912019,  918.943944294,  837.267
1579.29240952,  13980.0,  10605.7,  974.891310284,  918.942537319,  836.378
1579.31284398,  14775.8,  11186.6,  974.892455259,  918.933971963,  836.267
1579.33327864,  15589.6,  11781.5,  974.892363508,  918.925567618,  836.165
1579.35371321,  16101.7,  12154.3,  974.892975742,  918.920444824,  836.105
1579.37414767,  16058.4,  12123.1,  974.892211825,  918.921471558,  835.05
1579.39458234,  15480.4,  11701.1,  974.89237723,  918.925906381,  834.799
1579.4150169,  14648.0,  11092.9,  974.890513276,  918.935002388,  834.595
1579.43545137,  13774.1,  10456.2,  974.891529959,  918.944888676,  835.278
1579.45588603,  13741.7,  10432.1,  974.891078244,  918.945880705,  836.207
1579.47632059,  14575.5,  11040.2,  974.891402361,  918.935654169,  834.866
1579.49675506,  15623.1,  11805.9,  974.892192783,  918.925204215,  835.496
1579.51718972,  16329.8,  12320.9,  974.893211409,  918.918551203,  835.922
1579.53762419,  16273.6,  12280.2,  974.893516548,  918.918766572,  835.922
1579.55805885,  15524.9,  11734.2,  974.89207445,  918.925996207,  835.87
1579.57849342,  14597.6,  11056.6,  974.892124944,  918.936078713,  835.33
1579.59892798,  13914.5,  10558.3,  974.891651167,  918.943827322,  834.541
1579.61936255,  14156.2,  10734.5,  974.891272484,  918.940609792,  835.62
1579.63979712,  14948.6,  11312.4,  974.891977274,  918.931813189,  834.862
1579.66023168,  15666.8,  11838.1,  974.892089395,  918.924881641,  834.255
1579.68066625,  16043.2,  12111.6,  974.892459959,  918.921444784,  835.362
1579.70110081,  15999.1,  12079.6,  974.893040471,  918.921175324,  835.336
1579.72153548,  15344.0,  11602.2,  974.892350075,  918.928059128,  834.814
1579.74197005,  14400.2,  10912.6,  974.89112534,  918.937965519,  834.092
1579.76240451,  13600.4,  10329.0,  974.890679783,  918.947167926,  834.728
1579.78283918,  13895.9,  10545.0,  974.891165475,  918.944211762,  833.956
1579.80327375,  14892.3,  11271.4,  974.891654571,  918.932879053,  834.215
1579.82370821,  15859.0,  11978.2,  974.891757431,  918.922647987,  834.681
1579.84414288,  16370.7,  12350.9,  974.892176421,  918.918645465,  833.868
1579.86457745,  16087.0,  12143.7,  974.892428043,  918.92094642,  833.52
1579.88501191,  15216.2,  11509.2,  974.891676323,  918.929402712,  834.572
1579.90544658,  14436.8,  10939.2,  974.891632158,  918.938072475,  833.98
1579.92588115,  13921.5,  10563.0,  974.891138847,  918.943480178,  834.216
1579.94631581,  14315.2,  10851.4,  974.891276158,  918.939051473,  833.618
1579.96675028,  15073.6,  11404.3,  974.891716816,  918.930848567,  833.023
1579.98718485,  15781.3,  11921.4,  974.892047266,  918.923741045,  831.651
1580.00761952,  16189.3,  12219.1,  974.8921708,  918.920364597,  832.617
1580.02805398,  15926.5,  12026.5,  974.892362826,  918.922041523,  832.29
1580.04848855,  15130.9,  11446.8,  974.89162338,  918.930546201,  833.976
1580.06892322,  14112.8,  10703.1,  974.890813078,  918.941485488,  832.318
1580.08935769,  13440.9,  10212.3,  974.890642164,  918.949816888,  833.427
1580.10979226,  14099.0,  10693.6,  974.891237893,  918.941735231,  832.776
1580.13022693,  15157.2,  11465.0,  974.891491322,  918.930207661,  831.519
1580.15066139,  16029.2,  12102.3,  974.89211262,  918.922008315,  831.87
1580.17109606,  16338.3,  12328.2,  974.892212816,  918.918604221,  831.519
1580.19153053,  15902.7,  12009.3,  974.891953757,  918.92288159,  831.937
1580.2119651,  15137.0,  11451.4,  974.891778244,  918.930061446,  832.484
1580.23239977,  14319.8,  10854.6,  974.890944418,  918.939378504,  830.951
1580.25283424,  13951.5,  10585.2,  974.889770412,  918.943454061,  830.91
1580.27326881,  14433.9,  10938.5,  974.890823059,  918.937898261,  831.251
1580.29370348,  15134.5,  11449.1,  974.891087485,  918.930530938,  831.115
1580.31413805,  15917.7,  12021.0,  974.892239616,  918.923137232,  831.513
1580.33457262,  16244.7,  12259.8,  974.892474793,  918.918990041,  830.681
1580.35500719,  15787.5,  11925.5,  974.892367203,  918.923372426,  830.717
1580.37544176,  14870.5,  11256.7,  974.891313192,  918.933169706,  830.688
1580.39587633,  13838.2,  10503.3,  974.890370177,  918.94482975,  830.412
1580.4163109,  13570.8,  10306.7,  974.889759366,  918.948284347,  830.785
1580.43674547,  14411.4,  10921.6,  974.891068138,  918.938246322,  830.052
1580.45718014,  15401.5,  11644.1,  974.891147344,  918.92764077,  830.557
1580.47761461,  16139.5,  12182.6,  974.89242663,  918.920889461,  831.03
1580.49804918,  16189.6,  12220.1,  974.891514807,  918.920877807,  829.999
1580.51848385,  15734.2,  11886.2,  974.891232703,  918.92505102,  830.472
1580.53891832,  14993.2,  11346.7,  974.891340406,  918.931726375,  828.893
1580.55935299,  14178.0,  10751.5,  974.889912249,  918.941654442,  830.021
1580.57978756,  13951.0,  10585.1,  974.890760594,  918.943364298,  830.259
1580.60022203,  14558.7,  11029.2,  974.890826987,  918.936588756,  829.905
1580.6206567,  15399.4,  11642.4,  974.890930279,  918.927932119,  829.835
1580.64109127,  16135.7,  12179.5,  974.891847841,  918.920937497,  828.959
1580.66152574,  16219.5,  12241.8,  974.89201777,  918.919900321,  829.492
1580.68196042,  15571.9,  11768.2,  974.891067534,  918.926172223,  829.347
1580.70239499,  14532.1,  11009.4,  974.891031884,  918.937532171,  828.651
1580.72282966,  13630.4,  10351.8,  974.890018993,  918.947582305,  829.012
1580.74326413,  13744.3,  10433.8,  974.890064699,  918.946143923,  829.013
1580.7636987,  14660.0,  11103.5,  974.89070247,  918.93538573,  828.794
1580.78413338,  15575.0,  11770.6,  974.891136351,  918.92634825,  829.904
1580.80456785,  16159.8,  12197.3,  974.891710312,  918.920951915,  829.207
1580.82500242,  16183.1,  12215.4,  974.89200414,  918.919890548,  828.393
1580.84543699,  15545.8,  11748.9,  974.891101841,  918.926636877,  829.047
1580.86587156,  14833.8,  11229.7,  974.89060683,  918.933593041,  828.728
1580.88630614,  14008.3,  10627.6,  974.890257885,  918.943102339,  828.455
1580.90674071,  13944.8,  10580.2,  974.890335629,  918.943675978,  828.297
1580.92717528,  14674.3,  11113.1,  974.890743756,  918.935750269,  828.427
1580.94760996,  15639.3,  11817.7,  974.891094983,  918.925292728,  828.886
1580.96804453,  16246.6,  12260.6,  974.891775243,  918.919206705,  827.748
1580.988479,  16104.2,  12157.5,  974.891646085,  918.921398926,  827.889
1581.00891368,  15301.2,  11570.8,  974.891180779,  918.929617071,  828.346
1581.02934825,  14337.3,  10867.0,  974.890538209,  918.939968179,  827.759
1581.04978272,  13626.4,  10349.0,  974.889742802,  918.947186206,  827.001
1581.0702174,  13949.2,  10583.6,  974.889775293,  918.944073161,  827.552
1581.09065197,  14857.0,  11246.3,  974.890706267,  918.933526717,  828.31
1581.11108664,  15678.0,  11846.5,  974.891275436,  918.925443159,  826.708
1581.13152112,  16140.9,  12183.2,  974.891135874,  918.920965209,  826.221
1581.15195569,  16148.8,  12189.6,  974.89191668,  918.920509382,  827.015
1581.17239037,  15517.6,  11728.9,  974.890740762,  918.927037968,  826.894
1581.19282484,  14644.8,  11091.2,  974.890335535,  918.936036578,  826.441
1581.21325941,  13854.7,  10515.4,  974.889723231,  918.945066973,  827.085
1581.23369409,  14085.2,  10683.0,  974.890441664,  918.942719835,  826.153
1581.25412856,  15002.1,  11352.2,  974.890380683,  918.93218913,  826.441
1581.27456314,  15862.5,  11981.1,  974.890960506,  918.923880069,  826.144
1581.29499781,  16265.9,  12274.5,  974.891360921,  918.91991587,  827.02
1581.31543229,  15892.2,  12002.2,  974.890843422,  918.923269413,  826.864
1581.33586696,  14987.4,  11341.9,  974.890592653,  918.932953947,  826.758
1581.35630154,  14180.1,  10751.5,  974.890619793,  918.941218108,  826.627
1581.37673611,  13637.0,  10356.7,  974.889488965,  918.947641832,  826.168
1581.39717069,  14135.1,  10719.4,  974.889569399,  918.941856582,  826.91
1581.41760527,  15022.5,  11366.8,  974.891117529,  918.931888505,  825.656
1581.43803984,  15812.0,  11944.3,  974.890507933,  918.924387822,  825.606
1581.45847442,  16299.5,  12299.1,  974.890823959,  918.919449148,  826.011
1581.47890899,  16092.8,  12148.6,  974.890962523,  918.921771599,  826.856
1581.49934357,  15310.7,  11578.1,  974.890595512,  918.929306266,  825.855
1581.51977814,  14324.5,  10857.4,  974.890378604,  918.939751928,  825.289
1581.54021272,  13696.3,  10399.7,  974.889334272,  918.947112544,  825.752
1581.5606473,  14299.7,  10839.6,  974.889283342,  918.939982918,  825.782
1581.58108187,  15245.6,  11530.2,  974.890023193,  918.929679708,  826.078
1586.83276436,  14214.5,  10831.5,  974.880630044,  918.946523027,  806.534
1586.85319906,  13573.0,  10363.3,  974.880185373,  918.953441123,  807.531
1586.87363356,  13984.8,  10663.2,  974.880326558,  918.948177823,  806.782
1586.89406826,  14907.4,  11336.5,  974.881535763,  918.939021378,  807.047
1586.91450286,  15691.7,  11909.7,  974.881907415,  918.932256087,  806.326
1586.93493736,  16130.2,  12228.2,  974.881948601,  918.928040748,  806.517
1586.95537206,  16080.3,  12192.5,  974.881537463,  918.928344712,  806.67
1586.97580666,  15416.0,  11707.2,  974.88138564,  918.934348459,  807.034
1586.99624126,  14484.2,  11026.2,  974.881233846,  918.944077513,  806.31
1587.01667586,  13761.6,  10499.4,  974.880450344,  918.951597141,  806.515
1587.03711047,  14071.7,  10724.2,  974.880978694,  918.948797393,  806.053
1587.05754517,  14997.2,  11399.9,  974.881416123,  918.938566704,  805.751
1587.07797977,  15868.3,  12036.0,  974.881680916,  918.930728007,  806.316
1587.09841427,  16212.6,  12286.1,  974.882120315,  918.927753493,  805.846
1587.11884897,  15771.6,  11964.3,  974.881442289,  918.931380513,  805.957
1587.13928357,  14860.4,  11299.0,  974.880940342,  918.940768833,  807.068
1587.15971807,  14063.6,  10716.6,  974.880107305,  918.948753099,  805.424
1587.18015278,  13594.9,  10374.2,  974.879919366,  918.953232817,  805.711
1587.20058738,  14156.3,  10783.4,  974.880265873,  918.947154004,  805.264
1587.22102198,  15035.3,  11424.2,  974.880967467,  918.937888911,  806.041
1587.24145658,  15849.9,  12019.6,  974.88132576,  918.931519555,  806.039
1587.26189108,  16277.5,  12330.8,  974.881624351,  918.926687363,  806.293
1587.28232578,  16002.8,  12129.7,  974.881517537,  918.929020117,  805.372
1587.30276039,  15201.6,  11544.9,  974.881559487,  918.937221039,  806.068
1587.32319489,  14203.3,  10814.9,  974.881019397,  918.946221345,  805.477
1587.34362959,  13627.5,  10394.5,  974.879495045,  918.953622109,  806.91
1587.36406419,  14309.0,  10892.0,  974.880261753,  918.945909331,  805.518
1587.3844989,  15253.8,  11580.3,  974.881458605,  918.935952236,  806.19
1587.4049334,  15994.9,  12121.7,  974.881316217,  918.928959617,  805.631
1587.425368,  16136.9,  12224.4,  974.88161615,  918.928138558,  805.769
1587.4458027,  15584.6,  11820.7,  974.881715499,  918.932830107,  805.232
1587.46623721,  14785.6,  11238.0,  974.880361446,  918.940762983,  806.483
1587.50710651,  13639.7,  10399.5,  974.87952412,  918.952751685,  805.182
1587.52754101,  14310.6,  10889.2,  974.881162068,  918.946080323,  805.859
1587.54797572,  15119.4,  11478.4,  974.88157392,  918.937413043,  805.278
1587.56841032,  16013.4,  12131.0,  974.881799893,  918.928806045,  805.737
1587.58884492,  16339.4,  12368.7,  974.882438984,  918.925175983,  805.882
1587.60927953,  15870.8,  12025.0,  974.882016741,  918.92977185,  805.373
1587.62971413,  14947.1,  11351.4,  974.881541422,  918.938433872,  805.361
1587.65014873,  13975.0,  10640.8,  974.881090724,  918.948725503,  805.33
1587.67058334,  13822.2,  10528.9,  974.880089745,  918.949876741,  805.73
1587.69101794,  14587.3,  11087.4,  974.881910835,  918.941914622,  805.688
1587.71145264,  15458.5,  11722.3,  974.882014777,  918.933280092,  806.233
1587.73188715,  16049.3,  12153.1,  974.882286783,  918.927790946,  806.513
1587.75232175,  15956.0,  12085.2,  974.882278335,  918.928881538,  805.559
1587.77275646,  15415.4,  11689.0,  974.882015962,  918.933645096,  805.053
1587.79319106,  14646.0,  11128.2,  974.880907906,  918.941701648,  804.934
1587.81362556,  13797.0,  10507.7,  974.880823633,  918.94972259,  805.302
1587.83406027,  13694.5,  10431.8,  974.880596936,  918.951450804,  806.433
1587.85449477,  14472.2,  11000.0,  974.881542586,  918.943013652,  804.57
1587.87492948,  15435.8,  11701.9,  974.882264593,  918.933335022,  805.875
1587.89536408,  16212.4,  12268.7,  974.883459285,  918.926335663,  805.433
1587.91579858,  16294.6,  12328.8,  974.883088177,  918.925523235,  805.298
1587.93623329,  15622.3,  11837.0,  974.882730426,  918.930655474,  805.25
1587.95666789,  14600.6,  11091.1,  974.882443908,  918.941732132,  805.027
1587.9771024,  13830.2,  10528.8,  974.882225017,  918.950004672,  804.553
1587.9975371,  14013.2,  10660.9,  974.882533415,  918.947903853,  805.347
1588.01797171,  14820.3,  11250.5,  974.882235062,  918.939158114,  804.861
1588.03840621,  15618.3,  11832.4,  974.88292223,  918.931394516,  805.11
1588.05884092,  16061.7,  12155.7,  974.883177094,  918.926994023,  804.53
1588.07927552,  15958.7,  12080.8,  974.882752372,  918.928187312,  805.163
1588.09971023,  15349.4,  11634.2,  974.88346424,  918.933752456,  805.097
1588.12014473,  14466.7,  10990.2,  974.882571336,  918.943170984,  804.642
1588.14057934,  13642.5,  10388.4,  974.881759652,  918.951232438,  803.93
1588.16101404,  13734.6,  10454.3,  974.882250979,  918.951251195,  804.25
1588.18144855,  14655.8,  11127.4,  974.882270156,  918.940872124,  804.056
1588.20188315,  15707.0,  11893.8,  974.883617876,  918.930008549,  803.444
1588.22231786,  16326.4,  12345.7,  974.882441861,  918.924270306,  803.665
1588.24275236,  16159.5,  12224.0,  974.88356976,  918.925561103,  804.086
1588.26318707,  15373.3,  11648.8,  974.88285935,  918.933148114,  803.011
1588.28362167,  14463.8,  10984.9,  974.88273358,  918.942350147,  802.972
1588.30405628,  13848.2,  10535.9,  974.882286471,  918.949810793,  803.08
1588.32449089,  14200.3,  10791.4,  974.88321483,  918.944387683,  804.073
1588.34492549,  14988.7,  11367.1,  974.882919128,  918.936148269,  803.772
1588.3653601,  15660.5,  11857.5,  974.88339019,  918.930080535,  803.843
1588.3857947,  16038.4,  12132.0,  974.883231907,  918.92671017,  803.18
1588.40622931,  15916.9,  12044.1,  974.883829961,  918.92772959,  803.002
1588.42666391,  15182.5,  11507.2,  974.883792348,  918.934069512,  802.238
1588.44709862,  14235.9,  10815.4,  974.883167834,  918.944127843,  802.244
1588.46753313,  13512.4,  10288.1,  974.882216555,  918.953615021,  801.128
1588.48796783,  13961.5,  10614.7,  974.882654938,  918.947556587,  801.766
1588.50840234,  14998.0,  11371.3,  974.883465443,  918.936674826,  802.958
1588.52883695,  15941.2,  12060.0,  974.883755782,  918.92662675,  802.3
1588.54927165,  16343.3,  12352.0,  974.884186254,  918.92378517,  802.039
1588.56970616,  15941.5,  12059.6,  974.883910894,  918.927313892,  801.682
1588.59014077,  15057.1,  11413.5,  974.88326657,  918.935561228,  801.491
1588.61057547,  14301.0,  10860.7,  974.883439099,  918.943415802,  802.019
1588.63100998,  13876.8,  10551.3,  974.882682412,  918.948045711,  801.8
1588.65144469,  14338.4,  10887.4,  974.88325544,  918.943182857,  801.962
1588.67187929,  15107.7,  11449.0,  974.883817043,  918.934502731,  801.9
1588.6923138,  15811.7,  11963.1,  974.884212523,  918.928212694,  801.825
1588.71274851,  16166.8,  12221.1,  974.884008309,  918.92438752,  800.651
1588.73318311,  15823.4,  11970.9,  974.883985616,  918.927722939,  800.429
1588.75361762,  14966.1,  11344.8,  974.883805987,  918.936420288,  801.291
1588.77405233,  13931.3,  10588.7,  974.883158722,  918.947204687,  801.035
1588.79448694,  13411.5,  10210.0,  974.882109632,  918.953741163,  800.985
1588.81492154,  14227.3,  10804.4,  974.883007741,  918.944469112,  800.945
1588.83535615,  15273.0,  11567.3,  974.883962199,  918.933081518,  800.624
1588.85579076,  16086.6,  12161.9,  974.88391772,  918.925840203,  800.544
1588.87622547,  16275.9,  12298.9,  974.884873053,  918.923416697,  800.626
1588.89665997,  15774.4,  11932.9,  974.883993292,  918.928566321,  801.145
1588.91709458,  15006.0,  11372.1,  974.883502461,  918.935408594,  800.734
1588.93752929,  14187.8,  10773.9,  974.88282979,  918.944410836,  800.422
1588.9579639,  13912.2,  10573.2,  974.882530743,  918.947096963,  799.366
1588.9783984,  14454.2,  10968.5,  974.883759563,  918.941904774,  800.615
1588.99883311,  15166.9,  11487.9,  974.883653523,  918.934174544,  799.687
1589.01926772,  15969.2,  12074.3,  974.884413535,  918.926742305,  799.585
1589.03970223,  16185.3,  12231.1,  974.884141819,  918.924078236,  800.581
1589.06013694,  15640.9,  11833.6,  974.884436077,  918.929341826,  799.398
1589.08057154,  14699.6,  11146.6,  974.882777502,  918.938758109,  799.473
1589.10100625,  13717.2,  10428.5,  974.883069734,  918.948931051,  799.485
1589.12144076,  13618.8,  10357.0,  974.882669942,  918.950727214,  799.482
1589.14187537,  14513.1,  11009.4,  974.883469876,  918.940094244,  798.627
1589.16230998,  15486.4,  11719.1,  974.884085831,  918.930537171,  798.957
1589.18274459,  16143.7,  12199.7,  974.88446175,  918.924289864,  799.697
1589.2031791,  16099.9,  12166.7,  974.884201139,  918.925050899,  798.793
1589.2236138,  15611.8,  11810.0,  974.883817876,  918.929593736,  799.697
1589.24404841,  14866.7,  11267.0,  974.88300798,  918.936038004,  797.867
1589.26448312,  14053.8,  10672.8,  974.883579639,  918.945512264,  798.632
1589.28491763,  13939.5,  10589.3,  974.88297614,  918.947320696,  799.014
1589.30535224,  14603.9,  11074.4,  974.883225832,  918.93940899,  798.477
1589.32578695,  15478.2,  11711.6,  974.884149637,  918.930706949,  798.57
1589.34622146,  16137.3,  12193.0,  974.884283425,  918.924265094,  798.279
1589.36665607,  16145.4,  12198.5,  974.884243514,  918.924095621,  798.262
1589.38709078,  15418.9,  11667.6,  974.884601821,  918.931242447,  798.292
1589.40752529,  14356.5,  10893.0,  974.883639584,  918.942596467,  798.704
1589.42795989,  13573.0,  10320.2,  974.882747473,  918.951069569,  797.573
1589.4483946,  13832.0,  10509.0,  974.882079796,  918.94665495,  798.113
1589.46882921,  14767.8,  11192.6,  974.883421472,  918.937206819,  798.517
1589.48926382,  15646.6,  11833.0,  974.884650478,  918.928957466,  797.561
1589.50969843,  16169.5,  12215.1,  974.884369264,  918.924269792,  797.882
1589.53013304,  16113.6,  12174.3,  974.884439114,  918.924454094,  798.715
1589.55056765,  15534.5,  11750.0,  974.883783692,  918.929757719,  798.637
1589.57100226,  14697.9,  11139.9,  974.884187161,  918.9378545,  798.415
1589.59143687,  13922.9,  10574.6,  974.883234444,  918.946078663,  797.366
1589.61187158,  13950.7,  10594.0,  974.882939957,  918.946818181,  797.853
1589.63230609,  14775.2,  11196.9,  974.883672555,  918.937447586,  797.458
1589.6527407,  15718.0,  11883.8,  974.884414648,  918.927896058,  798.458
1589.67317541,  16240.8,  12265.7,  974.884987726,  918.923004988,  798.422
1589.69360992,  15989.8,  12083.0,  974.88484362,  918.925401972,  798.429
1589.71404463,  15146.3,  11466.2,  974.88434421,  918.933545321,  797.271
1589.73447924,  14207.8,  10781.5,  974.883035363,  918.94381939,  797.651
1589.75491375,  13599.0,  10336.7,  974.883195477,  918.950323253,  797.854
1589.77534846,  14045.0,  10661.6,  974.882405658,  918.944266029,  796.99
1589.79578307,  14944.2,  11319.2,  974.883138196,  918.935994242,  797.563
1589.81621758,  15710.0,  11877.1,  974.884246767,  918.928064815,  798.417
1589.8570868,  16084.4,  12150.5,  974.884393885,  918.924954198,  797.733
1589.87752152,  15392.4,  11644.6,  974.883731024,  918.931172044,  797.058
1589.89795613,  14467.7,  10969.8,  974.883183884,  918.940537566,  797.58
1589.91839064,  13797.9,  10481.1,  974.882889172,  918.94846138,  796.677
1589.93882535,  14158.2,  10742.7,  974.883764774,  918.943060546,  797.359
1589.95925996,  15080.3,  11416.7,  974.884239466,  918.934492456,  797.609
1589.97969447,  15919.4,  12029.1,  974.884076983,  918.925745902,  796.569
1590.00012918,  16227.6,  12253.3,  974.884485392,  918.923242407,  797.126
1590.02056379,  15761.7,  11914.2,  974.88380009,  918.927686387,  796.96
1590.0409984,  14849.5,  11247.3,  974.884071192,  918.936687821,  796.697
1590.06143301,  14053.3,  10666.1,  974.883218743,  918.944818927,  797.807
1590.08186763,  13635.1,  10361.7,  974.883259518,  918.94994922,  796.796
1590.10230234,  14223.1,  10789.4,  974.883305443,  918.94319554,  796.95
1590.12273685,  15098.7,  11429.5,  974.883776017,  918.934266712,  796.451
1590.14317146,  15879.6,  11998.9,  974.884655117,  918.926105262,  796.672
1590.16360617,  16298.0,  12304.1,  974.885009453,  918.922638804,  797.526
1590.18404078,  16002.2,  12089.0,  974.883656036,  918.925685617,  796.459
1590.20447529,  15190.7,  11495.9,  974.883997455,  918.932696678,  796.924
1590.22491001,  14190.5,  10765.5,  974.883130109,  918.943431086,  796.419
1590.24534462,  13683.6,  10396.0,  974.882788869,  918.94904654,  796.513
1590.26577913,  14391.1,  10911.4,  974.883454927,  918.94085488,  796.854
1590.28621384,  15315.9,  11587.3,  974.884110851,  918.931412463,  796.675
1590.30664845,  16034.3,  12111.8,  974.884930277,  918.924510027,  796.588
1590.32708317,  16126.3,  12177.9,  974.88389718,  918.924279149,  796.019
1590.34751768,  15554.5,  11761.0,  974.883635154,  918.929474648,  796.406
1590.36795229,  14764.6,  11184.2,  974.883366958,  918.936680212,  795.61
1590.388387,  13930.2,  10574.6,  974.882966932,  918.946301312,  796.083
1590.40882151,  13681.3,  10393.5,  974.88271625,  918.949663798,  797.093
1590.42925613,  14367.8,  10893.9,  974.883798202,  918.941193575,  794.955
1590.44969074,  15183.5,  11489.7,  974.884393757,  918.933376486,  796.453
1590.47012535,  16059.9,  12129.5,  974.883974734,  918.924665033,  795.953
1590.49056006,  16323.7,  12321.0,  974.884374314,  918.921733916,  796.142
1590.51099458,  15827.8,  11959.9,  974.884181479,  918.926541967,  796.155
1590.53142919,  14910.9,  11290.0,  974.884049219,  918.935193771,  795.767
1590.5518639,  13976.5,  10607.5,  974.883056178,  918.945716614,  794.991
1590.57229841,  13872.4,  10532.3,  974.883121528,  918.9466247,  795.007
1590.59273303,  14663.5,  11109.1,  974.883570692,  918.938609944,  796.409
1590.61316774,  15524.2,  11737.6,  974.883751316,  918.92883226,  795.595
1590.63360225,  16077.6,  12142.0,  974.884053219,  918.924308431,  795.49
1590.65403686,  15934.2,  12035.8,  974.884368671,  918.92590981,  795.92
1590.67447158,  15400.2,  11646.4,  974.883665829,  918.930052817,  795.931
1590.69490619,  14619.8,  11077.3,  974.882854688,  918.938896149,  796.229
1590.7153408,  13775.8,  10460.1,  974.883306009,  918.948031629,  796.143
1590.73577542,  13730.0,  10427.2,  974.882763548,  918.948517929,  795.295
1590.75621003,  14524.6,  11007.0,  974.883012744,  918.93951497,  794.858
1590.77664464,  15498.3,  11717.7,  974.884303731,  918.929442685,  795.211
1590.79707926,  16240.2,  12259.7,  974.884632474,  918.922711276,  796.031
1590.81751387,  16302.3,  12303.8,  974.884241488,  918.922172419,  795.571
1590.83794858,  15612.8,  11801.0,  974.884257351,  918.928303646,  795.669
1590.8583831,  14585.4,  11051.3,  974.883630612,  918.939098125,  795.462
1590.87881771,  13845.2,  10509.9,  974.883320658,  918.947434122,  794.775
1590.89925242,  14049.9,  10660.0,  974.883114818,  918.944586534,  795.013
1590.91968694,  14855.3,  11247.8,  974.883613421,  918.935696516,  794.596
1590.94012165,  15642.8,  11821.8,  974.884002275,  918.928285937,  794.694
1590.96055627,  16065.1,  12131.7,  974.88423545,  918.924714453,  794.347
1590.98099078,  15926.1,  12022.8,  974.883252009,  918.92545246,  795.527
1591.00142549,  15297.6,  11566.2,  974.884123576,  918.93145192,  794.606
