Kepler I.D.-----Channel

[8316503]--------[59]

-TTYPE1--------TTYPE8------------TTYPE4-----------TTYPE15------------TTYPE17-----------TTYPE6

['TIME']---['PDCSAP_FLUX']---['SAP_FLUX']---['MOM_CENTR1']---['MOM_CENTR2']---['SAP_BKG']

['BJD - 2454833']--['e-/s']--------['e-/s']---------['pixel']---------['pixel']----------['e-/s']

CROWDSAP --- 0.986

8316503

1559.24603119,  35999.9,  33305.7,  884.939427091,  84.5272316652,  1513.53
1559.26646534,  36007.1,  33312.9,  884.93943909,  84.5277874545,  1513.55
1559.28689958,  35998.7,  33305.4,  884.939382201,  84.5275271617,  1513.29
1559.30733362,  36005.7,  33311.6,  884.939087153,  84.5280368547,  1513.08
1559.32776777,  36008.7,  33314.6,  884.939378152,  84.527919201,  1513.21
1559.34820201,  36007.1,  33312.8,  884.939282028,  84.5282420218,  1512.99
1559.36863606,  36004.8,  33311.5,  884.939123836,  84.5281918335,  1512.57
1559.3890703,  36002.2,  33309.2,  884.938978653,  84.5283312279,  1512.59
1559.40950445,  36012.3,  33318.0,  884.938740419,  84.5282072495,  1513.27
1559.42993859,  36013.9,  33320.1,  884.938522945,  84.5285040583,  1513.39
1559.45037274,  36022.8,  33328.3,  884.938828774,  84.5289364614,  1512.12
1559.47080688,  36023.0,  33328.2,  884.938716517,  84.5284925735,  1511.91
1559.49124103,  36007.9,  33314.8,  884.93843691,  84.5289523968,  1512.63
1559.51167518,  36014.8,  33320.6,  884.93847918,  84.5290901524,  1512.0
1559.53210932,  36021.7,  33327.5,  884.938375513,  84.5293577954,  1512.56
1559.55254347,  36023.2,  33329.2,  884.938691131,  84.5291615622,  1512.26
1559.57297762,  36028.0,  33333.5,  884.938591801,  84.529534054,  1511.03
1559.59341177,  36030.3,  33335.9,  884.938464167,  84.5297617643,  1510.48
1559.61384591,  36025.8,  33332.2,  884.938454941,  84.529968716,  1510.84
1559.63428006,  36031.8,  33336.8,  884.938540757,  84.5299971128,  1511.06
1559.65471421,  36019.2,  33326.4,  884.938302483,  84.5301544893,  1510.24
1559.67514846,  36029.9,  33336.0,  884.938502448,  84.5302177352,  1509.37
1559.69558251,  36029.6,  33335.8,  884.938118897,  84.5303759012,  1509.85
1559.71601666,  36027.1,  33333.5,  884.938302397,  84.5304873981,  1509.32
1559.7364509,  36030.4,  33336.5,  884.937962622,  84.5304739084,  1510.17
1559.75688495,  36040.8,  33346.4,  884.938045993,  84.5306704328,  1510.05
1559.7773192,  36020.3,  33328.0,  884.938341428,  84.5307883435,  1509.21
1559.79775335,  36033.0,  33338.9,  884.938009272,  84.5303582831,  1509.49
1559.8181874,  36032.2,  33338.4,  884.937670729,  84.530996812,  1509.52
1559.83862165,  36043.9,  33349.2,  884.937928256,  84.531191324,  1509.96
1559.8590558,  36033.9,  33339.8,  884.937719787,  84.5313271192,  1509.21
1559.87948986,  36022.9,  33330.5,  884.937543101,  84.5312787267,  1507.75
1559.89992411,  36024.1,  33331.3,  884.937940088,  84.5309194245,  1507.65
1559.92035826,  36035.5,  33341.5,  884.937790353,  84.5315035458,  1508.55
1559.94079251,  36027.3,  33334.5,  884.938253776,  84.5315463996,  1508.05
1559.96122656,  36039.8,  33345.2,  884.937941964,  84.5314947428,  1507.67
1559.98166071,  36034.4,  33340.5,  884.937344585,  84.5316685137,  1506.93
1560.00209497,  36039.8,  33346.3,  884.938026365,  84.5319450966,  1507.11
1560.02252902,  36028.9,  33335.4,  884.937600776,  84.5320230959,  1508.27
1560.04296317,  36039.6,  33346.0,  884.937822818,  84.5317602228,  1507.45
1560.06339742,  36042.4,  33348.4,  884.937226321,  84.5319868126,  1506.51
1560.08383148,  36017.4,  33325.0,  884.937682908,  84.5318695823,  1506.68
1560.10426573,  36026.4,  33333.9,  884.937640846,  84.5324992823,  1506.48
1560.12469988,  36033.4,  33340.0,  884.937596868,  84.5326284996,  1506.56
1560.14513394,  36042.0,  33347.6,  884.937762357,  84.5318578137,  1506.21
1560.16556819,  36043.5,  33349.7,  884.937024212,  84.5325151447,  1506.41
1560.18600235,  36042.4,  33348.6,  884.937044464,  84.5322667024,  1507.4
1560.2064364,  36033.8,  33340.6,  884.937102084,  84.5325414138,  1506.07
1560.22687066,  36029.4,  33336.9,  884.937163948,  84.5324649315,  1506.23
1560.24730481,  36042.8,  33348.6,  884.937356865,  84.5325534049,  1506.17
1560.26773887,  36030.9,  33338.3,  884.937373565,  84.532913074,  1506.46
1560.28817312,  36028.8,  33336.0,  884.937327256,  84.5325389809,  1506.49
1560.30860728,  36033.1,  33339.8,  884.936961152,  84.5327247128,  1505.24
1560.32904144,  36038.4,  33344.9,  884.936853856,  84.533302893,  1505.37
1560.34947559,  36032.9,  33339.9,  884.937272758,  84.532432414,  1505.23
1560.36990975,  36031.5,  33338.3,  884.936849099,  84.5327535636,  1505.18
1560.39034401,  36022.6,  33330.8,  884.937051654,  84.5332607954,  1504.99
1560.41077806,  36026.0,  33333.2,  884.937402466,  84.5329824537,  1505.57
1560.43121222,  36027.9,  33335.7,  884.936999268,  84.5327883206,  1505.36
1560.45164648,  36034.1,  33341.1,  884.937120919,  84.5332596875,  1505.57
1560.47208054,  36032.1,  33338.9,  884.936723777,  84.5330801009,  1504.45
1560.49251479,  36021.6,  33329.3,  884.937141159,  84.5331034374,  1504.78
1560.51294895,  36030.2,  33337.5,  884.937106328,  84.5336196601,  1504.47
1560.53338301,  36005.6,  33314.9,  884.936924529,  84.5336374404,  1503.61
1560.55381727,  36020.4,  33328.7,  884.93706294,  84.5333740734,  1504.52
1560.57425143,  36030.3,  33337.4,  884.937166764,  84.5337453117,  1504.71
1560.59468549,  36023.2,  33330.8,  884.936922278,  84.5334847555,  1503.63
1560.61511975,  36027.9,  33335.6,  884.936984494,  84.5335992919,  1504.41
1560.63555391,  36012.1,  33320.6,  884.93688524,  84.5329314517,  1504.97
1560.65598807,  36024.9,  33332.7,  884.937161248,  84.5333712662,  1503.63
1560.67642223,  36015.9,  33324.4,  884.936409633,  84.5339125542,  1504.12
1560.69685639,  36014.0,  33322.3,  884.936520195,  84.533272647,  1502.69
1560.73772471,  36010.9,  33319.6,  884.936358878,  84.5341472158,  1503.35
1560.75815887,  36018.9,  33326.4,  884.936302389,  84.5340356959,  1503.34
1560.77859313,  36021.3,  33329.2,  884.936756846,  84.5334897125,  1502.6
1560.7990272,  36014.5,  33323.0,  884.937029617,  84.5334841488,  1502.3
1560.81946136,  36025.0,  33332.1,  884.936277751,  84.5332129076,  1504.81
1560.83989562,  36014.7,  33324.1,  884.93719966,  84.533594113,  1522.06
1560.9625006,  36070.8,  33376.6,  884.93522091,  84.5345090611,  1548.77
1560.98293466,  36014.6,  33325.6,  884.936391393,  84.5337172644,  1544.76
1561.00336893,  36007.8,  33319.6,  884.935860541,  84.533995569,  1540.36
1561.02380309,  36005.1,  33316.0,  884.935690642,  84.5336933125,  1536.21
1561.04423736,  36003.4,  33315.0,  884.935409781,  84.5334255095,  1534.96
1561.06467142,  36083.7,  33388.7,  884.936440616,  84.5339366626,  1533.14
1561.08510559,  36080.5,  33384.9,  884.936641554,  84.5342833537,  1531.95
1561.10553985,  36022.1,  33331.3,  884.935319558,  84.534157404,  1530.48
1561.12597392,  35996.8,  33309.2,  884.935677825,  84.5337585669,  1526.49
1561.14640808,  35847.8,  33173.1,  884.936263145,  84.5342838992,  1524.46
1561.16684235,  35529.0,  32881.8,  884.935491264,  84.5334284774,  1523.64
1561.18727642,  35220.2,  32600.3,  884.935894001,  84.5340048459,  1520.75
1561.20771058,  35081.6,  32473.0,  884.934600983,  84.5335088164,  1518.59
1561.22814485,  34978.5,  32379.8,  884.936241094,  84.5336031919,  1517.83
1561.24857892,  35088.5,  32479.5,  884.936250165,  84.5337363746,  1516.71
1561.26901318,  35308.4,  32679.4,  884.936208749,  84.5346145301,  1515.92
1561.28944735,  35618.9,  32963.2,  884.93584395,  84.5343451516,  1515.51
1561.30988152,  35899.8,  33219.2,  884.935818144,  84.5343664953,  1514.0
1561.33031569,  35997.9,  33308.5,  884.936109605,  84.5345817511,  1513.18
1561.35074986,  36007.3,  33317.2,  884.935512136,  84.5343792393,  1512.69
1561.37118402,  35999.1,  33308.8,  884.935430513,  84.5346230726,  1511.05
1561.39161819,  36006.8,  33316.5,  884.935998819,  84.5345720465,  1511.54
1561.41205236,  36015.9,  33324.6,  884.936223384,  84.5347007845,  1509.99
1561.43248663,  36011.0,  33320.6,  884.935557479,  84.534641439,  1508.7
1561.4529207,  36010.1,  33319.6,  884.935816919,  84.5345959513,  1508.18
1561.47335487,  36001.0,  33311.3,  884.935732602,  84.5348307247,  1506.68
1561.49378904,  36015.2,  33323.7,  884.935610407,  84.5345206499,  1506.6
1561.51422321,  35992.3,  33303.6,  884.936560426,  84.5344234048,  1507.29
1561.53465738,  36006.1,  33315.4,  884.935167809,  84.5350587737,  1505.69
1561.55509165,  35990.7,  33301.8,  884.935761352,  84.5346392494,  1504.72
1561.57552572,  35993.7,  33305.0,  884.936423664,  84.5351911462,  1505.03
1561.59595989,  35992.7,  33303.5,  884.935828328,  84.5352102971,  1504.43
1561.61639416,  35997.8,  33308.5,  884.935590972,  84.5348691783,  1504.08
1561.63682824,  35995.2,  33306.1,  884.935469097,  84.5352271518,  1502.56
1561.65726251,  35988.9,  33299.7,  884.935472225,  84.5353290537,  1503.21
1561.67769668,  35991.9,  33303.2,  884.935638111,  84.5354976727,  1502.11
1561.69813075,  36002.6,  33312.1,  884.934832309,  84.5352452547,  1501.79
1561.71856503,  36000.3,  33310.4,  884.935802489,  84.5355249187,  1502.58
1561.7389992,  35989.0,  33300.3,  884.935190424,  84.5353692978,  1502.38
1561.75943327,  35988.7,  33299.4,  884.934906116,  84.5353682343,  1501.49
1561.77986754,  35984.2,  33295.8,  884.935356099,  84.5360218601,  1501.32
1561.80030172,  36002.2,  33312.4,  884.935574342,  84.5354691095,  1501.11
1561.82073599,  35986.1,  33297.2,  884.934582185,  84.5355161463,  1499.99
1561.84117007,  35993.0,  33303.4,  884.934931456,  84.5359169668,  1499.76
1561.86160424,  36016.8,  33325.3,  884.934928594,  84.5358197743,  1499.81
1561.88203851,  36026.7,  33334.2,  884.935035317,  84.5368185132,  1499.09
1561.90247259,  36024.8,  33332.5,  884.935200543,  84.5352182579,  1499.44
1561.92290676,  35991.8,  33302.3,  884.934905804,  84.5362707324,  1498.17
1561.94334104,  35994.6,  33305.0,  884.9348647,  84.5362975366,  1498.35
1561.96377511,  35995.2,  33305.8,  884.934898,  84.5360022689,  1497.89
1561.98420929,  36000.0,  33309.3,  884.934817427,  84.5361522862,  1496.86
1562.00464357,  35980.4,  33292.6,  884.935081765,  84.5361269101,  1497.85
1562.02507774,  36001.6,  33312.2,  884.935045283,  84.5365597023,  1496.51
1562.04551192,  35977.7,  33289.3,  884.934901281,  84.536398756,  1496.62
1562.0659461,  35983.6,  33294.9,  884.935090749,  84.5362918476,  1496.75
1562.08638017,  35990.3,  33301.3,  884.9346363,  84.5362961837,  1497.15
1562.10681445,  35976.7,  33288.5,  884.934704745,  84.5364055708,  1495.73
1562.12724863,  35989.9,  33301.0,  884.934664214,  84.5362118038,  1495.4
1562.1476827,  35982.9,  33294.4,  884.93486864,  84.5370699519,  1495.67
1562.16811698,  35976.8,  33289.0,  884.934725236,  84.5367797551,  1494.38
1562.18855116,  35988.0,  33299.1,  884.934703868,  84.5367442419,  1494.89
1562.20898544,  35981.5,  33292.8,  884.934733821,  84.5369960702,  1494.75
1562.22941952,  35980.5,  33291.9,  884.935033112,  84.5370005417,  1495.25
1562.24985369,  35982.6,  33294.4,  884.934633923,  84.5372460996,  1493.79
1562.27028797,  35977.7,  33289.4,  884.934598629,  84.5370434326,  1493.44
1562.29072205,  35972.4,  33284.5,  884.934685103,  84.536872933,  1494.21
1562.31115623,  35968.6,  33281.0,  884.934604207,  84.536799204,  1494.19
1562.33159051,  35973.0,  33285.0,  884.934121281,  84.5372970012,  1492.61
1562.35202459,  35954.9,  33269.0,  884.934573728,  84.537444013,  1493.3
1562.37245887,  35970.6,  33282.8,  884.934229984,  84.5368189754,  1493.6
1562.39289305,  35952.7,  33266.4,  884.934447857,  84.5367775931,  1493.29
1562.41332713,  35957.6,  33271.6,  884.934330428,  84.5375388591,  1492.51
1562.43376141,  35954.2,  33268.0,  884.934298466,  84.5374906235,  1491.92
1562.4541956,  35949.1,  33263.3,  884.934395295,  84.5370879125,  1492.54
1562.47462968,  35960.5,  33274.0,  884.934159475,  84.537360077,  1492.3
1562.49506396,  35947.7,  33261.9,  884.93459352,  84.5374412636,  1492.52
1562.51549814,  35941.8,  33257.1,  884.934315041,  84.537403618,  1492.12
1562.53593232,  35942.9,  33257.7,  884.934746378,  84.537290292,  1490.94
1562.5563665,  35929.3,  33245.2,  884.934700486,  84.5379076577,  1491.5
1562.57680069,  35927.9,  33244.2,  884.934232895,  84.5379326801,  1490.84
1562.59723497,  35941.4,  33256.0,  884.934140431,  84.5380080143,  1491.44
1562.61766905,  35938.8,  33253.9,  884.93437886,  84.537525962,  1491.25
1562.63810324,  35920.3,  33237.5,  884.934502343,  84.5377762756,  1491.08
1562.65853752,  35933.7,  33249.1,  884.934629049,  84.5382309859,  1489.63
1562.6789717,  35909.1,  33226.8,  884.934367452,  84.5380754725,  1491.45
1562.69940579,  35908.4,  33226.5,  884.934666429,  84.5376753312,  1490.74
1562.71984007,  35910.1,  33227.3,  884.934357013,  84.538112721,  1490.66
1562.74027415,  35903.6,  33221.7,  884.933789997,  84.5382737353,  1491.67
1562.76070844,  35918.7,  33235.4,  884.933864347,  84.5382466931,  1490.65
1562.78114262,  35909.5,  33226.7,  884.93408327,  84.5377815285,  1491.08
1562.80157671,  35900.4,  33218.8,  884.934274157,  84.5381243473,  1492.17
1562.82201099,  35913.3,  33230.4,  884.934077403,  84.538090581,  1492.0
1562.84244518,  35905.4,  33223.5,  884.934021638,  84.5384788052,  1491.04
1562.86287927,  35912.9,  33230.5,  884.934102578,  84.5384773719,  1491.07
1562.88331355,  35895.7,  33214.1,  884.934114898,  84.538155524,  1492.02
1562.90374774,  35904.9,  33222.8,  884.934379435,  84.5385475503,  1491.41
1562.92418182,  35901.2,  33219.5,  884.933919006,  84.5383781437,  1490.24
1562.94461611,  35894.8,  33213.3,  884.934097855,  84.5388230829,  1490.9
1562.9650503,  35894.4,  33213.3,  884.933965677,  84.5382712606,  1490.1
1562.98548458,  35892.4,  33211.2,  884.934079317,  84.5386930792,  1490.24
1563.00591867,  35900.4,  33218.5,  884.934033831,  84.5384920763,  1489.86
1563.02635286,  35891.6,  33210.9,  884.933992425,  84.5388628294,  1489.78
1563.04678715,  35893.7,  33212.3,  884.933257863,  84.5387294892,  1489.58
1563.06722124,  35890.9,  33209.8,  884.933558166,  84.538723089,  1489.2
1563.08765542,  35885.1,  33205.1,  884.934143128,  84.5385286924,  1490.11
1563.10808971,  35880.8,  33200.5,  884.933822838,  84.5387101785,  1490.03
1563.1285238,  35888.9,  33207.8,  884.933686277,  84.5391124765,  1489.16
1563.14895809,  35882.8,  33202.3,  884.933776701,  84.5387154205,  1491.1
1563.16939228,  35876.8,  33197.1,  884.933560161,  84.5393061346,  1494.11
1563.18982647,  35878.1,  33198.6,  884.933732482,  84.5392874625,  1494.29
1563.21026066,  35884.7,  33204.3,  884.933844068,  84.5390125497,  1496.07
1563.23069485,  35882.8,  33202.6,  884.933645156,  84.5394636398,  1496.43
1563.25112904,  35878.7,  33199.3,  884.933826052,  84.5390179184,  1496.41
1563.27156323,  35886.6,  33205.4,  884.93356363,  84.5388402926,  1496.63
1563.29199742,  35884.9,  33204.3,  884.933678296,  84.539555376,  1494.95
1563.31243161,  35578.6,  32925.3,  884.933731835,  84.5395148035,  1494.61
1563.3328659,  34310.7,  31768.6,  884.933166123,  84.5381731605,  1493.59
1563.35329999,  32682.4,  30283.5,  884.933356273,  84.5378940758,  1493.99
1563.37373418,  31201.9,  28933.0,  884.933416181,  84.5371319913,  1494.11
1563.39416838,  30347.8,  28153.5,  884.93359567,  84.5373497733,  1493.33
1563.41460257,  30317.8,  28126.2,  884.933448116,  84.5377059823,  1493.52
1563.43503686,  31120.1,  28858.4,  884.933437552,  84.5377837384,  1493.34
1563.45547095,  32579.7,  30189.2,  884.933154465,  84.5383923314,  1492.9
1563.47590515,  34230.0,  31694.8,  884.933712689,  84.5387967004,  1493.24
1563.49633944,  35526.7,  32877.5,  884.933296553,  84.5397693896,  1492.03
1563.51677353,  35887.9,  33207.4,  884.933841438,  84.5403468804,  1490.65
1563.53720783,  35896.1,  33214.8,  884.933574791,  84.539477651,  1490.43
1563.55764202,  35895.0,  33213.2,  884.933129785,  84.5399287358,  1490.16
1563.57807611,  35881.4,  33201.4,  884.933389469,  84.5402160626,  1489.96
1563.59851041,  35887.7,  33207.1,  884.933184499,  84.5402130448,  1489.49
1563.6189446,  35893.4,  33212.0,  884.933791456,  84.5397857803,  1489.68
1563.6393787,  35893.2,  33212.3,  884.933180078,  84.5402075656,  1487.9
1563.65981299,  35896.4,  33214.7,  884.93325435,  84.5402126328,  1489.29
1563.68024719,  35902.6,  33220.4,  884.933013732,  84.5398002459,  1489.21
1563.72111558,  35901.4,  33219.2,  884.933072266,  84.5400406941,  1489.15
1563.74154977,  35906.5,  33224.1,  884.933403283,  84.540374919,  1488.31
1563.76198407,  35902.5,  33220.1,  884.933245543,  84.5401321374,  1489.51
1563.78241816,  35908.5,  33225.2,  884.932688377,  84.5399521604,  1488.67
1563.80285236,  35909.9,  33226.9,  884.933495709,  84.5402313601,  1488.59
1563.82328666,  35916.7,  33233.1,  884.933015294,  84.5401675089,  1490.34
1563.84372085,  35909.3,  33225.9,  884.93267383,  84.5402031942,  1489.53
1563.86415495,  35913.6,  33229.8,  884.932906246,  84.5401582419,  1489.15
1563.88458925,  35914.9,  33231.4,  884.93315404,  84.5407514768,  1488.81
1563.90502345,  35927.1,  33242.3,  884.933132333,  84.5403839798,  1490.32
1563.92545764,  35938.5,  33252.8,  884.933287414,  84.5405362703,  1490.91
1563.94589184,  35934.9,  33249.3,  884.932893271,  84.5403818354,  1490.31
1563.96632604,  35931.7,  33247.1,  884.932662723,  84.5403577106,  1489.33
1563.98676024,  35930.3,  33245.6,  884.933347527,  84.5408462902,  1490.22
1564.00719444,  35943.1,  33256.9,  884.932514408,  84.5403800662,  1490.3
1564.02762864,  35939.3,  33254.0,  884.93262099,  84.5407458363,  1489.24
1564.04806284,  35941.3,  33255.5,  884.932742963,  84.5405541357,  1491.38
1564.06849703,  35949.3,  33262.6,  884.932855328,  84.5406433158,  1491.21
1564.08893133,  35953.5,  33266.8,  884.93247866,  84.5402894583,  1492.87
1564.10936543,  35954.9,  33267.9,  884.932704307,  84.5404696853,  1492.07
1564.12979963,  35937.9,  33252.0,  884.932466541,  84.5402440377,  1491.17
1564.15023393,  35946.4,  33260.3,  884.932431986,  84.5407916696,  1489.46
1564.17066803,  35963.7,  33275.5,  884.932560264,  84.5410271371,  1489.72
1564.19110224,  35954.0,  33266.7,  884.932852044,  84.5410588058,  1489.23
1564.21153654,  35963.9,  33275.6,  884.932295223,  84.5405294264,  1488.68
1564.23197064,  35959.7,  33271.6,  884.932531336,  84.5410454618,  1488.27
1564.25240484,  35965.5,  33277.0,  884.932630308,  84.5412978803,  1486.82
1564.27283914,  35961.8,  33273.6,  884.932986437,  84.541079681,  1486.07
1564.29327324,  35967.5,  33278.5,  884.932096785,  84.5407385372,  1485.71
1564.31370755,  35966.6,  33278.1,  884.932734881,  84.5412749126,  1485.22
1564.33414175,  35966.0,  33277.6,  884.932530637,  84.5410443279,  1487.24
1564.35457585,  35972.4,  33283.6,  884.932205538,  84.5411744782,  1484.21
1564.37501015,  35969.3,  33281.1,  884.932529544,  84.541273749,  1485.95
1564.39544436,  35992.6,  33301.7,  884.9325275,  84.5407002684,  1486.05
1564.41587856,  35986.5,  33296.5,  884.932287882,  84.5410367041,  1483.75
1564.43631276,  35982.4,  33292.7,  884.932704731,  84.5414277656,  1483.85
1564.45674697,  35980.6,  33290.4,  884.932307636,  84.5412296657,  1484.5
1564.47718127,  35984.9,  33294.9,  884.932480141,  84.5416809414,  1482.8
1564.49761547,  35985.0,  33294.5,  884.932284671,  84.5411724793,  1484.21
1564.51804958,  35992.0,  33301.0,  884.932163788,  84.541441363,  1482.9
1564.53848388,  35996.0,  33305.0,  884.932883187,  84.5411496368,  1482.68
1564.55891809,  35991.1,  33300.1,  884.932674921,  84.5416239992,  1479.82
1564.57935219,  35993.4,  33302.1,  884.931550519,  84.5414584799,  1479.12
1564.5997865,  36000.7,  33309.4,  884.931965585,  84.5418268744,  1478.76
1564.6202207,  35991.4,  33300.4,  884.93221726,  84.5416609018,  1477.9
1564.64065481,  35991.5,  33300.6,  884.932343055,  84.541529637,  1479.09
1564.66108912,  35984.5,  33294.9,  884.932245395,  84.5416088471,  1477.28
1564.68152322,  36007.0,  33314.6,  884.9319376,  84.5413277236,  1476.74
1564.70195753,  35980.3,  33290.5,  884.932194557,  84.5420059069,  1477.5
1564.72239173,  35984.6,  33294.7,  884.932114205,  84.5419023656,  1476.54
1564.74282584,  36000.2,  33308.5,  884.931823157,  84.5417198358,  1476.93
1564.76326015,  35988.1,  33297.5,  884.932034016,  84.5416954078,  1475.13
1564.78369436,  35985.0,  33294.7,  884.93202465,  84.5417309253,  1475.28
1564.80412846,  35995.2,  33303.9,  884.932287439,  84.5421392249,  1474.97
1564.82456277,  35996.7,  33305.5,  884.932159163,  84.5422131964,  1474.02
1564.84499698,  35996.2,  33304.4,  884.931861088,  84.5422382096,  1474.02
1564.86543129,  35997.3,  33306.2,  884.93236453,  84.5420659913,  1474.12
1564.8858654,  35993.9,  33302.8,  884.93230292,  84.5424921286,  1473.72
1564.9062996,  36004.8,  33312.6,  884.931782562,  84.5424409845,  1474.22
1564.92673391,  35982.6,  33292.7,  884.931686351,  84.5419705423,  1473.94
1564.94716802,  35988.4,  33298.1,  884.931665778,  84.5422428286,  1473.02
1564.96760223,  35991.9,  33300.8,  884.931270537,  84.5427349968,  1474.68
1564.98803654,  35983.5,  33293.4,  884.931853917,  84.5428154302,  1472.74
1565.00847065,  35996.9,  33305.3,  884.931543383,  84.5423946835,  1472.88
1565.02890486,  35998.6,  33307.3,  884.931235392,  84.5425742592,  1473.04
1565.04933917,  36000.7,  33309.4,  884.931731638,  84.542805261,  1473.72
1565.06977338,  35991.7,  33301.1,  884.931282724,  84.5426131644,  1473.12
1565.09020759,  35996.7,  33305.6,  884.931470528,  84.5428908519,  1472.9
1565.1106418,  35997.7,  33306.6,  884.931610267,  84.5426793446,  1471.35
1565.13107602,  35993.0,  33301.3,  884.931340711,  84.5431071924,  1472.96
1565.15151023,  35996.7,  33305.7,  884.930821308,  84.5428667438,  1473.94
1565.17194444,  35997.1,  33306.0,  884.931216144,  84.5432499686,  1473.01
1565.19237865,  36008.9,  33316.4,  884.93169743,  84.5427296173,  1472.96
1565.21281296,  35999.7,  33308.8,  884.931075304,  84.5434346265,  1472.81
1565.23324707,  36003.9,  33311.8,  884.931250551,  84.5431233102,  1472.05
1565.25368139,  35991.2,  33300.5,  884.931335755,  84.5427892762,  1472.15
1565.2741156,  36004.0,  33311.8,  884.931504536,  84.5433485132,  1472.64
1565.29454971,  35998.6,  33307.2,  884.931298993,  84.5434475042,  1472.07
1565.31498403,  36002.5,  33310.6,  884.931363997,  84.543264874,  1472.49
1565.33541814,  36003.2,  33311.5,  884.93126625,  84.5436528184,  1471.66
1565.35585235,  36000.9,  33309.1,  884.93070325,  84.5436673635,  1473.23
1565.37628667,  36010.3,  33318.1,  884.931311429,  84.5434583958,  1472.42
1565.39672078,  36001.8,  33310.1,  884.931344915,  84.5436526325,  1472.24
1565.41715499,  35998.1,  33306.7,  884.931118792,  84.5437039496,  1471.84
1565.43758931,  36014.3,  33321.7,  884.931203053,  84.5438290375,  1472.73
1565.45802342,  35990.8,  33299.6,  884.930879342,  84.5437376361,  1472.84
1565.47845774,  36012.7,  33320.0,  884.931266718,  84.5432833695,  1473.11
1565.49889195,  35999.1,  33307.8,  884.931445252,  84.5440891325,  1472.74
1565.51932607,  36007.6,  33315.1,  884.931172684,  84.5437864223,  1472.29
1565.53976038,  35995.6,  33304.5,  884.931287195,  84.5444726731,  1471.21
1565.5601946,  36005.8,  33314.0,  884.930639281,  84.5438753705,  1471.41
1565.58062882,  36011.4,  33318.9,  884.931075818,  84.5438417671,  1470.79
1565.60106303,  36005.2,  33313.8,  884.930877752,  84.5444065756,  1471.46
1565.62149725,  36013.3,  33320.5,  884.931151206,  84.5438212712,  1471.05
1565.64193157,  35997.5,  33306.2,  884.930993874,  84.5444410681,  1470.96
1565.66236568,  36012.0,  33320.0,  884.930893949,  84.5444462017,  1470.95
1565.6827999,  35995.8,  33304.6,  884.930700875,  84.5440902597,  1471.6
1565.70323422,  36002.6,  33310.9,  884.93096203,  84.5440502542,  1470.09
1565.72366844,  35997.0,  33306.4,  884.931161537,  84.5445072361,  1470.08
1565.74410255,  36003.1,  33310.9,  884.930090135,  84.5437596437,  1468.58
1565.76453687,  35996.2,  33305.4,  884.93114099,  84.544230915,  1469.44
1565.78497109,  35991.2,  33300.6,  884.930800676,  84.5441125434,  1469.81
1565.80540531,  36001.0,  33309.2,  884.930396955,  84.5443981988,  1469.31
1565.82583953,  35854.3,  33175.5,  884.930894889,  84.545762655,  1468.88
1565.84627375,  35996.3,  33305.0,  884.931103901,  84.5445938134,  1469.12
1565.86670807,  35988.0,  33297.4,  884.930998245,  84.5445763522,  1468.18
1565.88714218,  35988.8,  33298.3,  884.931276851,  84.5444085166,  1468.94
1565.9075764,  35994.8,  33303.4,  884.930362576,  84.5452228666,  1469.2
1565.92801072,  35990.7,  33299.8,  884.93083938,  84.5448788515,  1469.5
1565.94844484,  35996.2,  33305.2,  884.930522594,  84.5447191758,  1468.21
1565.96887906,  35988.7,  33298.0,  884.930378932,  84.5447233335,  1468.06
1565.98931328,  35981.1,  33291.2,  884.930605687,  84.5447673115,  1467.29
1566.00974751,  35979.8,  33289.9,  884.930739745,  84.5447510041,  1466.95
1566.03018183,  35989.4,  33298.9,  884.930634007,  84.5450984038,  1468.02
1566.05061595,  35973.7,  33285.0,  884.930285192,  84.5448359607,  1466.75
1566.07105017,  35979.6,  33289.8,  884.930602991,  84.5452869833,  1465.96
1566.09148449,  35976.0,  33286.4,  884.930450147,  84.5454718969,  1466.37
1566.11191861,  35973.5,  33284.3,  884.930852865,  84.5447640715,  1466.35
1566.13235283,  35976.2,  33286.6,  884.930421021,  84.5449398584,  1466.19
1566.15278716,  35966.7,  33277.5,  884.930486344,  84.5454643448,  1466.18
1566.17322128,  35983.8,  33293.7,  884.930457491,  84.5452327687,  1466.1
1566.1936556,  35949.0,  33261.9,  884.93027352,  84.5454873508,  1465.25
1566.21408982,  35769.0,  33098.0,  884.930411302,  84.5455121591,  1464.75
1566.23452395,  35445.7,  32803.1,  884.930705671,  84.5454688478,  1465.05
1566.25495827,  35146.9,  32530.0,  884.930904487,  84.544802152,  1465.66
1566.2753925,  34984.4,  32382.4,  884.930414477,  84.5455691322,  1463.95
1566.29582672,  34969.9,  32368.9,  884.93020751,  84.5446957381,  1464.14
1566.31626094,  35063.8,  32454.7,  884.930238073,  84.5453736749,  1464.4
1566.33669517,  35307.7,  32677.1,  884.930295459,  84.5457365518,  1464.76
1566.35712939,  35619.5,  32961.1,  884.930335273,  84.5455486438,  1463.71
1566.37756372,  35876.1,  33195.7,  884.929744339,  84.5457950397,  1463.39
1566.39799784,  35963.2,  33275.0,  884.930033406,  84.5455769885,  1463.0
1566.41843217,  35970.5,  33281.3,  884.929891216,  84.5454597864,  1463.29
1566.43886639,  35967.3,  33278.4,  884.930675407,  84.5458149538,  1464.26
1566.45930052,  35970.5,  33281.6,  884.930091314,  84.5457469039,  1463.45
1566.47973484,  35966.9,  33277.9,  884.930310601,  84.5453718373,  1463.93
1566.50016907,  35975.4,  33286.4,  884.930359156,  84.5461040282,  1462.53
1566.5206032,  35967.1,  33278.3,  884.92993498,  84.5457813592,  1463.63
1566.54103752,  35971.5,  33282.3,  884.929878632,  84.5463058746,  1462.07
1566.56147175,  35970.5,  33281.9,  884.930567362,  84.546066055,  1462.97
1566.58190598,  35974.8,  33284.9,  884.929724337,  84.5461708406,  1463.79
1566.6023402,  35951.3,  33264.0,  884.930374375,  84.5459208541,  1462.64
1566.62277433,  35970.4,  33281.3,  884.929576221,  84.5461641644,  1461.3
1566.64320866,  35961.6,  33272.8,  884.93021488,  84.5457477717,  1462.82
1566.66364288,  35968.6,  33280.0,  884.929988561,  84.5464750654,  1462.06
1566.70451134,  35967.6,  33278.3,  884.929911586,  84.546157057,  1462.4
1566.72494557,  35962.5,  33274.2,  884.930121077,  84.5460211369,  1461.78
1566.7453798,  35973.4,  33283.9,  884.929883179,  84.5462534427,  1461.28
1566.76581403,  35961.2,  33272.7,  884.929639812,  84.5461766179,  1460.55
1566.78624826,  35962.4,  33274.0,  884.930059091,  84.5463258681,  1460.84
1566.80668259,  35962.9,  33273.6,  884.929452799,  84.5463592215,  1461.4
1566.82711671,  35966.9,  33278.4,  884.929419666,  84.5459365874,  1460.02
1566.84755094,  35966.1,  33277.3,  884.929098119,  84.5461006484,  1460.46
1566.86798527,  35968.6,  33279.3,  884.929526741,  84.5461314772,  1460.31
1566.8884195,  35962.1,  33273.7,  884.92971073,  84.5463389366,  1460.25
1566.90885363,  35976.2,  33286.1,  884.929217237,  84.5456850561,  1459.29
1566.92928797,  35964.4,  33275.3,  884.929470259,  84.5464922317,  1459.88
1566.9497222,  35966.1,  33277.5,  884.92971208,  84.5465206876,  1459.89
1566.97015643,  35965.5,  33276.2,  884.929320831,  84.5464132848,  1459.53
1566.99059066,  35974.3,  33284.5,  884.928994998,  84.5458708575,  1459.67
1567.01102489,  35963.2,  33274.5,  884.929446202,  84.5466498632,  1458.88
1567.03145912,  35970.5,  33280.6,  884.929213635,  84.5464106389,  1457.61
1567.05189335,  35965.0,  33276.3,  884.929515067,  84.5464337844,  1457.99
1567.07232759,  35956.3,  33268.2,  884.929596034,  84.5466181631,  1457.31
1567.09276192,  35960.2,  33271.6,  884.929175358,  84.5470196308,  1457.25
1567.11319605,  35955.8,  33268.1,  884.929630907,  84.5466760837,  1457.48
1567.13363038,  35960.2,  33271.6,  884.929709963,  84.5465042339,  1456.62
1567.15406462,  35962.3,  33273.3,  884.92911085,  84.546692283,  1457.64
1567.17449875,  35968.0,  33278.7,  884.929546621,  84.5465720248,  1458.19
1567.19493308,  35964.2,  33274.7,  884.92918771,  84.5465082355,  1456.69
1567.21536732,  35964.9,  33276.1,  884.928899457,  84.546718999,  1457.16
1567.23580145,  35967.7,  33278.6,  884.929512899,  84.546727855,  1456.74
1567.25623578,  35951.7,  33263.8,  884.929090865,  84.5469061463,  1455.37
1567.27666992,  35953.9,  33266.0,  884.929287748,  84.5466571094,  1457.14
1567.29710415,  35961.9,  33273.0,  884.929199755,  84.5470487449,  1456.64
1567.31753849,  35955.0,  33266.3,  884.928775752,  84.5469587749,  1456.11
1567.33797262,  35952.6,  33264.5,  884.929458016,  84.5475999805,  1455.38
1567.35840696,  35955.7,  33267.3,  884.928966781,  84.546879371,  1455.67
1567.37884119,  35959.6,  33270.5,  884.929146607,  84.5472654277,  1455.27
1567.39927533,  35947.2,  33259.8,  884.929353615,  84.5470823321,  1455.89
1567.41970966,  35948.8,  33260.6,  884.928891311,  84.5469642059,  1455.73
1567.4401439,  35952.0,  33263.7,  884.928972619,  84.5473573978,  1456.46
1567.46057814,  35937.5,  33251.1,  884.929271213,  84.5471335276,  1454.84
1567.48101237,  35945.9,  33257.9,  884.928817147,  84.5476652134,  1454.22
1567.50144661,  35949.4,  33261.3,  884.929025452,  84.5471755359,  1455.42
1567.52188095,  35933.7,  33247.1,  884.928637421,  84.5474328632,  1464.06
1567.54231508,  35938.4,  33251.3,  884.928482319,  84.5473173153,  1455.49
1567.56274932,  35940.4,  33253.4,  884.928910188,  84.5471540944,  1454.8
1567.58318366,  35939.6,  33252.1,  884.929061292,  84.5477107572,  1455.37
1567.6036179,  35934.5,  33247.8,  884.928467778,  84.5475649952,  1455.36
1567.62405203,  35945.4,  33258.4,  884.928916535,  84.5474274316,  1454.52
1567.64448637,  35925.7,  33239.5,  884.928597322,  84.5476154649,  1455.13
1567.66492061,  35938.3,  33251.3,  884.928246194,  84.5474793598,  1454.72
1567.68535475,  35926.4,  33240.9,  884.929104361,  84.5475020662,  1453.32
1567.70578909,  35940.5,  33252.7,  884.928474652,  84.5476083956,  1453.09
1567.72622333,  35918.1,  33233.3,  884.928680083,  84.547808964,  1452.96
1567.74665767,  35926.5,  33240.3,  884.928381033,  84.5475855913,  1453.35
1567.76709181,  35923.0,  33236.9,  884.928609584,  84.5476504276,  1454.04
1567.78752604,  35920.8,  33235.5,  884.92853072,  84.5480578321,  1453.65
1567.80796038,  35930.1,  33244.0,  884.928823444,  84.5480982174,  1452.85
1567.82839452,  35931.7,  33245.2,  884.928243117,  84.5484812045,  1452.93
1567.84882876,  35903.8,  33220.4,  884.92839915,  84.5479997637,  1452.96
1567.86926311,  35921.0,  33235.4,  884.928335042,  84.5480763865,  1452.57
1567.88969725,  35913.5,  33228.7,  884.928468562,  84.548201223,  1453.39
1567.91013159,  35919.7,  33234.4,  884.928694882,  84.5482826936,  1453.07
1567.93056573,  35903.6,  33219.0,  884.928715766,  84.5483332607,  1454.45
1567.95099997,  35902.9,  33219.5,  884.928763526,  84.5483813301,  1452.22
1567.97143431,  35906.4,  33222.4,  884.928543825,  84.5485497531,  1452.44
1567.99186845,  35906.9,  33222.5,  884.927841601,  84.5485988896,  1452.84
1568.01230269,  35915.3,  33230.6,  884.928496619,  84.5485835254,  1452.35
1568.03273704,  35896.4,  33212.8,  884.927839959,  84.5483560058,  1452.01
1568.05317118,  35895.5,  33212.3,  884.928098729,  84.5487565075,  1453.21
1568.07360542,  35903.2,  33219.7,  884.928617984,  84.5481873012,  1453.24
1568.09403976,  35899.0,  33215.6,  884.928202361,  84.5485139956,  1452.35
1568.11447401,  36065.0,  33366.9,  884.933821922,  84.5453604116,  1453.38
1568.13490825,  35904.6,  33220.9,  884.928667341,  84.5490280856,  1452.51
1568.15534249,  35878.8,  33196.7,  884.928266069,  84.5489565363,  1453.39
1568.17577674,  35892.6,  33210.0,  884.927982082,  84.5491401297,  1451.95
1568.19621098,  35885.6,  33203.1,  884.928145199,  84.5489891079,  1453.7
1568.21664523,  35887.3,  33204.7,  884.928015717,  84.5490750342,  1452.01
1568.23707947,  35885.8,  33203.9,  884.927861468,  84.5490366263,  1452.9
1568.25751381,  35871.6,  33190.4,  884.927791068,  84.5491421354,  1452.56
1568.27794796,  35891.5,  33208.5,  884.928020056,  84.5490164629,  1452.16
1568.2983823,  35878.0,  33196.4,  884.928381197,  84.5490239355,  1451.86
1568.31881655,  35883.1,  33200.9,  884.927857237,  84.5493230766,  1453.21
1568.3392507,  35882.8,  33200.7,  884.92792353,  84.5492529291,  1452.79
1568.35968504,  35867.7,  33187.3,  884.92849489,  84.5494843591,  1451.66
1568.38011929,  35451.3,  32806.7,  884.927709583,  84.5490414544,  1451.88
1568.40055343,  34128.5,  31601.2,  884.927869873,  84.5483213181,  1451.26
1568.42098778,  32491.4,  30107.2,  884.927677149,  84.5479260435,  1450.6
1568.44142203,  31053.0,  28794.9,  884.927518921,  84.5476164916,  1451.39
1568.46185617,  30279.5,  28090.1,  884.927763124,  84.54745797,  1449.93
1568.48229052,  30351.2,  28154.8,  884.926937243,  84.5469400536,  1451.9
1568.50272477,  31267.0,  28990.4,  884.927798181,  84.5478302007,  1451.88
1568.52315911,  32753.9,  30346.9,  884.927797253,  84.5485184914,  1450.7
1568.54359326,  34405.7,  31853.0,  884.927618263,  84.5492364025,  1451.57
1568.56402741,  35610.4,  32952.1,  884.927861367,  84.5500701188,  1451.11
1568.58446176,  35882.4,  33200.3,  884.927592317,  84.5498780935,  1452.94
1568.604896,  35888.5,  33205.0,  884.927739438,  84.5502337754,  1452.41
1568.62533025,  35890.1,  33207.3,  884.928128939,  84.5502567273,  1453.69
1568.6457645,  35883.9,  33201.4,  884.927588601,  84.5496639503,  1454.47
1568.66619875,  35889.6,  33206.8,  884.92743526,  84.5497220472,  1457.36
1568.6866331,  35876.8,  33195.3,  884.927475966,  84.5505234162,  1456.13
1568.70706725,  35900.7,  33216.9,  884.927064479,  84.5499976483,  1457.46
1568.7275015,  35887.5,  33204.9,  884.927901174,  84.5499358859,  1457.5
1568.74793585,  35889.9,  33207.4,  884.927679266,  84.550402593,  1456.32
1568.7683701,  35891.5,  33208.3,  884.927674501,  84.55066944,  1455.84
1568.78880425,  35893.4,  33210.2,  884.92759135,  84.5505035683,  1455.9
1568.8092386,  35907.2,  33222.9,  884.927409855,  84.5500430886,  1455.84
1568.82967285,  35908.0,  33223.2,  884.927288251,  84.5501084895,  1454.36
1568.8501071,  35908.5,  33224.1,  884.927487117,  84.550590568,  1454.81
1568.87054135,  35908.5,  33224.0,  884.927505074,  84.5508150732,  1452.82
1568.8909756,  35913.0,  33227.7,  884.927625848,  84.5503144111,  1453.17
1568.91140995,  35915.6,  33230.5,  884.927973573,  84.5506247065,  1451.78
1568.9318441,  35914.2,  33229.3,  884.927637948,  84.5509946344,  1453.96
1568.95227835,  35926.2,  33240.0,  884.927369519,  84.5505519269,  1459.2
1568.97271271,  35915.7,  33230.5,  884.927430108,  84.5506018403,  1450.88
1568.99314686,  35924.4,  33238.6,  884.927363125,  84.5508030196,  1451.22
1569.01358111,  35920.4,  33234.7,  884.927145964,  84.5505104275,  1451.88
1569.03401546,  35919.3,  33233.9,  884.927602071,  84.5509738263,  1451.46
1569.05444962,  35922.1,  33235.8,  884.927318882,  84.550897382,  1451.6
1569.07488397,  35926.0,  33240.0,  884.927343954,  84.5504318414,  1451.73
1569.09531822,  35924.8,  33238.8,  884.927683277,  84.5508078563,  1451.35
1569.11575237,  35921.4,  33235.6,  884.9276313,  84.5508716898,  1450.57
1569.13618673,  35931.7,  33245.5,  884.927595149,  84.5513602999,  1449.94
1569.15662098,  35936.2,  33249.2,  884.927031008,  84.5508766057,  1450.09
1569.17705514,  35943.4,  33255.8,  884.927142216,  84.5508322817,  1450.18
1569.19748949,  35930.5,  33244.1,  884.927317747,  84.551228534,  1449.59
1569.21792364,  35944.3,  33256.2,  884.927161425,  84.5507122164,  1449.81
1569.238358,  35949.5,  33261.5,  884.927252313,  84.5516911122,  1450.82
1569.25879225,  35948.2,  33260.4,  884.927303777,  84.5511311297,  1448.89
1569.27922641,  35951.2,  33262.3,  884.926964436,  84.5509608295,  1449.93
1569.29966076,  35939.3,  33252.3,  884.927205101,  84.5511786179,  1449.45
1569.32009502,  35947.2,  33258.9,  884.927136846,  84.5511774408,  1448.01
1569.34052928,  35954.8,  33265.8,  884.92725354,  84.5515082143,  1448.1
1569.36096353,  35953.9,  33265.5,  884.927175295,  84.5510601448,  1448.61
1569.38139779,  35950.7,  33262.0,  884.926996732,  84.5510924008,  1448.61
1569.40183204,  35963.7,  33274.1,  884.926782334,  84.5515203957,  1446.15
1569.4222663,  35965.7,  33276.0,  884.926920184,  84.5511767221,  1446.7
1569.44270056,  35962.1,  33272.2,  884.92704555,  84.5511426908,  1446.52
1569.46313491,  35957.7,  33268.7,  884.927354527,  84.551692895,  1445.14
1569.48356917,  35962.7,  33273.7,  884.92740365,  84.5514688898,  1444.04
1569.50400333,  35962.1,  33272.6,  884.926897655,  84.5513717007,  1445.27
1569.52443769,  35964.7,  33275.1,  884.927201907,  84.5515198129,  1445.24
1569.54487194,  35973.7,  33283.1,  884.927281678,  84.5515964832,  1444.06
1569.5653061,  35966.2,  33276.3,  884.926837572,  84.5514850218,  1444.32
1569.58574046,  35961.5,  33272.7,  884.926902195,  84.551624149,  1444.01
1569.60617472,  35968.8,  33278.5,  884.927627961,  84.5514329312,  1443.71
1569.62660908,  35980.7,  33289.5,  884.927154173,  84.5519204217,  1444.4
1569.64704323,  35969.3,  33279.5,  884.926927957,  84.5519862151,  1444.93
1569.68791185,  35982.7,  33291.5,  884.927069343,  84.551851223,  1443.56
1569.70834601,  35978.2,  33286.9,  884.926776963,  84.5517406948,  1442.5
1569.72878027,  35972.9,  33282.3,  884.926614046,  84.5511908966,  1443.66
1569.74921463,  35980.6,  33289.7,  884.926589324,  84.5520652732,  1443.08
1569.76964879,  35977.1,  33285.9,  884.926482122,  84.5517180632,  1443.13
1569.79008305,  35982.4,  33290.7,  884.926727924,  84.5516392007,  1443.52
1569.81051741,  35990.4,  33298.3,  884.927110485,  84.5520797377,  1443.94
1569.83095157,  35979.8,  33288.3,  884.926137601,  84.5514901293,  1443.28
1569.85138593,  35977.3,  33286.2,  884.926384064,  84.5519581206,  1443.58
1569.87182009,  36006.5,  33312.9,  884.926480876,  84.552248924,  1442.69
1569.89225436,  35988.3,  33296.4,  884.926458151,  84.5515361064,  1442.7
1569.91268872,  35974.7,  33284.0,  884.926743976,  84.552134279,  1442.56
1569.93312288,  35990.2,  33297.8,  884.926711781,  84.5518273088,  1442.91
1569.95355714,  35986.4,  33294.3,  884.926287903,  84.551744765,  1441.67
1569.9739915,  35986.7,  33294.9,  884.92631836,  84.5520119548,  1441.08
1569.99442576,  35985.1,  33292.7,  884.926114873,  84.5518403064,  1441.73
1570.01486003,  35985.4,  33293.2,  884.926822013,  84.5520688812,  1440.41
1570.03529429,  35983.2,  33291.6,  884.926313287,  84.5520432886,  1440.83
1570.05572855,  35977.6,  33286.0,  884.926418775,  84.5515084944,  1442.31
1570.07616282,  35979.1,  33287.6,  884.925964441,  84.552268043,  1440.39
1570.09659708,  35986.9,  33294.9,  884.92638976,  84.5519560812,  1441.11
1570.11703134,  35978.4,  33286.8,  884.926064312,  84.551799611,  1440.67
1570.13746571,  35983.8,  33292.4,  884.926077082,  84.5522268101,  1440.1
1570.15789987,  35986.6,  33294.1,  884.925982678,  84.5516263861,  1441.2
1570.17833423,  35996.2,  33302.7,  884.925721132,  84.5515596024,  1439.87
1570.1987685,  35981.7,  33290.4,  884.926390045,  84.5521088424,  1439.32
1570.21920266,  35984.6,  33292.2,  884.926388345,  84.552272415,  1439.27
1570.23963703,  35979.1,  33287.2,  884.926418354,  84.5524785439,  1440.13
1570.26007129,  35983.0,  33290.8,  884.926449869,  84.5521443666,  1439.63
1570.28050546,  35980.3,  33288.1,  884.925894867,  84.5519648026,  1438.41
1570.30093982,  35981.4,  33289.1,  884.92624722,  84.552372608,  1438.22
1570.32137409,  35990.3,  33296.9,  884.926274567,  84.551967987,  1438.32
1570.34180825,  35979.2,  33286.9,  884.925929572,  84.5526710041,  1438.1
1570.36224262,  35989.1,  33296.6,  884.926011819,  84.5525226662,  1438.37
1570.38267689,  35982.3,  33289.9,  884.925756364,  84.552472529,  1437.05
1570.40311115,  35980.8,  33288.6,  884.926020112,  84.5525566738,  1437.53
1570.42354542,  35980.8,  33289.2,  884.92603351,  84.5524264029,  1436.9
1570.44397968,  35974.2,  33282.5,  884.925677968,  84.552394343,  1436.84
1570.46441395,  35965.1,  33274.4,  884.926059332,  84.5526834238,  1437.27
1570.48484822,  35990.7,  33298.0,  884.926027413,  84.5529049597,  1436.21
1570.50528249,  35987.1,  33294.3,  884.925539158,  84.5521788329,  1434.77
1570.52571675,  35973.7,  33282.2,  884.925752257,  84.5529548662,  1436.89
1570.54615102,  35980.8,  33288.9,  884.925985499,  84.5525660165,  1436.47
1570.56658539,  35976.9,  33284.7,  884.925777449,  84.5530079381,  1436.02
1570.58701956,  35987.4,  33295.2,  884.925668631,  84.5532025394,  1435.63
1570.60745383,  35985.8,  33293.2,  884.92589291,  84.5533029542,  1436.23
1570.62788819,  35982.4,  33289.7,  884.926056517,  84.5528015254,  1435.85
1570.64832246,  35970.6,  33279.3,  884.926029392,  84.5531638897,  1435.75
1570.66875663,  35985.1,  33292.3,  884.925711966,  84.5528456621,  1435.57
1570.689191,  35984.3,  33291.5,  884.925372993,  84.5535165404,  1435.48
1570.70962527,  35980.2,  33288.4,  884.925625126,  84.5533080765,  1436.2
1570.73005944,  35982.5,  33289.8,  884.925506885,  84.5531410114,  1435.24
1570.75049381,  35985.4,  33293.0,  884.925691132,  84.5536881052,  1435.28
1570.77092808,  35981.3,  33289.3,  884.925526088,  84.5529835198,  1434.23
1570.79136245,  35983.4,  33290.4,  884.925481487,  84.5532330925,  1435.19
1570.81179662,  35985.8,  33293.5,  884.925848694,  84.5540052485,  1434.89
1570.83223089,  35983.7,  33290.9,  884.925569281,  84.5535688969,  1434.54
1570.85266526,  35982.6,  33290.2,  884.924877684,  84.5536155549,  1433.22
1570.87309943,  35998.1,  33305.0,  884.925621098,  84.5537239794,  1433.67
1570.8935337,  35965.9,  33274.7,  884.925715191,  84.5534015144,  1432.53
1570.91396807,  35983.0,  33291.0,  884.925423777,  84.5538021607,  1432.7
1570.93440225,  35980.2,  33288.2,  884.925432941,  84.553799447,  1433.99
1570.95483662,  35990.0,  33296.2,  884.925249865,  84.5535165901,  1433.67
1570.97527089,  35980.4,  33288.3,  884.925724236,  84.5538890899,  1432.79
1570.99570506,  35977.1,  33284.9,  884.925418853,  84.5540226629,  1433.74
1571.01613943,  35987.6,  33294.7,  884.925333175,  84.554159046,  1433.57
1571.03657371,  35972.4,  33281.3,  884.925609009,  84.5541664102,  1433.73
1571.05700788,  35967.5,  33276.2,  884.925387869,  84.5539950597,  1434.58
1571.07744225,  35990.2,  33297.0,  884.925126122,  84.55405952,  1433.68
1571.09787653,  35975.1,  33283.7,  884.925393854,  84.5542548486,  1434.52
1571.1183107,  35984.0,  33291.1,  884.925227532,  84.5543753992,  1434.77
1571.13874507,  35981.1,  33288.9,  884.925684236,  84.5541118591,  1434.69
1571.15917935,  35991.2,  33298.0,  884.925390589,  84.5543456053,  1434.71
1571.17961362,  35972.5,  33281.0,  884.925234832,  84.5546425419,  1434.12
1571.20004789,  35972.4,  33281.1,  884.925313041,  84.5546049082,  1434.7
1571.22048217,  35980.8,  33288.6,  884.925830729,  84.5542931419,  1434.44
1571.24091644,  35967.6,  33276.1,  884.925043732,  84.5541656936,  1434.68
1571.26135072,  35947.8,  33258.5,  884.925116221,  84.5546352794,  1435.05
1571.28178499,  35746.9,  33074.7,  884.924979931,  84.5545288782,  1435.23
1571.30221927,  35398.3,  32756.9,  884.925121993,  84.5546168464,  1435.98
1571.32265354,  35131.3,  32513.9,  884.924798524,  84.5545338409,  1437.55
1571.34308792,  34976.5,  32372.2,  884.924907688,  84.5544354454,  1436.27
1571.36352219,  34987.6,  32382.9,  884.925093956,  84.5549910651,  1436.34
1571.38395637,  35092.6,  32478.8,  884.925055644,  84.5547038027,  1436.97
1571.40439075,  35336.3,  32700.6,  884.924841538,  84.5544857232,  1437.11
1571.42482502,  35651.5,  32988.3,  884.925060983,  84.5546221581,  1437.86
1571.4452592,  35906.8,  33220.9,  884.924956801,  84.5553289369,  1437.99
1571.46569358,  35965.2,  33274.1,  884.924685772,  84.5543825944,  1437.55
1571.48612785,  35971.6,  33280.4,  884.924869919,  84.5551015103,  1437.96
1571.50656203,  35968.0,  33276.8,  884.924773218,  84.5543127827,  1438.29
1571.52699641,  35967.0,  33275.6,  884.925092351,  84.5550829019,  1438.69
1571.54743068,  35971.1,  33279.5,  884.925248155,  84.5547834704,  1440.2
1571.56786506,  35953.5,  33263.1,  884.924672459,  84.5549822084,  1439.22
1571.58829924,  35960.6,  33270.3,  884.924961959,  84.5552338797,  1438.41
1571.60873352,  35962.0,  33271.2,  884.925231554,  84.555591166,  1438.13
1571.6291679,  35961.8,  33270.7,  884.92471748,  84.5552235504,  1436.97
1571.64960208,  35970.3,  33279.2,  884.924618097,  84.5550782181,  1438.39
1571.67003635,  35957.2,  33266.6,  884.92456859,  84.5551827768,  1438.83
1571.69047073,  35957.1,  33266.4,  884.924381782,  84.5554003453,  1439.12
1571.71090491,  35964.3,  33274.1,  884.925318143,  84.5552282778,  1439.07
1571.73133929,  35964.9,  33273.4,  884.924854561,  84.5549856758,  1439.43
1571.75177357,  35966.7,  33275.2,  884.92517787,  84.555449491,  1439.55
1571.77220775,  35960.7,  33270.1,  884.924967028,  84.5554894577,  1437.81
1571.79264213,  35958.2,  33267.1,  884.92445762,  84.555595492,  1439.38
1571.81307641,  35956.7,  33266.3,  884.92455683,  84.5556953067,  1439.01
1571.83351059,  35958.6,  33268.3,  884.924795022,  84.5556481415,  1437.94
1571.85394497,  35965.5,  33274.3,  884.922982337,  84.5560517735,  1437.95
1571.87437925,  35952.3,  33262.6,  884.924911971,  84.55591053,  1437.4
1571.89481343,  35951.8,  33261.5,  884.924295059,  84.5558117764,  1436.62
1571.91524781,  35947.2,  33257.1,  884.924634538,  84.555708016,  1436.76
1571.9356821,  35936.7,  33248.0,  884.924482034,  84.5557666281,  1435.33
1571.95611648,  35927.2,  33239.1,  884.924685766,  84.5557407268,  1434.55
1571.97655066,  35944.5,  33255.1,  884.924397107,  84.5560665766,  1435.18
1571.99698494,  35945.2,  33256.2,  884.924784483,  84.5560013712,  1433.57
1572.01741932,  35944.0,  33253.7,  884.924140999,  84.5560018389,  1433.42
1572.0378535,  35932.9,  33244.4,  884.92468595,  84.5555899818,  1431.6
1572.05828779,  35935.5,  33247.1,  884.924339597,  84.556074286,  1431.65
1572.07872217,  35942.1,  33252.7,  884.924422179,  84.55625844,  1431.51
1572.09915635,  35949.9,  33260.4,  884.9242376,  84.5557663503,  1432.01
1572.11959074,  35949.1,  33259.0,  884.92465309,  84.5560278448,  1430.85
1572.14002502,  35940.9,  33251.6,  884.92416417,  84.5554697389,  1431.12
1572.1604592,  35939.6,  33250.9,  884.924566392,  84.5565266515,  1430.03
1572.18089359,  35952.4,  33261.8,  884.924050123,  84.5561337299,  1430.75
1572.20132787,  35959.5,  33268.8,  884.924684677,  84.5565447754,  1429.89
1572.22176205,  35955.7,  33265.2,  884.924129487,  84.5565523832,  1428.44
1572.24219644,  35954.7,  33264.1,  884.923768285,  84.5554908807,  1429.83
1572.26263072,  35942.2,  33253.3,  884.92418689,  84.556554359,  1430.08
1572.28306501,  35949.3,  33259.0,  884.924282824,  84.555831852,  1429.49
1572.30349929,  35933.6,  33244.5,  884.924050137,  84.5561137571,  1430.02
1572.32393358,  35950.4,  33260.5,  884.924190721,  84.5567443942,  1429.88
1572.34436786,  35945.7,  33255.5,  884.92408667,  84.5559833921,  1430.38
1572.36480215,  35946.3,  33256.2,  884.923918784,  84.5559999215,  1429.24
1572.38523643,  35958.1,  33267.4,  884.924384575,  84.5565404792,  1429.64
1572.40567072,  35934.8,  33245.3,  884.923986777,  84.5568876857,  1428.65
1572.426105,  35941.1,  33251.7,  884.92447881,  84.5564878145,  1429.4
1572.44653929,  35944.1,  33254.5,  884.924233127,  84.5564050355,  1429.31
1572.46697358,  35952.3,  33261.2,  884.924020973,  84.5562311099,  1429.38
1572.48740786,  35941.6,  33252.1,  884.923850059,  84.5564296989,  1429.34
1572.50784225,  35931.6,  33242.6,  884.924249174,  84.5563829904,  1429.21
1572.52827654,  35939.8,  33250.1,  884.924248978,  84.5564385422,  1429.03
1572.54871072,  35935.4,  33246.8,  884.924322564,  84.557139194,  1429.6
1572.56914511,  35920.9,  33232.9,  884.923921777,  84.556503486,  1429.53
1572.5895794,  35933.0,  33243.9,  884.92486615,  84.5567058142,  1429.88
1572.61001359,  35909.1,  33222.7,  884.9243442,  84.5568690168,  1429.55
1572.63044797,  35920.5,  33232.1,  884.9240886,  84.5567480687,  1429.76
1572.67131645,  35919.6,  33231.7,  884.924001566,  84.5566015645,  1431.81
1572.69175084,  35901.4,  33214.6,  884.923824349,  84.5563489745,  1432.09
1572.71218513,  35903.5,  33217.1,  884.923927885,  84.5568094523,  1433.12
1572.73261952,  35904.7,  33217.5,  884.923900509,  84.5568430957,  1432.09
1572.75305371,  35904.2,  33217.2,  884.923486724,  84.5566206351,  1431.88
1572.77348799,  35899.4,  33213.0,  884.923999854,  84.5567476234,  1432.82
1572.79392238,  35893.9,  33207.7,  884.923422116,  84.5565009022,  1431.88
1572.81435657,  35897.9,  33211.3,  884.923598751,  84.5563764815,  1434.1
1572.83479086,  35890.4,  33204.8,  884.923835147,  84.5570291882,  1435.73
1572.85522525,  35876.1,  33191.3,  884.923358227,  84.5567134458,  1439.48
1572.87565944,  35879.6,  33194.8,  884.923594807,  84.5569338716,  1441.46
1572.89609383,  35876.9,  33192.4,  884.923678542,  84.5567308127,  1438.69
1572.91652813,  35873.1,  33188.7,  884.923650528,  84.5565407998,  1431.33
1572.93696232,  35867.7,  33184.0,  884.923183955,  84.5567692677,  1427.46
1572.95739671,  35850.9,  33168.2,  884.923661693,  84.5570662814,  1426.53
1572.977831,  35860.6,  33177.4,  884.923853084,  84.5569450968,  1425.72
1572.99826529,  35854.8,  33171.9,  884.923590947,  84.556329537,  1425.06
1573.01869958,  35854.1,  33171.0,  884.92317032,  84.5565530089,  1424.72
1573.03913387,  35854.2,  33171.3,  884.923144075,  84.5565120809,  1425.34
1573.05956806,  35857.9,  33174.8,  884.923380819,  84.5564807531,  1425.13
1573.08000246,  35860.0,  33176.3,  884.923389706,  84.5562846551,  1424.69
1573.10043675,  35854.1,  33171.5,  884.923339221,  84.5564629427,  1424.85
1573.12087104,  35849.4,  33166.6,  884.923062403,  84.5566937168,  1424.41
1573.14130533,  35853.9,  33170.5,  884.922864632,  84.5564462476,  1423.93
1573.16173963,  35844.3,  33162.0,  884.923132678,  84.5568921269,  1423.34
1573.18217402,  35829.5,  33147.8,  884.923214487,  84.5566253608,  1422.99
1573.20260821,  35841.3,  33159.0,  884.923359275,  84.5569971543,  1422.19
1573.22304251,  35854.2,  33171.0,  884.923307592,  84.5566044487,  1422.7
1573.2434769,  35840.9,  33158.6,  884.923294593,  84.5569976553,  1421.74
1573.26391109,  35853.8,  33170.8,  884.923327861,  84.5566020877,  1419.76
1573.28434549,  35850.5,  33167.3,  884.922878045,  84.5569921745,  1420.15
1573.30477978,  35852.5,  33168.9,  884.923023124,  84.556617004,  1418.93
1573.32521398,  35853.2,  33170.1,  884.92281394,  84.557195555,  1418.88
1573.34564837,  35859.3,  33175.2,  884.922873746,  84.5570080921,  1417.56
1573.36608267,  35851.7,  33168.3,  884.923033312,  84.5568188877,  1417.72
1573.38651686,  35852.2,  33169.2,  884.922913548,  84.5566971886,  1416.58
1573.40695126,  35859.2,  33175.0,  884.922902726,  84.5572597964,  1416.98
1573.42738555,  35858.3,  33174.7,  884.922665967,  84.5568105076,  1414.45
1573.44781975,  35333.7,  32696.0,  884.923109595,  84.5569053624,  1415.66
1573.46825414,  33905.1,  31392.5,  884.922726338,  84.5562166086,  1415.11
1573.48868844,  32259.5,  29891.7,  884.922733976,  84.5560274075,  1414.93
1573.50912284,  30902.1,  28653.8,  884.922773433,  84.5552828857,  1414.25
1573.52955703,  30222.0,  28033.3,  884.922226746,  84.5545146388,  1413.69
1573.54999133,  30411.4,  28206.1,  884.923229097,  84.5550169603,  1413.68
1573.57042572,  31404.2,  29110.9,  884.922265688,  84.5558215515,  1413.81
1573.59085992,  32926.1,  30499.6,  884.92259869,  84.5561929504,  1413.85
1573.61129422,  34545.9,  31977.7,  884.922634075,  84.5572229283,  1413.48
1573.63172862,  35689.7,  33020.2,  884.922989483,  84.5576906898,  1412.67
1573.65216291,  35878.7,  33192.8,  884.923134712,  84.5575035117,  1411.82
1573.67259721,  35873.2,  33187.7,  884.92298023,  84.5576889058,  1411.96
1573.69303151,  35883.0,  33196.3,  884.922765736,  84.5575063435,  1413.67
1573.71346571,  35873.4,  33188.3,  884.922797764,  84.5576119299,  1412.01
1573.73390011,  35885.2,  33198.8,  884.922712827,  84.5577665361,  1412.09
1573.7543344,  35891.3,  33203.6,  884.922551337,  84.5578003968,  1412.23
1573.7747686,  35894.3,  33206.9,  884.923335258,  84.5579052547,  1412.01
1573.795203,  35894.6,  33207.1,  884.922239912,  84.5577549926,  1410.24
1573.8156373,  35894.9,  33207.6,  884.922714188,  84.557960982,  1411.19
1573.8360715,  35895.8,  33208.4,  884.923067596,  84.5576169481,  1412.02
1573.8565059,  35891.3,  33203.9,  884.922317321,  84.5583077414,  1411.33
1573.8769402,  35889.3,  33202.3,  884.922374235,  84.5581945599,  1411.94
1573.8973746,  35897.4,  33210.1,  884.922579393,  84.5579389473,  1411.47
1573.9178088,  35885.4,  33198.2,  884.922492857,  84.5578965552,  1410.97
1573.9382431,  35901.6,  33213.9,  884.922769363,  84.5584766445,  1411.08
1573.9586775,  35905.4,  33216.9,  884.922625545,  84.5578802434,  1410.91
1573.9791117,  35912.2,  33223.2,  884.922887963,  84.5583363855,  1409.89
1573.999546,  35915.1,  33226.2,  884.922902868,  84.5582845775,  1409.71
1574.0199804,  35914.6,  33224.9,  884.922136689,  84.5583617453,  1410.19
1574.0404146,  35916.9,  33227.2,  884.922452505,  84.5584514485,  1409.48
1574.060849,  35922.3,  33232.5,  884.922222637,  84.5586838971,  1410.39
1574.0812833,  35916.4,  33226.4,  884.922235265,  84.5584556341,  1411.43
1574.1017175,  35922.5,  33232.4,  884.922295824,  84.558281959,  1410.33
1574.12215191,  35920.6,  33231.1,  884.922561338,  84.5586798171,  1408.78
1574.14258621,  35931.7,  33240.3,  884.922058024,  84.5587546718,  1408.31
1574.16302051,  35928.9,  33238.6,  884.923159442,  84.558255683,  1408.75
1574.18345481,  35931.2,  33240.0,  884.922225325,  84.5585141008,  1408.81
1574.20388912,  35932.9,  33241.6,  884.922174424,  84.5587036794,  1407.92
1574.22432342,  35932.9,  33241.6,  884.922545356,  84.5585775261,  1407.49
1574.24475772,  35947.1,  33254.6,  884.922199836,  84.5589296584,  1407.66
1574.26519202,  35938.9,  33246.6,  884.922370656,  84.5586379672,  1407.14
1574.28562633,  35936.0,  33245.0,  884.922376314,  84.5588721738,  1406.87
1574.30606073,  35940.6,  33248.1,  884.921801842,  84.5583464091,  1406.24
1574.32649493,  35950.2,  33257.6,  884.922447285,  84.5589353843,  1405.94
1574.34692924,  35950.0,  33257.3,  884.922132629,  84.5591761507,  1406.3
1574.36736354,  35941.1,  33248.6,  884.922104117,  84.5589881738,  1407.88
1574.38779785,  35943.1,  33251.3,  884.92246622,  84.5592325868,  1407.15
1574.40823225,  35950.9,  33258.0,  884.922301073,  84.5587343132,  1406.33
1574.42866646,  35955.6,  33262.1,  884.92177942,  84.5593187281,  1404.66
1574.44910086,  35949.3,  33256.7,  884.922140578,  84.5591471139,  1406.86
1574.46953517,  35964.2,  33269.9,  884.921867618,  84.5589596239,  1405.26
1574.48996937,  35943.7,  33251.5,  884.92236238,  84.5590606499,  1405.91
1574.51040378,  35955.7,  33262.0,  884.921958406,  84.5592911432,  1405.52
1574.53083808,  35965.9,  33270.6,  884.922447495,  84.5587550715,  1405.27
1574.55127229,  35971.5,  33276.9,  884.921705422,  84.5591120698,  1405.37
1574.57170669,  35972.4,  33276.5,  884.922078951,  84.5584740801,  1405.33
1574.592141,  35963.1,  33268.8,  884.921945951,  84.5592592032,  1404.04
1574.61257541,  35974.4,  33279.2,  884.92221442,  84.5594092068,  1404.32
1574.63300961,  35971.8,  33276.3,  884.921978317,  84.5595901908,  1405.09
1574.65344392,  35968.6,  33273.8,  884.922058427,  84.5595383099,  1404.56
1574.67387832,  35976.1,  33280.8,  884.921912663,  84.5591438821,  1403.23
1574.69431253,  35980.6,  33284.2,  884.921961825,  84.5595558005,  1404.7
1574.71474684,  35970.9,  33275.6,  884.921766229,  84.5594659011,  1404.19
1574.73518125,  35982.7,  33286.0,  884.922325863,  84.5591135258,  1404.37
1574.75561545,  35974.1,  33278.5,  884.921620428,  84.5597711925,  1403.94
1574.77604976,  35983.1,  33287.0,  884.921980143,  84.5592957526,  1402.81
1574.79648417,  35979.3,  33282.8,  884.922041667,  84.5598432017,  1404.04
1574.81691848,  35977.9,  33281.8,  884.921623556,  84.5595363596,  1403.55
1574.83735279,  35969.7,  33274.6,  884.921982263,  84.5596295497,  1402.82
1574.85778709,  35973.3,  33277.4,  884.921643384,  84.5595927819,  1404.08
1574.8782214,  35978.8,  33282.7,  884.921656582,  84.5598297489,  1403.73
1574.89865571,  35986.1,  33289.8,  884.921850174,  84.5596359378,  1402.06
1574.91909002,  35976.3,  33280.4,  884.921579265,  84.5594489958,  1401.47
1574.93952433,  35983.7,  33287.0,  884.922068492,  84.5600023176,  1401.83
1574.95995864,  35983.2,  33286.6,  884.921203795,  84.5598528745,  1402.51
1574.98039295,  35979.9,  33283.2,  884.921630651,  84.5600415549,  1402.31
1575.00082726,  35980.8,  33284.5,  884.921772244,  84.5602706773,  1402.05
1575.02126157,  35974.0,  33278.0,  884.921324784,  84.5595095023,  1401.46
1575.04169588,  35979.1,  33282.0,  884.921384007,  84.5600910941,  1401.14
1575.06213029,  35975.8,  33279.5,  884.922090985,  84.5597591091,  1401.67
1575.0825645,  35974.2,  33277.9,  884.921932573,  84.5595116447,  1400.89
1575.10299881,  35976.7,  33280.4,  884.921851523,  84.5598179212,  1400.64
1575.12343322,  35979.2,  33282.9,  884.921461501,  84.5601953268,  1400.78
1575.14386743,  35978.5,  33281.4,  884.921493954,  84.5596593623,  1400.94
1575.16430174,  35990.2,  33292.5,  884.922042936,  84.5604898374,  1402.53
1575.18473615,  35967.9,  33272.0,  884.921770181,  84.5597216571,  1401.37
1575.20517037,  35983.0,  33285.7,  884.921330716,  84.5600250382,  1401.96
1575.22560478,  35966.3,  33270.8,  884.921522052,  84.560126116,  1400.69
1575.24603909,  35984.3,  33286.7,  884.921409798,  84.5598663531,  1400.98
1575.2664733,  35974.7,  33278.0,  884.921369853,  84.5600987162,  1400.3
1575.28690771,  35978.1,  33281.5,  884.921987631,  84.560417677,  1400.48
1575.30734203,  35980.9,  33283.8,  884.921873737,  84.5601324063,  1400.41
1575.32777624,  35970.4,  33273.8,  884.921667505,  84.5604637887,  1399.98
1575.34821065,  35975.5,  33278.7,  884.921468305,  84.5598017869,  1400.3
1575.36864496,  35981.2,  33283.3,  884.921490117,  84.5597327782,  1399.56
1575.38907938,  35978.4,  33281.7,  884.921558311,  84.5602183502,  1399.87
1575.40951359,  35974.5,  33277.7,  884.920763097,  84.5600716618,  1400.27
1575.42994791,  35963.9,  33267.5,  884.921452679,  84.5602181236,  1400.15
1575.45038232,  35974.1,  33277.7,  884.922010072,  84.5598637897,  1399.1
1575.47081663,  35951.0,  33255.6,  884.921350189,  84.5607268977,  1399.29
1575.49125085,  35970.5,  33274.0,  884.921934411,  84.5595245862,  1398.77
1575.51168526,  35977.9,  33280.9,  884.921194803,  84.56013767,  1399.18
1575.53211958,  35961.8,  33265.4,  884.921580552,  84.5598379117,  1398.58
1575.55255379,  35968.2,  33271.7,  884.921346746,  84.5601584071,  1398.92
1575.57298821,  35974.8,  33277.7,  884.92122416,  84.5603034705,  1399.05
1575.59342252,  35968.9,  33271.9,  884.921489473,  84.5599230665,  1398.83
1575.61385684,  35969.6,  33273.1,  884.921968036,  84.5602190824,  1398.59
1575.65472537,  35973.9,  33276.4,  884.921936213,  84.5600219647,  1399.0
1575.67515978,  35978.6,  33281.4,  884.921478937,  84.5602934563,  1397.42
1575.6955941,  35972.0,  33274.3,  884.921927464,  84.559757723,  1396.89
1575.71602831,  35978.0,  33280.2,  884.921182867,  84.5601746193,  1396.65
1575.73646273,  35973.1,  33275.4,  884.921198887,  84.5602088281,  1398.02
1575.75689705,  35964.6,  33267.7,  884.921034095,  84.5599148587,  1395.84
1575.77733146,  35960.6,  33264.7,  884.921269453,  84.5601461723,  1397.47
1575.79776568,  35972.5,  33275.2,  884.921237948,  84.5603463659,  1396.01
1575.8182,  35978.4,  33280.4,  884.920724271,  84.559937343,  1395.87
1575.83863441,  35964.5,  33268.1,  884.921073193,  84.5601706475,  1396.73
1575.85906863,  35966.6,  33268.9,  884.920973239,  84.5598905395,  1396.6
1575.87950295,  35964.1,  33267.2,  884.921198464,  84.5599900194,  1396.68
1575.89993737,  35966.8,  33270.0,  884.921140641,  84.560159237,  1395.93
1575.92037158,  35966.9,  33269.7,  884.921007097,  84.5601800912,  1398.12
1575.9408059,  35963.3,  33266.2,  884.921092462,  84.5601045412,  1396.94
1575.96124032,  35958.6,  33262.3,  884.921171991,  84.5596347145,  1396.2
1575.98167454,  35967.6,  33270.3,  884.920549143,  84.5600379296,  1395.92
1576.00210896,  35965.8,  33268.7,  884.920792989,  84.5598188935,  1395.83
1576.02254328,  35966.5,  33269.0,  884.920791906,  84.5601406779,  1395.65
1576.0429776,  35950.4,  33254.4,  884.920953867,  84.5599648994,  1395.73
1576.06341191,  35964.6,  33267.7,  884.921238948,  84.5601972139,  1395.22
1576.08384623,  35966.3,  33268.3,  884.920795597,  84.5598609957,  1394.71
1576.10428055,  35968.1,  33270.4,  884.921152728,  84.5600357746,  1395.08
1576.12471487,  35977.8,  33279.6,  884.920814396,  84.5600626711,  1395.42
1576.14514919,  35981.2,  33281.7,  884.921463836,  84.559848641,  1395.42
1576.16558351,  35967.3,  33269.5,  884.920703152,  84.5599944502,  1394.6
1576.18601793,  35963.9,  33266.4,  884.920826776,  84.5599478942,  1394.76
1576.20645215,  35970.7,  33272.3,  884.92071096,  84.5602872056,  1394.73
1576.22688657,  35972.5,  33274.8,  884.920674194,  84.5601509503,  1394.9
1576.24732089,  35962.9,  33264.9,  884.92066576,  84.5600778349,  1394.53
1576.26775512,  35962.1,  33264.7,  884.921203293,  84.5599697214,  1394.23
1576.28818954,  35948.0,  33251.5,  884.921089951,  84.560310259,  1393.72
1576.30862376,  35968.7,  33270.1,  884.920549194,  84.5602931458,  1393.24
1576.32905808,  35930.0,  33235.4,  884.920518518,  84.5599067393,  1393.85
1576.3494925,  35677.8,  33005.4,  884.921119481,  84.5601696699,  1394.35
1576.39036114,  35082.5,  32462.4,  884.920694699,  84.559936286,  1392.51
1576.41079547,  34942.3,  32334.4,  884.920643162,  84.5603505655,  1393.48
1576.43122969,  34968.3,  32357.5,  884.920159693,  84.5602823692,  1392.92
1576.45166411,  35108.4,  32485.8,  884.920749709,  84.5602981638,  1393.0
1576.47209843,  35371.1,  32724.9,  884.920303969,  84.560269382,  1393.56
1576.49253266,  35690.4,  33016.6,  884.920511004,  84.5605803576,  1392.96
1576.51296708,  35919.5,  33225.6,  884.920756749,  84.5606372352,  1392.59
1576.5334014,  35968.4,  33269.6,  884.92009858,  84.5604661307,  1392.43
1576.55383573,  35968.1,  33269.7,  884.920675967,  84.5607716399,  1392.82
1576.57427005,  35974.0,  33275.1,  884.920675493,  84.5607479151,  1392.37
1576.59470437,  35968.4,  33269.4,  884.920598507,  84.5605920795,  1391.84
1576.6151388,  35959.9,  33262.3,  884.920376203,  84.5606502475,  1391.58
1576.63557302,  35968.3,  33268.9,  884.920119489,  84.56080653,  1392.29
1576.65600735,  35963.9,  33265.6,  884.920416611,  84.5606698322,  1392.43
1576.67644177,  35969.9,  33271.1,  884.920347615,  84.5606055875,  1391.86
1576.6968761,  35966.5,  33267.9,  884.920456367,  84.5610143597,  1391.57
1576.71731032,  35967.7,  33269.1,  884.920673083,  84.5607095735,  1391.5
1576.73774475,  35964.1,  33265.6,  884.92105502,  84.5608319809,  1391.39
1576.75817907,  35971.5,  33272.3,  884.920528063,  84.5607868887,  1391.45
1576.7786134,  35958.6,  33260.7,  884.920332741,  84.5603685924,  1391.86
1576.79904772,  35960.3,  33262.1,  884.920254269,  84.5608579969,  1392.15
1576.81948205,  35967.0,  33268.0,  884.919967275,  84.5611198467,  1391.89
1576.83991647,  35965.8,  33267.4,  884.920548977,  84.5609602253,  1390.76
1576.8603507,  35964.8,  33266.0,  884.920228403,  84.561070286,  1391.08
1576.88078503,  35968.2,  33268.9,  884.92032702,  84.5614314337,  1390.34
1576.90121945,  35967.1,  33268.4,  884.920066674,  84.5609802922,  1390.57
1576.92165368,  35960.0,  33261.2,  884.920183116,  84.5612351022,  1390.97
1576.942088,  35962.9,  33264.0,  884.920327951,  84.5612884542,  1391.25
1576.96252233,  35964.2,  33265.6,  884.920424666,  84.5612739605,  1390.29
1576.98295666,  35968.3,  33268.9,  884.920058558,  84.5610394149,  1391.08
1577.00339109,  35963.7,  33265.3,  884.920288332,  84.5612391258,  1390.41
1577.02382531,  35956.9,  33258.4,  884.919773668,  84.5612355411,  1391.01
1577.04425964,  35953.4,  33255.3,  884.920536083,  84.5615428874,  1390.78
1577.06469407,  35963.2,  33264.4,  884.920084366,  84.5614834062,  1389.79
1577.0851283,  35957.6,  33258.9,  884.920214632,  84.5612912467,  1389.92
1577.10556262,  35960.4,  33262.0,  884.920353497,  84.5619367982,  1389.7
1577.12599705,  35960.8,  33262.2,  884.920007322,  84.5615417184,  1389.58
1577.14643128,  35958.0,  33258.9,  884.919844354,  84.5618144264,  1389.62
1577.16686571,  35961.8,  33263.2,  884.920319058,  84.5617256441,  1390.57
1577.18730004,  35961.5,  33262.5,  884.919820832,  84.5616499578,  1389.88
1577.20773427,  35953.6,  33255.3,  884.919956672,  84.5616894979,  1389.57
1577.2281687,  35964.0,  33265.3,  884.920107752,  84.5617364443,  1389.81
1577.24860303,  35959.1,  33260.2,  884.920233858,  84.5622812119,  1390.29
1577.26903736,  35954.9,  33256.3,  884.919912768,  84.5622523741,  1389.25
1577.28947169,  35959.0,  33260.5,  884.920023754,  84.562078382,  1388.96
1577.30990602,  35964.9,  33265.6,  884.919661503,  84.5620259808,  1389.62
1577.33034035,  35946.4,  33249.1,  884.919814814,  84.5620956663,  1389.3
1577.35077478,  35945.9,  33248.2,  884.919825761,  84.5620783441,  1388.53
1577.37120901,  35949.9,  33252.0,  884.919730926,  84.5617531641,  1388.12
1577.39164344,  35930.8,  33234.7,  884.919678523,  84.5620288444,  1389.7
1577.41207777,  35943.8,  33245.8,  884.91966481,  84.5619016685,  1389.02
1577.432512,  35935.8,  33239.0,  884.919734726,  84.5625098653,  1388.32
1577.45294643,  35934.9,  33238.1,  884.920213011,  84.5624102619,  1387.99
1577.47338076,  35937.0,  33239.9,  884.919759736,  84.561967528,  1388.09
1577.49381499,  35939.5,  33242.6,  884.919902577,  84.5622156426,  1386.94
1577.51424942,  35930.0,  33233.7,  884.919365088,  84.5624987554,  1387.16
1577.53468376,  35925.3,  33229.1,  884.920129099,  84.5620066746,  1387.52
1577.55511809,  35924.2,  33228.8,  884.919906794,  84.5623115096,  1387.7
1577.57555242,  35923.2,  33227.5,  884.919495783,  84.5623448007,  1387.9
1577.59598665,  35913.3,  33218.4,  884.920049774,  84.5625668516,  1387.32
1577.61642108,  35905.2,  33210.5,  884.919775888,  84.5626142627,  1388.01
1577.63685542,  35909.3,  33214.2,  884.919842701,  84.5622102607,  1387.13
1577.65728965,  35916.4,  33221.1,  884.919451122,  84.5626636131,  1386.64
1577.67772408,  35906.2,  33212.0,  884.919846445,  84.5621023913,  1387.97
1577.69815842,  35899.0,  33205.1,  884.919876106,  84.5625592717,  1386.3
1577.71859275,  35897.0,  33203.5,  884.919661215,  84.5624724166,  1389.84
1577.73902708,  35899.0,  33205.3,  884.919959258,  84.5620362476,  1386.41
1577.75946142,  35888.7,  33195.2,  884.919289151,  84.562739524,  1386.44
1577.77989585,  35904.9,  33210.8,  884.91957223,  84.5625485821,  1385.62
1577.80033008,  35896.9,  33202.9,  884.919800329,  84.5628943689,  1385.86
1577.82076442,  35880.2,  33187.5,  884.91970921,  84.5629687475,  1387.13
1577.84119885,  35884.1,  33191.5,  884.919750498,  84.5624990561,  1385.44
1577.86163319,  35872.7,  33180.3,  884.919373314,  84.5627674094,  1386.08
1577.88206742,  35868.6,  33177.6,  884.919585008,  84.5630696931,  1384.99
1577.90250186,  35877.8,  33185.5,  884.919379269,  84.5629291233,  1386.24
1577.92293619,  35866.6,  33174.7,  884.919864296,  84.563020701,  1385.51
1577.94337053,  35870.1,  33178.7,  884.919826474,  84.5626543305,  1386.87
1577.96380486,  35857.6,  33166.9,  884.919595547,  84.5627307773,  1386.08
1577.9842392,  35849.7,  33159.8,  884.919497225,  84.5633790053,  1385.25
1578.00467353,  35844.4,  33155.1,  884.919523188,  84.5626676803,  1386.13
1578.02510787,  35843.2,  33153.4,  884.919367752,  84.5630734897,  1385.59
1578.0455422,  35846.8,  33157.0,  884.919330953,  84.5631196121,  1384.76
1578.06597664,  35851.1,  33161.2,  884.919672656,  84.563069064,  1390.34
1578.08641088,  35843.7,  33153.4,  884.919140348,  84.5625215228,  1387.33
1578.10684521,  35834.8,  33145.9,  884.919520785,  84.5631386997,  1384.91
1578.12727965,  35837.6,  33148.1,  884.919737996,  84.5630486562,  1386.23
1578.14771389,  35828.4,  33140.0,  884.919873266,  84.5630319116,  1385.59
1578.16814832,  35836.2,  33147.3,  884.919748931,  84.5634486016,  1384.98
1578.18858266,  35824.4,  33135.8,  884.919517227,  84.5626654407,  1386.07
1578.2090169,  35841.7,  33151.9,  884.919307267,  84.5629699471,  1385.41
1578.22945134,  35821.7,  33134.2,  884.919710927,  84.5629762489,  1384.81
1578.24988557,  35821.3,  33132.8,  884.9195965,  84.5631042545,  1385.42
1578.27031991,  35828.0,  33139.2,  884.919318718,  84.5627606769,  1385.2
1578.29075435,  35816.0,  33128.4,  884.91919756,  84.5630731845,  1385.37
1578.31118859,  35822.2,  33133.8,  884.919332307,  84.5629197492,  1385.23
1578.33162303,  35822.2,  33134.5,  884.919315328,  84.563371071,  1383.54
1578.35205737,  35821.5,  33133.4,  884.919356263,  84.5631620713,  1385.27
1578.3724916,  35832.4,  33143.2,  884.919327397,  84.5635833993,  1385.12
1578.39292604,  35817.2,  33129.4,  884.919265701,  84.5629762511,  1384.39
1578.41336038,  35821.9,  33133.8,  884.919004707,  84.5631707283,  1385.65
1578.43379472,  35843.4,  33153.3,  884.919269078,  84.563537459,  1384.44
1578.45422906,  35822.4,  33133.9,  884.919134177,  84.5633546923,  1385.3
1578.4746634,  35820.8,  33132.2,  884.919176857,  84.5633613955,  1385.35
1578.49509774,  35794.4,  33108.5,  884.918996065,  84.5632467086,  1384.78
1578.51553208,  35169.0,  32538.0,  884.919154093,  84.5627824861,  1384.41
1578.53596642,  33685.5,  31184.6,  884.918985717,  84.5629759196,  1384.38
1578.55640086,  32042.5,  29686.2,  884.918974836,  84.5616018017,  1383.78
1578.5768352,  30761.0,  28517.0,  884.918769312,  84.5610776618,  1385.43
1578.59726944,  30188.4,  27994.7,  884.918847763,  84.5613255188,  1382.85
1578.63813822,  31530.7,  29218.4,  884.919019012,  84.5613235878,  1384.51
1578.65857246,  33104.2,  30653.5,  884.919137454,  84.5620642843,  1383.65
1578.6790069,  34688.7,  32099.1,  884.918918615,  84.5628622939,  1383.96
1578.69944125,  35713.7,  33033.9,  884.918641848,  84.5630334445,  1382.86
1578.71987549,  35833.7,  33143.7,  884.919062308,  84.5631463529,  1383.01
1578.74030993,  35842.0,  33150.9,  884.918954158,  84.5631284007,  1383.54
1578.76074427,  35842.1,  33151.1,  884.918957412,  84.5632773594,  1383.27
1578.78117871,  35835.7,  33145.2,  884.918848171,  84.5636876862,  1383.7
1578.80161296,  35844.3,  33153.0,  884.918812398,  84.5636227853,  1383.2
1578.8220473,  35853.4,  33161.6,  884.918747574,  84.562897629,  1381.78
1578.84248174,  35852.4,  33160.5,  884.919081606,  84.563370907,  1383.45
1578.86291598,  35840.8,  33149.7,  884.918796065,  84.5634788662,  1383.03
1578.88335033,  35847.7,  33155.9,  884.918750138,  84.5630116968,  1383.15
1578.90378467,  35870.9,  33176.9,  884.919208224,  84.5632196897,  1382.42
1578.92421901,  35861.6,  33168.5,  884.918918417,  84.5633768707,  1384.11
1578.94465346,  35864.6,  33171.7,  884.918647036,  84.5636783142,  1382.57
1578.9650877,  35866.7,  33172.9,  884.918839667,  84.5631819673,  1383.37
1578.98552204,  35869.5,  33176.0,  884.918757288,  84.5633273435,  1382.08
1579.00595649,  35867.6,  33174.0,  884.918700813,  84.5629035655,  1381.94
1579.02639073,  35873.8,  33178.9,  884.918811713,  84.563112363,  1381.87
1579.04682508,  35881.1,  33186.4,  884.918601154,  84.5632990118,  1382.09
1579.06725952,  35880.5,  33185.4,  884.918564318,  84.563364831,  1382.8
1579.08769386,  35876.3,  33181.6,  884.918418951,  84.563164598,  1383.08
1579.10812811,  35896.5,  33200.6,  884.918701206,  84.5634908965,  1380.57
1579.12856255,  35890.5,  33194.3,  884.918678995,  84.5633361494,  1380.18
1579.1489969,  35901.8,  33204.9,  884.918641887,  84.5632612875,  1381.35
1579.16943124,  35902.1,  33205.3,  884.91875686,  84.5635273916,  1380.45
1579.18986559,  35905.1,  33207.6,  884.919050748,  84.563414846,  1380.79
1579.21029993,  35905.7,  33208.5,  884.918371016,  84.563463549,  1381.42
1579.23073438,  35900.7,  33203.5,  884.918269133,  84.5634211807,  1380.32
1579.25116863,  35907.2,  33209.6,  884.918774513,  84.5628801737,  1381.26
1579.27160297,  35919.9,  33221.6,  884.919063484,  84.5633335566,  1380.99
1579.29203742,  35921.7,  33222.5,  884.918675455,  84.5636687587,  1380.58
1579.31247166,  35935.1,  33234.9,  884.918449414,  84.5633409112,  1380.27
1579.33290611,  35921.5,  33222.8,  884.918455968,  84.5633721916,  1380.97
1579.35334046,  35920.3,  33220.9,  884.918669613,  84.5634465487,  1379.53
1579.37377471,  35920.5,  33221.3,  884.91830022,  84.5636675646,  1380.43
1579.39420915,  35923.2,  33224.4,  884.918668466,  84.5636679127,  1380.2
1579.4146435,  35911.0,  33211.9,  884.917960455,  84.5636082996,  1381.65
1579.43507775,  35923.4,  33224.2,  884.91852841,  84.5637538247,  1381.73
1579.45551219,  35913.5,  33215.1,  884.918459299,  84.5637567716,  1380.92
1579.47594654,  35929.6,  33229.1,  884.918515717,  84.563982532,  1380.5
1579.49638079,  35940.4,  33239.9,  884.918263189,  84.5637477605,  1379.5
1579.51681524,  35931.4,  33230.5,  884.918503303,  84.5641172907,  1380.06
1579.53724949,  35936.0,  33235.2,  884.918672384,  84.5638388699,  1380.49
1579.55768393,  35931.9,  33231.9,  884.91833284,  84.5638679457,  1380.65
1579.57811828,  35934.3,  33233.6,  884.91846872,  84.5639887571,  1379.72
1579.59855263,  35929.8,  33229.7,  884.918028742,  84.5640942425,  1381.14
1579.61898698,  35947.7,  33245.6,  884.918220007,  84.5633635577,  1380.41
1579.63942133,  35936.2,  33234.9,  884.9182284,  84.5635126464,  1380.45
1579.65985568,  35940.0,  33239.1,  884.918193407,  84.5641713559,  1379.37
1579.68029003,  35936.1,  33235.3,  884.918502052,  84.5640063453,  1379.56
1579.70072438,  35944.1,  33242.7,  884.917920857,  84.564065601,  1378.26
1579.72115883,  35941.6,  33240.6,  884.918051743,  84.5642313933,  1379.42
1579.74159318,  35930.3,  33229.9,  884.918223369,  84.5641811252,  1378.88
1579.76202743,  35939.7,  33238.3,  884.918230772,  84.5641294535,  1378.48
1579.78246188,  35945.7,  33244.3,  884.918192531,  84.5642001815,  1378.66
1579.80289623,  35940.6,  33239.1,  884.918293255,  84.5643470446,  1378.82
1579.82333048,  35944.1,  33242.8,  884.918369549,  84.5646878535,  1378.2
1579.84376493,  35936.1,  33234.8,  884.917951569,  84.5643238581,  1378.27
1579.86419928,  35948.5,  33246.0,  884.91817092,  84.5645528081,  1378.33
1579.88463353,  35934.2,  33233.9,  884.917973409,  84.5644415147,  1377.12
1579.90506798,  35939.3,  33237.6,  884.91799033,  84.5644192898,  1376.68
1579.92550233,  35940.8,  33239.0,  884.917614724,  84.5645998746,  1376.03
1579.94593678,  35931.5,  33231.1,  884.918203408,  84.5645607978,  1377.25
1579.96637103,  35936.6,  33235.2,  884.917844984,  84.5643505183,  1376.38
1579.98680539,  35928.5,  33228.0,  884.917922719,  84.5645203742,  1376.92
1580.00723984,  35932.8,  33231.8,  884.918017119,  84.5646048845,  1377.36
1580.02767409,  35934.8,  33233.5,  884.91809446,  84.5648179973,  1376.99
1580.04810844,  35936.5,  33235.6,  884.918107662,  84.5648300389,  1376.85
1580.06854289,  35922.0,  33222.1,  884.918220526,  84.5646259666,  1375.78
1580.08897715,  35932.6,  33231.8,  884.917706798,  84.56500199,  1375.54
1580.1094115,  35932.2,  33231.6,  884.918322931,  84.564758404,  1375.82
1580.12984595,  35931.7,  33231.1,  884.917690548,  84.5649220917,  1375.15
1580.15028021,  35930.0,  33229.6,  884.917915811,  84.5647212167,  1375.35
1580.17071466,  35937.1,  33235.4,  884.918487339,  84.5649310028,  1376.2
1580.19114891,  35926.7,  33226.0,  884.917490933,  84.5645922211,  1375.51
1580.21158327,  35941.8,  33240.1,  884.917590817,  84.5651146097,  1374.75
1580.23201772,  35936.8,  33235.1,  884.917797028,  84.565136244,  1375.21
1580.25245197,  35933.3,  33232.1,  884.917617872,  84.5649440488,  1374.94
1580.27288633,  35937.9,  33236.5,  884.917479869,  84.5650527069,  1374.64
1580.29332078,  35926.0,  33225.3,  884.917719433,  84.5653235069,  1374.17
1580.31375514,  35932.3,  33231.0,  884.917725886,  84.5656619259,  1373.43
1580.33418949,  35941.4,  33239.6,  884.918055297,  84.5656131615,  1374.81
1580.35462384,  35937.4,  33235.8,  884.917906012,  84.5656945687,  1374.26
1580.3750582,  35940.8,  33238.6,  884.917798239,  84.5650329141,  1374.37
1580.39549255,  35945.8,  33243.3,  884.91734909,  84.5653731772,  1374.07
1580.41592691,  35928.7,  33227.2,  884.917254572,  84.5651037917,  1373.21
1580.43636126,  35937.4,  33235.8,  884.917742194,  84.5653472934,  1374.78
1580.45679572,  35946.0,  33243.5,  884.917559615,  84.5657065881,  1374.23
1580.47722998,  35930.7,  33229.6,  884.917625722,  84.5655837908,  1373.01
1580.49766433,  35937.4,  33235.3,  884.917387731,  84.5656471943,  1371.98
1580.51809879,  35935.1,  33232.4,  884.917014763,  84.5652362128,  1373.36
1580.53853304,  35936.5,  33234.9,  884.917708546,  84.56585199,  1372.61
1580.5589675,  35930.9,  33230.0,  884.917204225,  84.565306212,  1373.0
1580.57940186,  35936.7,  33234.8,  884.917466624,  84.5657120109,  1372.55
1580.59983611,  35922.8,  33221.9,  884.91680905,  84.5655735855,  1372.62
1580.62027057,  35927.7,  33226.7,  884.917405799,  84.5652477068,  1371.0
1580.64070493,  35924.5,  33223.6,  884.917353811,  84.5653292995,  1372.64
1580.66113918,  35916.5,  33216.7,  884.917214844,  84.5659451269,  1372.59
1580.68157364,  35924.4,  33223.3,  884.916918052,  84.5659078881,  1371.4
1580.702008,  35921.7,  33220.5,  884.917325098,  84.5658049259,  1371.58
1580.72244245,  35906.6,  33207.6,  884.917493905,  84.5651280441,  1372.88
1580.74287671,  35912.5,  33212.0,  884.916904364,  84.5656173488,  1372.56
1580.76331107,  35913.4,  33213.3,  884.917559152,  84.5658089052,  1371.94
1580.78374553,  35903.5,  33204.3,  884.917425231,  84.56585355,  1371.91
1580.80417979,  35916.8,  33216.1,  884.917037009,  84.5663487216,  1371.42
1580.82461414,  35900.7,  33201.8,  884.917142189,  84.5660307348,  1370.28
1580.8450485,  35912.7,  33212.8,  884.917757197,  84.5651544145,  1370.33
1580.86548286,  35894.3,  33196.2,  884.916961293,  84.5663468586,  1370.58
1580.88591722,  35904.1,  33204.8,  884.917714914,  84.5660607439,  1371.14
1580.90635158,  35912.7,  33212.3,  884.916889426,  84.5660921666,  1370.37
1580.92678594,  35901.7,  33202.2,  884.917045518,  84.5663648102,  1370.86
1580.9472204,  35905.9,  33206.5,  884.917525723,  84.5658986345,  1370.48
1580.96765476,  35901.4,  33201.8,  884.917354003,  84.5661266522,  1370.18
1580.98808902,  35902.1,  33203.2,  884.917293925,  84.5662202908,  1370.07
1581.00852348,  35901.2,  33202.3,  884.916966482,  84.5665175636,  1370.2
1581.02895783,  35906.3,  33206.3,  884.916890963,  84.5659734844,  1368.81
1581.04939209,  35912.2,  33212.6,  884.917383006,  84.5663452235,  1370.98
1581.06982656,  35895.3,  33196.2,  884.916780273,  84.5663187441,  1369.55
1581.09026092,  35909.3,  33208.8,  884.917391602,  84.566495924,  1368.96
1581.11069538,  35900.7,  33201.9,  884.917131783,  84.5661939614,  1369.7
1581.13112964,  35891.5,  33192.9,  884.916857379,  84.5660887347,  1368.7
1581.151564,  35893.4,  33194.9,  884.916976323,  84.5667150712,  1368.45
1581.17199846,  35906.4,  33206.6,  884.91697347,  84.5665902732,  1369.9
1581.19243272,  35895.3,  33196.2,  884.916939482,  84.566139358,  1369.74
1581.21286708,  35899.9,  33200.8,  884.917320693,  84.5668362052,  1369.67
1581.23330154,  35897.9,  33198.9,  884.916782697,  84.5660168836,  1369.09
1581.2537358,  35894.0,  33195.3,  884.917096515,  84.5664036468,  1368.82
1581.27417016,  35906.8,  33207.1,  884.916834643,  84.5666314916,  1369.1
1581.29460463,  35911.2,  33210.7,  884.91689063,  84.5667196113,  1367.08
1581.31503889,  35901.4,  33202.1,  884.917210804,  84.5665228119,  1368.61
1581.33547335,  35904.3,  33205.0,  884.916684434,  84.5662914444,  1368.49
1581.35590771,  35896.1,  33196.8,  884.917183478,  84.5667790803,  1368.93
1581.37634208,  35903.5,  33204.1,  884.916599168,  84.5667519595,  1367.6
1581.39677644,  35846.5,  33151.9,  884.917267351,  84.5662750712,  1367.07
1581.4172108,  35585.9,  32913.9,  884.91643012,  84.5666393581,  1367.52
1581.43764516,  35247.0,  32605.1,  884.916385514,  84.5669135837,  1367.81
1581.45807953,  34990.5,  32370.8,  884.916412196,  84.5660935902,  1367.31
1581.47851389,  34888.3,  32277.9,  884.916211433,  84.5665713433,  1366.87
1581.49894825,  34925.8,  32312.3,  884.9171588,  84.5664325423,  1366.59
1581.51938262,  35062.1,  32436.0,  884.916639084,  84.5666271593,  1366.41
1581.53981698,  35339.8,  32689.9,  884.916231937,  84.5670875541,  1367.33
1581.56025134,  35655.9,  32978.1,  884.916916571,  84.566617664,  1367.94
1581.58068571,  35878.3,  33179.8,  884.916228302,  84.5666855759,  1366.23
1586.83231518,  35892.4,  33191.2,  884.909104136,  84.5858592453,  1336.18
1586.85274968,  35923.4,  33220.8,  884.908217598,  84.5856909227,  1336.85
1586.87318398,  35884.0,  33184.5,  884.908302883,  84.5857506659,  1336.13
1586.89361848,  35890.5,  33191.0,  884.908526285,  84.5864741766,  1334.69
1586.91405288,  35888.8,  33190.0,  884.908751093,  84.5862225159,  1334.68
1586.93448718,  35896.0,  33195.3,  884.909021704,  84.5862897086,  1335.88
1586.95492168,  35879.8,  33180.9,  884.909186449,  84.5871296471,  1335.99
1586.97535608,  35887.3,  33187.5,  884.908804062,  84.5867708598,  1335.93
1586.99579048,  35886.3,  33186.4,  884.908829083,  84.5868084062,  1334.8
1587.01622489,  35891.3,  33191.6,  884.909266439,  84.5869510348,  1334.49
1587.03665929,  35901.8,  33201.0,  884.908780075,  84.5870332515,  1336.76
1587.05709379,  35906.5,  33205.6,  884.909075888,  84.5865038314,  1335.79
1587.07752819,  35897.7,  33197.9,  884.908590086,  84.5870010711,  1334.89
1587.09796249,  35910.9,  33209.0,  884.90863412,  84.5875061341,  1335.12
1587.118397,  35914.3,  33212.9,  884.909875993,  84.5864331035,  1335.19
1587.1388314,  35909.5,  33208.7,  884.908725444,  84.5871007907,  1335.54
1587.1592657,  35903.0,  33202.0,  884.908841407,  84.5865067713,  1334.64
1587.1797002,  35911.8,  33210.7,  884.908547624,  84.5871071508,  1335.02
1587.20013461,  35912.5,  33211.3,  884.908758434,  84.5870017766,  1334.51
1587.22056901,  35916.7,  33214.6,  884.908204202,  84.5871887459,  1334.79
1587.24100341,  35919.6,  33218.4,  884.908578593,  84.586196109,  1334.24
1587.26143771,  35922.1,  33219.9,  884.908314887,  84.5865192304,  1334.85
1587.28187222,  35914.6,  33212.9,  884.908559183,  84.5866479963,  1335.04
1587.30230662,  35924.3,  33222.1,  884.908479484,  84.5868194399,  1334.0
1587.32274092,  35928.4,  33225.3,  884.908359554,  84.5871083277,  1334.93
1587.34317543,  35919.9,  33218.1,  884.908415264,  84.5860917257,  1336.46
1587.36360983,  35923.2,  33221.5,  884.908248314,  84.5862793585,  1335.05
1587.38404434,  35920.8,  33218.4,  884.908095537,  84.5859433049,  1335.6
1587.40447864,  35920.7,  33219.2,  884.908493129,  84.5863236951,  1334.38
1587.42491304,  35921.5,  33219.8,  884.908271134,  84.5858364236,  1335.38
1587.44534755,  35927.4,  33224.5,  884.908457119,  84.5861803227,  1334.54
1587.46578185,  35930.8,  33228.9,  884.908129006,  84.5856748426,  1334.12
1587.50665076,  35944.8,  33241.2,  884.907895743,  84.5856197693,  1333.58
1587.52708507,  35922.7,  33220.8,  884.908385214,  84.5855963514,  1334.66
1587.54751957,  35932.3,  33228.9,  884.908125895,  84.585455974,  1333.86
1587.56795398,  35926.5,  33224.3,  884.908291311,  84.5851412889,  1334.08
1587.58838838,  35923.7,  33221.8,  884.908274839,  84.5851133558,  1332.91
1587.60882279,  35915.3,  33212.9,  884.908130375,  84.5854112923,  1333.2
1587.62925719,  35896.4,  33196.6,  884.908165892,  84.5849953565,  1334.27
1587.6496916,  35901.3,  33200.5,  884.908529577,  84.5856052259,  1332.13
1587.670126,  35913.6,  33212.2,  884.908238642,  84.584963901,  1332.52
1587.69056041,  35905.4,  33205.0,  884.908263105,  84.5850321299,  1333.64
1587.71099491,  35899.2,  33198.7,  884.908167735,  84.5847733549,  1333.46
1587.73142922,  35904.1,  33203.5,  884.908055928,  84.5848789444,  1332.48
1587.75186363,  35909.6,  33208.6,  884.908633909,  84.5855964856,  1332.98
1587.77229813,  35900.0,  33199.4,  884.908455275,  84.5845917211,  1333.43
1587.79273254,  35895.1,  33195.8,  884.90832218,  84.5847066959,  1332.57
1587.81316684,  35907.1,  33206.0,  884.908674915,  84.5847023068,  1332.73
1587.83360135,  35896.7,  33196.6,  884.908368007,  84.5844144251,  1331.69
1587.85403566,  35888.6,  33189.0,  884.908872138,  84.5848400741,  1332.32
1587.87447016,  35893.1,  33193.0,  884.908334687,  84.5842236111,  1332.28
1587.89490457,  35881.0,  33182.1,  884.908801911,  84.5846295329,  1332.0
1587.91533888,  35889.1,  33189.6,  884.908928903,  84.5844654563,  1332.01
1587.93577339,  35892.4,  33192.3,  884.908805079,  84.5845952753,  1332.23
1587.95620779,  35861.1,  33164.2,  884.908422811,  84.5850070225,  1331.27
1587.9766421,  35873.6,  33175.6,  884.908515029,  84.5841981552,  1332.13
1587.99707661,  35880.0,  33181.1,  884.908336233,  84.5847427398,  1332.34
1588.01751102,  35868.9,  33172.0,  884.908854485,  84.5838578702,  1331.35
1588.03794532,  35855.0,  33158.1,  884.90891913,  84.5844107629,  1331.61
1588.05837983,  35865.5,  33167.6,  884.908686112,  84.5843562751,  1330.4
1588.07881424,  35865.4,  33168.2,  884.908855261,  84.5842335495,  1330.05
1588.09924875,  35849.4,  33152.6,  884.908540533,  84.5839485983,  1331.73
1588.11968306,  35849.7,  33153.2,  884.909312252,  84.5838385244,  1329.88
1588.14011746,  35846.1,  33150.2,  884.909213734,  84.5839793921,  1331.18
1588.16055197,  35831.6,  33136.3,  884.908897009,  84.5840068009,  1330.79
1588.18098628,  35842.5,  33146.7,  884.909461145,  84.5842119817,  1329.04
1588.20142069,  35832.1,  33137.0,  884.909095488,  84.5839493542,  1330.91
1588.2218552,  35830.2,  33135.0,  884.908676059,  84.5833817132,  1330.11
1588.24228951,  35825.3,  33131.2,  884.90928203,  84.5837937936,  1328.77
1588.26272402,  35827.9,  33133.0,  884.909136793,  84.5833430535,  1329.38
1588.28315843,  35826.6,  33132.0,  884.909174943,  84.5832474444,  1329.09
1588.30359284,  35823.1,  33128.9,  884.909107881,  84.5836865521,  1330.15
1588.32402725,  35810.9,  33117.5,  884.909144349,  84.5831836323,  1328.15
1588.34446166,  35812.0,  33119.0,  884.909586184,  84.5832999606,  1328.03
1588.36489607,  35822.0,  33128.0,  884.909364892,  84.5829678488,  1326.86
1588.38533048,  35815.3,  33121.2,  884.909146135,  84.5830790336,  1328.53
1588.40576489,  35812.1,  33118.8,  884.909275416,  84.5828355701,  1329.11
1588.4261993,  35823.1,  33128.6,  884.909131527,  84.5831283985,  1327.15
1588.44663381,  35802.3,  33109.4,  884.909278243,  84.5831054505,  1329.32
1588.46706812,  35792.1,  33100.6,  884.909816103,  84.5828274535,  1328.36
1588.48750263,  35820.3,  33125.7,  884.909238653,  84.5827058336,  1328.21
1588.50793694,  35801.7,  33108.7,  884.90932886,  84.5830624566,  1326.86
1588.52837135,  35815.2,  33121.5,  884.909404038,  84.5823100391,  1327.38
1588.54880586,  35798.6,  33105.5,  884.9093842,  84.5822655508,  1327.47
1588.56924017,  35800.4,  33108.1,  884.9094308,  84.5827180761,  1327.2
1588.58967458,  35799.1,  33106.5,  884.909483459,  84.5826345494,  1327.93
1588.61010909,  35802.7,  33109.3,  884.909253125,  84.5823569423,  1327.46
1588.6305434,  35732.9,  33046.3,  884.909317371,  84.5823626595,  1326.87
1588.65097792,  34835.0,  32226.7,  884.909209086,  84.581681163,  1327.51
1588.67141233,  33270.1,  30799.3,  884.909157783,  84.5812938493,  1326.34
1588.69184664,  31675.4,  29345.5,  884.909388389,  84.5803492022,  1325.54
1588.71228115,  30509.3,  28280.9,  884.908856064,  84.579429332,  1326.72
1588.73271556,  30142.1,  27946.1,  884.909168882,  84.579094559,  1325.44
1588.75314987,  30597.1,  28361.2,  884.90945258,  84.5796556903,  1325.95
1588.77358439,  31838.6,  29493.4,  884.908726074,  84.5800080651,  1325.83
1588.7940188,  33459.4,  30972.0,  884.909497839,  84.580584979,  1325.74
1588.81445321,  34970.1,  32349.9,  884.909194875,  84.5809489278,  1325.63
1588.83488762,  35752.5,  33062.9,  884.909771756,  84.5823048524,  1325.63
1588.85532204,  35796.5,  33104.0,  884.909671779,  84.5819786707,  1324.81
1588.87575655,  35791.1,  33098.2,  884.90900215,  84.5817272911,  1325.42
1588.89619086,  35800.0,  33106.4,  884.909367986,  84.5817660168,  1324.96
1588.91662528,  35796.8,  33103.9,  884.90968325,  84.5810099898,  1325.77
1588.93705979,  35789.7,  33097.2,  884.908888661,  84.5815087149,  1324.85
1588.9574942,  35792.0,  33099.5,  884.909773948,  84.5814785551,  1325.27
1588.97792852,  35799.5,  33106.2,  884.909263122,  84.5811552378,  1324.74
1588.99836303,  35795.9,  33102.7,  884.909821706,  84.581607534,  1323.6
1589.01879744,  35796.0,  33102.9,  884.90958269,  84.5812824158,  1324.97
1589.03923176,  35793.5,  33100.1,  884.909152786,  84.5810104015,  1323.9
1589.05966627,  35791.7,  33098.6,  884.909629822,  84.5814676743,  1324.44
1589.08010068,  35793.7,  33100.9,  884.90900487,  84.5812254623,  1324.43
1589.1005352,  35797.7,  33103.8,  884.909476876,  84.5809922235,  1324.04
1589.12096951,  35799.6,  33105.6,  884.908947769,  84.5812513458,  1324.69
1589.14140393,  35825.4,  33129.3,  884.90970512,  84.5808122393,  1324.12
1589.16183834,  35808.5,  33113.2,  884.909324462,  84.5808572367,  1324.26
1589.18227276,  35806.4,  33111.6,  884.909578185,  84.5810251292,  1324.87
1589.20270707,  35810.9,  33115.5,  884.909095977,  84.5804462033,  1323.69
1589.22314159,  35804.4,  33109.6,  884.909583434,  84.5806721358,  1324.11
1589.243576,  35823.7,  33127.9,  884.909159704,  84.5808317396,  1322.77
1589.26401052,  35797.1,  33102.9,  884.909164654,  84.5806114863,  1323.21
1589.28444483,  35811.9,  33116.8,  884.909339869,  84.5806735338,  1323.06
1589.30487925,  35823.4,  33127.5,  884.909267525,  84.5808505036,  1323.99
1589.32531376,  35811.4,  33115.9,  884.909298994,  84.5806267452,  1322.86
1589.34574808,  35818.6,  33123.0,  884.909583599,  84.5805082545,  1323.01
1589.36618249,  35829.8,  33132.6,  884.909250709,  84.5806191474,  1322.49
1589.38661701,  35825.8,  33129.0,  884.909564117,  84.5802572202,  1322.08
1589.40705132,  35831.5,  33134.5,  884.909081131,  84.580533517,  1321.17
1589.42748574,  35833.6,  33136.2,  884.909585888,  84.5804427106,  1322.12
1589.44792026,  35842.7,  33144.3,  884.90880816,  84.5803281293,  1322.21
1589.46835467,  35829.8,  33133.1,  884.909476843,  84.5800757531,  1322.56
1589.48878909,  35830.1,  33132.6,  884.90920727,  84.5802185533,  1321.15
1589.50922351,  35833.7,  33135.8,  884.90922146,  84.5805723845,  1322.18
1589.52965792,  35841.7,  33143.0,  884.909122116,  84.5800080938,  1321.65
1589.55009234,  35852.3,  33151.6,  884.909110435,  84.5801860276,  1322.29
1589.57052676,  35844.8,  33145.1,  884.9091974,  84.5801609498,  1321.7
1589.59096117,  35847.9,  33148.9,  884.909456598,  84.5800339174,  1322.31
1589.61139569,  35848.1,  33149.0,  884.909442233,  84.5803340638,  1320.19
1589.63183001,  35850.5,  33151.6,  884.9096715,  84.5802054576,  1320.8
1589.65226442,  35861.2,  33160.6,  884.909243979,  84.5796828793,  1321.04
1589.67269894,  35849.5,  33150.1,  884.909585337,  84.5801715303,  1321.46
1589.69313326,  35860.3,  33160.8,  884.909787896,  84.5804171218,  1320.65
1589.71356778,  35865.8,  33164.9,  884.909125414,  84.5801108516,  1320.68
1589.73400219,  35863.7,  33163.2,  884.909606137,  84.5799701478,  1320.21
1589.75443651,  35863.0,  33162.1,  884.90963399,  84.580448092,  1320.95
1589.77487103,  35869.7,  33168.1,  884.909381476,  84.5796555022,  1321.08
1589.79530545,  35864.9,  33163.9,  884.909386014,  84.580202043,  1321.78
1589.81573977,  35881.3,  33179.0,  884.909103589,  84.580254768,  1320.51
1589.8566086,  35882.4,  33180.1,  884.909413068,  84.5801623551,  1319.79
1589.87704312,  35894.7,  33190.4,  884.908905522,  84.5796551276,  1320.34
1589.89747754,  35885.5,  33182.6,  884.909340053,  84.5799755171,  1319.09
1589.91791186,  35890.9,  33187.3,  884.909511125,  84.5797840317,  1320.75
1589.93834638,  35878.0,  33175.5,  884.908612054,  84.5796191436,  1319.55
1589.9587808,  35886.3,  33183.1,  884.909060009,  84.5799552569,  1318.62
1589.97921512,  35895.9,  33191.4,  884.9092336,  84.5798492318,  1319.66
1589.99964964,  35887.4,  33183.6,  884.909018887,  84.5800313827,  1319.27
1590.02008405,  35893.9,  33190.1,  884.909047795,  84.5798508195,  1319.09
1590.04051847,  35892.7,  33188.4,  884.909021018,  84.5799042962,  1318.54
1590.06095289,  35908.3,  33202.4,  884.908900394,  84.5802021272,  1319.1
1590.08138731,  35895.8,  33191.5,  884.90896139,  84.5804968859,  1320.06
1590.10182183,  35884.5,  33180.6,  884.908889079,  84.5793933129,  1319.33
1590.12225615,  35899.1,  33194.3,  884.909429572,  84.5796809424,  1318.23
1590.14269057,  35899.5,  33194.8,  884.908973529,  84.5794355626,  1318.87
1590.16312509,  35908.4,  33202.6,  884.908599591,  84.5799584588,  1319.03
1590.18355951,  35905.9,  33201.0,  884.908675369,  84.5797258268,  1318.32
1590.20399383,  35902.5,  33197.0,  884.909382323,  84.5798284838,  1318.81
1590.22442835,  35894.0,  33189.2,  884.908910517,  84.5798666154,  1318.64
1590.24486278,  35908.4,  33202.8,  884.909571714,  84.5798346563,  1318.14
1590.2652971,  35896.0,  33190.5,  884.90868295,  84.5798233335,  1318.95
1590.28573162,  35898.6,  33193.3,  884.909259015,  84.5801948914,  1317.09
1590.30616604,  35899.8,  33194.5,  884.908829759,  84.5800164749,  1318.67
1590.32660056,  35909.2,  33202.6,  884.908917244,  84.5794579472,  1318.72
1590.34703488,  35901.0,  33196.0,  884.909123771,  84.579708136,  1317.28
1590.3674693,  35905.5,  33199.8,  884.90921292,  84.5798345325,  1317.99
1590.38790382,  35910.0,  33203.3,  884.908921024,  84.5798264596,  1318.07
1590.40833814,  35905.3,  33200.1,  884.9089312,  84.579939133,  1319.16
1590.42877257,  35903.2,  33197.1,  884.909298499,  84.5797234242,  1317.74
1590.44920699,  35908.8,  33202.3,  884.909030765,  84.5795472375,  1317.36
1590.46964141,  35911.7,  33205.4,  884.908461282,  84.5794219445,  1317.7
1590.49007593,  35908.5,  33202.2,  884.909351427,  84.5795025568,  1317.62
1590.51051025,  35904.8,  33199.0,  884.909031324,  84.5801028664,  1317.74
1590.53094468,  35913.4,  33206.6,  884.908992423,  84.5794976759,  1317.28
1590.5513792,  35903.9,  33197.7,  884.908945619,  84.5797916958,  1316.23
1590.57181352,  35913.6,  33206.7,  884.908966124,  84.5794415343,  1317.32
1590.59224794,  35902.9,  33196.3,  884.909662948,  84.5793935951,  1317.27
1590.61268247,  35906.4,  33199.9,  884.909072832,  84.5795050774,  1317.17
1590.63311679,  35898.5,  33193.5,  884.908952189,  84.5796645567,  1316.94
1590.65355121,  35895.7,  33189.9,  884.908767445,  84.5800148823,  1316.46
1590.67398573,  35891.7,  33186.4,  884.908826096,  84.5799798182,  1316.12
1590.69442016,  35900.4,  33194.9,  884.908867266,  84.5792711227,  1316.03
1590.71485458,  35891.7,  33186.2,  884.909056272,  84.5794541514,  1316.25
1590.735289,  35881.1,  33176.9,  884.90917971,  84.5797256719,  1316.25
1590.75572343,  35878.1,  33174.3,  884.908642183,  84.5798551112,  1316.82
1590.77615785,  35880.9,  33176.3,  884.908700038,  84.5794221423,  1315.17
1590.79659227,  35880.0,  33176.2,  884.909209779,  84.579665744,  1316.05
1590.8170267,  35879.9,  33175.0,  884.908755104,  84.579793523,  1316.07
1590.83746122,  35880.5,  33176.0,  884.908760038,  84.5796069841,  1316.75
1590.85789555,  35882.3,  33177.8,  884.909067855,  84.5795959534,  1315.51
1590.87832997,  35889.4,  33183.9,  884.909002955,  84.5790436121,  1314.86
1590.89876449,  35884.1,  33179.3,  884.909047793,  84.5796346873,  1316.48
1590.91919882,  35887.6,  33182.5,  884.908849107,  84.5798628491,  1315.1
1590.93963334,  35880.1,  33175.2,  884.908481109,  84.5798044513,  1315.09
1590.96006777,  35864.9,  33162.1,  884.909015011,  84.5798851102,  1315.89
1590.98050209,  35879.3,  33166.2,  884.908073841,  84.5772096818,  1315.66
1591.00093662,  35872.0,  33161.8,  884.908835614,  84.5788810731,  1314.93
