Kepler I.D.-----Channel

[5359678]--------[67]

-TTYPE1--------TTYPE8------------TTYPE4-----------TTYPE15------------TTYPE17-----------TTYPE6

['TIME']---['PDCSAP_FLUX']---['SAP_FLUX']---['MOM_CENTR1']---['MOM_CENTR2']---['SAP_BKG']

['BJD - 2454833']--['e-/s']--------['e-/s']---------['pixel']---------['pixel']----------['e-/s']

CROWDSAP --- 0.9941

5359678

1559.24633674,  32232.1,  27323.5,  311.82319918,  559.28444703,  889.3
1559.26677108,  32230.0,  27323.7,  311.82338446,  559.28407344,  889.143
1559.28720551,  32240.2,  27331.6,  311.823243427,  559.284670185,  888.668
1559.30763974,  32219.0,  27313.9,  311.823132126,  559.284843886,  888.477
1559.32807407,  32226.3,  27320.6,  311.823189089,  559.284284187,  888.835
1559.3485085,  32228.2,  27321.4,  311.823226463,  559.284619462,  888.674
1559.36894274,  32233.4,  27326.7,  311.823378436,  559.284808226,  888.651
1559.38937717,  32230.0,  27324.7,  311.822981795,  559.284418886,  888.069
1559.4098115,  32227.3,  27321.3,  311.8228695,  559.285191629,  887.711
1559.43024584,  32220.6,  27316.6,  311.823180292,  559.284936356,  888.384
1559.45068017,  32238.5,  27331.4,  311.822561468,  559.284575472,  888.308
1559.4711145,  32222.0,  27316.8,  311.822803165,  559.285007435,  887.956
1559.49154884,  32227.3,  27323.2,  311.822573132,  559.284950817,  887.354
1559.51198317,  32228.4,  27322.8,  311.822554628,  559.285376076,  887.251
1559.5324175,  32212.5,  27310.0,  311.822873936,  559.285159367,  888.167
1559.55285184,  32228.5,  27324.5,  311.822848684,  559.285416333,  887.994
1559.57328617,  32224.6,  27320.2,  311.822729518,  559.285387222,  887.44
1559.59372051,  32224.9,  27321.8,  311.822334215,  559.285313379,  887.64
1559.61415484,  32224.5,  27321.4,  311.822522839,  559.285290263,  888.097
1559.63458918,  32226.8,  27322.6,  311.82270408,  559.285558255,  887.584
1559.65502351,  32227.7,  27324.5,  311.822597223,  559.285015267,  886.886
1559.67545795,  32222.1,  27319.9,  311.822405255,  559.285655624,  886.829
1559.69589219,  32229.6,  27325.5,  311.822026841,  559.285646182,  885.945
1559.71632652,  32220.2,  27319.2,  311.82222942,  559.285934197,  886.231
1559.73676096,  32235.6,  27331.1,  311.822093827,  559.285998139,  886.526
1559.75719519,  32232.2,  27328.2,  311.822003494,  559.286051831,  886.693
1559.77762963,  32231.9,  27329.1,  311.822413543,  559.28568767,  886.505
1559.79806397,  32221.5,  27319.0,  311.822144611,  559.28588607,  886.043
1559.81849821,  32101.8,  27218.6,  311.821350925,  559.287083208,  886.328
1559.83893264,  31901.1,  27050.8,  311.821812155,  559.286481661,  886.13
1559.85936698,  30827.4,  26145.6,  311.821615838,  559.286510187,  885.755
1559.87980122,  29482.1,  25014.0,  311.821070015,  559.287982248,  885.541
1559.90023566,  28239.3,  23967.4,  311.820771939,  559.288647935,  885.087
1559.92066999,  27459.6,  23310.5,  311.820339467,  559.288613515,  885.76
1559.94110443,  27366.3,  23232.8,  311.820533092,  559.288917818,  886.005
1559.96153867,  27973.4,  23742.9,  311.821054012,  559.288818999,  885.432
1559.98197301,  29118.5,  24707.4,  311.820982199,  559.288137154,  885.192
1560.00240745,  30468.6,  25845.4,  311.820996121,  559.287208238,  884.913
1560.02284169,  31668.6,  26854.1,  311.821885094,  559.286525742,  885.282
1560.04327603,  32211.0,  27311.7,  311.822135843,  559.286540535,  885.601
1560.06371047,  32226.3,  27325.0,  311.821882379,  559.286424679,  884.551
1560.08414471,  32239.7,  27335.6,  311.821470483,  559.286630338,  884.739
1560.10457915,  32233.3,  27331.5,  311.821731963,  559.286535297,  884.419
1560.12501349,  32228.7,  27327.2,  311.8219817,  559.286548992,  884.421
1560.14544773,  32233.6,  27330.2,  311.821426271,  559.286518152,  884.457
1560.16588217,  32244.1,  27340.4,  311.821844241,  559.286472417,  884.4
1560.18631651,  32245.2,  27340.7,  311.821571643,  559.286447216,  884.045
1560.20675075,  32246.7,  27341.6,  311.821612915,  559.286917522,  883.598
1560.22718519,  32252.5,  27347.6,  311.821391076,  559.286370505,  884.115
1560.24761953,  32251.2,  27345.1,  311.82145644,  559.287014397,  884.165
1560.26805378,  32244.0,  27340.0,  311.821477262,  559.287227296,  883.689
1560.28848822,  32255.5,  27349.9,  311.821274319,  559.286714734,  883.76
1560.30892256,  32254.9,  27348.2,  311.821426222,  559.286576359,  883.209
1560.3293569,  32245.2,  27341.4,  311.821282053,  559.287036373,  883.219
1560.34979124,  32250.1,  27344.7,  311.821425167,  559.287075916,  883.579
1560.37022559,  32252.6,  27346.8,  311.820872124,  559.286807025,  882.759
1560.39066003,  32257.9,  27352.1,  311.821465008,  559.286747031,  881.808
1560.41109427,  32254.8,  27348.5,  311.821416107,  559.286792724,  883.797
1560.43152862,  32253.4,  27347.4,  311.821106387,  559.286896931,  883.403
1560.45196306,  32257.2,  27351.7,  311.821769688,  559.287156129,  883.008
1560.4723973,  32258.1,  27350.8,  311.821141419,  559.287269028,  883.033
1560.49283175,  32262.3,  27355.3,  311.820531678,  559.287397285,  882.755
1560.51326609,  32249.6,  27345.0,  311.821246822,  559.286746826,  883.178
1560.53370034,  32264.5,  27356.7,  311.821066962,  559.287339098,  882.878
1560.55413478,  32271.4,  27363.2,  311.821320421,  559.287155995,  882.795
1560.57456913,  32266.3,  27358.4,  311.821491954,  559.287277206,  882.743
1560.59500337,  32275.2,  27365.6,  311.820892854,  559.287634262,  882.317
1560.61543782,  32273.2,  27364.9,  311.821328141,  559.28706674,  882.83
1560.63587216,  32270.6,  27361.8,  311.820916686,  559.287667273,  882.338
1560.65630651,  32289.9,  27377.9,  311.820991899,  559.287872456,  882.259
1560.67674085,  32287.9,  27377.0,  311.821131149,  559.287747812,  882.206
1560.6971752,  32284.4,  27372.4,  311.82116839,  559.287604767,  881.965
1560.73804389,  32289.1,  27377.7,  311.820983527,  559.287242377,  881.468
1560.75847824,  32287.7,  27374.7,  311.821402001,  559.287711147,  881.211
1560.77891269,  32297.2,  27384.2,  311.820494826,  559.287675368,  881.0
1560.79934693,  32294.7,  27380.9,  311.820920053,  559.287320055,  880.492
1560.81978128,  32294.1,  27380.3,  311.820875397,  559.287267114,  883.039
1560.84021573,  32293.1,  27382.2,  311.820733935,  559.286567717,  892.149
1560.96282182,  32339.0,  27421.3,  311.820561559,  559.287484735,  908.634
1560.98325607,  32334.6,  27417.7,  311.820389021,  559.287757382,  905.298
1561.00369052,  32309.2,  27397.4,  311.820412361,  559.287695271,  903.021
1561.02412487,  32318.3,  27404.0,  311.820436056,  559.28804838,  900.261
1561.04455932,  32325.4,  27410.0,  311.821341682,  559.288046268,  899.314
1561.06499357,  32341.1,  27424.0,  311.81982937,  559.288010733,  898.693
1561.08542792,  32323.2,  27407.9,  311.82091225,  559.288185449,  898.048
1561.10586237,  32330.2,  27412.5,  311.820493721,  559.287564061,  897.614
1561.12629662,  32334.9,  27416.4,  311.820557769,  559.287368243,  895.639
1561.14673097,  32340.5,  27419.8,  311.819893742,  559.287745686,  895.024
1561.16716542,  32345.8,  27424.7,  311.821072995,  559.287894906,  893.891
1561.18759967,  32380.3,  27454.1,  311.820444404,  559.287392518,  892.831
1561.20803402,  32345.6,  27423.5,  311.820474255,  559.288530959,  891.482
1561.22846847,  32336.1,  27416.4,  311.820856562,  559.287562267,  890.777
1561.24890272,  32345.1,  27423.3,  311.820151904,  559.288236039,  889.863
1561.26933717,  32340.6,  27419.7,  311.82038131,  559.28799964,  889.444
1561.28977153,  32338.6,  27418.1,  311.820456524,  559.288142355,  888.503
1561.31020588,  32347.3,  27424.0,  311.820540184,  559.288230565,  887.359
1561.33064023,  32345.3,  27423.3,  311.820282215,  559.287810505,  886.437
1561.35107458,  32345.6,  27423.6,  311.820499151,  559.287898285,  886.289
1561.37150894,  32343.8,  27421.0,  311.819538756,  559.288295488,  886.025
1561.39194329,  32354.9,  27431.2,  311.819538106,  559.287755268,  885.861
1561.41237764,  32342.6,  27420.9,  311.819808829,  559.288350873,  885.03
1561.4328121,  32344.0,  27421.4,  311.820044017,  559.288407612,  884.346
1561.45324635,  32353.5,  27430.0,  311.820143761,  559.288087409,  883.347
1561.4736807,  32353.8,  27429.7,  311.819609856,  559.288251478,  883.207
1561.49411506,  32352.0,  27428.4,  311.819916828,  559.288405214,  882.583
1561.51454941,  32359.6,  27434.7,  311.820272062,  559.288253166,  882.517
1561.53498377,  32343.0,  27419.9,  311.820174041,  559.288111418,  882.151
1561.55541822,  32347.5,  27424.3,  311.819983802,  559.288265718,  881.532
1561.57585248,  32356.9,  27432.6,  311.81978335,  559.289288259,  881.29
1561.59628683,  32357.7,  27432.2,  311.819764836,  559.289093781,  880.761
1561.61672129,  32358.7,  27433.8,  311.820177798,  559.288297884,  880.38
1561.63715554,  32364.7,  27438.3,  311.82003052,  559.288183009,  880.588
1561.65759,  32359.4,  27433.3,  311.820029468,  559.288534089,  880.223
1561.67802435,  32363.6,  27438.2,  311.819766731,  559.288435212,  879.881
1561.69845861,  32355.4,  27430.2,  311.819775249,  559.288910723,  880.103
1561.71889307,  32367.5,  27441.1,  311.819874037,  559.288354377,  879.279
1561.73932742,  32360.8,  27435.4,  311.819802055,  559.288195069,  879.782
1561.75976168,  32363.2,  27435.9,  311.819910007,  559.288578198,  878.816
1561.78019614,  32359.2,  27433.8,  311.819698665,  559.288830953,  878.634
1561.80063049,  32360.4,  27435.0,  311.819751627,  559.288580759,  878.284
1561.82106495,  32349.9,  27425.4,  311.819363423,  559.28858662,  877.866
1561.84149921,  32364.9,  27438.4,  311.819352102,  559.288871256,  877.618
1561.86193357,  32362.4,  27436.8,  311.819011071,  559.288498261,  877.67
1561.88236802,  32359.5,  27433.3,  311.819834082,  559.28871372,  877.41
1561.90280228,  32366.3,  27439.7,  311.81942146,  559.289217111,  877.424
1561.92323664,  32354.8,  27429.8,  311.819593561,  559.288852851,  877.128
1561.9436711,  32353.4,  27428.3,  311.819365412,  559.28873569,  877.345
1561.96410536,  32356.1,  27431.4,  311.81963202,  559.288651647,  877.177
1561.98453972,  32355.1,  27429.3,  311.819818077,  559.288839504,  877.137
1562.00497418,  32355.7,  27430.5,  311.819399296,  559.289241011,  876.835
1562.02540853,  32362.8,  27437.6,  311.819806806,  559.288919559,  876.683
1562.04584289,  32358.3,  27431.9,  311.819384495,  559.289067362,  876.797
1562.06627725,  32341.4,  27418.5,  311.819463275,  559.289288512,  876.28
1562.08671151,  32357.5,  27431.8,  311.819188219,  559.289204222,  877.158
1562.10714597,  32361.9,  27434.7,  311.819405951,  559.289036702,  875.459
1562.12758033,  32366.3,  27439.9,  311.819455368,  559.288985976,  875.795
1562.14801459,  32364.6,  27437.9,  311.819437891,  559.289256266,  875.569
1562.16844905,  32359.3,  27432.9,  311.819282066,  559.289370378,  875.097
1562.18888342,  32360.5,  27435.2,  311.819292382,  559.289165513,  874.707
1562.20931788,  32361.5,  27434.1,  311.819192285,  559.289125701,  874.557
1562.22975214,  32370.3,  27442.3,  311.819488665,  559.289520183,  875.023
1562.2501865,  32355.3,  27430.5,  311.819707631,  559.289020684,  874.339
1562.27062096,  32366.6,  27438.4,  311.819533105,  559.289217,  874.724
1562.29105522,  32356.2,  27431.0,  311.819042129,  559.289461018,  874.942
1562.31148959,  32365.8,  27438.8,  311.819318342,  559.289452238,  873.496
1562.33192405,  32361.5,  27434.9,  311.818958905,  559.28963594,  873.512
1562.35235831,  32379.4,  27450.5,  311.818959352,  559.289310463,  874.543
1562.37279277,  32367.0,  27439.0,  311.81903787,  559.289403093,  873.843
1562.39322714,  32369.6,  27441.3,  311.819101171,  559.289403215,  874.39
1562.4136614,  32367.4,  27440.6,  311.819082451,  559.289525978,  873.44
1562.43409586,  32365.3,  27438.0,  311.819614787,  559.289587048,  872.559
1562.45453023,  32363.9,  27436.5,  311.819174591,  559.289208871,  872.945
1562.47496449,  32361.8,  27435.6,  311.819208422,  559.289331089,  873.078
1562.49539895,  32362.3,  27435.1,  311.81927767,  559.28958953,  872.442
1562.51583332,  32377.7,  27449.1,  311.819038276,  559.289503989,  872.997
1562.53626768,  32370.7,  27442.2,  311.819327988,  559.28916341,  872.163
1562.55670205,  32373.1,  27444.3,  311.819401841,  559.289536449,  872.052
1562.57713641,  32376.0,  27447.6,  311.818830989,  559.289625401,  872.258
1562.59757088,  32370.7,  27441.9,  311.819392787,  559.289952353,  871.511
1562.61800514,  32377.4,  27448.0,  311.819269595,  559.289099559,  871.974
1562.63843951,  32381.5,  27452.4,  311.819235,  559.289880889,  872.048
1562.65887397,  32376.1,  27446.6,  311.819153234,  559.289473976,  871.75
1562.67930834,  32376.5,  27447.4,  311.818901313,  559.289748164,  871.478
1562.6997426,  32381.3,  27451.7,  311.818838566,  559.289295003,  871.81
1562.72017707,  32384.3,  27453.1,  311.81889486,  559.289677961,  871.726
1562.74061133,  32385.8,  27455.2,  311.818879407,  559.289584647,  871.304
1562.7610458,  32411.5,  27476.2,  311.819146031,  559.289360058,  871.745
1562.78148017,  32394.3,  27461.4,  311.818773788,  559.289579298,  871.52
1562.80191443,  32384.3,  27453.7,  311.81884354,  559.289630237,  871.291
1562.8223489,  32392.6,  27460.2,  311.818653498,  559.289612129,  870.761
1562.84278327,  32396.6,  27463.3,  311.818440362,  559.289698158,  870.855
1562.86321754,  32391.7,  27460.3,  311.81876095,  559.290252042,  870.438
1562.883652,  32397.2,  27463.9,  311.819073615,  559.289963252,  870.352
1562.90408637,  32401.9,  27468.5,  311.818626868,  559.289416338,  870.804
1562.92452064,  32399.0,  27465.9,  311.819072596,  559.289887154,  870.697
1562.94495511,  32334.5,  27410.8,  311.818714875,  559.29008741,  870.211
1562.96538948,  31743.2,  26914.1,  311.818132048,  559.290375141,  871.107
1562.98582394,  30768.6,  26093.1,  311.81851874,  559.290853731,  870.002
1563.00625821,  29745.5,  25230.5,  311.817961317,  559.291563145,  869.798
1563.02669258,  28973.3,  24581.5,  311.817794911,  559.292128085,  871.009
1563.04712705,  28650.0,  24308.7,  311.817542821,  559.29189952,  869.869
1563.06756132,  28870.9,  24494.7,  311.817640064,  559.292491505,  869.972
1563.08799569,  29595.4,  25105.4,  311.817265354,  559.291565147,  870.031
1563.10843016,  30570.6,  25925.2,  311.817963311,  559.291304478,  869.892
1563.12886443,  31569.7,  26767.4,  311.818214758,  559.290535123,  869.66
1563.1492989,  32289.8,  27373.4,  311.818288025,  559.289865613,  869.605
1563.16973327,  32420.4,  27482.9,  311.816395458,  559.291025651,  870.225
1563.19016764,  32413.4,  27478.4,  311.8183715,  559.290184625,  869.518
1563.21060201,  32425.4,  27487.9,  311.818528322,  559.290540853,  869.846
1563.23103638,  32433.2,  27493.8,  311.817960732,  559.290741077,  871.408
1563.25147075,  32425.2,  27488.0,  311.818639923,  559.290280344,  872.763
1563.27190512,  32431.8,  27491.8,  311.81820905,  559.290519531,  874.294
1563.2923395,  32410.0,  27474.2,  311.818563989,  559.29021051,  874.211
1563.31277387,  32429.3,  27491.2,  311.81888215,  559.290740127,  874.014
1563.33320834,  32427.5,  27488.6,  311.818482894,  559.290653102,  873.547
1563.35364261,  32418.3,  27481.7,  311.818499018,  559.290263408,  874.227
1563.37407698,  32431.3,  27492.2,  311.818344665,  559.290142038,  875.036
1563.39451136,  32437.1,  27496.8,  311.818251903,  559.290405142,  875.312
1563.41494573,  32425.7,  27488.5,  311.819077398,  559.290414063,  876.02
1563.4353802,  32433.6,  27493.7,  311.818723194,  559.290268886,  875.631
1563.45581447,  32430.6,  27491.1,  311.818556463,  559.290576064,  874.667
1563.47624885,  32436.8,  27497.6,  311.818506153,  559.290661091,  874.729
1563.49668332,  32437.0,  27496.6,  311.818600191,  559.290763088,  874.572
1563.5171176,  32438.2,  27498.2,  311.818501468,  559.290631291,  874.55
1563.53755207,  32430.7,  27492.4,  311.818207843,  559.290359087,  874.785
1563.55798644,  32441.4,  27500.4,  311.818408151,  559.290643566,  874.153
1563.57842072,  32427.7,  27489.4,  311.818866293,  559.290554732,  872.995
1563.59885519,  32434.7,  27495.3,  311.81863994,  559.290681207,  872.516
1563.61928957,  32442.2,  27501.3,  311.818153621,  559.290654322,  872.26
1563.63972384,  32432.3,  27493.6,  311.818456155,  559.290584693,  871.77
1563.66015832,  32447.7,  27505.5,  311.817863887,  559.290599271,  871.291
1563.68059269,  32443.7,  27501.8,  311.817563108,  559.291178205,  871.393
1563.72146144,  32438.2,  27496.6,  311.818084753,  559.290591684,  870.594
1563.74189582,  32450.3,  27507.2,  311.818444815,  559.290538422,  870.382
1563.76233029,  32447.7,  27505.5,  311.818066904,  559.291050378,  870.409
1563.78276457,  32446.7,  27503.1,  311.817873901,  559.290689605,  870.34
1563.80319895,  32442.3,  27500.0,  311.818084388,  559.290832949,  870.02
1563.82363342,  32456.4,  27511.7,  311.818352274,  559.290932353,  870.335
1563.8440678,  32442.4,  27499.3,  311.817830279,  559.290790811,  870.427
1563.86450208,  32453.7,  27509.2,  311.81772826,  559.29087462,  870.227
1563.88493655,  32444.1,  27500.5,  311.818146212,  559.290703534,  869.713
1563.90537093,  32456.1,  27510.6,  311.817660477,  559.290954918,  870.021
1563.92580531,  32443.8,  27501.1,  311.817894687,  559.290738702,  870.56
1563.94623969,  32448.3,  27503.5,  311.817643501,  559.29102034,  870.616
1563.96667406,  32450.7,  27505.8,  311.817800816,  559.290479757,  870.823
1563.98710844,  32446.8,  27503.5,  311.817794034,  559.290594475,  870.338
1564.00754282,  32438.9,  27495.5,  311.817805487,  559.290906188,  870.196
1564.0279772,  32441.4,  27498.6,  311.817963931,  559.290804911,  870.357
1564.04841158,  32444.4,  27500.5,  311.817876238,  559.29100535,  870.372
1564.06884595,  32449.8,  27504.5,  311.817360118,  559.290929047,  870.427
1564.08928043,  32436.1,  27494.0,  311.817690716,  559.291035685,  870.31
1564.10971471,  32456.7,  27510.1,  311.817694439,  559.291060752,  869.868
1564.13014909,  32447.0,  27502.0,  311.818099066,  559.291265176,  869.655
1564.15058357,  32445.7,  27501.9,  311.817245265,  559.290986768,  869.477
1564.17101785,  32436.3,  27493.6,  311.818016534,  559.290923517,  869.123
1564.19145223,  32443.6,  27499.3,  311.817807849,  559.291318133,  869.428
1564.21188671,  32445.3,  27501.1,  311.817383018,  559.291171746,  868.921
1564.23232099,  32451.8,  27505.9,  311.817610716,  559.291075106,  868.461
1564.25275537,  32443.9,  27500.0,  311.817726779,  559.291124082,  868.675
1564.27318985,  32432.0,  27489.3,  311.817862724,  559.291069377,  868.385
1564.29362413,  32445.3,  27499.9,  311.817650051,  559.291409771,  867.805
1564.31405861,  32440.2,  27496.7,  311.818029644,  559.290783538,  867.304
1564.334493,  32437.3,  27493.6,  311.817574436,  559.291464495,  868.929
1564.35492728,  32444.9,  27499.5,  311.817457994,  559.29124241,  866.441
1564.37536176,  32438.5,  27495.3,  311.817821976,  559.291129966,  867.018
1564.39579614,  32444.1,  27498.9,  311.817418734,  559.291305518,  866.358
1564.41623052,  32443.8,  27498.6,  311.817453521,  559.291489706,  866.866
1564.4366649,  32437.8,  27494.4,  311.817129921,  559.291160024,  866.718
1564.45709929,  32432.5,  27488.2,  311.817439574,  559.291298594,  866.501
1564.47753377,  32437.0,  27493.6,  311.817731221,  559.290867372,  865.349
1564.49796815,  32426.1,  27483.8,  311.817252654,  559.2911965,  865.55
1564.51840244,  32437.3,  27493.0,  311.817999596,  559.291309188,  865.33
1564.53883692,  32443.6,  27499.3,  311.817270307,  559.291447496,  865.338
1564.5592713,  32441.0,  27495.9,  311.817591598,  559.291440145,  865.381
1564.57970559,  32432.5,  27488.9,  311.817111254,  559.29145256,  863.368
1564.60014007,  32439.6,  27495.5,  311.817427499,  559.291509994,  863.682
1564.62057445,  32431.1,  27487.0,  311.817074912,  559.291506151,  862.278
1564.64100874,  32436.3,  27492.2,  311.817029013,  559.29180128,  862.28
1564.66144322,  32438.0,  27493.8,  311.817370196,  559.2917141,  862.33
1564.68187751,  32432.3,  27488.0,  311.817046821,  559.29188908,  861.825
1564.70231199,  32426.0,  27484.0,  311.817093917,  559.291657555,  862.181
1564.72274637,  32429.4,  27486.0,  311.816963347,  559.291517895,  862.32
1564.74318066,  32416.2,  27475.0,  311.817200986,  559.291537014,  861.336
1564.76361515,  32412.9,  27473.1,  311.817230255,  559.29174081,  861.63
1564.78404953,  32417.7,  27476.2,  311.817256248,  559.291744262,  861.198
1564.80448382,  32425.3,  27482.7,  311.817095479,  559.291856815,  860.986
1564.8249183,  32417.4,  27477.0,  311.817004039,  559.291947515,  860.558
1564.84535269,  32406.1,  27466.5,  311.817042172,  559.291958452,  860.073
1564.86578717,  32409.7,  27469.9,  311.816773917,  559.291773808,  860.734
1564.88622146,  32404.1,  27466.2,  311.817091311,  559.291982736,  859.291
1564.90665585,  32403.6,  27464.1,  311.816777011,  559.292302704,  859.96
1564.92709033,  32408.3,  27468.9,  311.816459609,  559.292007201,  860.508
1564.94752462,  32404.8,  27465.7,  311.816975882,  559.291968621,  859.863
1564.96795901,  32403.6,  27464.2,  311.817145401,  559.292162677,  860.071
1564.98839349,  32402.0,  27463.8,  311.817130523,  559.291971134,  859.576
1565.00882778,  32399.1,  27460.2,  311.816797942,  559.292311978,  859.43
1565.02926217,  32401.2,  27462.6,  311.816858903,  559.292223454,  859.106
1565.04969666,  32392.9,  27456.5,  311.81652274,  559.292533082,  859.445
1565.07013104,  32398.3,  27459.4,  311.816469612,  559.292433344,  859.25
1565.09056543,  32392.7,  27455.9,  311.816661237,  559.292273028,  859.759
1565.11099982,  32387.2,  27451.0,  311.816949202,  559.292004667,  859.395
1565.13143421,  32389.9,  27452.3,  311.816505971,  559.29258286,  859.246
1565.1518686,  32393.5,  27456.5,  311.816401943,  559.292412715,  858.919
1565.17230299,  32386.2,  27449.7,  311.816890713,  559.292414962,  858.993
1565.19273738,  32376.7,  27441.3,  311.81662636,  559.292444552,  858.99
1565.21317187,  32377.7,  27443.4,  311.816512642,  559.292260035,  858.668
1565.23360615,  32379.6,  27443.8,  311.816487169,  559.292601055,  858.936
1565.25404064,  32374.0,  27439.4,  311.816672759,  559.292664803,  859.363
1565.27447503,  32373.9,  27440.5,  311.816604192,  559.292604289,  858.972
1565.29490932,  32374.6,  27439.5,  311.816448881,  559.292719669,  859.087
1565.31534381,  32368.5,  27435.1,  311.816228005,  559.292555781,  858.92
1565.3357781,  32359.0,  27427.5,  311.816854525,  559.29254182,  859.042
1565.3562125,  32365.2,  27431.4,  311.816267371,  559.292669858,  859.024
1565.37664699,  32373.2,  27439.6,  311.81630125,  559.292570514,  858.424
1565.39708128,  32360.4,  27427.9,  311.816479924,  559.292312977,  858.74
1565.41751567,  32365.1,  27431.6,  311.816701838,  559.292595975,  858.27
1565.43795016,  32358.2,  27427.5,  311.816270244,  559.292712724,  858.663
1565.45838445,  32367.8,  27434.0,  311.816025264,  559.292946349,  859.251
1565.47881894,  32359.0,  27426.6,  311.815909024,  559.29258038,  858.422
1565.49925333,  32346.8,  27417.5,  311.816407943,  559.29274111,  858.827
1565.51968763,  32352.3,  27420.4,  311.8158604,  559.292952001,  859.337
1565.54012212,  32342.5,  27413.3,  311.816579929,  559.292501821,  859.62
1565.56055651,  32354.1,  27422.9,  311.815937182,  559.292985866,  859.195
1565.5809909,  32358.2,  27425.8,  311.815851024,  559.29308854,  858.08
1565.6014253,  32342.0,  27413.3,  311.81638669,  559.293087722,  858.24
1565.62185969,  32343.6,  27413.3,  311.816281235,  559.292915843,  857.917
1565.64229418,  32344.5,  27414.2,  311.816259336,  559.292843315,  857.856
1565.66272848,  32337.7,  27409.7,  311.816078008,  559.293125449,  857.511
1565.68316287,  32337.9,  27408.5,  311.816216919,  559.29285265,  857.803
1565.70359736,  32345.9,  27415.2,  311.816172067,  559.293229481,  857.538
1565.72403176,  32348.8,  27418.5,  311.816176808,  559.29291462,  857.67
1565.74446605,  32354.3,  27422.0,  311.815878218,  559.292948293,  857.29
1565.76490054,  32329.8,  27402.1,  311.815705783,  559.292919205,  857.734
1565.78533494,  32330.0,  27402.3,  311.815966436,  559.292983349,  857.493
1565.80576933,  32337.1,  27407.0,  311.8157957,  559.293171105,  856.81
1565.82620373,  32339.3,  27410.4,  311.816333847,  559.293061469,  856.249
1565.84663812,  32338.0,  27408.7,  311.815960122,  559.293318157,  856.364
1565.86707262,  32326.3,  27398.4,  311.815837473,  559.293107848,  855.433
1565.88750691,  32333.0,  27405.3,  311.815840994,  559.292929811,  856.306
1565.90794131,  32336.1,  27407.0,  311.816200735,  559.293175619,  855.945
1565.9283758,  32334.4,  27406.2,  311.815957637,  559.293486211,  855.823
1565.9488101,  32319.4,  27394.2,  311.816269461,  559.293498048,  856.074
1565.9692445,  32333.5,  27404.5,  311.815733993,  559.293506404,  855.851
1565.98967889,  32329.0,  27401.9,  311.81571461,  559.293277171,  855.406
1566.01011329,  32313.0,  27387.8,  311.815820207,  559.293092537,  854.855
1566.03054778,  32322.1,  27395.2,  311.815823619,  559.293559472,  854.474
1566.05098208,  32318.1,  27392.6,  311.815544051,  559.29341848,  854.935
1566.07141648,  31916.7,  27053.7,  311.815770632,  559.293751111,  854.414
1566.09185098,  30794.5,  26108.9,  311.815627901,  559.294329853,  854.472
1566.11228527,  29445.7,  24974.2,  311.814937848,  559.294757592,  854.45
1566.13271967,  28244.2,  23961.4,  311.814342446,  559.295546529,  854.637
1566.15315417,  27502.4,  23337.2,  311.8141448,  559.296099299,  854.249
1566.17358847,  27468.4,  23308.8,  311.814118372,  559.296394309,  854.719
1566.19402296,  28151.2,  23883.0,  311.814534838,  559.295787469,  853.212
1566.21445736,  29317.3,  24865.3,  311.815213123,  559.294995891,  853.832
1566.23489166,  30732.2,  26056.6,  311.812937336,  559.292669968,  853.654
1566.25532616,  31834.8,  26984.7,  311.815709491,  559.293760873,  853.69
1566.27576056,  32301.8,  27378.7,  311.815710626,  559.29361723,  853.497
1566.29619496,  32313.2,  27387.6,  311.815623732,  559.293831672,  853.934
1566.31662935,  32309.1,  27384.2,  311.815578269,  559.293613121,  853.671
1566.33706375,  32317.9,  27391.8,  311.815703693,  559.293901706,  853.322
1566.35749815,  32312.6,  27386.8,  311.815786519,  559.294288012,  853.146
1566.37793265,  32305.7,  27381.3,  311.815432349,  559.293615709,  852.272
1566.39836695,  32305.4,  27381.7,  311.815365805,  559.293702412,  853.066
1566.41880145,  32310.3,  27384.5,  311.815734107,  559.293866805,  852.883
1566.43923585,  32301.0,  27377.7,  311.815583675,  559.293925898,  852.52
1566.45967015,  32315.5,  27389.4,  311.815545866,  559.293729608,  852.006
1566.48010465,  32310.9,  27384.9,  311.815644323,  559.293627564,  851.877
1566.50053905,  32313.1,  27388.3,  311.815114472,  559.29448147,  851.608
1566.52097336,  32305.9,  27381.4,  311.815384794,  559.294113402,  852.443
1566.54140786,  32306.6,  27381.8,  311.815701116,  559.29409906,  852.474
1566.56184226,  32306.8,  27382.4,  311.815289554,  559.293447869,  851.775
1566.58227666,  32309.5,  27383.9,  311.815523227,  559.294001188,  852.02
1566.60271106,  32305.6,  27381.2,  311.815471158,  559.293956884,  851.165
1566.62314536,  32318.2,  27391.5,  311.815211085,  559.294077647,  852.08
1566.64357986,  32301.4,  27376.7,  311.815061261,  559.294112711,  851.477
1566.66401427,  32310.0,  27385.4,  311.815433558,  559.294200143,  851.665
1566.70488307,  32307.1,  27381.2,  311.815458576,  559.294204045,  851.373
1566.72531747,  32316.1,  27390.1,  311.814974698,  559.293995702,  851.256
1566.74575188,  32316.5,  27388.5,  311.81488172,  559.293836106,  851.133
1566.76618628,  32321.7,  27392.3,  311.814925616,  559.293829983,  851.446
1566.78662068,  32316.8,  27389.3,  311.815379226,  559.293997024,  850.618
1566.80705519,  32322.3,  27392.4,  311.815164656,  559.294115072,  850.867
1566.82748949,  32318.0,  27389.6,  311.814768841,  559.294349416,  850.994
1566.84792389,  32320.4,  27392.0,  311.814887918,  559.294526435,  850.708
1566.8683584,  32333.8,  27401.7,  311.81504517,  559.293894056,  850.474
1566.8887928,  32326.2,  27397.2,  311.815124074,  559.294194281,  850.273
1566.9092271,  32316.1,  27387.8,  311.814717539,  559.293922711,  850.511
1566.92966161,  32321.3,  27391.9,  311.814660432,  559.29402913,  850.568
1566.95009601,  32334.3,  27403.6,  311.814489704,  559.294312557,  849.556
1566.97053042,  32323.1,  27393.0,  311.814619619,  559.294330439,  850.437
1566.99096482,  32331.1,  27400.5,  311.814562771,  559.294126467,  849.91
1567.01139923,  32339.2,  27407.6,  311.814636834,  559.294300139,  850.28
1567.03183363,  32337.0,  27404.1,  311.814587321,  559.294133811,  849.809
1567.05226804,  32327.4,  27397.0,  311.814730597,  559.294445751,  850.278
1567.07270244,  32326.9,  27396.6,  311.814647412,  559.29447822,  849.893
1567.09313695,  32335.2,  27402.9,  311.814646288,  559.294601138,  849.789
1567.11357126,  32328.5,  27398.7,  311.814466843,  559.294230461,  850.205
1567.13400576,  32344.7,  27410.6,  311.814871094,  559.294361725,  850.552
1567.15444017,  32334.1,  27401.8,  311.814187794,  559.294664118,  849.796
1567.17487447,  32343.8,  27410.7,  311.814741946,  559.294368304,  849.99
1567.19530898,  32343.1,  27409.1,  311.814611608,  559.294643792,  849.33
1567.21574339,  32340.0,  27407.5,  311.814573434,  559.294485647,  849.54
1567.23617769,  32342.3,  27409.4,  311.814352514,  559.294543212,  849.543
1567.2566122,  32345.2,  27410.6,  311.814670504,  559.294557226,  849.04
1567.27704651,  32357.4,  27421.8,  311.815032871,  559.294679101,  849.548
1567.29748092,  32343.6,  27409.6,  311.81434365,  559.294371062,  849.411
1567.31791542,  32347.2,  27412.1,  311.814306364,  559.295233194,  849.7
1567.33834973,  32358.6,  27423.5,  311.814623692,  559.294883022,  849.07
1567.35878424,  32364.1,  27427.0,  311.814571005,  559.29472158,  848.962
1567.37921865,  32344.7,  27410.2,  311.813822469,  559.294449766,  848.961
1567.39965296,  32357.0,  27422.0,  311.814662055,  559.294848371,  848.522
1567.42008747,  32355.9,  27419.0,  311.814331974,  559.294658904,  849.357
1567.44052187,  32356.4,  27420.4,  311.814179014,  559.294472996,  848.996
1567.46095628,  32372.0,  27434.1,  311.814318466,  559.294718209,  848.977
1567.48139069,  32366.3,  27427.4,  311.81444608,  559.294848207,  849.131
1567.5018251,  32358.7,  27422.9,  311.814542988,  559.294760786,  849.44
1567.52225961,  32368.8,  27431.1,  311.813997355,  559.294852991,  853.823
1567.54269392,  32365.4,  27427.4,  311.814406288,  559.294846717,  848.715
1567.56312833,  32377.4,  27438.5,  311.814097659,  559.294904564,  848.555
1567.58356284,  32374.4,  27435.1,  311.814089853,  559.294910655,  848.396
1567.60399725,  32374.8,  27435.7,  311.814440793,  559.294703391,  847.744
1567.62443156,  32384.0,  27443.8,  311.814183298,  559.29464042,  848.412
1567.64486607,  32376.6,  27436.1,  311.814048818,  559.295152555,  848.598
1567.66530048,  32378.1,  27438.3,  311.814018535,  559.295148937,  847.956
1567.68573479,  32377.1,  27438.0,  311.813470319,  559.295849154,  847.841
1567.7061693,  32388.3,  27446.3,  311.813909903,  559.295019434,  848.037
1567.72660371,  32392.7,  27451.7,  311.813824703,  559.295198269,  847.304
1567.74703823,  32385.7,  27444.8,  311.814002114,  559.294949903,  847.297
1567.76747254,  32392.8,  27450.6,  311.813602548,  559.295307468,  847.982
1567.78790695,  32400.1,  27457.5,  311.814139047,  559.294800782,  847.714
1567.80834146,  32391.0,  27448.9,  311.814253467,  559.295044608,  847.331
1567.82877577,  32392.3,  27450.0,  311.814205165,  559.295213517,  847.104
1567.84921018,  32393.1,  27451.7,  311.81422848,  559.295357212,  846.916
1567.8696447,  32393.4,  27450.5,  311.814195091,  559.295203947,  847.079
1567.89007901,  32389.7,  27448.6,  311.813776358,  559.294966214,  846.813
1567.91051352,  32382.8,  27443.1,  311.814247801,  559.29516614,  847.107
1567.93094784,  32384.7,  27443.5,  311.813969496,  559.295291494,  846.427
1567.95138225,  32396.8,  27454.4,  311.813689727,  559.295224945,  846.305
1567.97181676,  32393.4,  27451.4,  311.813625147,  559.295393632,  846.506
1567.99225107,  32390.5,  27448.1,  311.81415088,  559.295666469,  846.931
1568.01268549,  32394.2,  27452.4,  311.814338439,  559.295322765,  846.132
1568.03312,  32395.2,  27452.6,  311.813648241,  559.295285374,  846.359
1568.05355432,  32404.8,  27460.7,  311.813691611,  559.295379218,  846.071
1568.07398873,  32406.5,  27462.6,  311.813438239,  559.295051556,  846.934
1568.09442324,  32399.8,  27456.0,  311.813257349,  559.29541251,  845.814
1568.11485766,  32387.8,  27445.9,  311.813821472,  559.295387694,  846.629
1568.13529207,  32409.6,  27465.1,  311.813746973,  559.295370852,  846.11
1568.15572649,  32394.8,  27451.4,  311.813607303,  559.295731817,  846.899
1568.1761609,  32410.6,  27466.1,  311.81403393,  559.296038167,  846.053
1568.19659532,  32400.8,  27457.3,  311.813799202,  559.295685991,  845.694
1568.21702973,  32406.1,  27461.4,  311.81397979,  559.29563339,  846.507
1568.23746415,  32396.8,  27454.8,  311.813318272,  559.295703724,  845.798
1568.25789866,  32399.8,  27455.7,  311.813621069,  559.295835494,  846.059
1568.27833298,  32408.1,  27463.3,  311.813840593,  559.295717109,  845.939
1568.2987675,  32408.5,  27464.5,  311.813827021,  559.295577756,  846.096
1568.31920191,  32404.4,  27459.7,  311.81359368,  559.295266502,  846.086
1568.33963623,  32408.3,  27464.2,  311.813735596,  559.295698297,  845.758
1568.36007074,  32395.6,  27453.4,  311.813696832,  559.295779594,  845.772
1568.38050516,  32407.0,  27461.7,  311.813482817,  559.295899916,  845.685
1568.40093948,  32409.0,  27464.7,  311.813422695,  559.295919507,  845.452
1568.42137399,  32414.6,  27469.3,  311.81331761,  559.296112327,  845.465
1568.44180841,  32409.5,  27464.5,  311.813304874,  559.295739748,  845.757
1568.46224273,  32415.8,  27470.7,  311.81337495,  559.296054945,  844.852
1568.48267725,  32406.5,  27461.8,  311.813306247,  559.295912119,  845.69
1568.50311166,  32409.8,  27464.6,  311.81353006,  559.296198782,  844.705
1568.52354618,  32415.0,  27469.9,  311.813557575,  559.295670902,  845.285
1568.5439805,  32410.1,  27464.0,  311.813568526,  559.295625294,  845.401
1568.56441482,  32404.0,  27459.4,  311.813496303,  559.295885597,  844.855
1568.58484934,  32419.8,  27473.0,  311.813181318,  559.295865117,  845.138
1568.60528375,  32416.4,  27469.1,  311.813436102,  559.296343666,  844.995
1568.62571817,  32410.6,  27465.4,  311.81379899,  559.29632983,  845.084
1568.64615259,  32422.7,  27475.4,  311.813271854,  559.296043511,  844.965
1568.66658701,  32419.0,  27472.0,  311.813279681,  559.296443362,  844.862
1568.68702153,  32424.0,  27477.1,  311.8135321,  559.295974813,  845.296
1568.70745585,  32415.6,  27468.8,  311.813132917,  559.296233011,  845.183
1568.72789027,  32415.5,  27469.5,  311.813321641,  559.29591275,  845.299
1568.74832479,  32420.6,  27473.5,  311.813416984,  559.296260623,  845.226
1568.76875921,  32416.3,  27469.3,  311.813312664,  559.296085694,  844.493
1568.78919353,  32420.5,  27473.1,  311.813474926,  559.296171685,  844.184
1568.80962805,  32439.0,  27489.1,  311.813165604,  559.296157848,  844.523
1568.83006247,  32423.8,  27475.3,  311.81303888,  559.296044986,  844.674
1568.85049689,  32432.6,  27484.2,  311.81371298,  559.29615837,  844.428
1568.87093131,  32422.8,  27475.1,  311.813227638,  559.296319857,  844.45
1568.89136573,  32434.5,  27484.4,  311.81336464,  559.296780556,  844.668
1568.91180025,  32436.9,  27487.7,  311.812611022,  559.296570097,  845.28
1568.93223457,  32430.2,  27481.0,  311.813953807,  559.295978461,  844.389
1568.95266899,  32441.4,  27490.5,  311.813038566,  559.296347489,  851.563
1568.97310351,  32449.1,  27497.7,  311.813203177,  559.296587098,  845.426
1568.99353784,  32439.3,  27488.7,  311.813314771,  559.296632812,  845.529
1569.01397226,  32447.7,  27496.4,  311.813067699,  559.296454062,  845.625
1569.03440678,  32440.4,  27490.2,  311.813482062,  559.296287976,  845.893
1569.0548411,  32452.6,  27499.7,  311.81280896,  559.296002285,  846.558
1569.07527562,  32457.8,  27505.1,  311.813052968,  559.296320109,  846.233
1569.09571005,  32453.5,  27500.6,  311.813140465,  559.296594996,  846.678
1569.11614437,  32452.0,  27499.0,  311.812679961,  559.296497757,  846.221
1569.13657889,  32456.2,  27504.0,  311.813281664,  559.296287811,  847.279
1569.15701331,  32452.9,  27499.6,  311.813180415,  559.296763006,  847.043
1569.17744764,  32377.8,  27436.9,  311.812942657,  559.296991617,  848.785
1569.19788216,  31717.7,  26881.8,  311.812775085,  559.297136035,  849.415
1569.21831648,  30719.8,  26039.9,  311.812422091,  559.297322083,  849.535
1569.23875101,  29709.4,  25190.8,  311.812592858,  559.298038872,  849.952
1569.25918543,  28965.2,  24564.0,  311.812322953,  559.298544821,  848.434
1569.27961975,  28692.6,  24333.3,  311.811577238,  559.29860247,  848.829
1569.30005428,  28974.8,  24572.8,  311.812154678,  559.298777962,  849.17
1569.3204887,  29713.1,  25192.9,  311.811991898,  559.298206236,  849.393
1569.34092313,  30721.3,  26041.9,  311.81258882,  559.297983124,  848.167
1569.36135755,  31731.3,  26893.1,  311.812927735,  559.297374237,  848.493
1569.38179198,  32388.8,  27445.3,  311.813063017,  559.297087601,  848.133
1569.4022264,  32487.2,  27529.0,  311.812718875,  559.296580924,  847.302
1569.42266083,  32477.8,  27522.1,  311.812821102,  559.297044344,  847.862
1569.44309525,  32489.6,  27529.8,  311.812808167,  559.296866923,  847.569
1569.46352978,  32486.0,  27528.2,  311.813012849,  559.296892936,  847.536
1569.4839642,  32497.5,  27536.8,  311.812619407,  559.296796115,  847.305
1569.50439853,  32491.0,  27531.2,  311.812891211,  559.296933063,  846.995
1569.52483305,  32513.9,  27552.0,  311.812988282,  559.296698764,  846.489
1569.54526748,  32498.5,  27537.6,  311.813372511,  559.297007201,  844.602
1569.56570181,  32490.6,  27531.4,  311.813026455,  559.296595705,  844.942
1569.58613633,  32500.0,  27539.6,  311.812679785,  559.29707778,  844.763
1569.60657076,  32503.8,  27541.1,  311.812684292,  559.296798296,  845.004
1569.62700529,  32507.9,  27545.9,  311.812859886,  559.296834055,  843.922
1569.64743961,  32499.9,  27539.5,  311.812903497,  559.297033772,  844.305
1569.68830857,  32508.9,  27546.9,  311.81278036,  559.297058216,  843.849
1569.70874289,  32513.7,  27549.6,  311.812067582,  559.296635992,  843.36
1569.72917732,  32503.6,  27540.4,  311.812475679,  559.296780357,  843.424
1569.74961185,  32506.4,  27544.0,  311.812552015,  559.297001518,  843.234
1569.77004618,  32505.0,  27541.6,  311.812597108,  559.296860209,  842.254
1569.7904806,  32508.9,  27544.8,  311.812569626,  559.297060696,  842.981
1569.81091513,  32502.1,  27539.5,  311.81291166,  559.296636909,  842.99
1569.83134946,  32502.0,  27538.2,  311.812384146,  559.297000691,  842.751
1569.85178399,  32522.0,  27556.0,  311.812145663,  559.297539044,  842.442
1569.87221832,  32510.9,  27546.6,  311.812077827,  559.296987911,  842.496
1569.89265275,  32520.0,  27553.0,  311.811843668,  559.297626469,  842.483
1569.91308728,  32516.8,  27551.8,  311.812477867,  559.296836676,  842.598
1569.9335216,  32536.2,  27567.4,  311.812187455,  559.297883821,  842.211
1569.95395603,  32519.6,  27552.8,  311.812454031,  559.297233978,  841.83
1569.97439056,  32510.7,  27546.5,  311.81242921,  559.296950137,  842.382
1569.99482499,  32513.0,  27547.2,  311.812496512,  559.297180424,  841.608
1570.01525942,  32511.7,  27546.3,  311.811722499,  559.297105877,  841.153
1570.03569385,  32509.7,  27545.0,  311.812267069,  559.297020717,  841.095
1570.05612828,  32509.6,  27543.9,  311.811891947,  559.297156337,  841.373
1570.07656271,  32529.5,  27560.9,  311.812293217,  559.296862163,  841.094
1570.09699714,  32511.4,  27545.7,  311.812126507,  559.297236112,  841.472
1570.11743157,  32507.8,  27542.1,  311.812087064,  559.297302051,  841.553
1570.1378661,  32505.5,  27541.5,  311.812172742,  559.297365504,  840.784
1570.15830044,  32514.4,  27547.7,  311.812036405,  559.297368188,  840.803
1570.17873497,  32513.9,  27547.1,  311.811944132,  559.29737776,  841.494
1570.1991694,  32511.4,  27546.3,  311.812239224,  559.297179727,  841.123
1570.21960373,  32512.5,  27546.0,  311.811936157,  559.297300166,  841.067
1570.24003826,  32516.4,  27549.4,  311.812036498,  559.297542182,  841.619
1570.26047269,  32502.2,  27537.6,  311.812169161,  559.297146108,  841.852
1570.28090702,  32506.8,  27540.5,  311.811721009,  559.29733736,  841.296
1570.30134156,  32501.2,  27536.7,  311.812161651,  559.297605582,  841.251
1570.32177599,  32501.8,  27536.8,  311.811616595,  559.297451815,  841.49
1570.34221032,  32506.2,  27539.8,  311.812169978,  559.297673106,  841.58
1570.36264485,  32508.1,  27542.6,  311.812492771,  559.29713031,  840.868
1570.38307928,  32497.1,  27532.3,  311.812282594,  559.29740612,  840.832
1570.40351372,  32504.6,  27538.8,  311.81183556,  559.2975038,  840.181
1570.42394815,  32502.4,  27538.2,  311.81175903,  559.297370388,  839.772
1570.44438258,  32510.1,  27543.0,  311.81178842,  559.297513418,  839.744
1570.46481702,  32508.2,  27541.9,  311.811875244,  559.297394934,  839.489
1570.48525145,  32498.5,  27534.7,  311.811723589,  559.297639778,  839.351
1570.50568588,  32498.0,  27532.6,  311.812135616,  559.297119299,  838.995
1570.52612032,  32502.8,  27538.1,  311.812071994,  559.297687174,  839.448
1570.54655475,  32505.1,  27539.6,  311.811893335,  559.29743478,  839.074
1570.56698929,  32508.5,  27541.8,  311.811823925,  559.297633215,  839.261
1570.58742362,  32490.0,  27527.4,  311.812068245,  559.297513802,  838.756
1570.60785805,  32491.3,  27526.7,  311.812030809,  559.29763173,  838.992
1570.62829259,  32500.2,  27535.1,  311.811480864,  559.297816403,  838.452
1570.64872702,  32498.7,  27534.6,  311.811978098,  559.297878068,  838.302
1570.66916136,  32493.8,  27528.8,  311.811450773,  559.297915954,  839.092
1570.68959589,  32494.3,  27530.8,  311.811592688,  559.297873719,  838.876
1570.71003033,  32508.9,  27543.2,  311.811945566,  559.2981024,  839.253
1570.73046466,  32495.0,  27529.4,  311.811515842,  559.297748147,  838.271
1570.7508992,  32496.0,  27532.2,  311.811947367,  559.297838965,  838.651
1570.77133363,  32484.3,  27521.8,  311.81187461,  559.297971618,  838.545
1570.79176817,  32502.5,  27536.3,  311.811662996,  559.297901136,  838.333
1570.81220251,  32485.3,  27523.3,  311.811751446,  559.297986018,  838.372
1570.83263694,  32481.4,  27519.0,  311.81174062,  559.297736147,  838.378
1570.85307148,  32492.6,  27528.6,  311.811690098,  559.297887648,  838.709
1570.87350581,  32485.1,  27523.3,  311.811718516,  559.297692416,  838.75
1570.89394025,  32475.8,  27513.8,  311.811238651,  559.298223444,  838.644
1570.91437479,  32494.6,  27531.0,  311.811411599,  559.297897975,  837.862
1570.93480912,  32477.2,  27516.2,  311.811781584,  559.298232646,  837.963
1570.95524366,  32477.4,  27514.7,  311.811677572,  559.298132651,  837.778
1570.9756781,  32485.1,  27522.3,  311.811833485,  559.29823162,  837.989
1570.99611244,  32489.1,  27525.7,  311.811049387,  559.298294505,  837.981
1571.01654697,  32478.3,  27516.1,  311.811521353,  559.29807709,  837.36
1571.03698141,  32475.0,  27514.8,  311.811529246,  559.298128861,  837.492
1571.05741575,  32476.4,  27514.5,  311.811414435,  559.298125967,  837.825
1571.07785029,  32470.1,  27509.6,  311.811429509,  559.297573907,  837.249
1571.09828472,  32467.5,  27508.1,  311.81106124,  559.298166217,  837.653
1571.11871906,  32468.7,  27507.6,  311.811382311,  559.298226352,  838.051
1571.1391536,  32464.6,  27505.5,  311.811577797,  559.298156075,  837.926
1571.15958804,  32479.9,  27518.4,  311.81140546,  559.298185479,  837.462
1571.18002248,  32463.7,  27503.6,  311.811289088,  559.298630604,  837.841
1571.20045692,  32464.7,  27505.7,  311.811100959,  559.298147627,  837.67
1571.22089136,  32461.3,  27502.0,  311.811545465,  559.298037357,  837.572
1571.24132579,  32463.6,  27503.4,  311.810800237,  559.298409607,  837.647
1571.26176023,  32454.7,  27497.5,  311.811381319,  559.298259438,  837.412
1571.28219467,  32459.2,  27499.9,  311.811281204,  559.298424913,  837.766
1571.30262911,  32458.8,  27499.8,  311.811428217,  559.298173959,  837.779
1571.32306355,  32457.5,  27499.0,  311.811523806,  559.298403146,  838.248
1571.34349809,  32441.0,  27484.5,  311.81132937,  559.298327567,  837.52
1571.36393253,  32448.0,  27491.5,  311.811003267,  559.29832941,  837.898
1571.38436687,  32458.1,  27499.7,  311.811251377,  559.29853137,  837.885
1571.40480141,  32439.5,  27483.0,  311.810990993,  559.298606617,  838.122
1571.42523585,  32438.7,  27483.9,  311.811209072,  559.298477651,  838.947
1571.44567019,  32439.2,  27483.8,  311.811255157,  559.298931468,  838.345
1571.46610474,  32443.7,  27486.5,  311.81117344,  559.29827062,  838.569
1571.48653918,  32434.5,  27479.9,  311.8109749,  559.298816527,  839.289
1571.50697352,  32430.0,  27474.7,  311.811124067,  559.298612956,  838.638
1571.52740806,  32446.7,  27489.0,  311.811292581,  559.298658957,  838.934
1571.5478425,  32436.4,  27480.8,  311.811283073,  559.298543848,  839.258
1571.56827704,  32428.4,  27473.5,  311.810995973,  559.298664596,  838.906
1571.58871138,  32421.1,  27468.0,  311.811249365,  559.29864792,  839.093
1571.60914583,  32428.0,  27474.2,  311.811166127,  559.298776864,  840.355
1571.62958037,  32413.7,  27460.7,  311.811145283,  559.299042344,  839.688
1571.65001471,  32415.1,  27463.5,  311.810918647,  559.298916073,  840.069
1571.67044915,  32413.2,  27460.5,  311.810674278,  559.298541465,  839.527
1571.69088369,  32417.6,  27464.4,  311.811120376,  559.298813306,  841.082
1571.71131804,  32413.8,  27463.0,  311.811188448,  559.298711838,  840.467
1571.73175258,  32411.8,  27458.9,  311.811102924,  559.299056357,  840.799
1571.75218702,  32404.0,  27453.3,  311.810680831,  559.298805003,  840.892
1571.77262137,  32412.3,  27460.9,  311.810966329,  559.298854244,  841.037
1571.79305591,  32396.7,  27446.5,  311.811010513,  559.298680578,  840.971
1571.81349035,  32404.5,  27454.0,  311.810936915,  559.29887634,  841.002
1571.8339247,  32388.2,  27439.7,  311.811317781,  559.298576179,  840.697
1571.85435924,  32395.4,  27445.1,  311.811013925,  559.298978139,  841.098
1571.87479368,  32387.7,  27439.6,  311.810625055,  559.298858195,  840.999
1571.89522803,  32388.2,  27440.0,  311.81101196,  559.299022811,  840.936
1571.91566257,  32381.3,  27433.8,  311.810634559,  559.299068686,  840.511
1571.93609702,  32392.1,  27443.4,  311.810931147,  559.299143655,  839.952
1571.95653156,  32385.2,  27436.2,  311.810720775,  559.298999392,  839.311
1571.97696591,  32383.6,  27435.7,  311.81098065,  559.299032945,  839.424
1571.99740035,  32376.7,  27430.9,  311.811122926,  559.299122342,  839.074
1572.0178349,  32373.3,  27426.1,  311.810689135,  559.299099413,  838.973
1572.03826924,  32374.1,  27428.2,  311.810630216,  559.29892789,  839.205
1572.05870369,  32369.4,  27423.9,  311.811100219,  559.299083471,  839.469
1572.07913823,  32378.5,  27430.3,  311.81086784,  559.299126694,  839.21
1572.09957258,  32372.6,  27426.8,  311.810476383,  559.299040161,  839.582
1572.12000712,  32358.8,  27414.4,  311.811031335,  559.299182235,  838.531
1572.14044157,  32365.4,  27419.5,  311.809929226,  559.299491249,  838.696
1572.16087591,  32368.7,  27423.6,  311.810763273,  559.299229692,  838.806
1572.18131046,  32362.5,  27416.9,  311.810518462,  559.299379678,  838.444
1572.20174491,  32364.5,  27418.8,  311.8109233,  559.299042644,  838.317
1572.22217925,  32362.4,  27418.2,  311.811007603,  559.299539018,  838.764
1572.2426138,  32354.2,  27409.5,  311.810351955,  559.299512793,  838.145
1572.26304825,  32351.5,  27409.0,  311.810580552,  559.299284883,  837.893
1572.28348269,  32349.8,  27406.2,  311.810560172,  559.299085849,  837.141
1572.30391714,  31871.2,  27003.1,  311.810607816,  559.299369836,  836.357
1572.32435159,  30706.0,  26023.4,  311.810191299,  559.300222352,  836.457
1572.34478603,  29350.3,  24880.3,  311.809909278,  559.300843579,  836.405
1572.36522048,  28171.1,  23887.3,  311.808674014,  559.301509024,  836.272
1572.38565493,  27493.0,  23317.1,  311.809281356,  559.301755132,  836.06
1572.40608938,  27532.6,  23349.4,  311.808910641,  559.301911469,  835.765
1572.42652382,  28268.9,  23970.1,  311.80915476,  559.301444197,  836.166
1572.44695827,  29475.8,  24986.2,  311.809771007,  559.300970648,  835.917
1572.46739272,  30824.9,  26121.6,  311.810216438,  559.300475604,  836.083
1572.48782717,  31937.2,  27059.1,  311.810235249,  559.299700146,  836.62
1572.50826172,  32350.2,  27405.9,  311.810560119,  559.29938226,  835.653
1572.52869617,  32347.4,  27403.1,  311.810536513,  559.299581402,  836.699
1572.54913052,  32336.6,  27395.8,  311.8103965,  559.299516356,  837.086
1572.56956506,  32341.7,  27399.1,  311.810523807,  559.299372596,  837.416
1572.58999951,  32330.7,  27390.1,  311.810248156,  559.299607575,  835.991
1572.61043386,  32340.8,  27399.0,  311.810490541,  559.299558552,  835.663
1572.63086841,  32350.3,  27405.1,  311.810586259,  559.299468313,  836.771
1572.67173721,  32355.5,  27410.1,  311.810351336,  559.299640261,  837.095
1572.69217176,  32339.9,  27395.8,  311.810211375,  559.299716381,  837.562
1572.71260621,  32337.3,  27394.5,  311.810084312,  559.29945613,  837.84
1572.73304076,  32329.9,  27387.2,  311.810158682,  559.29975814,  837.539
1572.75347511,  32334.5,  27390.7,  311.809954804,  559.29943797,  838.427
1572.77390956,  32337.2,  27394.2,  311.810585852,  559.299829586,  839.062
1572.79434411,  32337.9,  27393.1,  311.810230611,  559.299626114,  839.762
1572.81477846,  32330.9,  27387.6,  311.810323651,  559.299564257,  838.856
1572.83521291,  32335.6,  27392.5,  311.810247595,  559.299443232,  840.312
1572.85564746,  32347.4,  27400.9,  311.809984686,  559.299676575,  840.789
1572.87608182,  32341.3,  27396.9,  311.810095152,  559.299539851,  842.269
1572.89651637,  32336.6,  27392.3,  311.810310662,  559.299421294,  844.452
1572.91695082,  32332.7,  27388.1,  311.810350093,  559.299647142,  843.903
1572.93738517,  32336.3,  27392.1,  311.810272688,  559.299594047,  843.332
1572.95781972,  32346.2,  27399.4,  311.810117401,  559.299539827,  845.035
1572.97825417,  32348.9,  27401.9,  311.810086581,  559.299617254,  844.123
1572.99868863,  32347.2,  27401.1,  311.809983249,  559.300020151,  841.215
1573.01912308,  32348.9,  27401.0,  311.810106818,  559.299563099,  838.835
1573.03955753,  32347.6,  27400.6,  311.809625289,  559.29986273,  836.212
1573.05999188,  32352.5,  27405.3,  311.809807218,  559.299618224,  836.059
1573.08042643,  32350.2,  27402.2,  311.81014533,  559.300077406,  835.271
1573.10086089,  32347.5,  27400.9,  311.809861436,  559.299762124,  835.751
1573.12129534,  32346.6,  27399.0,  311.810272383,  559.29970332,  835.905
1573.14172979,  32353.7,  27405.0,  311.809733814,  559.299918493,  834.847
1573.16216425,  32354.7,  27406.6,  311.809498941,  559.29995739,  835.152
1573.1825988,  32355.2,  27405.6,  311.809696687,  559.300067964,  834.274
1573.20303315,  32366.0,  27415.0,  311.80976238,  559.299646954,  833.478
1573.22346761,  32355.6,  27407.0,  311.81012988,  559.299731504,  833.037
1573.24390216,  32359.3,  27408.8,  311.809867606,  559.29966237,  832.522
1573.26433651,  32357.7,  27408.7,  311.809647777,  559.299706973,  832.685
1573.28477107,  32367.2,  27416.5,  311.809609395,  559.299820724,  831.494
1573.30520552,  32362.5,  27411.3,  311.809854462,  559.30012534,  831.413
1573.32563988,  32371.1,  27420.0,  311.809899593,  559.300014664,  831.619
1573.34607443,  32369.7,  27417.9,  311.809660838,  559.29984323,  830.266
1573.36650889,  32379.9,  27425.9,  311.80967062,  559.30081551,  830.192
1573.38694324,  32375.6,  27423.5,  311.810126274,  559.300246047,  830.455
1573.4073778,  32371.8,  27419.1,  311.809775384,  559.300151963,  829.383
1573.42781225,  32385.7,  27431.3,  311.809786556,  559.30004917,  829.511
1573.44824661,  32366.0,  27414.9,  311.809722326,  559.29994185,  828.298
1573.46868116,  32384.0,  27428.8,  311.809835831,  559.300349018,  827.939
1573.48911562,  32392.4,  27436.7,  311.809370496,  559.300181536,  827.227
1573.50955017,  32387.5,  27432.6,  311.80950193,  559.299726073,  827.547
1573.52998453,  32393.2,  27436.6,  311.809366728,  559.300078436,  827.308
1573.55041898,  32388.1,  27433.6,  311.809612566,  559.30004918,  827.101
1573.57085354,  32396.5,  27439.5,  311.809475602,  559.300273027,  827.982
1573.5912879,  32392.9,  27436.4,  311.809324116,  559.30065815,  827.192
1573.61172235,  32401.9,  27445.3,  311.809380567,  559.300103268,  827.463
1573.63215691,  32403.7,  27445.4,  311.809633147,  559.300278481,  826.428
1573.65259137,  32403.1,  27445.8,  311.809427163,  559.300326943,  826.742
1573.67302582,  32407.6,  27449.2,  311.809529255,  559.300240172,  826.127
1573.69346028,  32405.6,  27446.3,  311.809288827,  559.30030154,  826.101
1573.71389464,  32391.2,  27435.7,  311.809512747,  559.300444455,  825.787
1573.73432919,  32417.6,  27457.5,  311.809089276,  559.301066422,  825.464
1573.75476365,  32403.8,  27445.3,  311.809313111,  559.300570528,  825.441
1573.77519801,  32414.9,  27456.0,  311.809690414,  559.30064824,  824.996
1573.79563257,  32416.7,  27456.3,  311.809036799,  559.300600343,  825.544
1573.81606702,  32415.1,  27455.0,  311.809227591,  559.300049165,  825.506
1573.83650138,  32417.9,  27457.9,  311.809556987,  559.30020905,  825.15
1573.85693594,  32425.1,  27462.8,  311.809261537,  559.300709117,  824.978
1573.8773704,  32427.6,  27465.8,  311.8092418,  559.300575539,  824.635
1573.89780496,  32429.1,  27467.7,  311.809398119,  559.300305628,  824.442
1573.91823931,  32423.2,  27461.2,  311.809532306,  559.300340102,  824.361
1573.93867377,  32426.3,  27465.1,  311.80939751,  559.30065364,  824.607
1573.95910833,  32435.5,  27472.0,  311.809224381,  559.300678483,  824.02
1573.97954269,  32429.1,  27466.0,  311.809050468,  559.300819841,  824.214
1573.99997715,  32426.3,  27465.1,  311.809137203,  559.300785578,  824.097
1574.02041171,  32428.3,  27465.5,  311.80921644,  559.299984803,  824.787
1574.04084607,  32429.8,  27466.9,  311.809241103,  559.3007578,  823.672
1574.06128063,  32434.8,  27471.9,  311.809087217,  559.300824379,  823.609
1574.08171509,  32433.8,  27469.9,  311.809546434,  559.300780896,  824.291
1574.10214945,  32441.3,  27476.7,  311.809197302,  559.300603071,  823.625
1574.12258401,  32434.0,  27470.6,  311.809574703,  559.300756625,  823.601
1574.14301847,  32430.8,  27466.8,  311.809025267,  559.300634524,  823.257
1574.16345293,  32447.3,  27482.9,  311.808950145,  559.300444344,  822.802
1574.18388739,  32440.4,  27475.5,  311.808733881,  559.300703959,  823.155
1574.20432185,  32440.5,  27475.5,  311.809007015,  559.300914318,  822.522
1574.22475631,  32444.5,  27479.7,  311.809211882,  559.300791406,  823.025
1574.24519077,  32451.9,  27484.7,  311.809300743,  559.300860855,  822.793
1574.26562523,  32444.9,  27479.1,  311.809098999,  559.300921572,  822.357
1574.28605969,  32449.5,  27484.0,  311.809098948,  559.301048892,  821.977
1574.30649425,  32450.6,  27483.2,  311.808866299,  559.300794572,  822.437
1574.32692861,  32448.2,  27482.8,  311.80944545,  559.300658226,  821.829
1574.34736307,  32448.8,  27482.3,  311.80887159,  559.30082463,  822.29
1574.36779753,  32451.2,  27484.0,  311.808948224,  559.301059892,  822.212
1574.388232,  32457.7,  27490.6,  311.808827045,  559.300834444,  821.731
1574.40866656,  32456.2,  27488.4,  311.809573097,  559.301417543,  821.921
1574.42910092,  32437.3,  27473.0,  311.808935831,  559.300910404,  821.735
1574.44953548,  32448.8,  27483.3,  311.808732441,  559.301445738,  821.648
1574.46996994,  32439.8,  27474.2,  311.808988767,  559.301368166,  821.146
1574.49040431,  32454.8,  27487.2,  311.809060773,  559.301128675,  821.699
1574.51083887,  32447.0,  27480.7,  311.808978539,  559.301437585,  821.3
1574.53127333,  32454.9,  27486.7,  311.808807482,  559.30108271,  821.54
1574.55170769,  32447.9,  27481.6,  311.808989109,  559.300851452,  821.351
1574.57214226,  32466.4,  27495.9,  311.808381339,  559.301077218,  821.075
1574.59257672,  32448.5,  27481.6,  311.809049844,  559.301353285,  820.108
1574.61301128,  32452.2,  27485.5,  311.808756319,  559.301434592,  819.416
1574.63344565,  32458.6,  27489.7,  311.808990879,  559.301108022,  820.449
1574.65388011,  32446.3,  27479.4,  311.809030159,  559.301712434,  820.048
1574.67431467,  32462.9,  27494.8,  311.80848058,  559.30101161,  820.438
1574.69474904,  32457.1,  27487.6,  311.808899205,  559.301467323,  820.227
1574.7151835,  32461.5,  27492.5,  311.808878965,  559.301256231,  820.062
1574.73561806,  32463.4,  27493.6,  311.808737465,  559.301111899,  820.074
1574.75605243,  32453.6,  27484.9,  311.808752741,  559.301474143,  819.125
1574.77648689,  32461.3,  27492.3,  311.808556563,  559.301200145,  819.654
1574.79692146,  32448.5,  27481.1,  311.809149525,  559.301484383,  819.323
1574.81735592,  32460.1,  27490.7,  311.808569215,  559.301467373,  819.098
1574.83779039,  32445.5,  27479.5,  311.80884183,  559.301536098,  819.01
1574.85822485,  32458.3,  27488.4,  311.808815316,  559.301344286,  818.746
1574.87865932,  32450.1,  27482.2,  311.809068048,  559.301363735,  819.019
1574.89909378,  32466.1,  27496.5,  311.808683482,  559.301330745,  819.084
1574.91952825,  32449.0,  27480.5,  311.808199809,  559.30139087,  818.624
1574.93996271,  32462.3,  27492.9,  311.809038772,  559.301466221,  819.051
1574.96039718,  32461.7,  27492.0,  311.808638271,  559.301468538,  818.041
1574.98083164,  32461.3,  27490.1,  311.808516349,  559.301365715,  819.211
1575.00126611,  32448.1,  27481.2,  311.808631505,  559.301663421,  817.641
1575.02170057,  32460.0,  27489.6,  311.8085325,  559.3015892,  818.096
1575.04213504,  32466.2,  27495.1,  311.808733912,  559.301275305,  818.671
1575.06256961,  32452.5,  27484.5,  311.808283695,  559.301814565,  817.631
1575.08300397,  32458.3,  27487.6,  311.808508758,  559.301227731,  817.394
1575.10343844,  32467.6,  27496.4,  311.808519346,  559.301609358,  817.497
1575.123873,  32472.9,  27500.9,  311.808739291,  559.301323961,  818.103
1575.14430737,  32468.9,  27496.6,  311.808465068,  559.30159471,  817.2
1575.16474184,  32470.8,  27499.7,  311.808341905,  559.301623074,  817.545
1575.1851764,  32471.1,  27499.4,  311.808112787,  559.301824689,  816.912
1575.20561077,  32466.4,  27494.6,  311.808917057,  559.301617815,  817.916
1575.22604534,  32471.4,  27499.8,  311.80879797,  559.301737863,  817.0
1575.24647981,  32474.1,  27500.8,  311.80870364,  559.301653406,  816.597
1575.26691417,  32477.0,  27503.8,  311.808395703,  559.301461071,  816.561
1575.28734874,  32481.7,  27508.2,  311.808644048,  559.301205828,  816.275
1575.30778321,  32474.4,  27500.9,  311.808299467,  559.301739991,  816.061
1575.32821758,  32479.1,  27505.6,  311.80887685,  559.301510077,  816.706
1575.34865214,  32470.8,  27498.6,  311.808269421,  559.301677657,  816.266
1575.36908661,  32476.6,  27502.8,  311.808070745,  559.301424118,  816.541
1575.38952118,  32490.2,  27514.6,  311.80837926,  559.301638778,  816.302
1575.40995555,  32366.9,  27410.0,  311.808442701,  559.301609438,  815.805
1575.43039002,  31668.5,  26822.1,  311.808443557,  559.30194211,  815.799
1575.45082459,  30658.6,  25973.1,  311.808065277,  559.302374428,  815.208
1575.47125906,  29671.1,  25139.9,  311.80826163,  559.303279326,  815.646
1575.49169342,  28943.8,  24527.6,  311.80747777,  559.303862531,  815.461
1575.51212799,  28722.4,  24341.9,  311.807876841,  559.303760858,  815.841
1575.53256246,  29051.8,  24617.9,  311.808062853,  559.303280725,  815.973
1575.55299683,  29835.0,  25278.7,  311.807578191,  559.302707241,  815.876
1575.5734314,  30833.7,  26118.4,  311.808025529,  559.30239227,  815.695
1575.59386587,  31829.0,  26956.0,  311.808363156,  559.302332912,  815.293
1575.61430034,  32439.8,  27471.8,  311.808168234,  559.301891696,  814.341
1575.65516918,  32514.8,  27533.9,  311.808276048,  559.301589628,  815.072
1575.67560375,  32499.0,  27520.6,  311.808432707,  559.301458325,  814.497
1575.69603822,  32500.3,  27519.9,  311.807946399,  559.301706977,  814.355
1575.71647259,  32504.9,  27525.1,  311.808322933,  559.301828335,  814.093
1575.73690716,  32512.0,  27530.4,  311.80759056,  559.301938463,  814.308
1575.75734163,  32507.1,  27524.7,  311.807886053,  559.30172632,  814.857
1575.7777762,  32513.6,  27531.9,  311.808397791,  559.301564547,  814.763
1575.79821057,  32511.3,  27528.5,  311.808120866,  559.301543433,  814.254
1575.81864504,  32506.9,  27524.9,  311.808104173,  559.301718785,  814.008
1575.83907962,  32506.6,  27525.2,  311.808604865,  559.301919322,  813.655
1575.85951399,  32504.7,  27522.4,  311.807614276,  559.302170245,  813.957
1575.87994846,  32509.9,  27527.6,  311.807998498,  559.301783298,  813.389
1575.90038303,  32516.3,  27532.7,  311.808112621,  559.301489932,  813.349
1575.9208174,  32510.9,  27527.4,  311.808083918,  559.301820628,  814.539
1575.94125187,  32513.0,  27529.9,  311.807862904,  559.301891536,  813.158
1575.96168644,  32509.6,  27526.6,  311.808509596,  559.301759837,  813.536
1575.98212082,  32512.0,  27528.4,  311.808024447,  559.301934994,  813.086
1576.00255539,  32521.9,  27537.0,  311.807860825,  559.301552079,  813.335
1576.02298986,  32520.9,  27535.6,  311.807739693,  559.301700578,  812.969
1576.04342433,  32526.6,  27539.9,  311.80738784,  559.302242187,  812.908
1576.06385881,  32519.9,  27535.0,  311.807883012,  559.301937816,  812.935
1576.08429328,  32519.1,  27533.2,  311.808171975,  559.301782698,  812.591
1576.10472775,  32517.9,  27533.0,  311.808443966,  559.301920583,  813.051
1576.12516222,  32518.8,  27533.5,  311.807981077,  559.301970989,  812.019
1576.1455967,  32517.8,  27531.7,  311.807938711,  559.302040627,  811.731
1576.16603117,  32522.7,  27536.8,  311.808525075,  559.3016525,  811.732
1576.18646574,  32524.6,  27537.8,  311.807809861,  559.301817926,  812.804
1576.20690012,  32523.5,  27536.3,  311.807852558,  559.301940065,  811.81
1576.22733469,  32521.2,  27535.8,  311.808125881,  559.301947917,  811.994
1576.24776917,  32530.2,  27541.8,  311.807693534,  559.301698553,  811.922
1576.26820354,  32517.1,  27531.5,  311.807806212,  559.301938814,  812.339
1576.28863811,  32528.7,  27541.7,  311.807848208,  559.302426372,  812.039
1576.30907249,  32518.1,  27531.8,  311.808054692,  559.30214184,  811.614
1576.32950696,  32522.9,  27536.5,  311.807584397,  559.301871624,  811.395
1576.34994154,  32524.2,  27537.2,  311.80780669,  559.302061277,  811.728
1576.39081048,  32525.9,  27539.0,  311.807752125,  559.301797868,  811.729
1576.41124496,  32529.0,  27540.7,  311.807671573,  559.302191183,  811.537
1576.43167933,  32531.7,  27542.5,  311.807957413,  559.30196378,  811.326
1576.45211391,  32534.6,  27546.0,  311.807071716,  559.30197346,  810.959
1576.47254838,  32522.4,  27534.7,  311.80751449,  559.302456236,  810.66
1576.49298276,  32530.5,  27541.7,  311.807738685,  559.302618413,  810.671
1576.51341733,  32533.4,  27545.0,  311.807951773,  559.302127869,  810.794
1576.53385181,  32525.3,  27536.6,  311.807595067,  559.302126525,  810.521
1576.55428629,  32535.8,  27546.6,  311.807778637,  559.301925476,  810.447
1576.57472076,  32527.3,  27538.9,  311.80776791,  559.302228765,  811.296
1576.59515524,  32537.9,  27546.9,  311.807539126,  559.30222032,  810.756
1576.61558981,  32536.9,  27547.9,  311.807528772,  559.302480552,  810.084
1576.63602419,  32523.7,  27535.2,  311.807763887,  559.302366679,  810.079
1576.65645867,  32522.3,  27534.9,  311.807722407,  559.302221192,  810.676
1576.67689324,  32538.8,  27549.1,  311.807589559,  559.302212651,  810.509
1576.69732772,  32518.6,  27530.6,  311.807310587,  559.302159559,  810.911
1576.7177621,  32537.8,  27547.5,  311.807386635,  559.302510642,  810.025
1576.73819667,  32517.2,  27530.0,  311.807657117,  559.302208999,  810.063
1576.75863115,  32526.1,  27537.4,  311.807576359,  559.302445628,  810.152
1576.77906563,  32512.4,  27526.6,  311.80750784,  559.302654123,  810.262
1576.7995001,  32529.1,  27539.9,  311.807425989,  559.302478985,  809.717
1576.81993458,  32527.2,  27538.2,  311.807826471,  559.302149743,  809.806
1576.84036916,  32514.9,  27529.3,  311.807666656,  559.302397268,  809.379
1576.86080354,  32527.4,  27538.1,  311.807655862,  559.302405894,  809.449
1576.88123801,  32514.1,  27527.2,  311.807506262,  559.302785816,  809.252
1576.90167259,  32519.2,  27531.7,  311.807156277,  559.302351204,  809.477
1576.92210697,  32520.2,  27531.6,  311.807372727,  559.302499807,  809.616
1576.94254145,  32522.2,  27534.6,  311.807732407,  559.302123219,  809.033
1576.96297592,  32512.8,  27526.3,  311.807417694,  559.302166452,  808.865
1576.9834104,  32509.9,  27523.1,  311.807572644,  559.302449746,  808.664
1577.00384498,  32515.4,  27528.8,  311.807212514,  559.302629161,  808.806
1577.02427936,  32509.0,  27522.1,  311.807651293,  559.302746115,  808.977
1577.04471384,  32501.4,  27516.2,  311.807145534,  559.302569089,  808.404
1577.06514842,  32501.9,  27517.3,  311.807356091,  559.302755326,  808.741
1577.0855828,  32492.4,  27508.4,  311.807605662,  559.302505885,  808.152
1577.10601728,  32495.6,  27511.4,  311.8075879,  559.302628001,  808.439
1577.12645185,  32504.3,  27519.2,  311.807282312,  559.302783323,  808.691
1577.14688623,  32492.0,  27507.8,  311.807152365,  559.302539903,  808.048
1577.16732081,  32490.1,  27507.6,  311.807374184,  559.302633612,  807.883
1577.18775529,  32488.5,  27505.0,  311.807485598,  559.302846886,  808.122
1577.20818967,  32491.6,  27507.5,  311.807481127,  559.302675817,  808.079
1577.22862425,  32490.1,  27507.2,  311.80744349,  559.302500138,  807.886
1577.24905873,  32489.9,  27505.6,  311.807583415,  559.303059094,  808.198
1577.26949321,  32486.7,  27503.4,  311.807385975,  559.302575591,  808.07
1577.28992769,  32487.6,  27504.9,  311.807381291,  559.302645978,  807.239
1577.31036217,  32487.4,  27503.7,  311.807208881,  559.302666231,  807.272
1577.33079665,  32479.2,  27497.8,  311.806937719,  559.302796996,  808.002
1577.35123123,  32478.2,  27496.1,  311.807033897,  559.302583132,  807.203
1577.37166561,  32467.8,  27486.9,  311.806735148,  559.302794682,  807.24
1577.39210019,  32473.2,  27492.5,  311.807230707,  559.302874614,  807.308
1577.41253467,  32480.9,  27498.3,  311.80697018,  559.303081464,  806.924
1577.43296906,  32480.4,  27498.1,  311.807517083,  559.30329575,  806.528
1577.45340364,  32474.8,  27494.2,  311.807048713,  559.302954953,  806.904
1577.47383812,  32480.8,  27498.1,  311.806929183,  559.303262414,  806.621
1577.4942725,  32471.9,  27491.4,  311.806711671,  559.302906149,  806.648
1577.51470708,  32470.9,  27489.8,  311.80749015,  559.303148235,  807.0
1577.53514156,  32469.9,  27488.1,  311.806999638,  559.30278338,  806.846
1577.55557604,  32463.9,  27483.9,  311.807077691,  559.303066461,  805.819
1577.57601053,  32458.3,  27479.4,  311.807009112,  559.302977812,  806.453
1577.59644491,  32453.1,  27474.7,  311.807425429,  559.302929348,  806.171
1577.61687949,  32456.2,  27477.5,  311.807241802,  559.30300242,  806.416
1577.63731397,  32458.4,  27478.1,  311.807104789,  559.303024181,  806.247
1577.65774835,  32463.0,  27483.0,  311.807092182,  559.302920384,  806.28
1577.67818294,  32447.8,  27470.6,  311.806784307,  559.303076944,  806.073
1577.69861742,  32453.1,  27473.7,  311.807137824,  559.303268824,  806.297
1577.7190519,  32454.3,  27475.9,  311.80693753,  559.302775438,  808.177
1577.73948638,  32443.5,  27466.8,  311.806757995,  559.303644779,  805.897
1577.75992087,  32436.4,  27459.3,  311.807580064,  559.303207779,  805.562
1577.78035545,  32438.1,  27461.9,  311.806883799,  559.302804189,  805.243
1577.80078983,  32429.2,  27453.9,  311.807459372,  559.303034788,  805.356
1577.82122432,  32430.6,  27455.6,  311.807350461,  559.303032718,  805.056
1577.8416589,  32431.8,  27457.3,  311.806772067,  559.302994762,  805.239
1577.86209338,  32419.0,  27444.8,  311.806953658,  559.303413503,  806.036
1577.88252777,  32427.9,  27452.8,  311.807146907,  559.303115536,  805.143
1577.90296235,  32429.8,  27454.7,  311.807151143,  559.303280467,  805.426
1577.92339684,  32421.1,  27447.2,  311.80732096,  559.302965565,  805.025
1577.94383132,  32414.8,  27441.9,  311.807021065,  559.30275578,  805.164
1577.9642658,  32413.3,  27439.8,  311.807092568,  559.303139408,  804.649
1577.98470029,  32414.8,  27441.1,  311.807206665,  559.303385445,  804.401
1578.00513477,  32422.7,  27448.8,  311.806872559,  559.303064404,  804.65
1578.02556926,  32415.1,  27441.3,  311.806718663,  559.303178956,  804.433
1578.04600374,  32407.4,  27435.5,  311.807076716,  559.303027502,  804.388
1578.06643833,  32397.7,  27427.9,  311.807345762,  559.302850189,  809.882
1578.08687271,  32419.9,  27445.0,  311.806771391,  559.303235997,  807.117
1578.1073072,  32401.9,  27431.4,  311.80665558,  559.30364677,  804.653
1578.12774178,  32396.8,  27426.3,  311.806923459,  559.303320476,  804.853
1578.14817617,  32398.0,  27426.8,  311.806789113,  559.303190026,  803.922
1578.16861075,  32402.3,  27431.3,  311.806926474,  559.30323325,  803.579
1578.18904524,  32399.6,  27427.6,  311.806217028,  559.303513579,  804.695
1578.20947962,  32413.4,  27439.7,  311.806982201,  559.303179922,  803.92
1578.22991421,  32390.5,  27421.5,  311.807007142,  559.303082975,  804.24
1578.25034859,  32392.2,  27421.4,  311.807093399,  559.303432337,  803.859
1578.27078308,  32394.9,  27424.6,  311.806517958,  559.303543363,  804.419
1578.29121766,  32386.8,  27417.2,  311.806218321,  559.303570846,  803.987
1578.31165205,  32383.1,  27413.4,  311.806835317,  559.30345924,  803.702
1578.33208664,  32395.1,  27424.7,  311.807193596,  559.303336414,  803.87
1578.35252112,  32388.9,  27418.5,  311.806466366,  559.30322827,  803.386
1578.37295551,  32387.3,  27416.8,  311.807217067,  559.303341583,  803.946
1578.3933901,  32385.8,  27416.4,  311.806714026,  559.303471533,  804.246
1578.41382458,  32381.6,  27411.6,  311.806733313,  559.303483456,  803.341
1578.43425907,  32376.9,  27408.7,  311.806783899,  559.303274331,  803.453
1578.45469356,  32382.5,  27413.2,  311.80664705,  559.303734508,  803.882
1578.47512804,  32386.5,  27415.2,  311.807091957,  559.303813803,  804.319
1578.49556253,  32373.3,  27405.9,  311.806894303,  559.303679283,  803.732
1578.51599702,  32366.8,  27399.4,  311.806536884,  559.303510966,  803.676
1578.53643151,  31806.5,  26927.5,  311.80710512,  559.303649183,  802.746
1578.55686609,  30619.9,  25929.1,  311.806188768,  559.304560091,  803.09
1578.57730058,  29242.9,  24768.4,  311.805527896,  559.305161018,  803.951
1578.59773497,  28097.4,  23804.4,  311.805967088,  559.305520052,  803.437
1578.63860404,  27599.8,  23384.0,  311.804680821,  559.306516093,  802.944
1578.65903843,  28381.0,  24042.3,  311.805175561,  559.305452226,  802.995
1578.67947302,  29620.2,  25085.0,  311.805625998,  559.304660607,  803.347
1578.69990751,  30972.7,  26223.7,  311.806113062,  559.304156438,  803.199
1578.7203419,  32048.7,  27130.4,  311.806423049,  559.303506962,  802.882
1578.74077649,  32366.3,  27396.3,  311.806523473,  559.303599198,  803.375
1578.76121097,  32370.7,  27400.1,  311.806528049,  559.303727917,  802.011
1578.78164556,  32377.5,  27407.0,  311.806631216,  559.303481749,  801.952
1578.80207995,  32373.4,  27401.7,  311.806804792,  559.303418616,  802.117
1578.82251444,  32374.3,  27403.1,  311.805962541,  559.303239558,  802.342
1578.84294903,  32385.7,  27412.6,  311.806601023,  559.303113218,  802.166
1578.86338342,  32377.5,  27405.0,  311.806112185,  559.304242202,  801.585
1578.88381791,  32380.7,  27408.5,  311.806096997,  559.30376317,  802.401
1578.9042524,  32380.9,  27408.4,  311.806535147,  559.303587465,  801.677
1578.92468689,  32382.7,  27409.5,  311.806399969,  559.303483366,  801.793
1578.94512148,  32387.1,  27413.4,  311.806024445,  559.303182228,  802.471
1578.96555587,  32383.7,  27410.1,  311.806306529,  559.303704868,  801.801
1578.98599036,  32394.6,  27419.4,  311.806256871,  559.303500381,  801.106
1579.00642495,  32387.5,  27413.5,  311.806329019,  559.303547116,  801.4
1579.02685934,  32384.7,  27409.6,  311.806092557,  559.303597449,  801.802
1579.04729383,  32396.5,  27421.0,  311.805940651,  559.303626334,  801.959
1579.06772842,  32400.4,  27423.8,  311.806208111,  559.303717663,  801.126
1579.08816291,  32381.6,  27407.0,  311.807292302,  559.303567148,  801.137
1579.1085973,  32395.7,  27420.8,  311.806225078,  559.303547846,  801.176
1579.12903189,  32392.1,  27416.2,  311.806178212,  559.30382742,  801.039
1579.14946638,  32411.2,  27431.8,  311.806198293,  559.303753671,  801.262
1579.16990087,  32396.3,  27420.3,  311.806237471,  559.303727784,  800.632
1579.19033536,  32397.5,  27419.9,  311.805973746,  559.303358786,  801.05
1579.21076985,  32395.4,  27419.1,  311.806203877,  559.303738859,  800.009
1579.23120445,  32403.4,  27426.2,  311.806032621,  559.303270754,  800.167
1579.25163884,  32408.5,  27429.5,  311.806402027,  559.303720311,  799.868
1579.27207333,  32408.2,  27430.1,  311.805993524,  559.303912668,  800.055
1579.29250792,  32407.4,  27428.2,  311.80610049,  559.303761134,  799.985
1579.31294231,  32401.3,  27423.0,  311.806206838,  559.303533311,  800.025
1579.3333769,  32405.4,  27427.8,  311.806247809,  559.303528059,  800.14
1579.3538114,  32425.8,  27443.7,  311.805731485,  559.303792484,  799.713
1579.37424579,  32410.3,  27431.4,  311.806274667,  559.303583774,  800.103
1579.39468038,  32402.8,  27425.1,  311.805474428,  559.303556811,  800.459
1579.41511487,  32406.4,  27427.3,  311.805794162,  559.303588964,  799.43
1579.43554926,  32424.0,  27443.0,  311.805996295,  559.303787229,  799.368
1579.45598386,  32409.7,  27430.4,  311.806138349,  559.303509323,  799.907
1579.47641835,  32418.9,  27437.9,  311.806037789,  559.303363368,  799.645
1579.49685274,  32420.2,  27439.8,  311.806196615,  559.303798167,  799.728
1579.51728734,  32433.0,  27449.7,  311.805827136,  559.304005938,  800.406
1579.53772173,  32418.1,  27437.2,  311.806053972,  559.304047003,  799.929
1579.55815632,  32431.1,  27448.6,  311.805785882,  559.303571009,  800.562
1579.57859081,  32429.7,  27447.2,  311.805659897,  559.304074455,  800.509
1579.59902531,  32420.1,  27439.1,  311.806143379,  559.303937088,  799.551
1579.6194598,  32423.3,  27442.1,  311.80570191,  559.304102205,  800.123
1579.63989429,  32437.3,  27452.8,  311.806128969,  559.303932538,  799.712
1579.66032879,  32441.5,  27457.4,  311.805903471,  559.303990104,  799.527
1579.68076328,  32443.2,  27457.7,  311.806099853,  559.303951235,  798.672
1579.70119778,  32446.8,  27461.0,  311.805679683,  559.303882125,  798.146
1579.72163237,  32462.4,  27474.8,  311.806243537,  559.303697009,  798.775
1579.74206686,  32447.5,  27461.7,  311.80560632,  559.304186815,  798.448
1579.76250126,  32459.7,  27471.7,  311.805944113,  559.304316639,  799.478
1579.78293585,  32450.6,  27464.8,  311.805958469,  559.304293451,  798.876
1579.80337035,  32460.5,  27472.4,  311.80584742,  559.304250591,  798.216
1579.82380474,  32451.0,  27465.3,  311.805855501,  559.304002137,  798.708
1579.84423934,  32452.4,  27466.0,  311.805743359,  559.304346022,  798.229
1579.86467383,  32471.7,  27481.3,  311.805987673,  559.304128277,  798.211
1579.88510823,  32461.1,  27474.0,  311.805931072,  559.304412307,  797.748
1579.90554282,  32467.4,  27477.9,  311.805763264,  559.30444857,  797.667
1579.92597732,  32476.8,  27486.1,  311.80543302,  559.304244927,  797.338
1579.94641191,  32467.8,  27478.9,  311.80574587,  559.304296264,  797.318
1579.96684631,  32477.0,  27485.6,  311.80543638,  559.304505798,  797.409
1579.9872808,  32471.0,  27481.7,  311.805463917,  559.304567728,  797.373
1580.0077154,  32479.4,  27488.2,  311.805823002,  559.304427734,  797.478
1580.02814979,  32473.1,  27482.1,  311.805706584,  559.304306211,  797.7
1580.04858429,  32486.1,  27494.6,  311.805767252,  559.304366822,  796.915
1580.06901888,  32477.9,  27487.1,  311.805518663,  559.304679417,  796.941
1580.08945328,  32473.3,  27482.9,  311.805455231,  559.304355594,  796.71
1580.10988778,  32474.7,  27485.2,  311.805679225,  559.304580025,  796.757
1580.13032237,  32519.5,  27521.6,  311.805218749,  559.303990672,  796.607
1580.15075677,  32490.1,  27497.5,  311.805406459,  559.304463593,  796.345
1580.17119136,  32488.4,  27496.1,  311.805364617,  559.304307813,  796.417
1580.19162576,  32485.3,  27492.3,  311.805201943,  559.304737393,  796.247
1580.21206026,  32484.6,  27492.6,  311.80562528,  559.304650064,  797.115
1580.23249485,  32483.1,  27491.2,  311.805536487,  559.304137344,  796.089
1580.25292925,  32480.2,  27488.1,  311.805210341,  559.3045675,  796.193
1580.27336375,  32484.4,  27492.9,  311.805727969,  559.304541964,  795.715
1580.29379834,  32470.2,  27480.6,  311.805548024,  559.304374715,  795.308
1580.31423284,  32492.1,  27498.7,  311.805132308,  559.304260182,  795.46
1580.33466734,  32501.8,  27507.6,  311.805806857,  559.304320308,  795.948
1580.35510184,  32492.7,  27498.5,  311.805398694,  559.304657928,  795.129
1580.37553633,  32492.1,  27498.9,  311.805191232,  559.304561836,  795.402
1580.39597083,  32481.5,  27490.6,  311.805523794,  559.304679216,  794.781
1580.41640533,  32489.1,  27495.0,  311.805454161,  559.30460077,  795.057
1580.43683983,  32500.2,  27505.6,  311.80553112,  559.304833296,  794.551
1580.45727442,  32482.5,  27490.8,  311.805556734,  559.304761886,  794.686
1580.47770882,  32490.8,  27496.8,  311.805129175,  559.304281311,  794.939
1580.49814332,  32495.8,  27502.5,  311.805539456,  559.304619911,  794.431
1580.51857792,  32491.6,  27496.9,  311.805551006,  559.304691515,  794.903
1580.53901232,  32487.7,  27495.1,  311.805480614,  559.304682811,  794.663
1580.55944692,  32495.0,  27501.3,  311.805321517,  559.304904669,  794.586
1580.57988141,  32488.9,  27495.2,  311.805237843,  559.304482663,  794.662
1580.60031581,  32492.2,  27498.8,  311.80515088,  559.304613523,  794.19
1580.62075041,  32489.7,  27496.4,  311.805158118,  559.304451923,  794.349
1580.64118491,  32498.5,  27503.5,  311.805063812,  559.304890949,  794.067
1580.66161931,  32498.3,  27504.5,  311.805106027,  559.305214966,  794.006
1580.68205391,  32497.5,  27502.1,  311.804970946,  559.304893548,  794.339
1580.70248841,  32480.0,  27488.1,  311.805354615,  559.30474632,  793.587
1580.72292301,  32490.3,  27496.8,  311.804883873,  559.304650089,  793.535
1580.74335741,  32486.2,  27492.2,  311.805032225,  559.304857432,  793.863
1580.7637919,  32483.5,  27491.5,  311.805197256,  559.304944103,  793.113
1580.7842265,  32487.8,  27494.4,  311.805284309,  559.304557005,  793.677
1580.8046609,  32500.0,  27504.3,  311.805561409,  559.305090196,  793.793
1580.8250954,  32498.1,  27503.8,  311.805113199,  559.304657827,  793.019
1580.8455299,  32488.5,  27494.5,  311.804928916,  559.304765294,  792.7
1580.8659644,  32495.8,  27501.2,  311.80548357,  559.304707698,  793.111
1580.8863989,  32491.6,  27498.0,  311.805156044,  559.304900339,  793.905
1580.9068334,  32493.7,  27498.8,  311.804478202,  559.304955694,  792.563
1580.9272679,  32493.2,  27499.2,  311.805117742,  559.305069449,  793.053
1580.9477025,  32495.3,  27500.8,  311.805162718,  559.30501875,  792.733
1580.968137,  32495.6,  27500.2,  311.805199912,  559.30456323,  792.531
1580.98857141,  32501.1,  27506.0,  311.805345984,  559.305029793,  792.442
1581.00900601,  32490.7,  27496.5,  311.805087016,  559.304877706,  792.614
1581.02944051,  32495.1,  27499.5,  311.805068561,  559.304987028,  792.85
1581.04987491,  32491.3,  27498.0,  311.804983251,  559.305007612,  792.731
1581.07030951,  32483.0,  27489.2,  311.804961393,  559.305359428,  792.544
1581.09074401,  32497.4,  27502.1,  311.805320303,  559.305107708,  792.213
1581.11117861,  32367.2,  27392.6,  311.804205373,  559.306077697,  791.952
1581.13161301,  32495.2,  27499.5,  311.804835499,  559.305250188,  791.463
1581.15204751,  32500.7,  27505.1,  311.80505522,  559.304990889,  791.747
1581.17248212,  32487.8,  27494.8,  311.805066863,  559.305009518,  791.738
1581.19291652,  32501.0,  27504.7,  311.805399773,  559.304991424,  791.771
1581.21335102,  32494.8,  27500.6,  311.805343632,  559.305096657,  791.562
1581.23378562,  32505.2,  27508.7,  311.804950087,  559.305219761,  791.165
1581.25422002,  32500.3,  27503.9,  311.80478927,  559.305064981,  791.851
1581.27465452,  32507.9,  27511.2,  311.804849814,  559.305194792,  791.097
1581.29508913,  32510.4,  27512.4,  311.805193008,  559.30549309,  790.864
1581.31552353,  32505.7,  27508.7,  311.804860339,  559.30493812,  791.883
1581.33595813,  32493.0,  27498.5,  311.804847112,  559.305076685,  791.46
1581.35639263,  32506.4,  27508.7,  311.805153469,  559.305117934,  791.182
1581.37682714,  32503.9,  27507.7,  311.804702906,  559.305176786,  790.863
1581.39726164,  32494.9,  27499.2,  311.804835622,  559.30546512,  791.01
1581.41769614,  32506.3,  27508.7,  311.805117282,  559.305407148,  791.034
1581.43813064,  32506.3,  27510.0,  311.805183272,  559.305193405,  790.525
1581.45856515,  32518.4,  27518.1,  311.804457129,  559.305317377,  790.751
1581.47899965,  32504.6,  27507.4,  311.804804434,  559.305195401,  790.89
1581.49943415,  32511.4,  27513.8,  311.804969275,  559.305282843,  790.369
1581.51986866,  32508.9,  27510.7,  311.804594348,  559.305281265,  789.682
1581.54030316,  32518.8,  27519.7,  311.804715623,  559.305110572,  790.086
1581.56073766,  32509.5,  27512.3,  311.80470048,  559.305360315,  790.203
1581.58117217,  32511.4,  27512.6,  311.804767614,  559.305579124,  790.356
1586.83283568,  32538.1,  27564.3,  311.7984954,  559.310483927,  773.229
1586.85327031,  32546.8,  27572.8,  311.797835908,  559.311120952,  773.184
1586.87370474,  32547.0,  27571.9,  311.798144906,  559.310917443,  773.423
1586.89413936,  32550.1,  27574.8,  311.798390211,  559.311011751,  773.608
1586.91457389,  32562.2,  27585.3,  311.798136281,  559.310943165,  773.913
1586.93500831,  32544.0,  27568.8,  311.798252696,  559.310827662,  773.64
1586.95544294,  32542.0,  27567.7,  311.798738732,  559.310658477,  773.459
1586.97587747,  32545.9,  27571.2,  311.79830798,  559.311059684,  772.824
1586.99631199,  32548.2,  27571.1,  311.79833359,  559.310826523,  773.382
1587.01674652,  32547.6,  27572.0,  311.798393681,  559.310971938,  773.33
1587.03718104,  32541.7,  27566.4,  311.798470792,  559.310979112,  772.459
1587.05761567,  32546.5,  27569.3,  311.798042767,  559.31132195,  773.056
1587.0780502,  32557.3,  27580.2,  311.798559029,  559.310873865,  772.354
1587.09848462,  32557.6,  27578.0,  311.798406789,  559.311122157,  773.469
1587.11891925,  32558.1,  27579.2,  311.798652857,  559.311340577,  772.928
1587.13935378,  32561.7,  27581.7,  311.797682315,  559.311554163,  772.664
1587.1597882,  32568.5,  27586.2,  311.798384945,  559.311493127,  772.381
1587.18022283,  32557.7,  27578.4,  311.79786545,  559.311423629,  773.079
1587.20065736,  32552.8,  27573.2,  311.797883422,  559.31137777,  772.178
1587.22109189,  32554.0,  27573.0,  311.797943647,  559.311320394,  772.785
1587.24152641,  32556.2,  27575.7,  311.797619451,  559.31135146,  772.618
1587.26196084,  32566.4,  27583.9,  311.79763968,  559.311744777,  772.23
1587.28239547,  32561.3,  27578.8,  311.797485044,  559.311984042,  772.098
1587.30282999,  32562.5,  27581.0,  311.79816088,  559.311739799,  772.406
1587.32326442,  32546.7,  27566.4,  311.798009289,  559.311512914,  772.164
1587.34369905,  32565.1,  27581.1,  311.797309221,  559.311698549,  774.07
1587.36413358,  32563.9,  27580.3,  311.797018809,  559.310921622,  772.369
1587.3845682,  32562.0,  27577.2,  311.797806275,  559.311938971,  772.043
1587.40500263,  32564.7,  27580.3,  311.797558502,  559.311601491,  772.483
1587.42543716,  32558.1,  27574.0,  311.797298333,  559.311535937,  772.499
1587.44587179,  32563.5,  27578.0,  311.797469781,  559.311767692,  772.156
1587.46630622,  32562.5,  27577.7,  311.797293356,  559.311540708,  772.355
1587.50717537,  32555.1,  27570.4,  311.797377161,  559.311367313,  772.342
1587.5276098,  32557.7,  27572.6,  311.797543651,  559.311667764,  771.537
1587.54804443,  32573.5,  27583.5,  311.797817677,  559.31184671,  771.997
1587.56847896,  32565.8,  27578.1,  311.797315876,  559.311979521,  771.77
1587.58891348,  32563.8,  27576.2,  311.797692027,  559.311641254,  771.765
1587.60934801,  32557.5,  27569.0,  311.797651105,  559.311976387,  771.949
1587.62978254,  32562.7,  27575.2,  311.797543171,  559.311880291,  772.079
1587.65021707,  32559.3,  27570.8,  311.797878579,  559.311685758,  771.63
1587.6706516,  32573.3,  27582.2,  311.797601437,  559.312098558,  772.591
1587.69108613,  32568.2,  27578.1,  311.797983631,  559.311689028,  772.022
1587.71152076,  32567.2,  27576.1,  311.797889041,  559.311738327,  772.1
1587.73195518,  32562.9,  27573.1,  311.797753777,  559.311917472,  772.354
1587.75238971,  32565.3,  27575.8,  311.798423025,  559.311841768,  772.134
1587.77282434,  32564.4,  27572.8,  311.797865553,  559.311922504,  772.3
1587.79325887,  32568.0,  27577.0,  311.797859941,  559.31198397,  772.209
1587.8136933,  32564.3,  27572.8,  311.798155042,  559.31155407,  772.313
1587.83412793,  32576.4,  27582.5,  311.798075009,  559.311668892,  772.391
1587.85456236,  32549.4,  27560.7,  311.798885746,  559.311525884,  771.923
1587.87499699,  32379.8,  27416.0,  311.798382462,  559.311665963,  771.372
1587.89543152,  31582.9,  26745.1,  311.79806459,  559.311924036,  771.79
1587.91586595,  30542.4,  25869.3,  311.798517809,  559.312750131,  772.163
1587.93630058,  29587.6,  25064.7,  311.797935757,  559.313764506,  771.664
1587.95673511,  28950.5,  24528.7,  311.798307567,  559.313733614,  771.556
1587.97716954,  28813.9,  24413.4,  311.797558237,  559.313252664,  770.922
1587.99760416,  29245.0,  24775.2,  311.798303285,  559.313313203,  771.128
1588.01803869,  30082.9,  25480.9,  311.797931991,  559.312501271,  771.004
1588.03847312,  31120.9,  26354.4,  311.798570154,  559.311858604,  770.983
1588.05890775,  32068.3,  27151.7,  311.798563934,  559.311655989,  771.178
1588.07934228,  32544.0,  27553.2,  311.798871792,  559.311496874,  771.388
1588.09977691,  32578.5,  27580.7,  311.799086521,  559.311658663,  770.834
1588.12021134,  32586.0,  27587.2,  311.798827864,  559.311550214,  770.398
1588.14064587,  32574.6,  27578.1,  311.798831572,  559.31135999,  770.17
1588.1610805,  32571.6,  27574.0,  311.799717513,  559.310994106,  770.679
1588.18151493,  32565.5,  27569.8,  311.799383508,  559.311080084,  769.817
1588.20194947,  32573.2,  27575.3,  311.799600586,  559.310908276,  770.609
1588.2223841,  32583.9,  27583.6,  311.799100982,  559.311639832,  770.09
1588.24281853,  32583.9,  27584.3,  311.799304982,  559.311258814,  770.471
1588.26325316,  32570.8,  27571.8,  311.799295402,  559.311292056,  769.762
1588.28368769,  32588.4,  27586.8,  311.799113659,  559.311201887,  769.534
1588.30412222,  32576.6,  27577.2,  311.799101256,  559.310952624,  769.314
1588.32455675,  32580.0,  27578.6,  311.799640248,  559.311080234,  769.98
1588.34499128,  32577.5,  27576.9,  311.799318966,  559.311080172,  769.925
1588.36542581,  32577.5,  27577.3,  311.799408124,  559.310734699,  769.158
1588.38586034,  32570.7,  27570.2,  311.799710288,  559.310676191,  768.791
1588.40629487,  32570.8,  27571.0,  311.799487188,  559.310795608,  768.597
1588.4267294,  32585.4,  27582.4,  311.799519699,  559.310850035,  769.599
1588.44716403,  32579.8,  27577.5,  311.799159542,  559.311059398,  769.122
1588.46759847,  32564.9,  27566.1,  311.799883099,  559.310967114,  768.33
1588.4880331,  32571.7,  27569.9,  311.799435137,  559.310958662,  768.757
1588.50846753,  32582.7,  27579.2,  311.79995709,  559.310540597,  768.985
1588.52890206,  32575.3,  27573.8,  311.799842906,  559.310854702,  767.263
1588.54933669,  32573.3,  27570.7,  311.799797305,  559.310855406,  767.865
1588.56977112,  32586.0,  27581.9,  311.800171379,  559.310969183,  768.754
1588.59020565,  32575.3,  27572.3,  311.799884228,  559.310576852,  768.095
1588.61064028,  32578.8,  27575.0,  311.799755428,  559.310773341,  768.203
1588.63107472,  32581.0,  27577.6,  311.799186193,  559.310798244,  767.866
1588.65150935,  32574.1,  27570.8,  311.799727398,  559.310819742,  768.565
1588.67194388,  32565.8,  27563.2,  311.799564251,  559.31098216,  767.814
1588.69237831,  32584.4,  27580.0,  311.79933372,  559.310708742,  767.996
1588.71281294,  32578.8,  27573.2,  311.799719867,  559.310736114,  767.578
1588.73324748,  32579.9,  27575.4,  311.800076177,  559.310570046,  766.808
1588.75368191,  32584.1,  27578.4,  311.799933257,  559.310479701,  767.751
1588.77411654,  32584.5,  27576.8,  311.799717475,  559.310659812,  767.965
1588.79455107,  32578.2,  27573.4,  311.799794657,  559.310582439,  767.233
1588.8149856,  32570.4,  27565.4,  311.799582627,  559.310688285,  767.343
1588.83542014,  32574.9,  27569.0,  311.799704216,  559.310657227,  767.691
1588.85585467,  32577.3,  27572.1,  311.799697445,  559.310532597,  767.155
1588.8762893,  32576.6,  27569.4,  311.799901132,  559.3105437,  767.215
1588.89672373,  32573.7,  27568.0,  311.799980783,  559.310790607,  766.579
1588.91715827,  32574.8,  27568.6,  311.7997755,  559.310820121,  767.181
1588.9375929,  32573.0,  27566.2,  311.799799627,  559.31046827,  767.081
1588.95802743,  32581.0,  27573.7,  311.799518932,  559.310289488,  766.681
1588.97846186,  32573.0,  27566.6,  311.7995313,  559.310673335,  767.146
1588.9988965,  32558.4,  27553.2,  311.799628311,  559.310907728,  766.552
1589.01933103,  32570.2,  27564.4,  311.799801081,  559.310297764,  765.934
1589.03976546,  32567.6,  27560.8,  311.79983494,  559.310426254,  766.127
1589.0602001,  32565.4,  27559.1,  311.799770407,  559.310821312,  767.004
1589.08063463,  32568.2,  27562.0,  311.799737173,  559.310654883,  766.739
1589.10106926,  32568.5,  27560.5,  311.800123526,  559.310726126,  766.755
1589.12150369,  32555.2,  27550.3,  311.80014704,  559.310318176,  766.236
1589.14193823,  32567.0,  27560.1,  311.799592176,  559.310544226,  765.987
1589.16237276,  32574.6,  27565.3,  311.79989723,  559.310559179,  766.094
1589.18280729,  32567.1,  27560.3,  311.80000335,  559.310498049,  765.634
1589.20324173,  32566.4,  27558.5,  311.799754845,  559.310671475,  765.913
1589.22367636,  32554.4,  27548.3,  311.799528086,  559.310471132,  766.044
1589.24411089,  32562.1,  27555.8,  311.799772233,  559.31027721,  765.602
1589.26454553,  32554.9,  27548.0,  311.79976898,  559.310647214,  765.238
1589.28497996,  32550.7,  27544.6,  311.79975686,  559.310453025,  765.914
1589.3054145,  32550.7,  27545.3,  311.799906309,  559.310168309,  765.669
1589.32584913,  32558.6,  27550.4,  311.799752516,  559.310372963,  765.547
1589.34628356,  32562.2,  27554.3,  311.799511047,  559.310492941,  765.666
1589.3667181,  32556.6,  27549.0,  311.799782746,  559.310532692,  765.281
1589.38715273,  32555.6,  27547.4,  311.799707891,  559.310547792,  764.852
1589.40758716,  32548.2,  27542.0,  311.800043878,  559.310073761,  765.061
1589.4280217,  32531.9,  27528.0,  311.800369107,  559.310470229,  765.414
1589.44845633,  32548.7,  27541.8,  311.800031488,  559.310336059,  764.638
1589.46889087,  32538.1,  27533.6,  311.799923553,  559.310295375,  765.542
1589.4893254,  32550.5,  27542.4,  311.799646833,  559.311205479,  764.442
1589.50975994,  32542.2,  27536.3,  311.799670059,  559.31067911,  765.132
1589.53019447,  32539.1,  27533.4,  311.79980029,  559.310303456,  765.063
1589.550629,  32536.4,  27529.2,  311.799729278,  559.310751705,  764.579
1589.57106354,  32519.1,  27515.8,  311.799915384,  559.310152661,  764.959
1589.59149807,  32533.5,  27527.6,  311.799662096,  559.310709882,  764.683
1589.61193271,  32532.7,  27527.2,  311.800010724,  559.310423893,  764.323
1589.63236714,  32535.1,  27530.1,  311.800018014,  559.31013112,  764.65
1589.65280168,  32527.0,  27521.4,  311.799840865,  559.310494014,  764.543
1589.67323631,  32533.8,  27528.2,  311.800098628,  559.310250416,  763.923
1589.69367075,  32520.9,  27517.2,  311.799985832,  559.310083717,  763.745
1589.71410538,  32513.6,  27509.8,  311.799819653,  559.310334279,  764.426
1589.73453992,  32526.8,  27521.4,  311.799575997,  559.310207576,  764.425
1589.75497435,  32516.0,  27512.3,  311.80022516,  559.310483351,  764.625
1589.77540899,  32514.3,  27509.7,  311.799212736,  559.310512942,  764.029
1589.79584352,  32509.3,  27507.3,  311.799598743,  559.310251149,  764.367
1589.81627796,  32516.2,  27511.6,  311.799864213,  559.310954474,  764.293
1589.85714703,  32515.5,  27511.9,  311.799677497,  559.310267487,  763.666
1589.87758166,  32505.1,  27501.2,  311.799902751,  559.310545884,  763.205
1589.8980162,  32508.2,  27504.3,  311.799449507,  559.310633907,  764.161
1589.91845063,  32507.5,  27504.2,  311.799523136,  559.310599949,  763.909
1589.93888527,  32512.7,  27506.8,  311.799652387,  559.310618011,  764.253
1589.9593198,  32494.9,  27493.1,  311.799867537,  559.310625877,  763.564
1589.97975424,  32496.8,  27494.1,  311.79980099,  559.3105682,  764.089
1590.00018888,  32489.4,  27487.1,  311.799481688,  559.310875926,  763.409
1590.02062341,  32503.3,  27500.0,  311.799626558,  559.310451807,  764.185
1590.04105795,  32500.7,  27496.5,  311.79969866,  559.310108821,  763.84
1590.06149248,  32503.1,  27499.1,  311.799328748,  559.310762521,  763.66
1590.08192702,  32497.1,  27494.9,  311.799478091,  559.310377533,  763.944
1590.10236165,  32493.0,  27489.8,  311.79961948,  559.310235164,  763.527
1590.12279609,  32494.8,  27492.3,  311.799493551,  559.310514354,  763.84
1590.14323063,  32484.9,  27483.7,  311.799869627,  559.310346342,  763.237
1590.16366526,  32480.9,  27479.5,  311.799700022,  559.310708443,  762.903
1590.1840998,  32484.3,  27483.5,  311.79925475,  559.310932088,  762.676
1590.20453423,  32487.7,  27485.4,  311.799547986,  559.310178465,  762.94
1590.22496887,  32494.7,  27491.2,  311.799540652,  559.310467929,  762.712
1590.24540341,  32476.0,  27476.3,  311.799954598,  559.310558551,  762.768
1590.26583784,  32487.7,  27484.1,  311.79965735,  559.310513775,  763.594
1590.28627248,  32490.0,  27487.1,  311.799629425,  559.310531119,  763.252
1590.30670702,  32478.8,  27478.3,  311.799825759,  559.310699567,  762.765
1590.32714165,  32475.8,  27474.6,  311.799742783,  559.310396464,  762.557
1590.34757609,  32477.6,  27477.1,  311.799210528,  559.310201539,  762.715
1590.36801063,  32467.9,  27467.5,  311.799428786,  559.310398853,  762.831
1590.38844526,  32472.8,  27471.7,  311.799049065,  559.310690616,  763.284
1590.4088797,  32474.3,  27474.7,  311.799612686,  559.310367686,  763.081
1590.42931424,  32459.8,  27460.6,  311.800044934,  559.310399977,  762.356
1590.44974877,  32470.0,  27469.4,  311.799509947,  559.310579208,  762.514
1590.47018331,  32472.2,  27471.9,  311.799509754,  559.31032976,  762.382
1590.49061795,  32464.2,  27463.5,  311.799355723,  559.310465584,  761.831
1590.51105238,  32473.6,  27473.0,  311.799770336,  559.310380696,  762.634
1590.53148692,  32461.3,  27461.7,  311.799538578,  559.310169049,  762.844
1590.55192156,  32468.1,  27466.8,  311.799733224,  559.310519857,  762.326
1590.57235599,  32472.7,  27471.9,  311.79921214,  559.3108476,  762.533
1590.59279053,  32451.8,  27453.3,  311.799463887,  559.310291652,  762.389
1590.61322517,  32467.1,  27466.3,  311.79926779,  559.309970262,  762.263
1590.63365961,  32461.6,  27462.1,  311.799205542,  559.310209194,  761.394
1590.65409414,  32467.3,  27465.5,  311.799775948,  559.310486225,  761.798
1590.67452878,  32462.4,  27462.2,  311.799709991,  559.310715188,  762.072
1590.69496332,  32459.8,  27460.1,  311.798916752,  559.310575178,  761.963
1590.71539786,  32459.3,  27458.8,  311.799730376,  559.310518704,  762.352
1590.73583239,  32467.8,  27467.2,  311.800109599,  559.310071232,  762.227
1590.75626693,  32456.7,  27456.8,  311.799459067,  559.310507807,  761.959
1590.77670147,  32457.7,  27457.2,  311.799259356,  559.310590987,  762.126
1590.79713601,  32453.8,  27455.3,  311.799614511,  559.310301239,  761.985
1590.81757054,  32458.9,  27457.6,  311.799562216,  559.310465919,  761.952
1590.83800518,  32441.5,  27443.6,  311.799440066,  559.310651659,  761.839
1590.85843962,  32451.5,  27452.5,  311.799697504,  559.310265439,  761.588
1590.87887416,  32448.2,  27448.6,  311.799357128,  559.31032711,  761.75
1590.8993088,  32443.0,  27445.7,  311.799316289,  559.310581566,  761.335
1590.91974323,  32447.2,  27448.8,  311.79974714,  559.31031112,  761.748
1590.94017787,  32461.4,  27459.5,  311.799299391,  559.310433581,  760.91
1590.96061241,  32450.1,  27451.6,  311.799385436,  559.310273462,  761.715
1590.98104685,  32402.4,  27400.4,  311.797287598,  559.310922605,  761.746
1591.00148149,  31639.1,  26761.6,  311.798211986,  559.31131643,  761.064
