Kepler I.D.-----Channel

[2447893]--------[83]

-TTYPE1--------TTYPE8------------TTYPE4-----------TTYPE15------------TTYPE17-----------TTYPE6

['TIME']---['PDCSAP_FLUX']---['SAP_FLUX']---['MOM_CENTR1']---['MOM_CENTR2']---['SAP_BKG']

['BJD - 2454833']--['e-/s']--------['e-/s']---------['pixel']---------['pixel']----------['e-/s']

CROWDSAP --- 0.9648

2447893

1559.24612441,  19052.2,  15110.3,  776.908231119,  484.448083606,  1188.78
1559.2665588,  20902.8,  16522.8,  776.917893317,  484.452725768,  1187.52
1559.28699329,  21262.6,  16797.0,  776.919654312,  484.453609459,  1187.85
1559.30742758,  21327.7,  16847.1,  776.919791037,  484.453728313,  1188.11
1559.32786197,  21408.1,  16909.9,  776.920676853,  484.454516555,  1186.57
1559.34829647,  21479.9,  16963.4,  776.9206428,  484.454480045,  1187.27
1559.36873076,  21496.9,  16977.5,  776.919784384,  484.454807229,  1187.77
1559.38916525,  21469.6,  16957.4,  776.920361333,  484.454704391,  1187.22
1559.40959965,  21422.5,  16920.8,  776.91955157,  484.454463182,  1187.46
1559.43003404,  21314.3,  16840.2,  776.918844004,  484.454482715,  1187.17
1559.45046843,  21198.9,  16752.1,  776.918451695,  484.45374617,  1186.96
1559.47090283,  21064.1,  16649.0,  776.918359032,  484.454174904,  1185.68
1559.49133722,  20918.1,  16539.4,  776.91738428,  484.454749135,  1186.43
1559.51177162,  20688.9,  16364.1,  776.916213588,  484.454560148,  1186.33
1559.53220601,  19589.2,  15526.3,  776.910427737,  484.451220281,  1185.81
1559.55264041,  18258.2,  14512.7,  776.902354947,  484.44771475,  1185.01
1559.5730748,  18807.7,  14930.5,  776.905545562,  484.448844513,  1185.49
1559.5935092,  20333.8,  16095.3,  776.914074884,  484.453432995,  1184.87
1559.61394359,  20830.3,  16475.0,  776.916216449,  484.454914685,  1184.75
1559.63437799,  20970.1,  16580.6,  776.916480972,  484.454706809,  1184.07
1559.65481238,  21143.4,  16715.1,  776.917469335,  484.45542324,  1185.12
1559.67524688,  21297.0,  16831.3,  776.91794269,  484.456036016,  1183.73
1559.69568118,  21422.6,  16927.4,  776.919056504,  484.456337856,  1184.08
1559.71611557,  21514.1,  16998.2,  776.919659734,  484.456922549,  1183.4
1559.73655007,  21574.3,  17043.8,  776.91951728,  484.457005329,  1184.02
1559.75698437,  21560.3,  17033.6,  776.919398107,  484.456851368,  1183.94
1559.77741886,  21463.8,  16961.1,  776.918827014,  484.4581352,  1184.0
1559.79785326,  21492.9,  16981.9,  776.918834027,  484.457523519,  1182.79
1559.81828756,  21418.8,  16926.4,  776.918621234,  484.457228774,  1183.97
1559.83872206,  21336.4,  16864.7,  776.917848303,  484.457633513,  1183.34
1559.85915646,  20260.1,  16042.3,  776.912875092,  484.454428547,  1182.64
1559.87959076,  18326.7,  14570.0,  776.900915856,  484.450089,  1182.67
1559.90002525,  18360.9,  14595.9,  776.901221378,  484.450426998,  1183.01
1559.92045965,  20320.9,  16090.4,  776.912885642,  484.455309654,  1182.08
1559.94089415,  21202.9,  16764.2,  776.917730239,  484.457339902,  1181.54
1559.96132845,  21277.8,  16820.2,  776.918269882,  484.457407945,  1182.12
1559.98176285,  21377.8,  16896.6,  776.917599309,  484.458147865,  1180.79
1560.00219735,  21470.8,  16969.1,  776.918631591,  484.458021579,  1181.7
1560.02263165,  21474.7,  16970.6,  776.918306889,  484.458180658,  1181.75
1560.04306605,  21456.1,  16957.1,  776.919300055,  484.45781041,  1182.42
1560.06350055,  21442.9,  16948.0,  776.917882632,  484.458564952,  1181.37
1560.08393485,  21346.7,  16873.5,  776.918816225,  484.45807284,  1181.14
1560.10436936,  21228.6,  16784.7,  776.917763383,  484.457327332,  1181.46
1560.12480376,  21106.3,  16691.0,  776.916337658,  484.457502999,  1180.1
1560.14523806,  20955.6,  16575.6,  776.915875077,  484.456814804,  1180.82
1560.16567256,  20835.4,  16485.4,  776.915499122,  484.456667161,  1180.89
1560.18610696,  20191.8,  15993.3,  776.912458179,  484.455420907,  1181.3
1560.20654126,  18606.4,  14784.7,  776.901817147,  484.451291231,  1180.78
1560.22697577,  18363.7,  14600.7,  776.900049112,  484.451164946,  1180.65
1560.24741017,  19805.8,  15699.0,  776.910084594,  484.454343552,  1179.87
1560.26784447,  20773.2,  16437.5,  776.914801276,  484.45715569,  1180.17
1560.28827898,  20913.0,  16544.7,  776.915324141,  484.457884639,  1180.12
1560.30871338,  21044.5,  16643.9,  776.916033245,  484.457741427,  1179.93
1560.32914778,  21217.7,  16777.6,  776.917007972,  484.458411212,  1180.69
1560.34958219,  21361.1,  16886.2,  776.917096601,  484.458625621,  1180.32
1560.37001659,  21471.4,  16970.0,  776.918241154,  484.459376718,  1179.49
1560.3904511,  21546.2,  17028.2,  776.918290207,  484.459768272,  1179.89
1560.4108854,  21562.6,  17038.8,  776.918473276,  484.459316441,  1180.03
1560.4313198,  21557.2,  17036.0,  776.918350804,  484.459442706,  1179.65
1560.45175431,  21524.9,  17012.1,  776.918791463,  484.45938729,  1179.28
1560.47218862,  21456.0,  16957.7,  776.918375427,  484.459159184,  1178.39
1560.49262312,  21487.4,  16983.2,  776.917611275,  484.45961149,  1179.43
1560.51305753,  20934.4,  16560.9,  776.915400295,  484.458783107,  1179.21
1560.53349183,  18998.9,  15084.4,  776.9048597,  484.453206468,  1178.03
1560.55392634,  18049.7,  14362.0,  776.898780432,  484.450992823,  1179.01
1560.57436075,  19610.6,  15551.3,  776.907699368,  484.455325874,  1177.31
1560.59479505,  21232.4,  16788.1,  776.915366893,  484.459213544,  1177.84
1560.61522956,  21325.3,  16860.6,  776.916673507,  484.459521772,  1177.98
1560.63566397,  21355.7,  16881.6,  776.916627518,  484.459354676,  1177.61
1560.65609837,  21427.2,  16936.5,  776.917149219,  484.459391533,  1177.31
1560.67653278,  21467.6,  16968.6,  776.917960189,  484.459718981,  1177.22
1560.69696719,  21472.1,  16970.6,  776.917704789,  484.45979523,  1176.92
1560.737836,  21371.5,  16894.9,  776.91676794,  484.459401754,  1176.69
1560.75827041,  21261.4,  16809.8,  776.916196141,  484.458927462,  1176.6
1560.77870492,  21136.6,  16715.6,  776.915532445,  484.459339939,  1176.71
1560.79913923,  21008.2,  16616.2,  776.914581939,  484.458944528,  1176.21
1560.81957364,  20870.5,  16510.5,  776.914455429,  484.458092132,  1178.15
1560.84000815,  20584.7,  16294.4,  776.913584894,  484.457112189,  1190.0
1560.96261461,  21012.0,  16621.0,  776.915277882,  484.458517947,  1203.23
1560.98304892,  21161.2,  16735.3,  776.914299077,  484.458543507,  1202.42
1561.00348343,  21295.9,  16838.6,  776.916055386,  484.46058372,  1199.82
1561.02391784,  21432.1,  16941.8,  776.915752233,  484.459164609,  1196.68
1561.04435236,  21534.9,  17019.0,  776.914668084,  484.46043394,  1197.04
1561.06478667,  21593.4,  17064.8,  776.913846242,  484.461886418,  1195.21
1561.08522108,  21574.8,  17050.5,  776.918822611,  484.459920906,  1193.77
1561.10565559,  21564.7,  17042.6,  776.919578195,  484.460501141,  1192.34
1561.12608991,  21501.2,  16995.3,  776.917276577,  484.460533523,  1189.44
1561.14652432,  21417.4,  16929.6,  776.916232885,  484.459748179,  1190.16
1561.16695883,  21269.9,  16817.7,  776.91616892,  484.460207758,  1188.31
1561.18739314,  19806.5,  15701.0,  776.90961721,  484.456501755,  1186.5
1561.20782756,  18125.2,  14417.7,  776.898661515,  484.451553359,  1186.43
1561.22826207,  18805.7,  14938.2,  776.903177642,  484.454241306,  1186.0
1561.24869639,  20735.9,  16409.4,  776.912224705,  484.458736194,  1185.39
1561.2691309,  21260.9,  16808.5,  776.915219214,  484.460856981,  1185.15
1561.28956531,  21330.1,  16862.5,  776.916282108,  484.460655801,  1183.95
1561.30999973,  21391.6,  16908.5,  776.915978367,  484.462295173,  1182.23
1561.33043414,  21451.1,  16954.4,  776.916785437,  484.460734779,  1181.95
1561.35086856,  21472.9,  16971.7,  776.916899258,  484.46106047,  1181.66
1561.37130297,  21498.1,  16989.5,  776.916901016,  484.460873264,  1180.36
1561.39173739,  21442.8,  16948.7,  776.916448695,  484.46109929,  1179.89
1561.41217181,  21322.8,  16857.1,  776.916313696,  484.461154316,  1178.35
1561.43260632,  21218.3,  16776.6,  776.915564044,  484.461130087,  1178.34
1561.45304064,  21078.4,  16670.6,  776.915164103,  484.461022028,  1176.99
1561.47347505,  20920.5,  16549.2,  776.913798096,  484.460809911,  1176.48
1561.49390947,  20772.0,  16436.3,  776.912033812,  484.459679929,  1176.47
1561.51434389,  19793.3,  15691.6,  776.907586181,  484.457136328,  1175.76
1561.5347783,  18329.5,  14572.8,  776.899116537,  484.453169278,  1176.26
1561.55521282,  18615.1,  14791.9,  776.900779569,  484.455329469,  1175.85
1561.57564714,  20173.3,  15979.9,  776.910891146,  484.458472475,  1174.85
1561.59608156,  20865.1,  16507.1,  776.913902356,  484.460296923,  1174.62
1561.61651608,  20987.0,  16601.4,  776.914447013,  484.460520088,  1174.31
1561.63695039,  21144.5,  16720.7,  776.915544821,  484.462356152,  1173.5
1561.65738491,  21291.6,  16832.0,  776.915514033,  484.461634206,  1174.23
1561.67781933,  21436.4,  16944.2,  776.916144686,  484.461674012,  1173.48
1561.69825365,  21528.2,  17013.1,  776.916363124,  484.46193642,  1172.9
1561.71868817,  21594.2,  17064.1,  776.916495662,  484.462152472,  1172.09
1561.73912259,  21612.0,  17078.0,  776.916970927,  484.462718039,  1174.05
1561.75955691,  21605.6,  17072.0,  776.916175906,  484.46228178,  1171.8
1561.77999143,  21565.9,  17043.1,  776.916360961,  484.462649283,  1170.76
1561.80042585,  21511.3,  17002.3,  776.916484966,  484.462255198,  1171.86
1561.82086037,  21421.6,  16932.1,  776.915249078,  484.462049238,  1172.28
1561.84129469,  20588.0,  16297.8,  776.911879742,  484.460863767,  1172.1
1561.86172911,  18582.3,  14767.4,  776.900254038,  484.455199628,  1170.32
1561.88216363,  18273.7,  14532.1,  776.898583234,  484.454095532,  1171.02
1561.90259795,  20101.0,  15925.9,  776.909016461,  484.458447332,  1171.26
1561.92303237,  21232.9,  16788.7,  776.915013163,  484.462415851,  1170.59
1561.94346689,  21315.6,  16851.6,  776.915271648,  484.46243374,  1171.13
1561.96390121,  21380.6,  16902.7,  776.915491069,  484.462845629,  1170.23
1561.98433564,  21448.4,  16952.9,  776.915972058,  484.462916648,  1168.88
1562.00477016,  21482.8,  16980.1,  776.915395165,  484.462776107,  1169.92
1562.02520458,  21459.2,  16962.7,  776.915834316,  484.46273147,  1169.62
1562.045639,  21417.6,  16929.4,  776.915350872,  484.462531556,  1168.66
1562.06607343,  21349.9,  16878.8,  776.914232918,  484.462985335,  1169.43
1562.08650775,  21230.9,  16788.2,  776.914494362,  484.462594164,  1170.41
1562.10694227,  21093.3,  16682.4,  776.913396879,  484.462488822,  1167.48
1562.1273767,  20961.3,  16583.7,  776.91236109,  484.461753345,  1168.3
1562.14781102,  20820.9,  16475.0,  776.912742439,  484.460774327,  1167.38
1562.16824554,  20331.1,  16101.7,  776.909814771,  484.46092304,  1168.98
1562.18867997,  18739.7,  14889.2,  776.90116417,  484.456233437,  1168.13
1562.20911449,  18243.4,  14509.1,  776.898131688,  484.454853697,  1167.17
1562.22954882,  19583.8,  15531.9,  776.906089589,  484.459110463,  1168.6
1562.24998324,  20736.7,  16411.8,  776.912084989,  484.46111911,  1166.68
1562.27041777,  20904.8,  16538.7,  776.913961033,  484.461721541,  1166.6
1562.29085209,  21063.6,  16660.8,  776.913899545,  484.462805793,  1166.61
1562.31128652,  21224.0,  16783.4,  776.914173011,  484.463239238,  1167.08
1562.33172104,  21394.6,  16912.7,  776.915850697,  484.462402643,  1167.05
1562.35215537,  21510.5,  17002.4,  776.916197073,  484.464144007,  1165.52
1562.3725899,  21579.3,  17053.5,  776.916216016,  484.464561719,  1166.23
1562.39302432,  21603.9,  17073.0,  776.916361202,  484.464297992,  1165.64
1562.41345865,  21608.5,  17077.3,  776.916577914,  484.464421326,  1165.65
1562.43389318,  21593.4,  17063.7,  776.916214961,  484.464339063,  1165.29
1562.4543276,  21532.1,  17017.7,  776.91549983,  484.464612247,  1164.79
1562.47476193,  21479.2,  16978.7,  776.916030205,  484.464007221,  1164.92
1562.49519646,  21173.9,  16744.0,  776.914671192,  484.463088077,  1164.5
1562.51563089,  19323.9,  15334.4,  776.903636169,  484.45899788,  1164.75
1562.53606531,  18080.6,  14385.9,  776.896607078,  484.45518604,  1164.45
1562.55649974,  19341.4,  15347.1,  776.904772337,  484.45920465,  1164.31
1562.57693417,  21052.1,  16653.0,  776.912892925,  484.463726819,  1163.66
1562.5973687,  21298.7,  16839.5,  776.914001256,  484.463911066,  1164.07
1562.61780303,  21365.3,  16890.4,  776.914353408,  484.463840282,  1163.57
1562.63823746,  21428.0,  16939.8,  776.91500269,  484.464943148,  1162.34
1562.65867199,  21469.4,  16969.9,  776.915200264,  484.464548564,  1163.6
1562.67910642,  21463.8,  16966.2,  776.914878309,  484.464897829,  1163.23
1562.69954075,  21444.4,  16952.5,  776.914526537,  484.464547381,  1162.7
1562.71997528,  21393.0,  16911.5,  776.914764926,  484.464394125,  1163.37
1562.74040961,  21276.2,  16823.5,  776.913942775,  484.463985282,  1162.92
1562.76084414,  21147.3,  16724.4,  776.913781438,  484.463692468,  1163.22
1562.78127857,  21013.6,  16622.3,  776.912612503,  484.463662121,  1161.49
1562.8017129,  20886.0,  16526.4,  776.91244368,  484.463672502,  1162.19
1562.82214743,  20661.8,  16354.1,  776.911228887,  484.462601008,  1162.71
1562.84258186,  19357.6,  15360.3,  776.903849905,  484.45950428,  1162.5
1562.86301619,  18167.3,  14453.3,  776.896833929,  484.456220585,  1161.41
1562.88345072,  18942.4,  15042.8,  776.901429093,  484.458278224,  1161.22
1562.90388515,  20442.2,  16187.6,  776.909168997,  484.462897228,  1162.23
1562.92431949,  20848.2,  16497.2,  776.912264859,  484.463809219,  1161.88
1562.94475402,  20970.1,  16588.9,  776.912741221,  484.463377782,  1161.67
1562.96518845,  21136.5,  16717.5,  776.9131601,  484.464240996,  1161.35
1562.98562298,  21298.6,  16839.6,  776.914018901,  484.464966751,  1161.98
1563.00605732,  21449.3,  16954.5,  776.915041053,  484.464773774,  1162.94
1563.02649175,  21561.1,  17041.4,  776.914032833,  484.465707477,  1161.92
1563.04692628,  21612.2,  17078.8,  776.915578187,  484.465532635,  1160.39
1563.06736062,  21643.1,  17103.2,  776.915479745,  484.464970191,  1160.13
1563.08779505,  21633.0,  17096.3,  776.915837733,  484.465939199,  1161.36
1563.10822959,  21598.2,  17068.5,  776.914880917,  484.466042242,  1159.89
1563.12866392,  21538.1,  17023.7,  776.915370623,  484.465514286,  1159.87
1563.14909845,  21424.0,  16935.8,  776.915103396,  484.465823379,  1160.31
1563.16953289,  20153.1,  15966.8,  776.908751014,  484.461924329,  1161.65
1563.18996732,  18290.8,  14547.3,  776.896881103,  484.457748108,  1162.75
1563.21040176,  18646.8,  14818.0,  776.90000734,  484.459014601,  1164.92
1563.23083619,  20617.9,  16321.3,  776.910578082,  484.464392843,  1165.13
1563.25127063,  21298.6,  16841.4,  776.914403407,  484.465659301,  1165.26
1563.27170507,  21344.0,  16874.8,  776.914556731,  484.465802325,  1164.7
1563.2921395,  21412.5,  16927.6,  776.913999127,  484.46642909,  1166.06
1563.31257394,  21465.1,  16968.4,  776.914665829,  484.465628135,  1166.96
1563.33300847,  21459.5,  16962.9,  776.913922174,  484.466213058,  1168.39
1563.35344281,  21427.7,  16939.8,  776.914394236,  484.46621776,  1168.45
1563.37387725,  21379.2,  16902.3,  776.913693552,  484.465697607,  1169.8
1563.39431168,  21285.3,  16830.4,  776.913668692,  484.465178509,  1170.15
1563.41474612,  21161.6,  16736.7,  776.913152474,  484.465673149,  1167.52
1563.43518066,  21028.4,  16634.1,  776.912728231,  484.465291114,  1168.58
1563.455615,  20913.7,  16546.5,  776.912240894,  484.464799141,  1168.94
1563.47604943,  20755.9,  16427.6,  776.911062664,  484.464652472,  1169.48
1563.49648397,  19988.7,  15841.4,  776.907696977,  484.462445901,  1167.17
1563.51691831,  18427.0,  14650.6,  776.898520982,  484.458360607,  1165.48
1563.53735285,  18404.4,  14634.7,  776.897941005,  484.458591199,  1164.76
1563.55778729,  19957.3,  15817.6,  776.907534117,  484.462494137,  1164.33
1563.57822163,  20767.2,  16435.6,  776.910338528,  484.464538305,  1163.7
1563.59865617,  20919.3,  16551.3,  776.912247924,  484.465443417,  1163.64
1563.61909061,  21080.7,  16674.2,  776.912916882,  484.465601695,  1163.2
1563.63952495,  21247.2,  16802.6,  776.914402696,  484.465940053,  1161.81
1563.65995949,  21400.5,  16918.5,  776.913850518,  484.466282758,  1161.81
1563.68039393,  21539.4,  17024.1,  776.914546386,  484.467307409,  1162.51
1563.72126281,  21661.9,  17116.2,  776.915477528,  484.46678707,  1160.23
1563.74169725,  21659.0,  17114.7,  776.915536525,  484.467229601,  1160.81
1563.76213179,  21630.2,  17093.1,  776.91471161,  484.46734221,  1159.74
1563.78256613,  21576.3,  17050.5,  776.914469518,  484.466874294,  1160.05
1563.80300057,  21519.6,  17008.0,  776.913617128,  484.467093602,  1159.63
1563.82343511,  20858.1,  16503.5,  776.910849516,  484.465460589,  1161.15
1563.84386955,  18885.5,  14998.7,  776.899616901,  484.459478095,  1160.63
1563.8643039,  18201.8,  14477.6,  776.896002684,  484.45836485,  1160.48
1563.88473844,  19891.6,  15765.5,  776.905767735,  484.462515064,  1160.85
1563.90517288,  21215.7,  16775.5,  776.912764858,  484.466183862,  1160.53
1563.92560732,  21314.0,  16850.8,  776.912789427,  484.466666106,  1160.52
1563.94604177,  21371.3,  16893.2,  776.913168944,  484.466663117,  1159.51
1563.96647621,  21422.3,  16932.9,  776.913900634,  484.466568531,  1160.61
1563.98691065,  21447.3,  16952.1,  776.913366811,  484.466765358,  1159.03
1564.00734509,  21434.4,  16940.8,  776.913149398,  484.466928053,  1160.9
1564.02777954,  21431.2,  16939.8,  776.913220603,  484.466617919,  1160.12
1564.04821398,  21329.4,  16861.6,  776.913214172,  484.467158393,  1159.99
1564.06864843,  21209.8,  16769.6,  776.912124935,  484.466419569,  1159.28
1564.08908297,  21079.4,  16671.6,  776.910967226,  484.466361833,  1159.22
1564.10951731,  20939.0,  16563.3,  776.911013265,  484.465625286,  1160.17
1564.12995176,  20794.3,  16452.9,  776.910178208,  484.465048496,  1159.49
1564.1503863,  20447.0,  16188.9,  776.909377186,  484.464474017,  1159.38
1564.17082065,  18914.2,  15018.8,  776.900239893,  484.460341406,  1159.37
1564.19125509,  18148.4,  14435.3,  776.895430316,  484.458530505,  1158.77
1564.21168964,  19327.8,  15335.5,  776.902518031,  484.461450651,  1157.24
1564.23212399,  20636.0,  16331.4,  776.909748716,  484.464864272,  1157.13
1564.25255843,  20857.6,  16501.7,  776.910865495,  484.465910639,  1157.01
1564.27299298,  21053.4,  16650.4,  776.912133181,  484.465534196,  1157.87
1564.29342732,  21238.8,  16791.5,  776.91274713,  484.466403254,  1157.05
1564.31386187,  21379.0,  16899.7,  776.9123215,  484.466470413,  1155.2
1564.33429632,  21567.9,  17042.3,  776.914481018,  484.467568727,  1156.49
1564.35473067,  21639.0,  17096.9,  776.913998312,  484.467364517,  1154.83
1564.37516521,  21699.4,  17143.9,  776.913924235,  484.467998044,  1155.78
1564.39559966,  21707.8,  17149.3,  776.914077793,  484.467964599,  1155.58
1564.41603411,  21683.4,  17131.3,  776.914186623,  484.467994189,  1153.94
1564.43646856,  21639.7,  17097.8,  776.91444416,  484.468270171,  1155.18
1564.456903,  21568.3,  17042.5,  776.913604782,  484.467518313,  1155.99
1564.47733755,  21325.6,  16858.6,  776.912630865,  484.467863995,  1154.95
1564.497772,  19680.4,  15603.7,  776.903982973,  484.463019151,  1154.22
1564.51820635,  18159.9,  14443.5,  776.894470574,  484.459068086,  1154.49
1564.5386409,  19125.4,  15180.6,  776.900605771,  484.461850481,  1153.07
1564.55907535,  20962.0,  16580.1,  776.910959423,  484.466408562,  1151.63
1564.5795097,  21331.7,  16862.7,  776.912491656,  484.467301163,  1151.2
1564.59994425,  21391.8,  16909.2,  776.912466377,  484.468312776,  1150.69
1564.6203787,  21407.3,  16919.9,  776.912742593,  484.46799075,  1149.84
1564.64081304,  21425.0,  16934.1,  776.913269461,  484.467859934,  1149.6
1564.6612476,  21431.0,  16939.4,  776.912141724,  484.468006615,  1149.43
1564.68168195,  21399.3,  16913.8,  776.912451317,  484.467549289,  1149.87
1564.7021165,  21339.2,  16869.1,  776.912527558,  484.467895022,  1149.88
1564.72255095,  21239.6,  16792.9,  776.911120975,  484.46810737,  1149.4
1564.7429853,  21113.4,  16696.3,  776.911583715,  484.467480126,  1148.98
1564.76341985,  20969.3,  16587.9,  776.910624372,  484.467256515,  1148.54
1564.7838543,  20817.0,  16471.2,  776.910169552,  484.466326314,  1147.54
1564.80428865,  20641.6,  16336.6,  776.909229978,  484.466151845,  1148.6
1564.8247232,  19547.1,  15503.5,  776.902853846,  484.464059941,  1148.13
1564.84515766,  18196.6,  14471.7,  776.894981364,  484.459361864,  1148.16
1564.86559221,  18706.2,  14861.8,  776.897780194,  484.461924787,  1146.65
1564.88602656,  20265.7,  16051.6,  776.9069685,  484.465839989,  1147.77
1564.90646101,  20780.5,  16442.2,  776.909729319,  484.466679681,  1146.55
1564.92689557,  20924.3,  16553.5,  776.909467181,  484.467612417,  1147.22
1564.94732992,  21113.4,  16697.6,  776.91109966,  484.467826975,  1146.67
1564.96776437,  21300.1,  16839.0,  776.912383557,  484.468372383,  1147.86
1564.98819893,  21463.1,  16964.6,  776.91269058,  484.469008836,  1147.1
1565.00863328,  21577.0,  17050.8,  776.912827855,  484.469386096,  1146.78
1565.02906773,  21666.6,  17119.5,  776.9131711,  484.469502536,  1146.28
1565.04950229,  21704.1,  17148.7,  776.914467011,  484.469237805,  1146.79
1565.06993674,  21691.4,  17138.1,  776.913169553,  484.470002485,  1146.02
1565.0903712,  21663.9,  17118.5,  776.913856064,  484.46971605,  1145.67
1565.11080565,  21607.4,  17075.4,  776.912641383,  484.469783152,  1146.81
1565.13124011,  21501.7,  16993.3,  776.912705616,  484.46949792,  1146.84
1565.15167456,  20458.9,  16199.3,  776.907134083,  484.46725236,  1146.72
1565.17210902,  18493.3,  14699.7,  776.896633338,  484.462055155,  1146.37
1565.19254347,  18468.6,  14680.5,  776.896710153,  484.461869511,  1145.96
1565.21297803,  20370.2,  16132.6,  776.90713387,  484.467121525,  1145.34
1565.23341238,  21249.9,  16801.9,  776.91078694,  484.469311462,  1145.85
1565.25384694,  21290.9,  16833.2,  776.911323036,  484.469557592,  1146.01
1565.27428139,  21346.7,  16876.8,  776.911559156,  484.469856711,  1145.53
1565.29471575,  21396.5,  16914.0,  776.912312184,  484.470015627,  1144.63
1565.31515031,  21369.0,  16893.4,  776.911459442,  484.46920195,  1145.92
1565.33558466,  21351.9,  16880.5,  776.911754677,  484.46924317,  1144.59
1565.35601912,  21329.2,  16862.2,  776.911509871,  484.469422879,  1145.11
1565.37645368,  21249.3,  16803.0,  776.91135846,  484.469299783,  1144.6
1565.39688804,  21124.3,  16706.8,  776.9109141,  484.468772202,  1144.39
1565.41732249,  20995.2,  16608.1,  776.910039834,  484.468270253,  1146.14
1565.43775705,  20835.4,  16487.3,  776.909542409,  484.468409254,  1145.95
1565.45819141,  20693.3,  16377.6,  776.908440946,  484.468124823,  1145.91
1565.47862597,  20073.1,  15904.8,  776.904433057,  484.466642823,  1145.61
1565.49906043,  18512.5,  14715.7,  776.895823738,  484.462765711,  1144.22
1565.51949479,  18199.3,  14475.7,  776.893755462,  484.461876519,  1145.43
1565.53992935,  19672.4,  15600.4,  776.902853864,  484.46566191,  1145.48
1565.5603638,  20680.9,  16369.1,  776.908084841,  484.468387624,  1143.85
1565.58079826,  20849.3,  16497.3,  776.90893131,  484.468603995,  1144.24
1565.60123272,  21015.9,  16625.0,  776.909983089,  484.468968328,  1144.36
1565.62166718,  21213.5,  16774.7,  776.911296857,  484.469350919,  1142.72
1565.64210174,  21384.3,  16905.3,  776.912004304,  484.470118383,  1143.95
1565.6625361,  21537.8,  17023.7,  776.912180954,  484.471088107,  1143.06
1565.68297056,  21656.7,  17112.5,  776.912663842,  484.471178953,  1143.33
1565.70340512,  21712.5,  17156.1,  776.912326841,  484.471289862,  1142.79
1565.72383959,  21718.8,  17161.1,  776.91309087,  484.47122054,  1144.1
1565.74427395,  21713.5,  17155.6,  776.91221332,  484.471103815,  1143.64
1565.76470851,  21662.7,  17118.1,  776.912987917,  484.471415655,  1142.29
1565.78514297,  21578.6,  17054.2,  776.911836094,  484.471076038,  1142.36
1565.80557743,  21091.4,  16681.8,  776.909614101,  484.470268032,  1142.23
1565.82601189,  19184.6,  15228.5,  776.89987775,  484.465535991,  1142.05
1565.84644635,  18146.1,  14435.8,  776.892947305,  484.462607641,  1141.85
1565.86688092,  19607.5,  15550.2,  776.90182791,  484.466710787,  1141.43
1565.88731528,  21114.9,  16700.9,  776.910126958,  484.470602069,  1140.96
1565.90774974,  21260.5,  16809.9,  776.910605858,  484.470558171,  1141.24
1565.9281843,  21297.7,  16839.9,  776.910565516,  484.471467196,  1140.71
1565.94861867,  21336.5,  16869.6,  776.911128914,  484.470724364,  1140.73
1565.96905313,  21360.7,  16887.0,  776.910528035,  484.47098114,  1140.75
1565.98948759,  21355.3,  16884.4,  776.910731131,  484.470974847,  1139.94
1566.00992206,  21316.7,  16854.2,  776.911437109,  484.470642505,  1139.48
1566.03035662,  21264.5,  16813.4,  776.909980129,  484.470867258,  1140.34
1566.05079098,  21148.0,  16726.2,  776.909163764,  484.470359927,  1139.39
1566.07122545,  21027.0,  16632.6,  776.908817639,  484.470876267,  1139.42
1566.09166001,  20876.2,  16517.9,  776.909359312,  484.470357989,  1139.41
1566.11209438,  20733.2,  16409.7,  776.907591304,  484.469478445,  1139.88
1566.13252884,  20465.5,  16204.5,  776.906153598,  484.468729106,  1139.16
1566.15296341,  19060.2,  15133.5,  776.8986127,  484.465562023,  1138.58
1566.17339777,  18036.2,  14353.1,  776.892451157,  484.46295851,  1139.0
1566.19383234,  19033.1,  15112.3,  776.898295769,  484.465184123,  1138.85
1566.2142668,  20467.1,  16207.0,  776.905946817,  484.46908561,  1138.43
1566.23470117,  20770.0,  16437.3,  776.907865766,  484.470087844,  1137.59
1566.25513574,  20947.5,  16572.0,  776.90980527,  484.470208329,  1138.24
1566.2755702,  21119.2,  16704.4,  776.909646859,  484.471443688,  1139.18
1566.29600467,  21315.4,  16852.9,  776.909685361,  484.471686423,  1137.64
1566.31643913,  21484.6,  16982.1,  776.911268339,  484.471793244,  1138.01
1566.3368736,  21621.5,  17087.5,  776.912092438,  484.472349496,  1137.12
1566.35730807,  21702.5,  17147.7,  776.912122097,  484.47310136,  1136.46
1566.37774264,  21738.0,  17175.6,  776.911692451,  484.472561938,  1136.87
1566.398177,  21725.9,  17166.4,  776.911676697,  484.473021998,  1137.02
1566.41861157,  21685.8,  17134.6,  776.91191807,  484.472634552,  1137.12
1566.43904604,  21610.2,  17079.0,  776.911302299,  484.472554384,  1137.22
1566.45948041,  21435.1,  16944.3,  776.910639016,  484.472573665,  1136.38
1566.47991497,  19974.0,  15829.6,  776.9039586,  484.468410538,  1135.49
1566.50034944,  18239.8,  14509.1,  776.893309936,  484.464491784,  1135.85
1566.52078381,  18849.6,  14972.2,  776.896591586,  484.465295234,  1135.18
1566.54121838,  20763.3,  16431.9,  776.906685988,  484.470984583,  1134.71
1566.56165285,  21227.8,  16787.1,  776.909540338,  484.472185733,  1134.71
1566.58208732,  21263.5,  16812.6,  776.909680849,  484.471762235,  1135.82
1566.60252179,  21306.9,  16847.0,  776.910579511,  484.471348363,  1136.2
1566.62295616,  21321.0,  16857.6,  776.910371755,  484.472232345,  1135.77
1566.64339073,  21332.2,  16864.7,  776.910119725,  484.471822853,  1135.42
1566.6638252,  21310.6,  16849.7,  776.90992889,  484.472461436,  1135.98
1566.70469414,  21178.1,  16747.7,  776.908927028,  484.47178903,  1135.68
1566.72512861,  21071.4,  16666.8,  776.90830583,  484.471443427,  1133.39
1566.74556308,  20931.3,  16558.5,  776.907806425,  484.471041377,  1134.65
1566.76599755,  20790.1,  16451.3,  776.907413349,  484.470977256,  1133.39
1566.78643202,  20650.9,  16345.7,  776.90674022,  484.470713532,  1134.02
1566.80686659,  19701.9,  15619.8,  776.901798577,  484.468056609,  1133.86
1566.82730096,  18223.9,  14494.0,  776.892498134,  484.46349478,  1133.25
1566.84773544,  18452.0,  14667.5,  776.894422544,  484.464956887,  1133.66
1566.86817001,  20028.9,  15869.6,  776.903337246,  484.468484839,  1133.49
1566.88860448,  20711.6,  16391.1,  776.906178054,  484.47056023,  1133.87
1566.90903885,  20861.4,  16504.7,  776.907268163,  484.471184701,  1133.32
1566.92947342,  21042.5,  16642.2,  776.909053332,  484.471315803,  1132.3
1566.9499079,  21223.9,  16781.8,  776.909446869,  484.472260067,  1133.38
1566.97034237,  21404.1,  16917.2,  776.909866561,  484.472600629,  1132.63
1566.99077684,  21544.1,  17024.8,  776.910319938,  484.472968492,  1132.46
1567.01121132,  21668.8,  17120.4,  776.911372134,  484.473465316,  1131.84
1567.03164579,  21725.8,  17162.8,  776.911687609,  484.473359971,  1133.07
1567.05208026,  21735.5,  17171.1,  776.91153753,  484.473701204,  1132.06
1567.07251474,  21704.7,  17147.6,  776.911379428,  484.473256197,  1131.63
1567.09294931,  21654.7,  17108.1,  776.911479997,  484.473072562,  1132.19
1567.11338369,  21553.0,  17032.3,  776.91056942,  484.473644403,  1131.64
1567.13381826,  20714.3,  16391.2,  776.906530527,  484.471149662,  1132.56
1567.15425273,  18694.9,  14851.1,  776.894880271,  484.466109977,  1131.84
1567.17468711,  18278.5,  14534.9,  776.89297456,  484.465324361,  1130.68
1567.19512168,  20080.9,  15908.3,  776.903374331,  484.469588272,  1131.02
1567.21555616,  21173.5,  16742.4,  776.909042115,  484.472138707,  1131.21
1567.23599054,  21201.7,  16763.6,  776.908649066,  484.472813355,  1131.02
1567.25642511,  21252.6,  16801.4,  776.909048273,  484.472648741,  1130.14
1567.27685949,  21272.1,  16817.2,  776.909168054,  484.472911066,  1131.49
1567.29729396,  21283.0,  16825.2,  776.909445314,  484.472759252,  1130.16
1567.31772854,  21284.6,  16825.8,  776.909263441,  484.472906475,  1131.65
1567.33816292,  21257.8,  16807.1,  776.909001275,  484.473432584,  1130.44
1567.35859749,  21177.5,  16743.8,  776.90868884,  484.472255394,  1130.87
1567.37903197,  21089.6,  16677.3,  776.908559609,  484.472319112,  1130.07
1567.39946635,  20947.8,  16570.2,  776.907423615,  484.472817248,  1131.08
1567.41990092,  20812.4,  16465.3,  776.906941102,  484.472074485,  1130.14
1567.4403354,  20694.7,  16376.9,  776.905566671,  484.471507269,  1130.6
1567.46076988,  20233.2,  16025.1,  776.904525572,  484.470405426,  1129.84
1567.48120436,  18674.7,  14835.3,  776.895237955,  484.46598958,  1130.27
1567.50163883,  18085.8,  14387.2,  776.891011301,  484.464572484,  1130.29
1567.52207341,  19444.7,  15423.5,  776.898674239,  484.468267438,  1135.74
1567.54250779,  20612.2,  16312.9,  776.905663985,  484.471646767,  1129.89
1567.56294227,  20821.4,  16473.8,  776.906939252,  484.472332819,  1129.0
1567.58337685,  20995.9,  16606.4,  776.907966167,  484.472901777,  1129.21
1567.60381133,  21219.6,  16776.2,  776.908009487,  484.473141499,  1129.68
1567.6242457,  21392.0,  16908.9,  776.909819048,  484.473429229,  1129.13
1567.64468028,  21537.7,  17019.0,  776.910112335,  484.473869677,  1129.4
1567.66511476,  21666.0,  17117.1,  776.909616701,  484.475032915,  1129.17
1567.68554914,  21744.5,  17178.3,  776.911497038,  484.474887904,  1127.29
1567.70598372,  21781.8,  17205.3,  776.91079971,  484.474705177,  1128.97
1567.7264182,  21759.7,  17189.9,  776.910078397,  484.475352221,  1128.57
1567.74685278,  21701.6,  17144.1,  776.910790323,  484.474778014,  1128.23
1567.76728716,  21587.4,  17057.3,  776.910461165,  484.474950035,  1128.12
1567.78772164,  21234.1,  16789.5,  776.907656806,  484.474402833,  1128.41
1567.80815623,  19374.6,  15370.1,  776.898873597,  484.470331589,  1128.06
1567.82859061,  18076.9,  14380.4,  776.890585067,  484.465492342,  1128.35
1567.84902509,  19270.0,  15291.6,  776.897510903,  484.46953566,  1127.55
1567.86945967,  20937.5,  16562.0,  776.906774662,  484.473125054,  1128.04
1567.88989405,  21153.8,  16727.5,  776.907709895,  484.474049013,  1127.29
1567.91032863,  21184.9,  16751.9,  776.907648115,  484.474714217,  1126.99
1567.93076301,  21247.7,  16797.8,  776.907886131,  484.474588414,  1127.63
1567.9511975,  21394.3,  16911.2,  776.908526822,  484.473841417,  1127.53
1567.97163208,  21285.1,  16827.9,  776.908181879,  484.474203085,  1126.77
1567.99206646,  21241.0,  16793.6,  776.908304385,  484.473973059,  1126.72
1568.01250094,  21186.4,  16753.5,  776.90895675,  484.474767882,  1126.38
1568.03293553,  21104.2,  16689.4,  776.907817288,  484.474755782,  1126.95
1568.05336991,  20984.7,  16598.4,  776.906862123,  484.473898432,  1125.53
1568.07380439,  20849.6,  16496.7,  776.906883747,  484.4732776,  1126.76
1568.09423898,  20706.9,  16386.0,  776.905665865,  484.473661047,  1126.17
1568.11467346,  20524.1,  16247.6,  776.905054909,  484.47283106,  1126.2
1568.13510794,  19261.5,  15285.3,  776.897665652,  484.469444192,  1126.28
1568.15554243,  18048.7,  14359.1,  776.890051825,  484.465760617,  1126.34
1568.17597691,  18810.8,  14941.2,  776.8946572,  484.468326146,  1126.64
1568.1964114,  20341.0,  16107.8,  776.902656521,  484.472344583,  1126.74
1568.21684588,  20781.7,  16443.5,  776.9053898,  484.473134234,  1126.04
1568.23728037,  20942.7,  16567.7,  776.905922853,  484.474635978,  1126.55
1568.25771495,  21131.3,  16710.2,  776.907695926,  484.474093737,  1125.41
1568.27814934,  21311.3,  16847.4,  776.908430469,  484.474775252,  1124.85
1568.29858392,  21494.9,  16988.3,  776.908434445,  484.475481011,  1125.33
1568.31901841,  21650.9,  17106.3,  776.910088846,  484.475850237,  1124.17
1568.33945279,  21744.7,  17179.2,  776.910126359,  484.476831028,  1124.83
1568.35988738,  21859.3,  17266.5,  776.910947228,  484.476908927,  1124.63
1568.38032186,  21856.7,  17263.1,  776.910416472,  484.476842021,  1125.72
1568.40075625,  21763.1,  17193.1,  776.910544611,  484.47659613,  1125.04
1568.42119084,  21652.4,  17108.3,  776.909315122,  484.476784671,  1124.2
1568.44162532,  21497.6,  16989.4,  776.908587456,  484.476138078,  1124.71
1568.46205971,  20218.2,  16015.0,  776.902459662,  484.473166862,  1124.28
1568.4824943,  18312.2,  14560.5,  776.89116238,  484.468038854,  1124.99
1568.50292879,  18572.5,  14758.8,  776.89266052,  484.468145603,  1124.95
1568.52336337,  20472.1,  16209.2,  776.903492301,  484.473626356,  1124.0
1568.54379776,  21146.1,  16721.2,  776.90733922,  484.475425056,  1123.4
1568.56423215,  21158.3,  16731.0,  776.906628215,  484.475700591,  1124.18
1568.58466674,  21200.1,  16763.8,  776.907785811,  484.475265825,  1122.99
1568.60510122,  21209.8,  16769.8,  776.907907358,  484.475769735,  1124.79
1568.62553571,  21233.6,  16789.5,  776.907367193,  484.476150791,  1123.54
1568.6459702,  21231.8,  16787.6,  776.907143232,  484.475824715,  1123.18
1568.66640469,  21193.8,  16758.0,  776.907655942,  484.476207872,  1123.85
1568.68683928,  21126.2,  16708.2,  776.907190896,  484.475407334,  1123.35
1568.70727367,  21025.9,  16629.7,  776.906320372,  484.474536634,  1124.34
1568.72770816,  20903.1,  16536.8,  776.905822256,  484.474812681,  1123.65
1568.74814275,  20768.9,  16434.8,  776.904767229,  484.475310029,  1123.43
1568.76857724,  20668.4,  16357.0,  776.903369104,  484.474675567,  1122.2
1568.78901163,  19903.9,  15774.5,  776.900148166,  484.472306031,  1123.52
1568.80944622,  18315.9,  14564.5,  776.890718106,  484.46800312,  1122.69
1568.82988071,  18279.3,  14534.9,  776.891145352,  484.467322571,  1122.43
1568.8503152,  19838.5,  15725.4,  776.900292069,  484.472567511,  1123.69
1568.87074969,  20704.8,  16385.5,  776.904610091,  484.475039391,  1123.26
1568.89118418,  20868.5,  16510.1,  776.905579559,  484.475003941,  1123.83
1568.91161877,  21041.3,  16642.7,  776.906517775,  484.475785445,  1123.04
1568.93205316,  21251.8,  16802.5,  776.906547724,  484.476362077,  1123.02
1568.95248765,  21436.8,  16943.8,  776.907667804,  484.476624279,  1131.45
1568.97292224,  21585.9,  17058.6,  776.908363197,  484.477977116,  1123.75
1568.99335663,  21727.1,  17165.1,  776.909331221,  484.478047325,  1123.9
1569.01379113,  21797.5,  17219.4,  776.909804442,  484.47783304,  1122.71
1569.03422572,  21803.9,  17223.9,  776.909641462,  484.478006753,  1123.62
1569.05466011,  21772.4,  17198.8,  776.909632819,  484.477875975,  1122.59
1569.0750947,  21705.9,  17149.7,  776.909394585,  484.478149229,  1124.0
1569.0955292,  21597.0,  17066.0,  776.908692303,  484.47793046,  1124.55
1569.11596359,  20934.1,  16560.1,  776.904883836,  484.47617802,  1125.53
1569.13639818,  18940.4,  15041.1,  776.895177166,  484.470641199,  1126.91
1569.15683267,  18147.6,  14435.2,  776.889526663,  484.467287072,  1127.32
1569.17726707,  19752.3,  15659.3,  776.898945681,  484.473249982,  1126.73
1569.19770166,  21074.2,  16668.3,  776.905814203,  484.476808125,  1125.18
1569.21813605,  21150.4,  16724.6,  776.906278367,  484.476250229,  1126.76
1569.23857065,  21171.5,  16742.0,  776.906087035,  484.47700861,  1127.18
1569.25900514,  21201.9,  16765.0,  776.90685675,  484.47695906,  1127.52
1569.27943954,  21206.2,  16767.3,  776.906643226,  484.476809453,  1127.9
1569.29987413,  21215.6,  16775.6,  776.906709736,  484.477111139,  1127.73
1569.32030863,  21193.0,  16757.4,  776.907152471,  484.47700887,  1127.77
1569.34074312,  21140.5,  16717.8,  776.906405405,  484.477025874,  1126.77
1569.36117762,  21052.9,  16652.6,  776.905972648,  484.476437,  1126.5
1569.38161211,  20944.3,  16567.2,  776.905807355,  484.476061806,  1127.8
1569.40204661,  20815.9,  16469.8,  776.904384447,  484.475704641,  1127.68
1569.4224811,  20683.6,  16369.6,  776.904028594,  484.475589201,  1126.8
1569.4429156,  20362.9,  16123.5,  776.902504249,  484.474887807,  1126.47
1569.46335019,  18879.5,  14993.8,  776.893773878,  484.471116972,  1125.32
1569.48378469,  18045.9,  14357.5,  776.889260951,  484.468145502,  1125.03
1569.50421909,  19249.0,  15274.0,  776.896013871,  484.471672041,  1124.59
1569.52465368,  20563.3,  16277.9,  776.902647953,  484.475708074,  1123.88
1569.54508818,  20822.0,  16474.1,  776.905066588,  484.476192383,  1123.68
1569.56552258,  21001.6,  16611.0,  776.905171818,  484.476742562,  1122.91
1569.58595717,  21200.2,  16763.2,  776.906225503,  484.477921917,  1123.17
1569.60639167,  21396.3,  16911.6,  776.907541114,  484.476740389,  1120.78
1569.62682627,  21569.5,  17044.6,  776.908030795,  484.478396643,  1121.16
1569.64726066,  21701.5,  17145.1,  776.908664529,  484.478820625,  1120.91
1569.68812976,  21820.7,  17235.9,  776.909131578,  484.478974222,  1119.84
1569.70856416,  21815.3,  17230.6,  776.908639124,  484.478462253,  1121.31
1569.72899866,  21758.6,  17186.4,  776.908952946,  484.478310058,  1121.09
1569.74943325,  21646.0,  17101.4,  776.90862831,  484.479527066,  1120.61
1569.76986765,  21372.0,  16891.5,  776.907615799,  484.477559027,  1119.75
1569.79030215,  19714.1,  15627.1,  776.898233319,  484.47416772,  1120.17
1569.81073675,  18124.7,  14415.8,  776.888819745,  484.469044628,  1120.04
1569.83117115,  18985.6,  15071.2,  776.894074123,  484.471290193,  1119.46
1569.85160575,  20796.8,  16452.5,  776.90358962,  484.476030271,  1119.93
1569.87204015,  21132.8,  16709.2,  776.905504581,  484.477198934,  1119.05
1569.89247465,  21151.3,  16722.1,  776.905808123,  484.477161057,  1119.96
1569.91290925,  21175.9,  16742.0,  776.90582496,  484.476981408,  1119.29
1569.93334365,  21212.4,  16768.9,  776.906247935,  484.477046796,  1119.5
1569.95377815,  21200.3,  16759.1,  776.905547705,  484.477490186,  1119.04
1569.97421275,  21198.0,  16758.8,  776.905722084,  484.477461207,  1118.88
1569.99464725,  21185.1,  16747.0,  776.905462952,  484.477255632,  1118.83
1570.01508175,  21094.7,  16678.8,  776.905116196,  484.476358804,  1118.88
1570.03551625,  20983.3,  16594.9,  776.905157111,  484.476735752,  1117.59
1570.05595075,  20866.8,  16504.1,  776.903716764,  484.476698257,  1117.84
1570.07638525,  20725.6,  16397.3,  776.903163128,  484.476193193,  1118.22
1570.09681976,  20613.6,  16311.6,  776.902674177,  484.475774282,  1117.86
1570.11725426,  19520.1,  15476.4,  776.896283851,  484.472939063,  1117.38
1570.13768886,  18120.5,  14410.7,  776.888530339,  484.468670066,  1117.47
1570.15812326,  18633.6,  14801.1,  776.891022152,  484.470662423,  1117.57
1570.17855786,  20245.1,  16029.7,  776.900447757,  484.475182938,  1117.31
1570.19899237,  20798.5,  16453.2,  776.903922348,  484.476584933,  1118.83
1570.21942677,  20975.8,  16587.3,  776.904611207,  484.476413237,  1118.55
1570.23986137,  21149.3,  16720.0,  776.906068802,  484.477237923,  1117.52
1570.26029587,  21359.7,  16881.3,  776.906912618,  484.477994629,  1116.86
1570.28073028,  21536.4,  17013.8,  776.907186168,  484.478499152,  1116.39
1570.30116488,  21680.1,  17124.7,  776.907305319,  484.47905197,  1117.32
1570.32159938,  21774.0,  17196.3,  776.907973538,  484.479764059,  1116.95
1570.34203379,  21832.5,  17239.4,  776.908933483,  484.479205342,  1118.23
1570.36246839,  21833.9,  17242.2,  776.907965958,  484.479633444,  1117.4
1570.38290289,  21791.6,  17209.1,  776.908890795,  484.479647205,  1115.33
1570.4033374,  21686.6,  17129.2,  776.907345552,  484.480165759,  1116.23
1570.4237719,  21548.8,  17025.1,  776.906983842,  484.479922005,  1116.49
1570.44420641,  20497.1,  16221.5,  776.901855954,  484.476029632,  1116.43
1570.46464091,  18511.3,  14708.5,  776.889848213,  484.471235409,  1114.8
1570.48507542,  18338.9,  14577.2,  776.889587809,  484.470637031,  1114.56
1570.50550992,  20213.1,  16005.0,  776.900987209,  484.475373695,  1115.79
1570.52594443,  21115.9,  16694.5,  776.905180544,  484.477793382,  1114.97
1570.54637893,  21138.6,  16711.8,  776.904839248,  484.478128545,  1113.94
1570.56681354,  21147.1,  16717.5,  776.904808587,  484.477647356,  1115.25
1570.58724794,  21163.3,  16731.2,  776.905103958,  484.478280133,  1113.09
1570.60768245,  21190.0,  16750.2,  776.904987896,  484.478246424,  1114.37
1570.62811706,  21204.2,  16761.5,  776.905216941,  484.478304543,  1113.54
1570.64855156,  21178.2,  16742.4,  776.905267364,  484.47899873,  1113.13
1570.66898597,  21124.6,  16700.2,  776.904563598,  484.477971885,  1113.56
1570.68942057,  21051.0,  16645.0,  776.904504608,  484.478291255,  1113.97
1570.70985508,  20925.7,  16550.5,  776.904622136,  484.477618789,  1112.83
1570.73028949,  20795.8,  16449.6,  776.902982162,  484.476679428,  1114.17
1570.7507241,  20688.9,  16369.4,  776.903053626,  484.477363812,  1113.9
1570.7711586,  20121.1,  15936.0,  776.899679336,  484.475499606,  1113.59
1570.79159321,  18503.9,  14702.3,  776.889803398,  484.471425813,  1112.46
1570.81202762,  18177.3,  14454.7,  776.888062088,  484.470535099,  1113.65
1570.83246213,  19680.1,  15599.7,  776.897408571,  484.475328692,  1112.02
1570.85289673,  20731.8,  16401.7,  776.902460047,  484.477807795,  1113.78
1570.87333114,  20906.4,  16535.7,  776.903989494,  484.477910677,  1113.17
1570.89376565,  21088.7,  16673.4,  776.904070725,  484.478174381,  1112.73
1570.91420026,  21269.1,  16812.4,  776.904903109,  484.47880218,  1113.09
1570.93463467,  21457.2,  16955.4,  776.906634666,  484.47999691,  1112.9
1570.95506928,  21623.2,  17080.9,  776.906531423,  484.480084532,  1112.59
1570.97550378,  21746.7,  17176.2,  776.906979841,  484.480225802,  1113.33
1570.99593819,  21805.1,  17220.5,  776.907791294,  484.480135781,  1112.27
1571.0163728,  21832.7,  17241.0,  776.907698862,  484.480408546,  1112.94
1571.03680731,  21801.1,  17218.2,  776.90744036,  484.480779808,  1112.75
1571.05724172,  21719.5,  17155.0,  776.907226951,  484.480804887,  1111.74
1571.07767633,  21603.6,  17066.9,  776.906596096,  484.480502236,  1112.15
1571.09811084,  21098.6,  16682.6,  776.904173945,  484.479473537,  1111.71
1571.11854525,  19179.4,  15218.0,  776.894217059,  484.473859514,  1112.05
1571.13897986,  18055.8,  14362.1,  776.887684428,  484.470326235,  1111.09
1571.15941437,  19436.2,  15415.1,  776.895027079,  484.475100686,  1112.16
1571.17984888,  20975.1,  16587.5,  776.902291006,  484.479015467,  1111.89
1571.2002834,  21098.0,  16682.2,  776.904538832,  484.479169294,  1111.42
1571.22071791,  21117.0,  16696.0,  776.904178456,  484.478729439,  1112.26
1571.24115242,  21150.1,  16721.0,  776.904078335,  484.47999322,  1111.79
1571.26158693,  21178.9,  16743.7,  776.90426295,  484.479670274,  1111.36
1571.28202144,  21201.5,  16760.7,  776.904518009,  484.479419968,  1111.35
1571.30245595,  21184.6,  16747.6,  776.901853545,  484.479285758,  1111.73
1571.32289046,  21159.7,  16729.5,  776.904556299,  484.47977968,  1111.52
1571.34332508,  21078.0,  16665.8,  776.904228202,  484.479540084,  1112.34
1571.36375959,  21093.6,  16678.4,  776.90407364,  484.479636101,  1112.31
1571.384194,  20918.9,  16545.8,  776.903036549,  484.478767844,  1111.67
1571.40462861,  20762.2,  16424.9,  776.902096542,  484.478437477,  1112.01
1571.42506313,  20532.4,  16250.7,  776.901227302,  484.478223521,  1111.78
1571.44549754,  19141.1,  15189.2,  776.893687542,  484.474042114,  1111.8
1571.46593215,  18081.2,  14380.3,  776.887038441,  484.470897415,  1113.4
1571.48636667,  19030.5,  15106.4,  776.892004795,  484.474503844,  1112.93
1571.50680108,  20519.9,  16239.9,  776.901257561,  484.478235056,  1112.76
1571.52723569,  20860.5,  16500.4,  776.902965916,  484.479147941,  1112.82
1571.54767021,  21040.6,  16638.5,  776.903732182,  484.479722524,  1112.44
1571.56810482,  21223.6,  16776.5,  776.9047836,  484.480449649,  1111.99
1571.58853924,  21423.0,  16929.7,  776.90583479,  484.480845631,  1111.95
1571.60897375,  21581.6,  17050.6,  776.906017203,  484.481559016,  1113.65
1571.62940836,  21716.4,  17152.4,  776.906866727,  484.481848435,  1113.4
1571.64984278,  21842.5,  17250.1,  776.906733232,  484.482098138,  1115.42
1571.67027729,  21849.4,  17254.4,  776.90706565,  484.482279454,  1113.58
1571.69071191,  21821.6,  17233.0,  776.907368802,  484.481632156,  1112.83
1571.71114632,  21783.3,  17205.4,  776.90780633,  484.481658571,  1114.06
1571.73158094,  21673.0,  17119.4,  776.906172988,  484.481763233,  1113.96
1571.75201545,  21473.0,  16967.5,  776.90523307,  484.480922565,  1113.38
1571.77244987,  19988.9,  15836.8,  776.897748805,  484.477497982,  1113.93
1571.79288449,  18243.2,  14503.8,  776.887259519,  484.471886737,  1114.44
1571.813319,  18698.7,  14852.5,  776.890646196,  484.474437062,  1113.53
1571.83375342,  20584.0,  16289.8,  776.901919019,  484.47874231,  1114.01
1571.85418803,  21097.5,  16680.2,  776.90435629,  484.48076683,  1113.3
1571.87462255,  21092.3,  16678.3,  776.903281547,  484.480170733,  1114.6
1571.89505697,  21108.3,  16689.8,  776.903261018,  484.480466464,  1113.79
1571.91549159,  21137.1,  16711.0,  776.903626723,  484.480574799,  1113.3
1571.9359261,  21178.4,  16743.4,  776.904074931,  484.480294351,  1113.96
1571.95636072,  21188.0,  16749.3,  776.903689813,  484.480479622,  1113.13
1571.97679514,  21158.1,  16727.1,  776.903504579,  484.480922225,  1113.41
1571.99722965,  21108.6,  16691.0,  776.903194728,  484.481049359,  1112.75
1572.01766427,  21006.9,  16611.3,  776.902939014,  484.48080826,  1113.84
1572.03809869,  20900.1,  16531.5,  776.901538064,  484.479850874,  1113.14
1572.05853321,  20787.6,  16445.1,  776.901700271,  484.479634894,  1112.67
1572.07896783,  20710.4,  16385.1,  776.900889537,  484.480205321,  1112.53
1572.09940224,  19804.2,  15696.0,  776.896400204,  484.477490529,  1111.83
1572.11983686,  18258.8,  14516.0,  776.887305196,  484.472935798,  1111.79
1572.14027138,  18466.2,  14674.5,  776.88860617,  484.473935708,  1112.85
1572.1607058,  20087.9,  15911.9,  776.897472301,  484.478229927,  1112.68
1572.18114042,  20813.0,  16463.3,  776.901560945,  484.480206844,  1111.94
1572.20157494,  20970.7,  16584.5,  776.902397865,  484.481147083,  1111.84
1572.22200936,  21150.5,  16722.1,  776.903256326,  484.4812484,  1112.32
1572.24244398,  21356.4,  16877.4,  776.904310746,  484.48125326,  1112.52
1572.2628785,  21521.4,  17005.1,  776.904943457,  484.482106687,  1110.24
1572.28331302,  21670.3,  17117.9,  776.905013135,  484.482805417,  1110.75
1572.30374754,  21775.3,  17197.2,  776.906550264,  484.482619873,  1110.51
1572.32418206,  21839.4,  17247.2,  776.906266185,  484.483425945,  1110.62
1572.34461658,  21848.8,  17252.9,  776.906080743,  484.483180069,  1111.19
1572.3650511,  21794.0,  17211.3,  776.906380709,  484.483055817,  1110.78
1572.38548562,  21690.9,  17133.9,  776.905599377,  484.48256606,  1109.18
1572.40592014,  21548.8,  17024.3,  776.905461487,  484.483000978,  1110.05
1572.42635466,  20685.4,  16366.2,  776.90063995,  484.480151916,  1109.4
1572.44678918,  18700.3,  14852.7,  776.890007887,  484.474970319,  1108.31
1572.4672237,  18171.3,  14447.7,  776.886708452,  484.4731573,  1109.49
1572.48765823,  19895.7,  15764.4,  776.89633637,  484.478439135,  1109.67
1572.50809285,  21037.4,  16634.5,  776.902808478,  484.480667621,  1109.79
1572.52852737,  21067.8,  16658.1,  776.903235902,  484.481728495,  1109.03
1572.54896179,  21099.3,  16682.4,  776.903495545,  484.481300757,  1111.25
1572.56939641,  21122.7,  16699.2,  776.902716214,  484.481458945,  1109.69
1572.58983094,  21180.4,  16743.7,  776.903923308,  484.481427156,  1110.07
1572.61026536,  21184.2,  16747.0,  776.903584285,  484.481918072,  1110.77
1572.63069998,  21173.7,  16737.4,  776.903320862,  484.481558771,  1111.06
1572.67156893,  21075.5,  16662.9,  776.902482958,  484.481404789,  1110.15
1572.69200355,  20982.6,  16590.8,  776.902394906,  484.481845527,  1110.64
1572.71243807,  20851.1,  16491.5,  776.901719919,  484.480727189,  1112.32
1572.7328727,  20756.7,  16418.3,  776.900439296,  484.480626311,  1112.39
1572.75330712,  20364.9,  16119.0,  776.899120612,  484.478857002,  1113.61
1572.77374164,  18755.5,  14892.6,  776.890334081,  484.474856939,  1114.62
1572.79417627,  18129.4,  14413.5,  776.88600572,  484.472645488,  1114.89
1572.81461069,  19478.6,  15443.0,  776.894023037,  484.476826103,  1115.61
1572.83504522,  20722.0,  16391.7,  776.900933215,  484.47944005,  1116.32
1572.85547984,  20923.0,  16544.2,  776.901568762,  484.480992979,  1117.13
1572.87591427,  21089.1,  16671.8,  776.902938456,  484.481545241,  1119.28
1572.89634889,  21288.5,  16822.8,  776.904431155,  484.48206543,  1120.96
1572.91678342,  21458.3,  16951.3,  776.904598774,  484.481863955,  1120.88
1572.93721784,  21618.8,  17075.3,  776.905168021,  484.483413557,  1119.19
1572.95765247,  21748.4,  17172.4,  776.906389204,  484.483239503,  1119.94
1572.97808699,  21824.0,  17230.6,  776.905912064,  484.483494521,  1118.84
1572.99852152,  21828.3,  17234.6,  776.90681798,  484.483354104,  1115.74
1573.01895604,  21807.0,  17216.4,  776.905642126,  484.482851355,  1113.3
1573.03939057,  21708.5,  17142.3,  776.906093822,  484.482993407,  1110.2
1573.05982499,  21588.1,  17050.5,  776.904600703,  484.483103626,  1107.94
1573.08025962,  21210.8,  16761.1,  776.90272625,  484.481946433,  1108.91
1573.10069415,  19393.9,  15377.4,  776.893676613,  484.477215104,  1107.53
1573.12112867,  18037.6,  14341.8,  776.885042384,  484.473055175,  1109.1
1573.1415632,  19107.0,  15157.2,  776.891408151,  484.476297036,  1108.25
1573.16199773,  20817.7,  16462.3,  776.901430676,  484.481419817,  1107.84
1573.18243235,  21044.6,  16634.2,  776.902068289,  484.481856731,  1107.87
1573.20286678,  21079.3,  16661.5,  776.902891045,  484.481094093,  1107.09
1573.22330131,  21091.5,  16671.5,  776.902869745,  484.482244728,  1107.48
1573.24373594,  21128.7,  16698.5,  776.902025383,  484.481644776,  1107.35
1573.26417036,  21180.0,  16738.4,  776.902740319,  484.481587311,  1106.15
1573.28460499,  21182.7,  16740.4,  776.903329747,  484.481736931,  1106.49
1573.30503952,  21160.4,  16722.2,  776.902632716,  484.481890338,  1105.01
1573.32547395,  21088.6,  16669.2,  776.903137114,  484.481663346,  1104.69
1573.34590858,  21003.4,  16602.8,  776.902064361,  484.481842238,  1103.43
1573.36634311,  20890.3,  16517.2,  776.902236951,  484.480937936,  1102.72
1573.38677753,  20785.1,  16437.7,  776.900723354,  484.481227526,  1102.7
1573.40721216,  20643.3,  16327.5,  776.90065761,  484.481122577,  1102.67
1573.42764669,  19393.5,  15375.5,  776.892838704,  484.476843586,  1101.52
1573.44808112,  18118.0,  14403.3,  776.886424861,  484.473094648,  1100.93
1573.46851575,  18816.4,  14934.8,  776.889841875,  484.476159543,  1099.52
1573.48895028,  20407.3,  16149.3,  776.899082753,  484.48007909,  1099.33
1573.50938491,  20844.9,  16482.3,  776.900386727,  484.481256916,  1099.49
1573.52981934,  21012.0,  16609.6,  776.902224532,  484.482432646,  1099.29
1573.55025387,  21199.4,  16753.4,  776.902617845,  484.482309623,  1098.74
1573.5706885,  21387.6,  16896.1,  776.904470032,  484.482370026,  1097.6
1573.59112293,  21557.0,  17024.8,  776.905245897,  484.483318314,  1097.48
1573.61155746,  21675.0,  17116.0,  776.905315521,  484.484067063,  1097.37
1573.63199209,  21776.1,  17191.5,  776.905537253,  484.48391702,  1097.32
1573.65242662,  21813.7,  17221.5,  776.905648584,  484.484471858,  1097.07
1573.67286115,  21827.4,  17231.8,  776.90595944,  484.484179479,  1097.66
1573.69329568,  21741.1,  17164.9,  776.905695758,  484.484160343,  1096.47
1573.71373011,  21617.4,  17071.9,  776.904417701,  484.484350399,  1097.01
1573.73416475,  21460.1,  16951.4,  776.904244652,  484.483435852,  1096.87
1573.75459928,  20177.1,  15972.5,  776.896942316,  484.480085352,  1097.75
1573.77503371,  18315.7,  14554.4,  776.886590599,  484.47519731,  1097.08
1573.79546834,  18439.4,  14647.4,  776.887808767,  484.474936735,  1095.85
1573.81590287,  20331.3,  16090.9,  776.898249615,  484.481410979,  1096.04
1573.83633731,  21043.1,  16634.5,  776.902329667,  484.482765298,  1094.94
1573.85677194,  21053.5,  16640.3,  776.902242151,  484.482976853,  1096.11
1573.87720647,  21127.8,  16698.4,  776.901788724,  484.483171777,  1095.16
1573.8976411,  21127.5,  16699.0,  776.902587461,  484.483095244,  1095.49
1573.91807554,  21148.0,  16713.4,  776.901947805,  484.483326681,  1095.97
1573.93851007,  21186.2,  16743.8,  776.902060101,  484.483465393,  1094.99
1573.9589447,  21170.1,  16730.9,  776.902389243,  484.483007886,  1094.75
1573.97937913,  21124.7,  16695.5,  776.902102186,  484.482693044,  1094.56
1573.99981367,  21030.9,  16625.7,  776.901714057,  484.48318981,  1094.88
1574.0202483,  20938.4,  16553.3,  776.90094053,  484.482736866,  1095.41
1574.04068274,  20835.5,  16475.5,  776.900336454,  484.481573656,  1093.71
1574.06111737,  20730.7,  16395.9,  776.900388025,  484.48195226,  1094.16
1574.0815519,  20031.4,  15861.8,  776.896901825,  484.480564492,  1095.24
1574.10198634,  18401.5,  14619.5,  776.887175321,  484.47559461,  1093.65
1574.12242097,  18313.8,  14553.0,  776.885903728,  484.475601949,  1095.11
1574.14285551,  19909.6,  15768.6,  776.895065169,  484.480291725,  1093.15
1574.16329004,  20818.7,  16463.6,  776.901926323,  484.482661586,  1092.88
1574.18372458,  20975.8,  16581.9,  776.902163316,  484.483098027,  1092.72
1574.20415911,  21151.5,  16716.3,  776.902043775,  484.483269317,  1093.15
1574.22459365,  21330.0,  16854.0,  776.902963692,  484.483854757,  1093.17
1574.24502818,  21502.4,  16983.9,  776.903587951,  484.48464458,  1092.79
1574.26546272,  21647.4,  17094.6,  776.90401912,  484.484772995,  1091.67
1574.28589725,  21759.0,  17180.8,  776.904395818,  484.485773801,  1091.86
1574.30633189,  21843.9,  17243.8,  776.906360104,  484.484763296,  1092.39
1574.32676632,  21831.1,  17235.6,  776.90485562,  484.485674887,  1092.75
1574.34720086,  21770.2,  17188.2,  776.905131003,  484.485637256,  1091.99
1574.3676354,  21668.7,  17110.6,  776.904516572,  484.485294792,  1091.99
1574.38806993,  21539.0,  17012.5,  776.903519304,  484.48487117,  1093.01
1574.40850457,  20899.1,  16523.1,  776.900690213,  484.482955724,  1092.58
1574.42893901,  18910.3,  15007.1,  776.889543364,  484.477866143,  1091.79
1574.44937364,  18077.6,  14373.1,  776.884580257,  484.475562736,  1091.12
1574.46980818,  19605.1,  15535.6,  776.893887597,  484.479454343,  1091.68
1574.49024262,  20987.1,  16591.3,  776.900836181,  484.483786248,  1090.98
1574.51067725,  21042.8,  16634.0,  776.901013195,  484.484000947,  1091.31
1574.53111179,  21077.4,  16658.8,  776.901361793,  484.483507772,  1091.16
1574.55154623,  21110.8,  16685.7,  776.901982386,  484.484406277,  1091.6
1574.57198087,  21143.6,  16709.5,  776.901388825,  484.484350258,  1091.69
1574.5924154,  21188.6,  16743.7,  776.9012098,  484.483683705,  1091.73
1574.61285004,  21176.5,  16735.9,  776.901609831,  484.48395838,  1091.07
1574.63328448,  21183.4,  16740.5,  776.902259251,  484.484439842,  1090.85
1574.65371902,  21123.4,  16694.8,  776.900887407,  484.48447918,  1091.01
1574.67415366,  21005.3,  16605.2,  776.901111755,  484.4837583,  1091.1
1574.6945881,  20894.4,  16519.1,  776.900787491,  484.482706129,  1091.64
1574.71502264,  20805.7,  16452.6,  776.900492109,  484.483106193,  1091.25
1574.73545727,  20509.4,  16226.2,  776.898068377,  484.482699823,  1091.1
1574.75589171,  18996.8,  15072.5,  776.890198914,  484.4779565,  1089.52
1574.77632625,  18092.1,  14383.2,  776.884070524,  484.475068673,  1090.49
1574.79676089,  19263.8,  15275.8,  776.89123666,  484.47889815,  1089.98
1574.81719543,  20663.3,  16343.1,  776.898571502,  484.48279788,  1089.75
1574.83762997,  20928.6,  16546.5,  776.899549571,  484.484194181,  1089.6
1574.85806451,  21105.9,  16680.4,  776.901251755,  484.48391511,  1090.57
1574.87849905,  21270.4,  16806.5,  776.902742882,  484.484664877,  1089.24
1574.89893359,  21454.6,  16946.5,  776.902963352,  484.484651252,  1089.1
1574.91936813,  21618.9,  17071.3,  776.903890462,  484.48540096,  1088.22
1574.93980267,  21837.7,  17239.3,  776.905961147,  484.486402417,  1089.47
1574.96023721,  21902.2,  17288.0,  776.904501869,  484.486333154,  1089.19
1574.98067175,  21882.8,  17271.9,  776.904518869,  484.486517562,  1089.39
1575.0011063,  21817.0,  17223.5,  776.904153236,  484.486109453,  1088.69
1575.02154084,  21732.8,  17157.6,  776.903778592,  484.485876024,  1088.18
1575.04197538,  21594.9,  17053.1,  776.903831376,  484.485878628,  1088.04
1575.06241002,  21330.3,  16852.3,  776.902556425,  484.485221035,  1088.61
1575.08284446,  19655.3,  15573.2,  776.89367977,  484.480337597,  1088.67
1575.103279,  18071.6,  14366.6,  776.883637626,  484.475724833,  1088.44
1575.12371364,  18833.2,  14946.7,  776.888078341,  484.478444503,  1088.65
1575.14414809,  20677.6,  16352.9,  776.89882911,  484.483429111,  1086.87
1575.16458263,  21023.1,  16617.6,  776.900345631,  484.484755179,  1087.44
1575.18501727,  21039.8,  16629.3,  776.900818809,  484.484187768,  1088.25
1575.20545171,  21074.2,  16655.5,  776.900341308,  484.484463987,  1088.99
1575.22588636,  21097.0,  16673.7,  776.900709577,  484.485158941,  1087.11
1575.2463209,  21145.2,  16709.5,  776.900731652,  484.484412483,  1086.94
1575.26675534,  21160.5,  16721.5,  776.902082183,  484.484544295,  1087.57
1575.28718998,  21159.2,  16720.7,  776.901169123,  484.48465099,  1087.2
1575.30762453,  21115.9,  16686.4,  776.90094686,  484.484487901,  1087.12
1575.32805897,  21014.2,  16610.5,  776.900341582,  484.483948962,  1087.22
1575.34849361,  20910.1,  16530.5,  776.900194023,  484.484311933,  1086.97
1575.36892816,  20812.6,  16455.3,  776.899644361,  484.483881096,  1086.64
1575.3893628,  20708.5,  16376.9,  776.898644107,  484.484078186,  1087.37
1575.40979725,  19662.8,  15578.6,  776.893414998,  484.480370323,  1086.74
1575.43023179,  18203.7,  14465.6,  776.884357466,  484.47646517,  1085.43
1575.45066643,  18635.4,  14796.1,  776.887590609,  484.477936203,  1086.83
1575.47110098,  20291.1,  16057.0,  776.896251863,  484.48230059,  1086.88
1575.49153542,  20917.9,  16536.1,  776.899852116,  484.484176593,  1085.65
1575.51197007,  21065.9,  16648.9,  776.900763503,  484.485225552,  1085.7
1575.53240461,  21243.6,  16782.8,  776.901633825,  484.484418593,  1085.76
1575.55283906,  21410.7,  16911.5,  776.902795451,  484.484873036,  1086.28
1575.5732737,  21583.3,  17042.5,  776.902768605,  484.486398634,  1085.45
1575.59370825,  21720.4,  17146.8,  776.903446948,  484.486214886,  1085.11
1575.61414279,  21813.4,  17218.5,  776.904384854,  484.486899325,  1084.66
1575.65501178,  21851.3,  17246.1,  776.904176819,  484.486644149,  1086.6
1575.67544643,  21771.2,  17184.9,  776.903554673,  484.486807359,  1085.33
1575.69588098,  21655.1,  17094.7,  776.902924845,  484.485884149,  1085.44
1575.71631542,  21506.9,  16982.8,  776.902104092,  484.485996386,  1083.55
1575.73675007,  20440.4,  16168.8,  776.896834737,  484.483022719,  1084.54
1575.75718462,  18479.6,  14672.6,  776.886643592,  484.47676089,  1085.47
1575.77761926,  18270.5,  14514.5,  776.88465056,  484.476927835,  1083.97
1575.79805371,  20083.0,  15895.1,  776.894802836,  484.48190327,  1084.07
1575.81848826,  21037.5,  16622.8,  776.900485392,  484.484674148,  1084.89
1575.8389229,  21033.3,  16620.5,  776.899902679,  484.484482413,  1084.58
1575.85935735,  21037.4,  16622.5,  776.900157195,  484.484300106,  1083.44
1575.8797919,  21081.2,  16656.3,  776.899761466,  484.484643332,  1083.11
1575.90022654,  21106.0,  16675.6,  776.90048385,  484.484521801,  1083.25
1575.92066099,  21156.6,  16712.4,  776.900469241,  484.484524548,  1083.27
1575.94109554,  21173.7,  16726.6,  776.900369346,  484.484515424,  1082.96
1575.96153019,  21128.2,  16691.0,  776.902823891,  484.484326737,  1083.48
1575.98196464,  21055.3,  16635.0,  776.900749281,  484.483905288,  1082.64
1576.00239928,  20965.3,  16567.2,  776.899285852,  484.484358774,  1082.12
1576.02283383,  20864.7,  16489.7,  776.898806825,  484.4842838,  1082.94
1576.04326838,  20778.5,  16423.4,  776.898761338,  484.48366593,  1081.99
1576.06370293,  20252.1,  16023.2,  776.895930572,  484.482364758,  1082.76
1576.08413748,  18609.7,  14768.9,  776.887004741,  484.477573282,  1082.47
1576.10457203,  18185.9,  14446.5,  776.883064155,  484.475731361,  1082.22
1576.12500658,  19685.4,  15590.5,  776.892940588,  484.481005732,  1082.26
1576.14544113,  20834.1,  16464.5,  776.900411768,  484.482294341,  1082.76
1576.16587567,  21022.2,  16610.3,  776.899740294,  484.48418152,  1081.5
1576.18631032,  21177.7,  16727.0,  776.901423806,  484.484711212,  1082.47
1576.20674477,  21351.1,  16859.2,  776.901901757,  484.484806198,  1081.73
1576.22717942,  21524.8,  16992.9,  776.902698359,  484.486519709,  1081.92
1576.24761397,  21671.1,  17103.0,  776.903246131,  484.486474957,  1081.28
1576.26804842,  21766.4,  17176.1,  776.903163058,  484.486548768,  1081.22
1576.28848307,  21868.9,  17254.4,  776.903863985,  484.486698281,  1082.15
1576.30891752,  21867.4,  17252.3,  776.904136939,  484.486435336,  1080.27
1576.32935207,  21807.1,  17207.6,  776.903585151,  484.486536798,  1080.08
1576.34978673,  21707.7,  17131.3,  776.903069022,  484.486314554,  1081.5
1576.39065583,  21060.1,  16637.7,  776.900559969,  484.484376679,  1080.77
1576.41109038,  19135.4,  15169.2,  776.890041942,  484.478877506,  1080.19
1576.43152483,  18025.5,  14322.6,  776.88310502,  484.475880739,  1081.27
1576.45195948,  19314.8,  15307.2,  776.890046936,  484.479622897,  1079.49
1576.47239403,  20868.6,  16490.7,  776.898255505,  484.484291438,  1080.18
1576.49282848,  21007.3,  16597.0,  776.899662949,  484.484939164,  1081.55
1576.51326314,  21021.1,  16607.8,  776.899606192,  484.484792737,  1080.43
1576.53369769,  21047.1,  16626.8,  776.900187157,  484.484511335,  1079.94
1576.55413224,  21117.4,  16681.7,  776.900185361,  484.484938601,  1080.33
1576.57456679,  21120.1,  16682.5,  776.900004649,  484.485093968,  1080.34
1576.59500134,  21131.1,  16691.2,  776.899950589,  484.484994754,  1079.29
1576.615436,  21107.1,  16673.9,  776.899543911,  484.485738925,  1080.01
1576.63587045,  21072.3,  16646.2,  776.900557267,  484.485273436,  1079.97
1576.656305,  20965.8,  16565.8,  776.899179505,  484.484730066,  1079.72
1576.67673966,  20880.4,  16501.0,  776.899790584,  484.484418051,  1079.57
1576.69717421,  20798.6,  16437.1,  776.898699776,  484.484017902,  1079.29
1576.71760866,  20596.4,  16284.1,  776.897596463,  484.483772466,  1080.04
1576.73804331,  19217.6,  15232.8,  776.890024987,  484.479820976,  1079.17
1576.75847787,  18080.0,  14364.1,  776.882770875,  484.4770339,  1078.73
1576.77891242,  19005.7,  15071.6,  776.88833214,  484.480077215,  1078.57
1576.79934698,  20557.8,  16253.8,  776.897257915,  484.483742113,  1079.12
1576.81978153,  20930.1,  16538.2,  776.898800523,  484.484902185,  1078.21
1576.84021618,  21097.7,  16666.3,  776.900009672,  484.485894432,  1078.0
1576.86065064,  21293.4,  16815.0,  776.900621133,  484.485709357,  1079.06
1576.88108519,  21477.6,  16956.0,  776.901713416,  484.486554297,  1079.21
1576.90151985,  21643.9,  17082.8,  776.902697947,  484.487135315,  1078.24
1576.9219543,  21758.1,  17168.9,  776.903096263,  484.487663349,  1078.27
1576.94238886,  21833.3,  17227.3,  776.903215318,  484.487888336,  1077.89
1576.96282341,  21858.5,  17245.8,  776.903890338,  484.487460578,  1078.48
1576.98325797,  21835.9,  17228.3,  776.903899878,  484.487522606,  1076.87
1577.00369262,  21746.6,  17161.9,  776.90268335,  484.487803308,  1077.86
1577.02412708,  21629.0,  17070.4,  776.902195804,  484.487535024,  1077.21
1577.04456163,  21400.0,  16896.4,  776.901782567,  484.487335154,  1079.17
1577.06499629,  19919.5,  15768.2,  776.893678054,  484.482770026,  1078.5
1577.08543074,  18184.3,  14443.3,  776.883532287,  484.478130522,  1078.01
1577.1058653,  18615.8,  14773.7,  776.886663806,  484.479153111,  1076.48
1577.12629995,  20490.6,  16203.6,  776.897085184,  484.484729943,  1076.7
1577.14673441,  21006.9,  16596.1,  776.899608113,  484.485439666,  1076.92
1577.16716907,  21050.1,  16630.3,  776.899323537,  484.486166745,  1076.56
1577.18760362,  21044.9,  16625.2,  776.899613488,  484.486047076,  1076.61
1577.20803808,  21095.4,  16664.0,  776.89986873,  484.486249126,  1077.95
1577.22847274,  21105.1,  16672.3,  776.899873874,  484.487030679,  1076.29
1577.24890729,  21105.7,  16672.2,  776.900299791,  484.485946329,  1075.89
1577.26934185,  21096.5,  16665.8,  776.899565162,  484.486477448,  1076.04
1577.28977641,  21075.7,  16650.2,  776.899198218,  484.486206864,  1076.73
1577.31021097,  21004.0,  16594.3,  776.899303852,  484.486091032,  1076.31
1577.33064552,  20901.2,  16517.0,  776.89856888,  484.486144782,  1076.06
1577.35108018,  20798.9,  16437.9,  776.897937759,  484.485306084,  1075.98
1577.37151464,  20716.2,  16374.6,  776.898107445,  484.485938108,  1075.98
1577.3919493,  19857.9,  15721.4,  776.893176309,  484.483042125,  1075.89
1577.41238385,  18306.8,  14537.3,  776.88378918,  484.478308391,  1075.24
1577.43281831,  18421.3,  14624.8,  776.885717345,  484.479377887,  1075.36
1577.45325297,  20085.7,  15895.1,  776.894293197,  484.484364657,  1076.32
1577.47368753,  20859.7,  16483.7,  776.898130286,  484.485701716,  1075.02
1577.49412199,  21028.6,  16613.8,  776.899354243,  484.486864549,  1075.08
1577.51455665,  21200.3,  16744.4,  776.900019429,  484.486840261,  1075.16
1577.5349912,  21392.7,  16890.2,  776.900215307,  484.487189427,  1075.03
1577.55542576,  21569.8,  17026.2,  776.902359045,  484.488218216,  1075.03
1577.57586032,  21708.2,  17130.9,  776.902187754,  484.487871665,  1074.71
1577.59629478,  21821.6,  17217.7,  776.902943793,  484.488763053,  1075.31
1577.61672944,  21865.2,  17251.5,  776.90339286,  484.488898893,  1074.82
1577.637164,  21867.4,  17252.0,  776.903212328,  484.488746738,  1074.17
1577.65759846,  21881.6,  17263.9,  776.903083384,  484.488117171,  1073.55
1577.67803312,  21696.9,  17123.5,  776.902006874,  484.488908131,  1074.27
1577.69846768,  21546.1,  17006.9,  776.901635767,  484.488169673,  1074.91
1577.71890224,  20691.7,  16356.8,  776.898187953,  484.486324586,  1076.75
1577.7393368,  18681.0,  14822.7,  776.886169093,  484.48027757,  1074.09
1577.75977136,  18152.3,  14418.7,  776.883678941,  484.478247849,  1074.17
1577.78020602,  19803.3,  15679.0,  776.892078803,  484.483665209,  1073.4
1577.80064048,  20959.9,  16559.8,  776.898311744,  484.487387009,  1072.53
1577.82107504,  20975.7,  16572.2,  776.899018496,  484.48659271,  1073.4
1577.8415097,  20986.6,  16581.5,  776.898237962,  484.486184773,  1073.97
1577.86194426,  21015.9,  16602.1,  776.898693258,  484.486402695,  1072.22
1577.88237872,  21059.8,  16637.0,  776.899795349,  484.486883134,  1072.84
1577.90281338,  21084.6,  16655.3,  776.90007702,  484.486952943,  1073.14
1577.92324795,  21083.6,  16654.1,  776.899677126,  484.486872526,  1074.32
1577.94368251,  21060.1,  16637.1,  776.898514259,  484.486776568,  1072.25
1577.96411707,  21010.6,  16598.6,  776.898840425,  484.486560913,  1072.08
1577.98455163,  20923.4,  16532.4,  776.89841917,  484.486892116,  1071.79
1578.00498619,  20830.1,  16462.0,  776.897879714,  484.486693813,  1071.41
1578.02542075,  20749.0,  16398.5,  776.897800657,  484.485915221,  1071.58
1578.04585532,  20374.5,  16114.1,  776.895811482,  484.485378597,  1072.48
1578.06628998,  18788.5,  14904.7,  776.88650697,  484.480859791,  1077.64
1578.08672444,  18092.1,  14372.5,  776.883097497,  484.478556045,  1072.56
1578.107159,  19411.6,  15379.9,  776.889564751,  484.482142614,  1071.6
1578.12759367,  20744.1,  16395.2,  776.897215976,  484.486063085,  1071.6
1578.14802813,  20968.5,  16566.0,  776.898916021,  484.486405865,  1071.77
1578.16846279,  21135.9,  16694.5,  776.899404726,  484.487412339,  1071.88
1578.18889736,  21316.7,  16831.2,  776.900074479,  484.488114856,  1072.07
1578.20933182,  21490.3,  16964.2,  776.900219107,  484.488681282,  1070.97
1578.22976648,  21650.2,  17086.7,  776.901325626,  484.48946823,  1070.41
1578.25020095,  21771.3,  17177.8,  776.901958878,  484.488363528,  1071.27
1578.27063551,  21832.8,  17225.6,  776.902268184,  484.489680993,  1070.75
1578.29107017,  21850.6,  17238.8,  776.902779888,  484.489047099,  1071.23
1578.31150464,  21825.8,  17218.9,  776.90235708,  484.489518002,  1070.91
1578.3319393,  21720.7,  17140.0,  776.902386122,  484.489287207,  1071.22
1578.35237386,  21576.3,  17029.2,  776.901826504,  484.488103717,  1071.58
1578.37280833,  21207.4,  16747.6,  776.899498661,  484.487628155,  1070.37
1578.39324299,  19400.2,  15370.4,  776.890089098,  484.482909077,  1070.79
1578.41367756,  18033.7,  14326.9,  776.881461843,  484.478272229,  1071.33
1578.43411212,  19054.0,  15105.9,  776.888159285,  484.481578448,  1069.11
1578.45454669,  20710.9,  16369.1,  776.896789214,  484.486508676,  1070.31
1578.47498125,  20945.1,  16547.0,  776.898743604,  484.487090357,  1071.04
1578.49541582,  20944.0,  16547.4,  776.898546679,  484.486875492,  1069.38
1578.51585038,  20985.9,  16578.6,  776.898329544,  484.487289629,  1071.06
1578.53628495,  21025.1,  16608.2,  776.898550476,  484.487572498,  1069.56
1578.55671961,  21062.9,  16637.8,  776.898958438,  484.48737434,  1070.85
1578.57715418,  21160.6,  16710.8,  776.898896766,  484.487789479,  1069.99
1578.59758864,  21089.2,  16656.9,  776.898655826,  484.487031612,  1069.34
1578.63845788,  20947.9,  16548.0,  776.898463765,  484.486757963,  1069.9
1578.65889234,  20846.8,  16471.1,  776.897136124,  484.486649026,  1068.89
1578.67932701,  20753.9,  16399.5,  776.896542174,  484.486174653,  1069.95
1578.69976158,  20644.5,  16315.7,  776.895268719,  484.486212593,  1069.11
1578.72019604,  19439.2,  15397.2,  776.889752858,  484.48244565,  1068.36
1578.74063071,  18093.4,  14369.5,  776.882063577,  484.478196637,  1069.28
1578.76106527,  18746.6,  14867.9,  776.885949199,  484.480381683,  1068.99
1578.78149994,  20402.5,  16131.1,  776.894827146,  484.485677392,  1067.98
1578.80193441,  20905.8,  16513.7,  776.89804888,  484.486352742,  1068.86
1578.82236898,  21066.6,  16636.9,  776.898225058,  484.486510297,  1070.17
1578.84280364,  21253.7,  16779.6,  776.899262369,  484.487808889,  1068.36
1578.86323811,  21437.0,  16918.8,  776.90003521,  484.488179318,  1068.22
1578.88367268,  21608.2,  17050.0,  776.901776401,  484.488885599,  1068.39
1578.90410725,  21759.5,  17164.5,  776.901304848,  484.488959592,  1068.28
1578.92454181,  21862.4,  17242.9,  776.902637919,  484.489354977,  1067.7
1578.94497648,  21889.6,  17264.3,  776.901767913,  484.489654069,  1067.77
1578.96541095,  21889.3,  17263.3,  776.902051815,  484.489302468,  1067.86
1578.98584552,  21794.4,  17190.4,  776.901715636,  484.489219563,  1068.26
1579.00628019,  21658.3,  17087.7,  776.901512377,  484.488635908,  1067.24
1579.02671465,  21480.2,  16950.3,  776.899856061,  484.487995578,  1067.16
1579.04714922,  20196.8,  15972.6,  776.893750226,  484.485104205,  1067.1
1579.06758389,  18293.3,  14519.7,  776.882802752,  484.479653025,  1067.02
1579.08801846,  18389.4,  14593.0,  776.88433228,  484.479637214,  1067.29
1579.10845293,  20194.3,  15970.4,  776.89363731,  484.484621096,  1068.46
1579.1288876,  20904.3,  16511.1,  776.897153133,  484.486721725,  1066.96
1579.14932217,  20892.8,  16502.0,  776.897466516,  484.485785774,  1066.5
1579.16975674,  20923.8,  16526.5,  776.897239291,  484.486785965,  1067.07
1579.19019131,  20953.1,  16547.2,  776.897226742,  484.486537143,  1066.93
1579.21062588,  20985.6,  16573.0,  776.897008992,  484.486794958,  1065.72
1579.23106055,  21014.9,  16595.7,  776.897368616,  484.486843425,  1066.42
1579.25149502,  21034.3,  16609.4,  776.898154547,  484.486444557,  1066.54
1579.27192959,  21014.6,  16595.6,  776.897709727,  484.487110448,  1066.82
1579.29236426,  20949.6,  16544.8,  776.897485068,  484.486708056,  1065.2
1579.31279873,  20882.0,  16493.4,  776.896852668,  484.486849436,  1066.2
1579.3332334,  20789.2,  16423.8,  776.897112363,  484.486898226,  1064.72
1579.35366797,  20719.2,  16368.8,  776.896863796,  484.485976768,  1065.77
1579.37410244,  20075.1,  15878.3,  776.893174647,  484.484757501,  1064.55
1579.39453711,  18447.2,  14636.9,  776.883224257,  484.480199243,  1065.3
1579.41497168,  18266.2,  14498.1,  776.882174807,  484.480074914,  1064.1
1579.43540615,  19865.1,  15719.0,  776.891024411,  484.483886956,  1065.02
1579.45584082,  20852.6,  16471.7,  776.897002387,  484.486954425,  1064.98
1579.47627539,  21017.6,  16596.6,  776.897819494,  484.487662769,  1063.79
1579.49670986,  21206.2,  16741.9,  776.898481409,  484.488243757,  1065.14
1579.51714453,  21399.2,  16887.8,  776.899002909,  484.488594242,  1065.17
1579.53757901,  21598.5,  17040.2,  776.900554226,  484.489047371,  1065.51
1579.55801368,  21742.2,  17150.5,  776.901159831,  484.489105732,  1065.09
1579.57844825,  21846.6,  17229.1,  776.90123442,  484.48939375,  1065.86
1579.59888282,  21921.1,  17286.5,  776.901739455,  484.489419914,  1064.11
1579.61931739,  21964.1,  17318.9,  776.901228995,  484.489221936,  1065.66
1579.63975197,  21853.3,  17233.8,  776.901099906,  484.489798484,  1064.62
1579.66018654,  21728.7,  17140.5,  776.900435708,  484.489911875,  1063.64
1579.68062111,  21560.1,  17010.3,  776.900757012,  484.48872609,  1063.69
1579.70105568,  20905.9,  16511.8,  776.896572593,  484.487661214,  1063.5
1579.72149036,  18862.7,  14954.7,  776.885609112,  484.481812439,  1063.24
1579.74192493,  18041.4,  14327.9,  776.880497761,  484.478846075,  1063.8
1579.7623594,  19469.7,  15417.0,  776.888849488,  484.483125705,  1064.24
1579.78279407,  20815.4,  16443.6,  776.894688922,  484.487164334,  1063.07
1579.80322865,  20866.3,  16481.3,  776.896748536,  484.48729827,  1063.11
1579.82366312,  20887.1,  16498.5,  776.895888586,  484.487366264,  1064.05
1579.84409779,  20905.1,  16511.5,  776.896129746,  484.488064434,  1062.36
1579.86453237,  20955.5,  16549.5,  776.896958835,  484.487547321,  1062.33
1579.88496684,  20988.8,  16576.4,  776.896652016,  484.488173115,  1062.89
1579.90540152,  21021.4,  16599.7,  776.897031054,  484.48837837,  1062.77
1579.92583609,  21022.8,  16601.0,  776.896987082,  484.488056547,  1063.39
1579.94627076,  20981.2,  16570.6,  776.896708072,  484.48866968,  1062.11
1579.96670524,  20891.9,  16501.7,  776.895850561,  484.487156463,  1061.24
1579.98713981,  20799.1,  16431.5,  776.895905097,  484.487707073,  1061.54
1580.00757449,  20723.2,  16373.5,  776.894904921,  484.487211716,  1061.42
1580.02800896,  20471.8,  16180.7,  776.893588294,  484.486200421,  1060.87
1580.04844354,  18997.1,  15057.5,  776.886105986,  484.482349203,  1062.56
1580.06887821,  18032.5,  14321.3,  776.879700891,  484.478927041,  1061.68
1580.08931268,  19166.8,  15185.8,  776.886895428,  484.482867731,  1061.48
1580.10974726,  20628.3,  16301.8,  776.894730893,  484.487051261,  1061.19
1580.13018194,  20939.1,  16537.5,  776.89578634,  484.487739702,  1060.72
1580.15061641,  21112.2,  16670.3,  776.896796681,  484.488422064,  1060.88
1580.17105109,  21297.6,  16812.1,  776.897633221,  484.489192527,  1060.46
1580.19148556,  21498.1,  16963.7,  776.899184581,  484.489393312,  1060.74
1580.21192014,  21693.8,  17114.1,  776.89989719,  484.490034936,  1060.45
1580.23235481,  21839.4,  17225.2,  776.900313095,  484.490636124,  1060.06
1580.25278929,  21926.7,  17290.7,  776.901145854,  484.490513626,  1059.72
1580.27322386,  21945.2,  17306.4,  776.900703547,  484.491526177,  1059.45
1580.29365854,  21901.1,  17271.8,  776.901167504,  484.490298419,  1059.14
1580.31409312,  21787.8,  17185.6,  776.899948923,  484.490539178,  1059.53
1580.33452769,  21666.7,  17093.6,  776.899431405,  484.490359787,  1059.24
1580.35496227,  21349.7,  16850.8,  776.897968872,  484.489301125,  1058.57
1580.37539685,  19666.7,  15568.2,  776.889438909,  484.485243119,  1058.99
1580.39583142,  18071.2,  14351.8,  776.880127367,  484.479771257,  1058.75
1580.416266,  18769.7,  14882.6,  776.883927739,  484.482450859,  1058.87
1580.43670058,  20491.1,  16197.0,  776.893739733,  484.487310949,  1058.92
1580.45713525,  20853.1,  16472.8,  776.895621493,  484.488679717,  1058.95
1580.47756973,  20847.8,  16468.4,  776.895405932,  484.488480477,  1059.07
1580.49800431,  20880.3,  16494.5,  776.895839642,  484.487942624,  1057.3
1580.51843899,  20921.5,  16523.7,  776.895658497,  484.488173681,  1058.45
1580.53887346,  20957.4,  16553.0,  776.89635602,  484.488535427,  1056.81
1580.55930814,  21038.3,  16614.7,  776.896380207,  484.48895793,  1058.17
1580.57974272,  21068.1,  16636.3,  776.896892388,  484.488725108,  1056.72
1580.6001772,  20979.3,  16569.4,  776.896038277,  484.489005272,  1057.32
1580.62061187,  20900.9,  16509.1,  776.896297612,  484.488647115,  1057.64
1580.64104645,  20821.2,  16447.8,  776.894992869,  484.487976387,  1056.58
1580.66148093,  20730.1,  16379.8,  776.894751733,  484.487961018,  1057.23
1580.68191561,  20637.3,  16307.7,  776.893980061,  484.488004141,  1057.05
1580.70235019,  19637.6,  15545.6,  776.889158153,  484.485335256,  1056.58
1580.72278487,  18159.9,  14419.6,  776.880608515,  484.480796795,  1056.48
1580.74321935,  18505.7,  14681.4,  776.882917044,  484.481569766,  1056.41
1580.76365392,  20191.3,  15968.9,  776.891668976,  484.48695315,  1056.1
1580.7840886,  20867.2,  16483.3,  776.894919022,  484.488626803,  1057.05
1580.80452308,  21029.2,  16606.3,  776.896054512,  484.489028951,  1056.53
1580.82495766,  21232.5,  16763.0,  776.897257381,  484.489905636,  1055.66
1580.84539224,  21441.4,  16920.6,  776.898200252,  484.490196418,  1056.21
1580.86582682,  21647.1,  17078.1,  776.899298187,  484.490949572,  1055.45
1580.8862614,  21794.1,  17191.2,  776.899969396,  484.491337091,  1054.95
1580.90669598,  21910.6,  17278.2,  776.900284966,  484.491366051,  1055.75
1580.92713056,  21966.0,  17321.2,  776.900821886,  484.491844137,  1055.46
1580.94756524,  21967.5,  17322.5,  776.900820158,  484.491723505,  1056.03
1580.96799982,  21879.3,  17254.5,  776.900093807,  484.491347202,  1054.14
1580.9884343,  21736.7,  17147.1,  776.899838545,  484.491601826,  1055.32
1581.00886898,  21530.5,  16989.0,  776.898550518,  484.490562531,  1055.77
1581.02930356,  20496.8,  16200.7,  776.892390595,  484.488353981,  1054.65
1581.04973804,  18468.0,  14654.7,  776.881523337,  484.482023619,  1054.63
1581.07017272,  18221.5,  14465.2,  776.880274766,  484.481327146,  1054.61
1581.0906073,  19929.8,  15768.2,  776.891095636,  484.485787595,  1054.33
1581.11104198,  20853.3,  16473.6,  776.894666959,  484.489426429,  1054.39
1581.13147646,  20850.7,  16469.9,  776.895124008,  484.488896516,  1054.05
1581.15191104,  20856.2,  16474.8,  776.894965042,  484.489289916,  1054.74
1581.17234573,  20893.1,  16503.5,  776.89633902,  484.489473377,  1054.31
1581.19278021,  20945.3,  16542.3,  776.896058007,  484.488895428,  1054.04
1581.21321479,  20960.9,  16555.4,  776.895107224,  484.489527595,  1054.15
1581.23364947,  20984.3,  16572.4,  776.895369124,  484.489195527,  1053.59
1581.25408395,  20967.1,  16559.1,  776.895570262,  484.489250665,  1052.85
1581.27451853,  20904.9,  16512.8,  776.895234456,  484.48973787,  1053.48
1581.29495322,  20817.4,  16444.6,  776.895046661,  484.489248387,  1053.36
1581.3153877,  20724.3,  16374.2,  776.894995749,  484.489354035,  1053.57
1581.33582238,  20643.3,  16313.0,  776.893476027,  484.488856095,  1053.12
1581.35625696,  20160.6,  15943.6,  776.891939338,  484.48744185,  1053.38
1581.37669154,  18585.0,  14743.9,  776.882397631,  484.483059013,  1053.73
1581.39712613,  18123.6,  14390.8,  776.878919373,  484.481250338,  1053.3
1581.41756071,  19564.9,  15489.6,  776.887738822,  484.486120691,  1052.7
1581.43799529,  20752.1,  16396.4,  776.894259848,  484.488904638,  1051.37
1581.45842987,  20961.3,  16554.3,  776.895338869,  484.489899303,  1052.42
1581.47886446,  21174.3,  16717.7,  776.896840541,  484.490636382,  1053.5
1581.49929904,  21398.1,  16888.5,  776.897006211,  484.491012102,  1052.52
1581.51973362,  21626.4,  17061.6,  776.899453506,  484.490952437,  1051.58
1581.54016821,  21790.4,  17187.8,  776.899379955,  484.492261842,  1051.74
1581.56060279,  21917.8,  17284.5,  776.900309688,  484.492735717,  1052.15
1581.58103737,  21989.8,  17338.5,  776.899964112,  484.492725141,  1053.03
1586.83272185,  21775.6,  17251.9,  776.891529835,  484.50465429,  1027.42
1586.85315656,  21883.3,  17331.9,  776.891655548,  484.505275178,  1029.73
1586.87359107,  21937.6,  17372.8,  776.891599699,  484.505770995,  1028.21
1586.89402578,  21916.9,  17356.7,  776.892365745,  484.505426849,  1027.91
1586.91446039,  21817.5,  17281.8,  776.891830501,  484.505617637,  1027.95
1586.9348949,  21658.0,  17158.0,  776.891107546,  484.504391331,  1027.76
1586.95532961,  21452.5,  17002.2,  776.890558082,  484.505142775,  1027.81
1586.97576421,  20952.7,  16620.7,  776.887419972,  484.503681416,  1028.12
1586.99619882,  19036.3,  15158.0,  776.877704029,  484.497090895,  1027.1
1587.01663343,  17824.2,  14234.5,  776.87195725,  484.492940366,  1027.88
1587.03706804,  18979.1,  15113.4,  776.87695442,  484.496835273,  1027.5
1587.05750275,  20513.3,  16283.4,  776.88521045,  484.501679842,  1027.19
1587.07793736,  20661.4,  16396.5,  776.885490006,  484.502581176,  1027.83
1587.09837187,  20650.5,  16386.8,  776.885810333,  484.502486343,  1027.18
1587.11880658,  20682.7,  16411.3,  776.886377567,  484.503231362,  1026.93
1587.13924119,  20710.4,  16432.2,  776.885424446,  484.502527633,  1027.92
1587.1596757,  20766.3,  16473.8,  776.885725289,  484.50222683,  1027.15
1587.18011041,  20812.8,  16509.2,  776.886823419,  484.502694218,  1026.4
1587.20054502,  20814.5,  16509.6,  776.886516106,  484.503266347,  1026.76
1587.22097963,  20800.4,  16497.5,  776.886191768,  484.503006973,  1026.35
1587.24141424,  20807.6,  16503.9,  776.886344926,  484.503986783,  1026.38
1587.26184875,  20692.9,  16415.3,  776.885367551,  484.502729722,  1027.16
1587.28228346,  20611.0,  16352.0,  776.884911676,  484.502459098,  1026.72
1587.30271807,  20473.6,  16247.5,  776.884435356,  484.502264001,  1026.63
1587.32315259,  19238.1,  15303.4,  776.878246479,  484.498132698,  1027.25
1587.3435873,  18103.8,  14438.2,  776.871410253,  484.494499649,  1027.93
1587.36402191,  18904.5,  15048.8,  776.875759511,  484.497446098,  1027.11
1587.38445662,  20562.1,  16311.1,  776.884929853,  484.502146452,  1027.59
1587.40489113,  20982.2,  16631.8,  776.887578592,  484.503656994,  1026.76
1587.42532574,  21163.1,  16768.9,  776.887784057,  484.504301076,  1027.08
1587.44576045,  21381.1,  16934.1,  776.889387595,  484.504973696,  1026.61
1587.46619496,  21564.4,  17074.8,  776.889751645,  484.505757584,  1027.9
1587.50706428,  21874.7,  17308.4,  776.892276198,  484.505878344,  1026.62
1587.5274988,  21950.0,  17365.8,  776.89155106,  484.506246977,  1027.7
1587.54793351,  21941.6,  17357.8,  776.892060309,  484.506408046,  1026.63
1587.56836812,  21897.0,  17323.7,  776.891394525,  484.506261491,  1026.32
1587.58880273,  21749.9,  17211.1,  776.891174224,  484.506177938,  1027.49
1587.60923734,  21520.7,  17034.5,  776.890201501,  484.504832059,  1026.75
1587.62967195,  21268.0,  16842.6,  776.888892068,  484.504489651,  1027.08
1587.65010657,  19845.5,  15756.2,  776.881749159,  484.499840803,  1026.08
1587.67054118,  17979.7,  14332.8,  776.871704643,  484.493605899,  1027.1
1587.69097579,  18320.0,  14592.4,  776.873550997,  484.494610101,  1026.16
1587.7114105,  20101.8,  15949.7,  776.883337732,  484.500841034,  1027.19
1587.73184502,  20669.7,  16382.1,  776.885400507,  484.502115675,  1027.55
1587.75227963,  20633.6,  16355.1,  776.886632273,  484.502253275,  1026.41
1587.77271434,  20647.2,  16363.2,  776.88519392,  484.501491612,  1026.82
1587.79314895,  20676.4,  16386.1,  776.885465901,  484.501915718,  1025.88
1587.81358347,  20732.8,  16428.4,  776.886528841,  484.502161316,  1025.98
1587.83401818,  20785.0,  16466.6,  776.885893905,  484.502650139,  1027.13
1587.85445269,  20795.9,  16475.7,  776.887024119,  484.501849018,  1024.93
1587.8748874,  20783.6,  16464.5,  776.88605113,  484.501782648,  1026.73
1587.89532202,  20743.3,  16433.2,  776.886132452,  484.501110061,  1025.67
1587.91575653,  20667.7,  16376.0,  776.885676217,  484.501473089,  1026.23
1587.93619124,  20616.8,  16335.5,  776.8855556,  484.500850397,  1026.84
1587.95662586,  20585.5,  16311.5,  776.886180251,  484.501016923,  1026.47
1587.97706037,  19851.2,  15751.7,  776.882652115,  484.498865316,  1025.29
1587.99749508,  18374.7,  14623.7,  776.874846967,  484.493580793,  1026.57
1588.0179297,  18387.9,  14634.4,  776.8735595,  484.493477038,  1026.14
1588.03836421,  20031.2,  15886.5,  776.883067099,  484.499163205,  1025.72
1588.05879892,  20929.8,  16571.4,  776.887614634,  484.501375178,  1025.7
1588.07923354,  21123.8,  16719.9,  776.888663903,  484.502162274,  1024.86
1588.09966825,  21311.6,  16860.5,  776.889342632,  484.502562104,  1025.97
1588.12010276,  21513.2,  17014.6,  776.89091331,  484.502601462,  1025.21
1588.14053738,  21688.3,  17148.0,  776.892062078,  484.503695445,  1024.9
1588.16097209,  21844.4,  17265.2,  776.892634943,  484.503520868,  1023.89
1588.1814066,  21924.5,  17327.2,  776.892801589,  484.504270939,  1025.13
1588.20184122,  21957.0,  17350.6,  776.893294689,  484.503755596,  1024.31
1588.22227593,  21912.6,  17316.2,  776.893090771,  484.504117035,  1024.52
1588.24271045,  21788.7,  17222.0,  776.892317113,  484.503519271,  1024.58
1588.26314516,  21610.8,  17084.5,  776.89193389,  484.502765895,  1023.9
1588.28357978,  21400.3,  16924.1,  776.89060443,  484.503020615,  1023.68
1588.30401439,  20596.0,  16311.2,  776.886979654,  484.50016641,  1022.82
1588.324449,  18548.5,  14747.6,  776.874801884,  484.493026348,  1024.18
1588.34488362,  17894.8,  14249.3,  776.871478607,  484.490781717,  1024.21
1588.36531823,  19464.5,  15446.6,  776.880419244,  484.496334277,  1023.11
1588.38575285,  20642.9,  16343.5,  776.887061304,  484.499422929,  1022.38
1588.40618746,  20677.7,  16370.6,  776.887300387,  484.499573093,  1023.46
1588.42662208,  20645.3,  16345.1,  776.886714684,  484.499027434,  1022.81
1588.44705679,  20681.8,  16371.7,  776.886688919,  484.499076714,  1023.34
1588.46749131,  20722.6,  16403.9,  776.887174344,  484.499684772,  1021.14
1588.48792602,  20770.0,  16438.2,  776.887425579,  484.499339003,  1021.07
1588.50836054,  20814.8,  16472.6,  776.887484095,  484.499416846,  1022.64
1588.52879515,  20816.1,  16473.8,  776.887817266,  484.499716088,  1022.23
1588.54922987,  20774.1,  16439.8,  776.887168999,  484.499583621,  1022.77
1588.56966438,  20715.8,  16396.3,  776.887274096,  484.499340386,  1021.96
1588.590099,  20654.3,  16348.7,  776.88635757,  484.499056578,  1022.06
1588.61053371,  20615.2,  16317.9,  776.88710279,  484.498248893,  1021.57
1588.63096823,  20331.8,  16102.3,  776.885608626,  484.497678406,  1022.05
1588.65140295,  18880.1,  14993.7,  776.878133813,  484.493181839,  1021.72
1588.67183756,  18169.7,  14452.0,  776.872749818,  484.490313095,  1022.09
1588.69227208,  19375.6,  15372.1,  776.880190921,  484.495234707,  1022.23
1588.71270679,  20791.3,  16449.9,  776.888105108,  484.498568545,  1021.66
1588.73314141,  21063.8,  16658.2,  776.889632465,  484.499930147,  1021.02
1588.75357592,  21241.1,  16793.2,  776.890233824,  484.500356001,  1021.74
1588.77401064,  21439.2,  16943.2,  776.891300632,  484.50086644,  1020.88
1588.79444526,  21634.3,  17093.1,  776.8917052,  484.501347936,  1021.65
1588.81487987,  21793.5,  17212.8,  776.892620193,  484.501677124,  1021.16
1588.83531449,  21913.9,  17304.1,  776.893982059,  484.502025636,  1020.94
1588.85574911,  21952.2,  17334.2,  776.893132793,  484.502685707,  1021.25
1588.87618382,  21951.6,  17332.3,  776.893405093,  484.502296248,  1020.52
1588.89661834,  21847.0,  17252.3,  776.893460846,  484.501763281,  1020.16
1588.91705296,  21694.6,  17136.5,  776.891369411,  484.501505343,  1020.39
1588.93748767,  21490.9,  16979.9,  776.892058967,  484.500360969,  1019.14
1588.95792229,  21114.6,  16693.5,  776.890088125,  484.499504789,  1019.1
1588.97835681,  19320.0,  15324.5,  776.879897737,  484.494555112,  1020.22
1588.99879152,  17804.4,  14167.7,  776.870927212,  484.489030607,  1019.17
1589.01922614,  18748.9,  14889.0,  776.876901481,  484.492388272,  1020.3
1589.03966066,  20437.4,  16175.0,  776.88668738,  484.497070753,  1020.25
1589.06009537,  20676.2,  16357.4,  776.887134941,  484.498604627,  1019.22
1589.08052999,  20650.6,  16337.9,  776.887443481,  484.498754492,  1019.21
1589.10096471,  20670.8,  16351.6,  776.888006014,  484.497732375,  1020.81
1589.12139923,  20694.8,  16370.6,  776.887229433,  484.498411349,  1019.89
1589.14183384,  20742.1,  16406.0,  776.887728404,  484.498182167,  1018.38
1589.16226846,  20787.3,  16439.6,  776.887791015,  484.498191597,  1018.76
1589.18270308,  20796.2,  16447.4,  776.88772068,  484.497610547,  1020.5
1589.20313759,  20766.6,  16423.4,  776.887773273,  484.497937363,  1018.84
1589.22357231,  20722.7,  16389.5,  776.887729512,  484.497686548,  1019.1
1589.24400693,  20661.8,  16344.2,  776.887651718,  484.497946238,  1018.26
1589.26444165,  20627.5,  16316.8,  776.887106207,  484.497381357,  1016.84
1589.28487617,  20571.7,  16274.4,  776.886819028,  484.497632113,  1018.42
1589.30531078,  19496.7,  15454.8,  776.882147779,  484.494558508,  1018.62
1589.3257455,  18211.6,  14473.2,  776.874404762,  484.489911187,  1018.11
1589.34618002,  18732.6,  14871.1,  776.877375364,  484.491787957,  1017.73
1589.36661464,  20446.9,  16177.8,  776.886581556,  484.497430623,  1017.8
1589.38704936,  21016.7,  16611.7,  776.889015928,  484.498673521,  1018.51
1589.40748387,  21192.8,  16747.0,  776.889566614,  484.499716805,  1017.39
1589.42791849,  21386.7,  16893.6,  776.890664419,  484.499535462,  1016.82
1589.44835321,  21599.6,  17055.8,  776.892571891,  484.49970873,  1017.64
1589.46878783,  21771.8,  17187.9,  776.893264353,  484.500718732,  1017.43
1589.48922245,  21906.2,  17288.7,  776.89329789,  484.501345504,  1016.73
1589.50965707,  21976.1,  17342.6,  776.893979744,  484.501855704,  1017.52
1589.53009169,  21996.8,  17358.3,  776.894247297,  484.501448309,  1018.82
1589.5505263,  21944.5,  17316.5,  776.893320605,  484.500866923,  1018.25
1589.57096092,  21790.7,  17200.0,  776.892779887,  484.501125036,  1017.74
1589.59139554,  21609.8,  17062.6,  776.891932541,  484.500894941,  1017.59
1589.61183026,  21433.2,  16926.5,  776.89133619,  484.500005484,  1017.35
1589.63226478,  20185.3,  15976.5,  776.885407192,  484.496544272,  1017.4
1589.6526994,  18191.0,  14453.9,  776.874929519,  484.489799228,  1017.39
1589.67313412,  18170.6,  14438.6,  776.874621152,  484.489112576,  1018.0
1589.69356864,  19953.4,  15798.8,  776.882827581,  484.495336568,  1017.42
1589.71400336,  20689.0,  16358.6,  776.887749613,  484.497257865,  1016.46
1589.73443798,  20657.3,  16334.6,  776.887388673,  484.497504313,  1016.29
1589.75487249,  20645.5,  16325.1,  776.887954807,  484.497040325,  1016.55
1589.77530721,  20673.5,  16345.8,  776.887284067,  484.496863479,  1016.44
1589.79574183,  20712.1,  16376.6,  776.887226142,  484.497251495,  1016.82
1589.81617635,  20749.3,  16403.5,  776.888102005,  484.497556998,  1017.13
1589.85704559,  20780.4,  16427.3,  776.887568528,  484.498238454,  1017.0
1589.87748031,  20748.2,  16401.9,  776.887503122,  484.49770993,  1016.12
1589.89791493,  20695.8,  16362.1,  776.887824675,  484.497171886,  1015.96
1589.91834945,  20649.4,  16326.7,  776.88739124,  484.497117236,  1014.93
1589.93878417,  20617.4,  16300.9,  776.887637942,  484.496547368,  1016.43
1589.95921879,  20066.7,  15881.8,  776.883989736,  484.494900545,  1017.08
1589.97965331,  18557.5,  14731.0,  776.876437896,  484.49071988,  1014.57
1590.00008803,  18326.0,  14553.4,  776.875632356,  484.489388709,  1016.22
1590.02052265,  19833.2,  15704.1,  776.883341157,  484.49480793,  1015.63
1590.04095727,  20927.5,  16537.1,  776.887859634,  484.497808446,  1014.79
1590.06139189,  21119.1,  16683.2,  776.889585778,  484.498550613,  1015.72
1590.08182651,  21313.3,  16832.5,  776.89115354,  484.498829945,  1015.83
1590.10226123,  21509.2,  16979.9,  776.89184357,  484.499773782,  1015.5
1590.12269575,  21716.4,  17139.0,  776.892559852,  484.500044251,  1016.46
1590.14313038,  21870.9,  17256.0,  776.892659629,  484.500642861,  1016.04
1590.1635651,  21959.8,  17323.5,  776.893322364,  484.501033259,  1015.93
1590.18399972,  22008.6,  17361.9,  776.894078679,  484.501051625,  1015.5
1590.20443424,  21975.2,  17335.3,  776.894539007,  484.500139507,  1015.13
1590.22486896,  21873.3,  17257.4,  776.893201897,  484.500374392,  1015.55
1590.24530358,  21735.0,  17152.7,  776.89305002,  484.501168449,  1015.75
1590.2657381,  21502.5,  16973.9,  776.891354665,  484.498969151,  1015.72
1590.28617282,  20876.8,  16497.6,  776.8882989,  484.497990272,  1015.66
1590.30660744,  18854.8,  14956.1,  776.878414694,  484.492004815,  1014.93
1590.32704216,  17826.9,  14170.9,  776.871851162,  484.487708328,  1014.51
1590.34747668,  19230.9,  15242.2,  776.879988491,  484.493049425,  1014.61
1590.36791131,  20600.8,  16286.3,  776.887321214,  484.496472559,  1014.49
1590.38834603,  20652.5,  16325.3,  776.887087816,  484.496789078,  1014.49
1590.40878055,  20653.5,  16326.9,  776.887465365,  484.496980625,  1016.09
1590.42921517,  20703.0,  16363.5,  776.887078255,  484.497183618,  1013.85
1590.44964979,  20718.2,  16375.8,  776.888443682,  484.496946412,  1014.96
1590.47008441,  20750.8,  16400.7,  776.88744905,  484.497058244,  1014.25
1590.49051914,  20778.3,  16420.2,  776.888118116,  484.49714924,  1015.52
1590.51095366,  20795.8,  16434.7,  776.888231182,  484.49720836,  1014.14
1590.53138828,  20760.7,  16407.2,  776.887404294,  484.497291323,  1014.44
1590.551823,  20713.9,  16370.8,  776.887586094,  484.497024531,  1013.83
1590.57225752,  20652.4,  16325.0,  776.887157363,  484.496897843,  1013.29
1590.59269214,  20605.9,  16288.6,  776.887210001,  484.496252683,  1015.23
1590.61312687,  20432.4,  16156.7,  776.88641514,  484.495995401,  1014.47
1590.63356139,  19072.6,  15120.3,  776.879362883,  484.492622345,  1013.89
1590.65399601,  18148.5,  14413.4,  776.873531117,  484.489640508,  1014.25
1590.67443073,  19163.1,  15187.7,  776.879448063,  484.491651945,  1014.26
1590.69486536,  20712.7,  16370.4,  776.887003763,  484.496952524,  1014.44
1590.71529998,  21048.9,  16625.2,  776.889894461,  484.49775069,  1014.32
1590.7357346,  21241.9,  16773.1,  776.890427156,  484.498966156,  1014.54
1590.75616922,  21444.4,  16927.2,  776.890897175,  484.499340894,  1012.93
1590.77660385,  21656.8,  17089.0,  776.892530048,  484.499743505,  1012.85
1590.79703847,  21835.3,  17225.7,  776.892938418,  484.500125196,  1014.91
1590.81747309,  21988.0,  17340.5,  776.894237737,  484.500526628,  1013.8
1590.83790781,  22038.3,  17379.5,  776.894195343,  484.500497363,  1014.09
1590.85834234,  22017.9,  17364.4,  776.893968343,  484.501430603,  1013.79
1590.87877696,  21929.1,  17295.2,  776.893976441,  484.500275894,  1012.85
1590.89921168,  21765.8,  17171.6,  776.892466696,  484.500060997,  1013.53
1590.9196462,  21568.5,  17021.2,  776.892668777,  484.499625156,  1012.57
1590.94008093,  21274.0,  16795.2,  776.890109908,  484.498921851,  1012.83
1590.96051555,  19629.8,  15543.6,  776.882228784,  484.493977552,  1013.02
1590.98095007,  17881.2,  14200.7,  776.871474482,  484.488601693,  1013.31
1591.0013848,  18519.7,  14690.5,  776.876111603,  484.490033619,  1013.15
