Kepler I.D.-----Channel

[2445975]--------[83]

-TTYPE1--------TTYPE8------------TTYPE4-----------TTYPE15------------TTYPE17-----------TTYPE6

['TIME']---['PDCSAP_FLUX']---['SAP_FLUX']---['MOM_CENTR1']---['MOM_CENTR2']---['SAP_BKG']

['BJD - 2454833']--['e-/s']--------['e-/s']---------['pixel']---------['pixel']----------['e-/s']

CROWDSAP --- 0.6983

2445975

1559.24615196,  14826.3,  17961.9,  1025.67506107,  617.545584562,  2153.32
1559.26658635,  14830.1,  17967.1,  1025.67459736,  617.545802745,  2153.21
1559.28702085,  14838.7,  17974.2,  1025.67544072,  617.545011394,  2150.62
1559.30745515,  14830.2,  17967.4,  1025.67434627,  617.544893713,  2152.23
1559.32788955,  14846.0,  17983.4,  1025.67487501,  617.545985236,  2149.62
1559.34832404,  14840.8,  17977.9,  1025.67414081,  617.545795808,  2150.55
1559.36875834,  14843.4,  17982.4,  1025.67401816,  617.545626279,  2150.96
1559.38919284,  14831.8,  17973.5,  1025.67379754,  617.546886056,  2152.24
1559.40962724,  14833.8,  17975.3,  1025.67392302,  617.546558941,  2152.46
1559.43006164,  14827.9,  17972.6,  1025.67351869,  617.546773948,  2152.06
1559.45049604,  14820.0,  17965.4,  1025.67277771,  617.546646374,  2149.93
1559.47093044,  14826.2,  17970.8,  1025.67292644,  617.547300502,  2147.84
1559.49136484,  14809.2,  17958.6,  1025.67181204,  617.548806506,  2149.34
1559.51179924,  14792.6,  17944.4,  1025.67170881,  617.548108521,  2147.37
1559.53223364,  14808.0,  17958.6,  1025.67080767,  617.547490243,  2149.34
1559.55266804,  14804.8,  17958.3,  1025.67061525,  617.548289807,  2148.73
1559.57310244,  14809.9,  17961.2,  1025.67086563,  617.548308206,  2147.32
1559.59353684,  14792.8,  17947.8,  1025.66943836,  617.548893359,  2147.21
1559.61397124,  14785.6,  17943.6,  1025.66858571,  617.548874793,  2145.24
1559.63440564,  14780.7,  17938.7,  1025.66900145,  617.548178877,  2146.27
1559.65484004,  14770.5,  17931.6,  1025.66864816,  617.548816303,  2145.39
1559.67527455,  14785.8,  17944.2,  1025.66895703,  617.549717775,  2145.55
1559.69570885,  14769.8,  17931.6,  1025.66837787,  617.549472636,  2146.82
1559.71614325,  14765.4,  17929.4,  1025.66787436,  617.55022345,  2145.15
1559.73657775,  14760.7,  17925.7,  1025.66870564,  617.548584617,  2146.9
1559.75701206,  14773.3,  17936.9,  1025.66938376,  617.549485809,  2145.1
1559.77744656,  14778.5,  17942.8,  1025.66786388,  617.549974118,  2143.46
1559.79788096,  14781.3,  17944.3,  1025.66844591,  617.549446593,  2142.68
1559.81831527,  14775.5,  17941.6,  1025.66814068,  617.549599235,  2145.2
1559.83874977,  14798.9,  17961.6,  1025.66882699,  617.550292945,  2143.5
1559.85918417,  14795.0,  17957.7,  1025.66922443,  617.549881342,  2143.16
1559.87961848,  14801.6,  17965.8,  1025.66871924,  617.549534088,  2144.01
1559.90005298,  14811.1,  17974.7,  1025.66932467,  617.549709458,  2143.34
1559.92048739,  14809.1,  17973.2,  1025.66922743,  617.54974629,  2141.87
1559.94092189,  14820.6,  17984.1,  1025.67046514,  617.55084778,  2141.95
1559.9613562,  14819.2,  17981.3,  1025.66968277,  617.549691039,  2143.08
1559.9817906,  14837.1,  17997.4,  1025.67070817,  617.54988674,  2142.0
1560.00222511,  14835.6,  17997.9,  1025.67081807,  617.549339201,  2142.77
1560.02265941,  14829.3,  17991.5,  1025.67087418,  617.549455996,  2141.81
1560.04309382,  14858.0,  18017.5,  1025.67145089,  617.549601578,  2142.58
1560.06352833,  14849.5,  18011.0,  1025.67147389,  617.549473912,  2141.23
1560.08396263,  14853.7,  18014.5,  1025.67203431,  617.549577917,  2141.29
1560.10439714,  14858.9,  18019.4,  1025.6721519,  617.549406256,  2142.29
1560.12483155,  14856.4,  18017.0,  1025.67190959,  617.550282296,  2140.51
1560.14526585,  14858.8,  18020.0,  1025.67138806,  617.549929676,  2141.31
1560.16570036,  14877.0,  18036.5,  1025.67230498,  617.549901975,  2139.51
1560.18613477,  14876.9,  18036.2,  1025.6715753,  617.54829427,  2139.57
1560.20656908,  14874.6,  18035.7,  1025.6719919,  617.550411608,  2139.26
1560.22700358,  14877.2,  18037.7,  1025.67247931,  617.550342411,  2138.66
1560.24743799,  14873.9,  18033.1,  1025.6720771,  617.549390423,  2138.73
1560.2678723,  14866.8,  18028.6,  1025.67255276,  617.550764003,  2138.89
1560.28830681,  14867.5,  18031.0,  1025.67201076,  617.550957529,  2138.51
1560.30874122,  14867.3,  18029.5,  1025.67128302,  617.549878574,  2138.41
1560.32917563,  14867.4,  18031.3,  1025.67193776,  617.551095467,  2139.55
1560.34961004,  14873.1,  18035.7,  1025.67159912,  617.55081538,  2137.22
1560.37004445,  14870.0,  18033.8,  1025.67203508,  617.549994297,  2137.55
1560.39047896,  14872.8,  18036.6,  1025.67190156,  617.550510177,  2136.37
1560.41091327,  14866.7,  18030.2,  1025.6721975,  617.549486786,  2138.19
1560.43134768,  14863.5,  18029.1,  1025.67134529,  617.550404626,  2137.75
1560.45178219,  14862.8,  18028.7,  1025.67094928,  617.551922606,  2136.84
1560.4722165,  14866.8,  18031.5,  1025.67155781,  617.550568008,  2136.46
1560.49265101,  14862.2,  18029.5,  1025.67188467,  617.550945132,  2137.42
1560.51308542,  14866.5,  18032.5,  1025.67107629,  617.551216242,  2136.48
1560.53351973,  14854.0,  18021.3,  1025.67129622,  617.551079314,  2136.05
1560.55395424,  14848.2,  18018.7,  1025.67072989,  617.551090375,  2135.64
1560.57438866,  14837.1,  18007.6,  1025.67037318,  617.550681354,  2132.85
1560.59482297,  14839.2,  18011.5,  1025.67053303,  617.55133693,  2134.05
1560.61525748,  14838.9,  18012.3,  1025.66906739,  617.550962345,  2134.29
1560.63569189,  14825.2,  17999.3,  1025.6692895,  617.551236247,  2132.89
1560.6561263,  14824.1,  17998.4,  1025.66865491,  617.552478634,  2133.06
1560.67656072,  14840.5,  18012.7,  1025.66831402,  617.551340571,  2132.62
1560.69699513,  14803.5,  17981.6,  1025.66743556,  617.553042314,  2133.25
1560.73786396,  14787.0,  17967.6,  1025.6673948,  617.552295495,  2132.63
1560.75829837,  14790.2,  17969.6,  1025.66725099,  617.551691672,  2132.36
1560.77873289,  14794.3,  17975.6,  1025.66633446,  617.551259346,  2132.24
1560.7991672,  14772.0,  17955.8,  1025.66563085,  617.551699317,  2131.85
1560.81960162,  14771.7,  17954.0,  1025.66677174,  617.5509988,  2135.95
1560.84003613,  14779.4,  17962.9,  1025.66673315,  617.553394304,  2156.16
1560.96264262,  14788.6,  17970.8,  1025.66818145,  617.55196034,  2179.38
1560.98307694,  14789.5,  17974.2,  1025.66679058,  617.55224956,  2175.04
1561.00351146,  14789.9,  17972.3,  1025.66744842,  617.55066346,  2172.26
1561.02394587,  14811.9,  17990.8,  1025.66690593,  617.55180675,  2165.47
1561.04438039,  14817.9,  17996.5,  1025.66776915,  617.551715387,  2163.08
1561.06481471,  14813.0,  17993.2,  1025.66819958,  617.551538789,  2162.38
1561.08524913,  14825.4,  18002.4,  1025.67070504,  617.551827522,  2162.31
1561.10568364,  14813.3,  17994.4,  1025.66997208,  617.554163246,  2161.65
1561.12611796,  14840.4,  18018.2,  1025.66992671,  617.553138805,  2158.25
1561.14655238,  14850.3,  18024.8,  1025.6695888,  617.553140298,  2155.6
1561.1669869,  14850.3,  18026.4,  1025.66934833,  617.554053615,  2151.28
1561.18742122,  14870.0,  18041.6,  1025.66788642,  617.552290668,  2151.73
1561.20785564,  14847.2,  18023.8,  1025.6702317,  617.553253235,  2150.5
1561.22829015,  14866.9,  18041.4,  1025.66974261,  617.55216598,  2148.05
1561.24872447,  14870.3,  18044.5,  1025.67052157,  617.551940898,  2143.95
1561.26915899,  14881.3,  18053.0,  1025.67028002,  617.553265409,  2144.68
1561.28959341,  14871.7,  18047.1,  1025.66915728,  617.552918652,  2141.77
1561.31002783,  14891.0,  18062.4,  1025.66957006,  617.552672722,  2141.21
1561.33046225,  14850.6,  18028.5,  1025.67130706,  617.550985243,  2140.65
1561.35089667,  14907.8,  18077.5,  1025.67020443,  617.552694819,  2137.99
1561.37133109,  14873.8,  18048.2,  1025.67104468,  617.551499592,  2137.45
1561.39176551,  14865.4,  18040.8,  1025.67001415,  617.551417412,  2137.8
1561.41219994,  14867.3,  18043.6,  1025.67112715,  617.552647714,  2132.26
1561.43263446,  14862.8,  18040.1,  1025.6703595,  617.552864715,  2132.56
1561.45306878,  14864.7,  18043.7,  1025.6702366,  617.552199911,  2131.72
1561.4735032,  14863.5,  18041.2,  1025.66963871,  617.551890125,  2133.05
1561.49393762,  14867.4,  18046.0,  1025.67046953,  617.552884516,  2130.15
1561.51437204,  14887.0,  18063.7,  1025.67012214,  617.552244397,  2128.19
1561.53480647,  14854.3,  18034.1,  1025.66989889,  617.553002929,  2129.96
1561.55524099,  14855.1,  18036.9,  1025.66916593,  617.5521504,  2129.07
1561.57567531,  14848.0,  18029.8,  1025.66913305,  617.554057157,  2127.96
1561.59610974,  14855.3,  18036.7,  1025.6694815,  617.552834403,  2127.93
1561.61654426,  14854.4,  18037.1,  1025.66872211,  617.552816581,  2126.81
1561.63697858,  14853.3,  18034.7,  1025.6689678,  617.55342759,  2127.48
1561.65741311,  14754.0,  17950.8,  1025.66888741,  617.552447135,  2127.04
1561.67784753,  14665.3,  17877.0,  1025.66739981,  617.552773878,  2125.03
1561.69828185,  14628.5,  17844.7,  1025.66743651,  617.553267092,  2123.76
1561.71871638,  14658.4,  17871.2,  1025.66773406,  617.553731535,  2123.53
1561.7391508,  14681.2,  17891.4,  1025.66708794,  617.553635085,  2125.78
1561.75958513,  14825.5,  18013.5,  1025.66677213,  617.553513514,  2123.03
1561.78001965,  14820.0,  18009.1,  1025.66729426,  617.553754318,  2122.95
1561.80045408,  14806.8,  17999.1,  1025.66588152,  617.553945026,  2123.49
1561.8208886,  14806.7,  17998.7,  1025.66674595,  617.553783128,  2123.19
1561.84132293,  14797.8,  17993.4,  1025.66530984,  617.554709004,  2123.29
1561.86175736,  14790.1,  17986.1,  1025.66452064,  617.554511962,  2121.8
1561.88219188,  14769.6,  17968.1,  1025.66585579,  617.554078821,  2120.93
1561.90262621,  14780.4,  17979.6,  1025.66492859,  617.554626481,  2123.16
1561.92306063,  14776.9,  17974.7,  1025.66604223,  617.554563251,  2119.65
1561.94349516,  14777.7,  17976.2,  1025.66527926,  617.554579052,  2120.98
1561.96392949,  14783.3,  17982.9,  1025.66416382,  617.554955012,  2121.3
1561.98436392,  14778.8,  17977.4,  1025.6642271,  617.555149664,  2118.9
1562.00479844,  14787.5,  17986.1,  1025.66453992,  617.554718971,  2119.97
1562.02523287,  14778.5,  17978.9,  1025.66488945,  617.55475866,  2119.83
1562.0456673,  14790.4,  17987.8,  1025.66535784,  617.555465773,  2117.36
1562.06610173,  14800.5,  17998.1,  1025.66585597,  617.556568829,  2117.88
1562.08653605,  14798.0,  17995.8,  1025.66589742,  617.554390356,  2119.54
1562.10697058,  14789.6,  17987.7,  1025.66591888,  617.554119205,  2116.64
1562.12740501,  14801.8,  18000.7,  1025.66545967,  617.55461036,  2117.66
1562.14783934,  14826.9,  18021.3,  1025.66579036,  617.554788113,  2116.03
1562.16827387,  14816.4,  18012.8,  1025.66646507,  617.553983486,  2117.61
1562.1887083,  14819.6,  18017.9,  1025.66574747,  617.554086688,  2117.24
1562.20914283,  14818.3,  18014.5,  1025.66725198,  617.554034752,  2115.4
1562.22957716,  14839.2,  18034.3,  1025.66584645,  617.554671544,  2118.28
1562.25001159,  14837.7,  18032.2,  1025.66796835,  617.554542765,  2115.03
1562.27044612,  14841.1,  18034.7,  1025.66728078,  617.55511976,  2114.52
1562.29088045,  14855.0,  18048.7,  1025.66812707,  617.554954877,  2114.56
1562.31131488,  14847.7,  18043.0,  1025.66732588,  617.554102572,  2116.48
1562.33174941,  14855.3,  18048.1,  1025.66789753,  617.555112055,  2114.72
1562.35218374,  14873.7,  18064.1,  1025.66839137,  617.554660691,  2111.86
1562.37261827,  14878.0,  18068.6,  1025.66824923,  617.55445793,  2114.75
1562.39305271,  14853.7,  18047.6,  1025.66760312,  617.554704121,  2113.02
1562.41348704,  14870.6,  18063.1,  1025.66852569,  617.554928266,  2113.09
1562.43392157,  14871.9,  18062.5,  1025.66860141,  617.554573208,  2111.9
1562.454356,  15014.0,  18183.5,  1025.66961976,  617.554784437,  2111.76
1562.47479033,  14878.7,  18070.3,  1025.66878942,  617.555182923,  2112.17
1562.49522487,  14873.5,  18065.2,  1025.667791,  617.555574289,  2112.73
1562.5156593,  14863.0,  18058.2,  1025.66889371,  617.555408891,  2110.42
1562.53609373,  14860.8,  18055.3,  1025.66816678,  617.554795926,  2111.54
1562.55652817,  14859.3,  18053.1,  1025.66878636,  617.555072146,  2109.3
1562.5769626,  14864.0,  18060.2,  1025.66891509,  617.554650564,  2109.65
1562.59739713,  14858.7,  18054.0,  1025.66763658,  617.556389375,  2109.1
1562.61783147,  14879.6,  18072.5,  1025.66748055,  617.555553004,  2108.97
1562.6382659,  14862.3,  18059.3,  1025.66849679,  617.554285494,  2108.19
1562.65870044,  14858.8,  18054.3,  1025.66816861,  617.55477177,  2108.86
1562.67913487,  14865.1,  18061.7,  1025.66890009,  617.55541863,  2108.13
1562.6995692,  14860.2,  18057.9,  1025.66747617,  617.556072214,  2107.67
1562.72000374,  14864.1,  18060.7,  1025.66766772,  617.555913678,  2109.33
1562.74043807,  14865.7,  18062.6,  1025.66740938,  617.556561004,  2107.75
1562.76087261,  14855.3,  18053.0,  1025.66753928,  617.555450414,  2108.24
1562.78130705,  14847.5,  18047.8,  1025.66633027,  617.554934901,  2107.58
1562.80174138,  14850.2,  18051.3,  1025.66637727,  617.556349803,  2106.91
1562.82217592,  14850.4,  18049.3,  1025.6676248,  617.555649004,  2106.09
1562.84261035,  14838.6,  18040.0,  1025.66660367,  617.556287615,  2108.54
1562.86304469,  14831.0,  18036.0,  1025.66519308,  617.555935857,  2105.71
1562.88347923,  14833.6,  18035.7,  1025.6662111,  617.556669961,  2104.45
1562.90391366,  14822.0,  18027.7,  1025.66584047,  617.556257489,  2105.4
1562.924348,  14829.4,  18034.6,  1025.66509588,  617.55702487,  2106.6
1562.94478254,  14801.8,  18009.2,  1025.66512959,  617.557106436,  2105.11
1562.96521698,  14801.8,  18011.6,  1025.66529844,  617.557037093,  2104.11
1562.98565151,  14778.2,  17989.8,  1025.66534902,  617.557158425,  2106.29
1563.00608585,  14788.1,  17999.5,  1025.6634235,  617.557461948,  2107.63
1563.02652029,  14781.6,  17996.0,  1025.66380416,  617.556418232,  2105.45
1563.04695483,  14770.1,  17984.0,  1025.66312605,  617.556529398,  2103.98
1563.06738917,  14772.5,  17987.3,  1025.66340338,  617.557115553,  2103.45
1563.08782361,  14789.5,  18002.9,  1025.66212361,  617.557397757,  2105.31
1563.10825815,  14777.4,  17991.8,  1025.66292529,  617.55726629,  2102.67
1563.12869248,  14782.1,  17996.5,  1025.66377679,  617.557927198,  2103.26
1563.14912702,  14780.5,  17994.6,  1025.6628568,  617.557947756,  2103.73
1563.16956146,  14787.5,  18000.9,  1025.66288492,  617.557937633,  2103.64
1563.1899959,  14792.4,  18006.3,  1025.66306596,  617.557509777,  2107.05
1563.21043034,  14796.5,  18008.7,  1025.66319533,  617.557196741,  2109.88
1563.23086478,  14795.8,  18008.2,  1025.66416388,  617.556504368,  2111.95
1563.25129922,  14807.0,  18019.2,  1025.66398732,  617.55674155,  2113.87
1563.27173367,  14810.4,  18021.6,  1025.66454418,  617.5566202,  2112.86
1563.29216811,  14818.0,  18028.3,  1025.66445552,  617.556372956,  2114.21
1563.31260255,  14831.1,  18040.9,  1025.66495968,  617.557836615,  2113.58
1563.33303709,  14821.3,  18031.4,  1025.66467905,  617.556169412,  2116.85
1563.35347143,  14834.3,  18043.1,  1025.66459967,  617.557569009,  2117.2
1563.37390587,  14840.2,  18048.9,  1025.66537559,  617.557605614,  2119.19
1563.39434031,  14836.2,  18045.1,  1025.66658893,  617.55647339,  2121.18
1563.41477476,  14862.7,  18067.9,  1025.6667834,  617.557840693,  2116.07
1563.4352093,  14852.9,  18060.0,  1025.66660996,  617.557069018,  2118.32
1563.45564364,  14855.8,  18062.2,  1025.666152,  617.557080246,  2119.36
1563.47607808,  14860.0,  18066.9,  1025.66583456,  617.558103476,  2120.85
1563.49651263,  14874.9,  18078.5,  1025.66609541,  617.55724582,  2116.14
1563.51694697,  14862.8,  18068.6,  1025.66805869,  617.556138853,  2114.01
1563.53738151,  14857.0,  18065.6,  1025.66743024,  617.556966687,  2113.97
1563.55781596,  14860.5,  18067.0,  1025.66714046,  617.557234526,  2109.84
1563.5782503,  14855.0,  18062.2,  1025.66756382,  617.556383281,  2107.7
1563.59868485,  14873.7,  18080.3,  1025.66792916,  617.557456476,  2109.41
1563.61911929,  14864.8,  18072.3,  1025.66698607,  617.55641094,  2108.47
1563.63955364,  14865.9,  18074.9,  1025.66711387,  617.557727533,  2105.18
1563.65998818,  14871.2,  18078.1,  1025.66794026,  617.556239145,  2107.14
1563.68042263,  14868.7,  18077.0,  1025.66683571,  617.556699678,  2107.92
1563.72129152,  14873.0,  18079.2,  1025.66771342,  617.557070883,  2103.76
1563.74172596,  14860.9,  18069.1,  1025.66755268,  617.556520937,  2104.22
1563.76216051,  14865.4,  18073.5,  1025.66743604,  617.557116273,  2102.58
1563.78259485,  14856.3,  18065.1,  1025.66698514,  617.556273448,  2103.97
1563.8030293,  14844.5,  18056.6,  1025.66634624,  617.557072481,  2102.44
1563.82346385,  14865.1,  18073.7,  1025.66674457,  617.556866077,  2104.63
1563.84389829,  14857.3,  18067.7,  1025.66673011,  617.556560554,  2104.31
1563.86433264,  14851.2,  18063.0,  1025.66639681,  617.55751759,  2104.76
1563.88476719,  14855.1,  18065.4,  1025.66693827,  617.557621614,  2102.88
1563.90520163,  14848.2,  18060.7,  1025.66531042,  617.556987479,  2103.39
1563.92563608,  14836.8,  18050.0,  1025.66581561,  617.557249013,  2102.85
1563.94607053,  14849.0,  18061.3,  1025.66564305,  617.557433174,  2101.6
1563.96650498,  14837.0,  18052.2,  1025.66515168,  617.557138142,  2103.3
1563.98693942,  14837.9,  18051.5,  1025.6657141,  617.557188449,  2101.07
1564.00737387,  14824.8,  18040.1,  1025.66521529,  617.558006175,  2103.32
1564.02780832,  14815.4,  18033.6,  1025.6637197,  617.557822054,  2102.99
1564.04824277,  14806.2,  18024.8,  1025.66363656,  617.559318034,  2101.95
1564.06867722,  14799.5,  18018.9,  1025.66343642,  617.557988455,  2100.67
1564.08911177,  14815.7,  18034.3,  1025.66262712,  617.558500605,  2102.01
1564.10954612,  14782.6,  18005.4,  1025.66215475,  617.558897958,  2102.17
1564.12998057,  14783.2,  18007.0,  1025.66151776,  617.558889672,  2101.95
1564.15041512,  14773.2,  17998.0,  1025.66165218,  617.55842426,  2100.6
1564.17084947,  14762.4,  17988.5,  1025.66203259,  617.558690486,  2102.1
1564.19128392,  14763.2,  17988.9,  1025.661337,  617.558444947,  2101.23
1564.21171847,  14766.5,  17994.3,  1025.66055516,  617.557766001,  2098.0
1564.23215282,  14763.3,  17988.9,  1025.66113175,  617.558030105,  2097.71
1564.25258727,  14765.7,  17992.4,  1025.66164159,  617.558632009,  2098.19
1564.27302182,  14763.8,  17991.0,  1025.66190325,  617.558115156,  2100.03
1564.29345617,  14773.2,  17999.8,  1025.66179315,  617.558091853,  2096.99
1564.31389072,  14770.9,  17998.0,  1025.66206465,  617.558864752,  2095.6
1564.33432517,  14766.8,  17993.9,  1025.66224583,  617.558530497,  2097.41
1564.35475953,  14785.5,  18011.2,  1025.66240415,  617.558532372,  2093.63
1564.37519408,  14779.9,  18006.2,  1025.66187278,  617.559484779,  2094.53
1564.39562853,  14786.9,  18011.9,  1025.66235336,  617.558968588,  2094.97
1564.41606298,  14807.1,  18031.0,  1025.66272384,  617.558302229,  2092.11
1564.43649744,  14806.4,  18029.0,  1025.66349765,  617.558165076,  2093.27
1564.45693189,  14799.3,  18023.4,  1025.66321567,  617.55876541,  2094.18
1564.47736644,  14812.7,  18035.4,  1025.66351365,  617.558027105,  2093.55
1564.49780089,  14811.1,  18034.7,  1025.66412264,  617.559247475,  2093.22
1564.51823525,  14820.9,  18042.1,  1025.66511849,  617.55743662,  2092.31
1564.5386698,  14836.0,  18057.6,  1025.66384797,  617.558758257,  2090.75
1564.55910426,  14822.2,  18043.2,  1025.66439668,  617.558409322,  2087.43
1564.57953861,  14829.1,  18051.3,  1025.66449557,  617.559520184,  2086.72
1564.59997316,  14823.1,  18046.5,  1025.6646079,  617.558086126,  2086.9
1564.62040762,  14847.9,  18066.9,  1025.66506897,  617.5590783,  2085.12
1564.64084197,  14845.6,  18065.9,  1025.66462364,  617.558731467,  2085.17
1564.66127653,  14838.4,  18061.3,  1025.66458789,  617.559579426,  2083.34
1564.68171088,  14838.9,  18060.2,  1025.66539341,  617.55804036,  2086.1
1564.70214544,  14850.5,  18071.5,  1025.66453531,  617.558942462,  2084.3
1564.72257989,  14845.1,  18067.7,  1025.66519858,  617.558157441,  2085.15
1564.74301425,  14856.5,  18077.0,  1025.66434847,  617.558201152,  2083.87
1564.76344881,  14844.4,  18067.4,  1025.66606476,  617.558826867,  2083.03
1564.78388326,  14841.8,  18065.0,  1025.66559336,  617.559490951,  2083.03
1564.80431762,  14855.9,  18076.9,  1025.66524172,  617.558740952,  2083.04
1564.82475217,  14847.7,  18072.0,  1025.66524814,  617.558969627,  2082.52
1564.84518663,  14847.9,  18070.8,  1025.66509973,  617.558901604,  2082.83
1564.86562119,  14847.4,  18071.0,  1025.66438356,  617.560226182,  2079.08
1564.88605555,  14851.5,  18075.0,  1025.66508337,  617.559675048,  2079.94
1564.90649,  14845.8,  18069.5,  1025.66538981,  617.560166155,  2077.13
1564.92692456,  14835.6,  18063.3,  1025.66454083,  617.55953219,  2080.29
1564.94735892,  14840.7,  18066.6,  1025.66463419,  617.558683257,  2079.58
1564.96779338,  14844.9,  18070.6,  1025.66479262,  617.559578655,  2080.66
1564.98822793,  14836.8,  18065.2,  1025.66386429,  617.560910798,  2078.7
1565.00866229,  14847.9,  18073.7,  1025.66499805,  617.559112336,  2077.85
1565.02909675,  14838.6,  18066.8,  1025.66433909,  617.559727238,  2078.16
1565.04953131,  14719.5,  17965.4,  1025.6649608,  617.557887861,  2079.66
1565.06996577,  14631.0,  17889.2,  1025.66258807,  617.558812242,  2076.64
1565.09040023,  14614.0,  17876.9,  1025.66279886,  617.558828493,  2077.8
1565.11083469,  14622.2,  17884.4,  1025.66154298,  617.558570909,  2079.85
1565.13126915,  14705.2,  17954.2,  1025.66283232,  617.559480579,  2079.91
1565.15170361,  14798.3,  18036.1,  1025.66163486,  617.560100304,  2080.06
1565.17213807,  14793.3,  18029.7,  1025.66155817,  617.559841892,  2077.34
1565.19257253,  14794.0,  18031.2,  1025.66110701,  617.561340636,  2076.09
1565.21300709,  14776.5,  18017.8,  1025.66098812,  617.560898734,  2076.7
1565.23344145,  14775.6,  18016.4,  1025.66032833,  617.56083706,  2078.75
1565.25387601,  14768.5,  18010.7,  1025.66020906,  617.56059788,  2076.64
1565.27431047,  14751.1,  17996.1,  1025.6592988,  617.561162663,  2077.7
1565.29474483,  14754.3,  17998.7,  1025.65994959,  617.56147696,  2075.22
1565.31517939,  14749.8,  17995.7,  1025.65932512,  617.56130133,  2078.09
1565.33561375,  14751.4,  17995.8,  1025.65991474,  617.561822567,  2074.99
1565.35604822,  14742.4,  17989.0,  1025.65882572,  617.561076638,  2075.39
1565.37648278,  14752.5,  17998.6,  1025.65980897,  617.562200422,  2074.33
1565.39691714,  14758.2,  18002.7,  1025.65994238,  617.560607218,  2075.15
1565.4173516,  14755.0,  18000.7,  1025.6600648,  617.56079073,  2076.63
1565.43778616,  14766.7,  18011.4,  1025.65963211,  617.561336513,  2076.63
1565.45822053,  14765.6,  18010.6,  1025.66014187,  617.56062596,  2078.13
1565.47865509,  14763.6,  18008.8,  1025.65963277,  617.56134966,  2076.87
1565.49908955,  14779.4,  18022.8,  1025.66017266,  617.56065769,  2072.65
1565.51952392,  14777.3,  18020.9,  1025.66092299,  617.560914899,  2075.81
1565.53995848,  14784.6,  18027.5,  1025.66156684,  617.56095831,  2075.63
1565.56039294,  14780.9,  18025.6,  1025.66229835,  617.56219537,  2074.0
1565.58082741,  14803.9,  18044.4,  1025.66112772,  617.561327695,  2074.19
1565.60126187,  14801.1,  18042.7,  1025.66190941,  617.560845697,  2073.96
1565.62169634,  14800.7,  18042.7,  1025.66225309,  617.560763179,  2072.7
1565.6421309,  14818.1,  18057.7,  1025.66189148,  617.560724983,  2074.25
1565.66256527,  14819.8,  18060.5,  1025.66287557,  617.560501223,  2071.09
1565.68299973,  14829.1,  18066.4,  1025.66198447,  617.560925717,  2073.72
1565.7034343,  14831.0,  18070.1,  1025.66242986,  617.55905039,  2072.26
1565.72386876,  14825.3,  18064.9,  1025.66293019,  617.560862983,  2073.56
1565.74430313,  14826.3,  18064.2,  1025.66325171,  617.560665239,  2073.47
1565.76473769,  14833.1,  18072.6,  1025.66362663,  617.56089731,  2072.35
1565.78517216,  14838.2,  18077.0,  1025.66284133,  617.561742851,  2072.32
1565.80560662,  14834.3,  18074.0,  1025.66398978,  617.561110277,  2072.68
1565.82604109,  14849.0,  18086.5,  1025.66346342,  617.560724708,  2070.41
1565.84647556,  14851.3,  18088.1,  1025.66409048,  617.561186268,  2071.01
1565.86691012,  14840.2,  18078.4,  1025.66304114,  617.562677637,  2069.09
1565.88734449,  14854.4,  18093.4,  1025.66338656,  617.561174626,  2068.91
1565.90777896,  14871.9,  18105.7,  1025.66434413,  617.56149648,  2069.71
1565.92821353,  14869.8,  18106.0,  1025.66411032,  617.560540876,  2069.44
1565.94864789,  14877.7,  18113.1,  1025.66428465,  617.561404989,  2068.56
1565.96908236,  14860.0,  18097.8,  1025.66396383,  617.560592808,  2067.31
1565.98951683,  14858.8,  18097.3,  1025.66398435,  617.561900399,  2067.62
1566.0099513,  14848.9,  18088.5,  1025.66367428,  617.560767769,  2066.43
1566.03038587,  14850.3,  18088.9,  1025.66335166,  617.562231668,  2066.48
1566.05082023,  14852.0,  18093.1,  1025.66317503,  617.561962935,  2067.14
1566.0712547,  14843.1,  18084.3,  1025.66297586,  617.561484256,  2067.48
1566.09168927,  14842.1,  18083.5,  1025.66355302,  617.562503295,  2066.62
1566.11212364,  14847.6,  18089.1,  1025.66328737,  617.560926107,  2066.81
1566.13255811,  14852.2,  18093.1,  1025.66335526,  617.562045238,  2064.01
1566.15299268,  14845.0,  18087.0,  1025.66325428,  617.561553991,  2065.07
1566.17342705,  14839.0,  18082.8,  1025.66250792,  617.562215916,  2064.17
1566.19386162,  14837.5,  18080.3,  1025.66222467,  617.561611632,  2066.33
1566.21429609,  14828.8,  18075.6,  1025.66224209,  617.562685393,  2064.16
1566.23473046,  14823.0,  18068.7,  1025.66095536,  617.561131806,  2062.64
1566.25516503,  14818.9,  18066.4,  1025.66115521,  617.563339788,  2062.95
1566.2755995,  14802.5,  18053.0,  1025.66047315,  617.562910996,  2067.86
1566.29603397,  14794.9,  18045.5,  1025.65999183,  617.562122884,  2063.4
1566.31646844,  14782.0,  18035.1,  1025.66083511,  617.562957821,  2063.42
1566.33690291,  14781.2,  18036.2,  1025.65987812,  617.563463028,  2062.17
1566.35733739,  14767.9,  18022.6,  1025.65963152,  617.562645017,  2061.08
1566.37777196,  14764.9,  18021.7,  1025.65899332,  617.563327219,  2062.0
1566.39820633,  14757.6,  18015.8,  1025.65796598,  617.56304212,  2060.94
1566.4186409,  14751.8,  18010.6,  1025.65842352,  617.56357425,  2060.82
1566.43907537,  14754.5,  18013.6,  1025.65834088,  617.563868486,  2060.69
1566.45950975,  14756.9,  18015.6,  1025.65841014,  617.565108782,  2059.92
1566.47994432,  14753.6,  18012.1,  1025.65692978,  617.563334043,  2057.65
1566.50037879,  14765.2,  18024.5,  1025.65685865,  617.563959956,  2059.4
1566.52081316,  14756.4,  18015.5,  1025.65783366,  617.563111772,  2057.75
1566.54124774,  14762.9,  18020.9,  1025.65784867,  617.56453799,  2056.92
1566.56168221,  14761.8,  18020.6,  1025.65838694,  617.563351297,  2057.0
1566.58211668,  14762.1,  18020.6,  1025.65846284,  617.563249751,  2058.68
1566.60255116,  14753.5,  18015.0,  1025.65887572,  617.563871036,  2059.49
1566.62298553,  14777.9,  18035.6,  1025.65936687,  617.564339617,  2059.74
1566.64342011,  14772.4,  18030.5,  1025.6595936,  617.563341323,  2058.86
1566.66385458,  14777.5,  18035.5,  1025.66056456,  617.563752491,  2060.17
1566.70472353,  14792.2,  18048.5,  1025.66078038,  617.563169367,  2057.92
1566.72515801,  14793.9,  18050.0,  1025.66150024,  617.56264864,  2055.39
1566.74559248,  14814.1,  18065.9,  1025.6609434,  617.561866877,  2057.91
1566.76602696,  14811.9,  18064.3,  1025.66163954,  617.56348005,  2056.35
1566.78646143,  14811.2,  18065.1,  1025.66089493,  617.562853523,  2057.49
1566.80689601,  14821.1,  18072.4,  1025.66189647,  617.56252642,  2057.37
1566.82733038,  14815.0,  18070.3,  1025.66104655,  617.562978719,  2055.62
1566.84776486,  14819.2,  18072.3,  1025.6619833,  617.562704833,  2057.16
1566.86819944,  14821.2,  18074.0,  1025.66190685,  617.562877083,  2055.58
1566.88863391,  14827.1,  18080.0,  1025.66158515,  617.56184166,  2055.66
1566.90906829,  14829.3,  18082.0,  1025.66220516,  617.563478728,  2054.99
1566.92950287,  14824.5,  18076.5,  1025.66253079,  617.562537477,  2053.93
1566.94993734,  14826.3,  18080.7,  1025.66175638,  617.562608969,  2054.25
1566.97037182,  14823.8,  18076.9,  1025.66244923,  617.561973487,  2053.5
1566.9908063,  14815.2,  18070.9,  1025.66193739,  617.56170771,  2053.52
1567.01124078,  14828.6,  18082.0,  1025.66207078,  617.562079341,  2054.68
1567.03167525,  14825.3,  18079.3,  1025.66307575,  617.562187631,  2055.43
1567.05210973,  14824.4,  18080.4,  1025.66271756,  617.561436727,  2053.34
1567.07254421,  14825.7,  18079.2,  1025.66279111,  617.562447684,  2051.61
1567.09297879,  14824.7,  18077.7,  1025.66239856,  617.562407691,  2053.9
1567.11341317,  14823.5,  18079.4,  1025.66135205,  617.563791871,  2051.83
1567.13384775,  14833.5,  18086.1,  1025.66201665,  617.562755215,  2054.39
1567.15428222,  14834.2,  18088.6,  1025.66243254,  617.563003033,  2052.47
1567.1747166,  14826.8,  18082.0,  1025.66149699,  617.563629617,  2050.85
1567.19515118,  14818.3,  18074.7,  1025.66158152,  617.563489093,  2051.95
1567.21558566,  14832.1,  18087.1,  1025.66172589,  617.564118851,  2050.96
1567.23602004,  14830.4,  18086.3,  1025.66216508,  617.56330391,  2051.22
1567.25645462,  14827.7,  18083.2,  1025.66141896,  617.563254811,  2050.37
1567.276889,  14813.5,  18072.3,  1025.66081827,  617.564558587,  2053.13
1567.29732348,  14806.6,  18065.5,  1025.66085175,  617.563308975,  2050.25
1567.31775806,  14809.8,  18068.3,  1025.66109166,  617.563616081,  2052.4
1567.33819244,  14806.8,  18067.5,  1025.66083852,  617.564499233,  2048.79
1567.35862702,  14802.5,  18062.6,  1025.65942998,  617.564230584,  2051.41
1567.37906151,  14785.5,  18049.1,  1025.65988058,  617.563539229,  2048.87
1567.39949589,  14782.7,  18047.4,  1025.65936444,  617.564225762,  2052.05
1567.41993047,  14772.5,  18037.7,  1025.65846592,  617.564075302,  2049.42
1567.44036495,  14766.1,  18033.3,  1025.65775054,  617.562646768,  2051.64
1567.46079943,  14760.9,  18029.9,  1025.6571888,  617.565093037,  2048.02
1567.48123391,  14753.0,  18021.6,  1025.65671685,  617.564723629,  2049.48
1567.5016684,  14747.7,  18019.2,  1025.65669846,  617.565226402,  2048.58
1567.52210298,  14748.2,  18018.9,  1025.65649042,  617.565272763,  2058.22
1567.54253736,  14737.7,  18009.6,  1025.65579262,  617.565221564,  2049.03
1567.56297184,  14729.5,  18004.4,  1025.65600601,  617.565204119,  2049.03
1567.58340643,  14736.5,  18009.1,  1025.6567455,  617.564519343,  2047.76
1567.60384091,  14731.8,  18005.4,  1025.65618223,  617.56566333,  2048.95
1567.62427529,  14742.4,  18016.0,  1025.65666506,  617.565030136,  2046.53
1567.64470988,  14723.9,  17999.2,  1025.65661683,  617.56459492,  2048.27
1567.66514436,  14742.4,  18016.5,  1025.65701292,  617.564296615,  2047.33
1567.68557874,  14744.7,  18018.3,  1025.65722291,  617.564529219,  2045.02
1567.70601333,  14761.0,  18032.8,  1025.65658011,  617.565379498,  2047.7
1567.72644781,  14757.5,  18030.7,  1025.65679894,  617.56532597,  2048.36
1567.7468824,  14762.8,  18034.4,  1025.65781535,  617.564161642,  2045.33
1567.76731678,  14759.9,  18033.6,  1025.65823612,  617.564660735,  2045.18
1567.78775127,  14757.0,  18031.1,  1025.65867512,  617.565178885,  2046.34
1567.80818585,  14772.8,  18043.6,  1025.65871532,  617.564247417,  2047.54
1567.82862024,  14773.2,  18044.4,  1025.65873122,  617.56528082,  2046.37
1567.84905472,  14781.9,  18053.1,  1025.65818817,  617.564831413,  2045.33
1567.86948931,  14792.7,  18060.8,  1025.65885628,  617.563854547,  2046.33
1567.88992369,  14796.9,  18066.1,  1025.65927342,  617.564915643,  2044.69
1567.91035828,  14805.2,  18074.2,  1025.65931987,  617.564324263,  2043.91
1567.93079267,  14805.4,  18073.1,  1025.66012235,  617.564592183,  2044.29
1567.95122715,  14815.2,  18082.6,  1025.6599062,  617.565643439,  2044.51
1567.97166174,  14827.1,  18093.1,  1025.65904173,  617.565059231,  2044.3
1567.99209613,  14825.1,  18091.9,  1025.66006054,  617.564777108,  2043.15
1568.01253061,  14821.1,  18088.9,  1025.66025343,  617.564272753,  2043.69
1568.0329652,  14820.1,  18088.2,  1025.65995192,  617.56437634,  2044.6
1568.05339959,  14823.3,  18090.4,  1025.66068813,  617.565567878,  2042.53
1568.07383407,  14823.3,  18092.2,  1025.65995263,  617.56483815,  2044.79
1568.09426866,  14827.0,  18094.5,  1025.66010516,  617.564498012,  2043.4
1568.11470315,  14831.6,  18098.6,  1025.66048666,  617.565146234,  2045.08
1568.13513764,  14831.6,  18100.2,  1025.65999307,  617.564622744,  2042.84
1568.15557213,  14820.7,  18089.6,  1025.6607809,  617.565338006,  2042.75
1568.17600661,  14829.0,  18097.3,  1025.66098467,  617.564214551,  2043.12
1568.1964411,  14827.9,  18097.2,  1025.66076038,  617.564496871,  2043.52
1568.21687559,  14838.2,  18105.2,  1025.66042436,  617.565101513,  2044.04
1568.23731008,  14825.2,  18096.5,  1025.65984501,  617.565712755,  2043.27
1568.25774467,  14826.4,  18095.7,  1025.66073829,  617.564991535,  2041.16
1568.27817906,  14827.0,  18097.1,  1025.66049981,  617.564442434,  2040.59
1568.29861365,  14838.7,  18108.1,  1025.66036436,  617.56602005,  2040.37
1568.31904814,  14817.1,  18088.1,  1025.66084168,  617.56544984,  2040.36
1568.33948253,  14849.8,  18117.0,  1025.66018187,  617.565564898,  2039.26
1568.35991712,  14819.8,  18091.8,  1025.6602598,  617.56599855,  2040.36
1568.38035161,  14824.0,  18094.8,  1025.6600242,  617.565314143,  2042.96
1568.400786,  14826.2,  18097.9,  1025.65931474,  617.564889772,  2039.94
1568.42122059,  14825.6,  18096.5,  1025.65927064,  617.565762104,  2039.55
1568.44165508,  14670.4,  17964.0,  1025.65912876,  617.565057586,  2039.52
1568.46208947,  14607.3,  17911.6,  1025.65771901,  617.565687627,  2038.3
1568.48252406,  14601.5,  17906.8,  1025.65765554,  617.564882194,  2038.81
1568.50295855,  14607.4,  17911.0,  1025.65735624,  617.5652578,  2040.1
1568.52339315,  14701.6,  17992.8,  1025.65758575,  617.566299649,  2038.77
1568.54382754,  14779.0,  18057.7,  1025.65711187,  617.565567099,  2037.56
1568.56426193,  14775.3,  18055.2,  1025.65704786,  617.567339187,  2038.23
1568.58469652,  14764.6,  18048.7,  1025.65633147,  617.567466576,  2036.34
1568.60513101,  14755.6,  18038.9,  1025.65578487,  617.567341017,  2039.84
1568.62556551,  14757.2,  18041.7,  1025.65496967,  617.56756232,  2039.32
1568.646,  14735.9,  18024.6,  1025.65556698,  617.566915706,  2036.87
1568.66643449,  14743.8,  18030.1,  1025.6545302,  617.567513972,  2038.28
1568.68686908,  14743.5,  18030.9,  1025.65592517,  617.567436122,  2036.17
1568.70730348,  14726.0,  18014.7,  1025.65471057,  617.567374385,  2037.79
1568.72773797,  14737.2,  18024.2,  1025.65486552,  617.567293786,  2038.36
1568.74817256,  14726.9,  18017.1,  1025.65478952,  617.567233976,  2036.83
1568.76860706,  14735.1,  18022.7,  1025.65486979,  617.567436425,  2036.1
1568.78904145,  14740.5,  18028.9,  1025.65562106,  617.566623,  2038.87
1568.80947605,  14758.1,  18045.2,  1025.65459,  617.567985143,  2036.61
1568.82991054,  14742.1,  18029.7,  1025.65541576,  617.567399662,  2035.47
1568.85034504,  14754.6,  18041.9,  1025.65574032,  617.567235752,  2038.21
1568.87077953,  14765.8,  18051.0,  1025.65634953,  617.566497088,  2037.65
1568.89121402,  14749.2,  18037.6,  1025.6559695,  617.566462738,  2037.79
1568.91164862,  14776.0,  18062.5,  1025.6571478,  617.566910862,  2037.9
1568.93208301,  14781.2,  18063.8,  1025.65763003,  617.566950464,  2036.93
1568.95251751,  14787.5,  18071.1,  1025.65658507,  617.567509668,  2051.83
1568.97295211,  14790.5,  18074.3,  1025.65744868,  617.566614335,  2037.25
1568.9933865,  14786.8,  18070.1,  1025.65843091,  617.567254576,  2038.09
1569.013821,  14792.9,  18076.7,  1025.65715558,  617.566873453,  2036.76
1569.03425559,  14806.5,  18088.2,  1025.65715293,  617.567598276,  2037.37
1569.05468999,  14806.5,  18088.4,  1025.65854676,  617.567665434,  2035.74
1569.07512459,  14806.9,  18090.0,  1025.65783839,  617.566804113,  2039.56
1569.09555908,  14827.0,  18106.1,  1025.65886667,  617.566598291,  2040.2
1569.11599348,  14825.4,  18105.4,  1025.65776604,  617.567629832,  2040.28
1569.13642808,  14822.4,  18102.6,  1025.65901128,  617.566106477,  2043.67
1569.15686257,  14821.5,  18101.6,  1025.65971835,  617.566293888,  2043.98
1569.17729697,  14832.4,  18112.2,  1025.65907488,  617.567181696,  2045.26
1569.19773157,  14831.5,  18111.4,  1025.65869761,  617.567121305,  2041.82
1569.21816597,  14831.7,  18110.7,  1025.65948262,  617.565674228,  2044.27
1569.23860056,  14832.5,  18112.8,  1025.65911049,  617.566601786,  2044.91
1569.25903506,  14835.9,  18116.5,  1025.65964231,  617.567559588,  2043.56
1569.27946946,  14840.7,  18118.8,  1025.65915081,  617.566188357,  2046.81
1569.29990406,  14837.9,  18118.4,  1025.65858952,  617.567176856,  2046.38
1569.32033856,  14828.5,  18109.5,  1025.65917314,  617.566725457,  2047.49
1569.34077306,  14833.1,  18113.8,  1025.6599865,  617.566622019,  2043.61
1569.36120755,  14839.1,  18120.3,  1025.65928489,  617.56655667,  2042.5
1569.38164205,  14846.0,  18125.3,  1025.65905186,  617.567341131,  2044.74
1569.40207655,  14833.4,  18114.2,  1025.65924687,  617.567003784,  2045.32
1569.42251105,  14844.2,  18124.5,  1025.65904084,  617.567571826,  2045.24
1569.44294555,  14834.1,  18114.5,  1025.65978754,  617.568362322,  2044.47
1569.46338015,  14841.6,  18122.3,  1025.65989465,  617.567003583,  2043.14
1569.48381465,  14827.0,  18109.8,  1025.65926435,  617.568117936,  2042.3
1569.50424905,  14827.9,  18110.4,  1025.65883274,  617.56736596,  2040.84
1569.52468365,  14836.7,  18118.3,  1025.6585805,  617.567848044,  2039.52
1569.54511815,  14817.0,  18101.5,  1025.65896006,  617.568402281,  2039.0
1569.56555255,  14814.6,  18099.7,  1025.65811122,  617.568333051,  2037.74
1569.58598716,  14811.9,  18099.1,  1025.65811245,  617.567461891,  2037.34
1569.60642166,  14811.2,  18095.6,  1025.65757628,  617.567382512,  2035.52
1569.62685626,  14798.0,  18086.2,  1025.6570933,  617.567688691,  2034.08
1569.64729066,  14792.1,  18082.1,  1025.65705856,  617.567564886,  2035.28
1569.68815976,  14782.7,  18074.2,  1025.65597446,  617.568577012,  2032.45
1569.70859416,  14763.2,  18057.5,  1025.65582104,  617.568383259,  2034.13
1569.72902867,  14744.6,  18041.2,  1025.65466379,  617.568991879,  2033.96
1569.74946327,  14747.4,  18043.9,  1025.65448533,  617.568316889,  2031.67
1569.76989767,  14736.0,  18033.7,  1025.65432626,  617.567979513,  2032.05
1569.79033217,  14737.2,  18034.3,  1025.65414419,  617.56725707,  2033.54
1569.81076678,  14732.9,  18031.9,  1025.65402088,  617.568217339,  2032.32
1569.83120118,  14737.1,  18035.1,  1025.65319061,  617.567559477,  2032.04
1569.85163578,  14736.5,  18034.6,  1025.65340041,  617.567306352,  2032.34
1569.87207019,  14728.9,  18028.8,  1025.65396857,  617.567501465,  2031.05
1569.89250469,  14731.7,  18030.8,  1025.65394576,  617.568460577,  2032.15
1569.91293929,  14733.0,  18032.4,  1025.65359737,  617.568582721,  2033.15
1569.9333737,  14742.5,  18040.2,  1025.65500965,  617.568754331,  2031.44
1569.9538082,  14753.7,  18050.6,  1025.65491769,  617.567993274,  2029.74
1569.97424281,  14754.2,  18050.7,  1025.65484523,  617.568985369,  2029.87
1569.99467731,  14756.8,  18052.0,  1025.65559443,  617.568239497,  2029.31
1570.01511181,  14748.2,  18046.2,  1025.65478144,  617.568747803,  2030.25
1570.03554632,  14766.9,  18063.3,  1025.65503519,  617.568376961,  2028.06
1570.05598082,  14765.1,  18059.5,  1025.65550988,  617.568514036,  2028.2
1570.07641533,  14783.5,  18076.5,  1025.65522854,  617.568376224,  2028.94
1570.09684984,  14774.9,  18069.6,  1025.65629155,  617.568323607,  2029.24
1570.11728434,  14778.9,  18072.1,  1025.65625501,  617.567869172,  2028.2
1570.13771895,  14790.6,  18083.6,  1025.65643691,  617.56839689,  2028.25
1570.15815335,  14786.5,  18079.6,  1025.65636591,  617.568385523,  2027.9
1570.17858796,  14794.3,  18086.1,  1025.6572948,  617.568383482,  2026.82
1570.19902246,  14791.7,  18085.9,  1025.65646442,  617.567703495,  2029.84
1570.21945687,  14807.0,  18097.5,  1025.6581665,  617.567565346,  2028.83
1570.23989148,  14807.3,  18097.0,  1025.65763354,  617.567742656,  2028.47
1570.26032598,  14807.4,  18098.5,  1025.65718789,  617.568019216,  2027.41
1570.28076039,  14822.6,  18110.4,  1025.65745335,  617.567387044,  2025.78
1570.301195,  14812.4,  18103.2,  1025.65801184,  617.56833538,  2026.97
1570.3216295,  14827.2,  18117.2,  1025.65749167,  617.569617895,  2026.11
1570.34206391,  14822.4,  18111.4,  1025.65822299,  617.566939713,  2029.24
1570.36249852,  14821.3,  18112.4,  1025.65756297,  617.567175588,  2028.13
1570.38293303,  14810.1,  18101.4,  1025.65740524,  617.568208968,  2025.95
1570.40336754,  14828.9,  18118.1,  1025.65761043,  617.567625559,  2026.85
1570.42380204,  14828.5,  18119.6,  1025.65760768,  617.569253729,  2025.88
1570.44423655,  14820.6,  18110.7,  1025.65780867,  617.568524593,  2025.91
1570.46467106,  14817.0,  18109.2,  1025.65774881,  617.568170169,  2021.4
1570.48510557,  14830.7,  18121.7,  1025.65868904,  617.56740954,  2023.68
1570.50554008,  14830.2,  18119.8,  1025.65817475,  617.568463675,  2023.08
1570.52597459,  14837.2,  18126.5,  1025.65827627,  617.56794671,  2022.27
1570.5464091,  14831.3,  18122.9,  1025.6587771,  617.569337033,  2022.34
1570.56684371,  14820.4,  18112.2,  1025.65798081,  617.568185935,  2021.84
1570.58727811,  14829.4,  18121.6,  1025.65791449,  617.567629597,  2020.01
1570.60771262,  14833.3,  18123.1,  1025.65877118,  617.568204301,  2021.42
1570.62814723,  14829.8,  18122.0,  1025.65812981,  617.568968068,  2021.89
1570.64858174,  14828.3,  18120.3,  1025.65799691,  617.568439298,  2020.46
1570.66901615,  14825.0,  18118.0,  1025.6572429,  617.568215625,  2021.4
1570.68945076,  14814.5,  18108.9,  1025.65743303,  617.569083101,  2022.17
1570.70988527,  14817.3,  18113.0,  1025.65673634,  617.568736207,  2020.08
1570.73031969,  14803.6,  18100.0,  1025.65634693,  617.569037478,  2022.39
1570.7507543,  14798.5,  18096.2,  1025.6560737,  617.568340154,  2021.36
1570.77118881,  14784.1,  18084.5,  1025.65495953,  617.569165076,  2019.17
1570.79162342,  14781.7,  18082.6,  1025.6544618,  617.569685316,  2019.05
1570.81205783,  14781.5,  18083.3,  1025.65486253,  617.569095189,  2021.16
1570.83249234,  14783.2,  18083.8,  1025.65452388,  617.569571819,  2018.83
1570.85292695,  14748.9,  18055.1,  1025.65377401,  617.570389142,  2021.82
1570.87336137,  14738.7,  18047.2,  1025.65307508,  617.570231596,  2020.68
1570.89379588,  14755.3,  18060.2,  1025.65366495,  617.569931319,  2019.28
1570.91423049,  14737.8,  18046.5,  1025.65329257,  617.570378101,  2018.77
1570.9346649,  14726.6,  18037.3,  1025.65244065,  617.569885845,  2018.65
1570.95509951,  14737.1,  18046.1,  1025.65304732,  617.569732788,  2020.31
1570.97553403,  14734.2,  18044.9,  1025.65266423,  617.571104123,  2020.07
1570.99596844,  14739.8,  18049.4,  1025.65366151,  617.570521819,  2018.42
1571.01640305,  14728.9,  18040.3,  1025.6526063,  617.569990158,  2020.58
1571.03683757,  14754.5,  18064.0,  1025.6528299,  617.570993373,  2018.8
1571.05727198,  14743.0,  18053.0,  1025.65344442,  617.569903153,  2017.85
1571.07770659,  14750.5,  18059.0,  1025.65266033,  617.570204979,  2019.45
1571.09814111,  14745.6,  18056.2,  1025.65275551,  617.570708293,  2018.45
1571.11857552,  14753.8,  18062.0,  1025.6547414,  617.570500521,  2018.66
1571.13901013,  14762.0,  18070.4,  1025.65379936,  617.570499983,  2016.86
1571.15944465,  14778.5,  18085.7,  1025.65416168,  617.57119763,  2018.73
1571.17987916,  14771.8,  18080.5,  1025.65398725,  617.570166542,  2018.07
1571.20031368,  14777.5,  18084.6,  1025.65403099,  617.5701517,  2016.42
1571.22074819,  14794.9,  18098.1,  1025.65456272,  617.569806961,  2018.86
1571.24118271,  14785.1,  18092.6,  1025.65474008,  617.570674683,  2018.52
1571.26161722,  14801.1,  18105.1,  1025.65533566,  617.569341511,  2015.08
1571.28205174,  14791.0,  18096.0,  1025.65555818,  617.56972762,  2016.03
1571.30248625,  14801.3,  18105.6,  1025.65579124,  617.570152081,  2017.87
1571.32292077,  14810.0,  18114.3,  1025.65593624,  617.570267839,  2018.18
1571.34335538,  14812.2,  18115.8,  1025.65585117,  617.571393672,  2017.95
1571.3637899,  14817.3,  18120.6,  1025.65608203,  617.571165978,  2018.85
1571.38422432,  14824.0,  18126.8,  1025.65627753,  617.570166581,  2017.32
1571.40465893,  14834.5,  18134.7,  1025.65720257,  617.569945307,  2017.99
1571.42509345,  14829.0,  18131.2,  1025.65660187,  617.570182328,  2016.65
1571.44552787,  14822.8,  18124.4,  1025.65712622,  617.569640657,  2018.7
1571.46596248,  14833.5,  18135.4,  1025.65608054,  617.569727453,  2020.23
1571.486397,  14842.8,  18145.0,  1025.65675603,  617.570286536,  2019.89
1571.50683142,  14843.5,  18143.9,  1025.65676184,  617.570500839,  2019.88
1571.52726603,  14825.8,  18128.2,  1025.65642556,  617.569598891,  2020.27
1571.54770055,  14841.5,  18143.2,  1025.6578571,  617.570115925,  2019.72
1571.56813517,  14845.3,  18144.6,  1025.65663957,  617.570853008,  2017.09
1571.58856959,  14848.9,  18150.3,  1025.65738718,  617.571066127,  2019.1
1571.6090041,  14858.5,  18157.3,  1025.65701736,  617.570054355,  2022.05
1571.62943872,  14833.2,  18136.9,  1025.65737017,  617.569950504,  2021.65
1571.64987314,  14845.9,  18148.4,  1025.65714969,  617.570143317,  2022.95
1571.67030766,  14842.2,  18144.4,  1025.65671995,  617.569927094,  2020.91
1571.69074228,  14836.8,  18139.8,  1025.65715391,  617.570416257,  2019.12
1571.7111767,  14835.4,  18140.3,  1025.65780066,  617.569510072,  2022.25
1571.73161132,  14837.8,  18140.6,  1025.65785148,  617.569671524,  2021.63
1571.75204583,  14845.1,  18147.6,  1025.65686801,  617.570947837,  2021.13
1571.77248025,  14833.5,  18138.9,  1025.65567005,  617.57105657,  2021.9
1571.79291487,  14824.9,  18130.0,  1025.65619448,  617.571041887,  2021.73
1571.81334939,  14805.6,  18115.7,  1025.65543723,  617.571550794,  2020.87
1571.83378381,  14660.3,  17990.9,  1025.65543734,  617.570189861,  2020.51
1571.85421843,  14609.7,  17947.7,  1025.65560821,  617.56990968,  2021.26
1571.87465295,  14601.3,  17941.3,  1025.65368288,  617.569548267,  2023.55
1571.89508737,  14612.7,  17951.6,  1025.65326556,  617.571770172,  2023.22
1571.91552199,  14737.9,  18057.5,  1025.65462445,  617.570614858,  2020.21
1571.93595651,  14791.0,  18104.2,  1025.65339889,  617.572374309,  2021.4
1571.95639113,  14780.7,  18094.4,  1025.65299686,  617.572900997,  2021.3
1571.97682556,  14769.9,  18086.0,  1025.65236238,  617.571942392,  2022.02
1571.99726008,  14764.8,  18081.4,  1025.65313107,  617.571323882,  2018.98
1572.0176947,  14746.2,  18065.8,  1025.6522436,  617.573152967,  2020.99
1572.03812912,  14753.7,  18073.7,  1025.65128178,  617.572062082,  2018.77
1572.05856364,  14734.9,  18058.0,  1025.6513162,  617.572917131,  2019.59
1572.07899826,  14737.7,  18058.4,  1025.65205101,  617.572969158,  2021.35
1572.09943268,  14735.4,  18059.7,  1025.65119937,  617.57290118,  2018.12
1572.11986731,  14747.2,  18066.8,  1025.65202829,  617.572018523,  2018.72
1572.14030183,  14747.7,  18070.5,  1025.65136216,  617.572515856,  2019.14
1572.16073625,  14751.8,  18072.2,  1025.65195977,  617.57414176,  2018.47
1572.18117087,  14756.3,  18075.9,  1025.65227194,  617.572411996,  2018.24
1572.2016054,  14758.5,  18078.0,  1025.6520124,  617.572072583,  2017.13
1572.22203982,  14765.7,  18085.6,  1025.6528901,  617.572068841,  2019.56
1572.24247444,  14746.5,  18069.0,  1025.65266526,  617.572386988,  2019.19
1572.26290897,  14776.1,  18093.6,  1025.65279347,  617.572166902,  2015.08
1572.28334349,  14775.7,  18095.1,  1025.65224573,  617.571918522,  2016.41
1572.30377801,  14768.6,  18087.7,  1025.6533434,  617.571306925,  2016.86
1572.32421254,  14794.1,  18110.0,  1025.65393931,  617.572914653,  2015.96
1572.34464706,  14798.6,  18112.7,  1025.65401899,  617.5714932,  2015.96
1572.36508158,  14797.4,  18113.4,  1025.65409101,  617.571611886,  2016.49
1572.38551611,  14811.6,  18124.8,  1025.65494514,  617.571350685,  2015.24
1572.40595063,  14800.0,  18115.2,  1025.65571943,  617.571539842,  2015.19
1572.42638516,  14818.0,  18130.8,  1025.65404027,  617.571459585,  2013.29
1572.44681968,  14797.8,  18115.1,  1025.65433492,  617.572143106,  2012.45
1572.46725421,  14818.1,  18130.2,  1025.65527817,  617.571113864,  2013.31
1572.48768873,  14817.6,  18132.4,  1025.65540818,  617.57126515,  2015.55
1572.50812336,  14824.0,  18136.4,  1025.65617926,  617.570522028,  2014.8
1572.52855788,  14824.9,  18137.9,  1025.65616069,  617.571926758,  2013.37
1572.54899231,  14834.6,  18146.4,  1025.65578246,  617.570786918,  2017.51
1572.56942693,  14831.8,  18144.0,  1025.65595257,  617.57243429,  2015.1
1572.58986146,  14835.1,  18147.4,  1025.6562922,  617.5718295,  2016.58
1572.61029588,  14824.8,  18138.9,  1025.65621841,  617.571234225,  2015.5
1572.63073051,  14837.2,  18148.7,  1025.65591502,  617.572280618,  2018.56
1572.67159946,  14841.3,  18152.5,  1025.65603381,  617.571764389,  2015.72
1572.69203409,  14839.9,  18151.2,  1025.65605035,  617.572989777,  2016.49
1572.71246862,  14833.2,  18145.4,  1025.65595501,  617.571739068,  2018.59
1572.73290324,  14837.3,  18148.3,  1025.65636686,  617.571234567,  2018.55
1572.75333767,  14841.8,  18152.5,  1025.65608546,  617.571099118,  2021.57
1572.7737722,  14845.4,  18155.5,  1025.65614163,  617.571245511,  2022.63
1572.79420682,  14838.8,  18149.4,  1025.6561632,  617.570374199,  2023.28
1572.81464125,  14839.3,  18150.6,  1025.65607682,  617.571219405,  2024.33
1572.83507578,  14836.0,  18147.0,  1025.65648604,  617.571567172,  2026.77
1572.85551041,  14838.4,  18149.7,  1025.65577969,  617.571087523,  2027.43
1572.87594484,  14844.8,  18155.2,  1025.6562136,  617.570580236,  2030.83
1572.89637946,  14844.7,  18154.9,  1025.65631079,  617.570599584,  2035.37
1572.91681399,  14845.0,  18153.7,  1025.6556134,  617.570997653,  2034.72
1572.93724842,  14834.6,  18146.9,  1025.65630362,  617.571853304,  2032.2
1572.95768305,  14818.1,  18131.8,  1025.65589345,  617.57172437,  2033.55
1572.97811758,  14807.4,  18123.9,  1025.65453435,  617.571842873,  2030.28
1572.99855211,  14807.8,  18124.9,  1025.65511992,  617.571436751,  2026.18
1573.01898664,  14804.1,  18120.7,  1025.65412157,  617.571413969,  2023.18
1573.03942117,  14806.4,  18123.4,  1025.65390882,  617.572843519,  2015.54
1573.05985559,  14785.4,  18106.0,  1025.65358481,  617.572067037,  2011.32
1573.08029022,  14778.5,  18098.4,  1025.65187971,  617.571865645,  2012.98
1573.10072475,  14779.7,  18101.0,  1025.65299483,  617.571972701,  2010.16
1573.12115928,  14752.4,  18078.5,  1025.65209073,  617.571616174,  2013.18
1573.14159381,  14747.1,  18072.7,  1025.65121184,  617.572368891,  2011.82
1573.16202834,  14741.9,  18069.9,  1025.65116062,  617.572145821,  2009.37
1573.18246297,  14753.9,  18079.4,  1025.65061762,  617.572879305,  2010.47
1573.20289741,  14742.3,  18069.8,  1025.65106381,  617.572287009,  2009.82
1573.22333194,  14734.0,  18063.5,  1025.65100766,  617.573245324,  2010.0
1573.24376657,  14735.9,  18063.7,  1025.65126001,  617.573119668,  2010.11
1573.264201,  14731.9,  18062.1,  1025.65117588,  617.572897265,  2008.05
1573.28463563,  14754.5,  18080.6,  1025.65063975,  617.573066119,  2007.93
1573.30507016,  14748.6,  18075.6,  1025.6515308,  617.57285449,  2006.52
1573.32550459,  14747.5,  18076.6,  1025.65150403,  617.573109337,  2005.96
1573.34593922,  14764.4,  18089.6,  1025.65166027,  617.573274792,  2003.97
1573.36637376,  14757.7,  18084.6,  1025.65117625,  617.573489903,  2004.13
1573.38680819,  14764.3,  18091.7,  1025.65224317,  617.572655863,  2001.52
1573.40724282,  14778.0,  18101.0,  1025.65266659,  617.572992272,  2001.27
1573.42767735,  14774.9,  18100.5,  1025.65222758,  617.572677089,  2000.93
1573.44811178,  14780.8,  18104.7,  1025.65361751,  617.572699921,  2000.52
1573.46854642,  14783.4,  18107.0,  1025.65270287,  617.572080758,  1997.4
1573.48898095,  14791.6,  18114.6,  1025.65360631,  617.571393438,  1995.26
1573.50941558,  14798.0,  18120.0,  1025.65345655,  617.572802525,  1995.3
1573.52985002,  14805.1,  18126.6,  1025.65361196,  617.573061356,  1995.02
1573.55028455,  14797.1,  18121.1,  1025.65338157,  617.571987471,  1994.34
1573.57071918,  14811.4,  18130.8,  1025.65460032,  617.572389943,  1991.68
1573.59115362,  14813.6,  18134.2,  1025.65405461,  617.572382294,  1993.03
1573.61158815,  14823.3,  18143.3,  1025.6542454,  617.572478052,  1991.96
1573.63202278,  14829.3,  18147.0,  1025.65411199,  617.572291631,  1991.4
1573.65245732,  14808.2,  18131.1,  1025.65471074,  617.572630315,  1990.56
1573.67289185,  14818.7,  18139.5,  1025.65413567,  617.572681066,  1992.93
1573.69332639,  14821.3,  18142.2,  1025.65481337,  617.572886857,  1991.63
1573.71376082,  14832.3,  18152.1,  1025.65456933,  617.574082643,  1991.11
1573.73419545,  14824.4,  18144.8,  1025.65556288,  617.57117204,  1991.56
1573.75462999,  14834.9,  18153.7,  1025.65516734,  617.572709115,  1992.62
1573.77506442,  14836.6,  18156.8,  1025.65476997,  617.572472071,  1992.07
1573.79549906,  14852.2,  18169.5,  1025.65419677,  617.573295248,  1989.65
1573.81593359,  14826.6,  18147.1,  1025.65489536,  617.572167901,  1989.34
1573.83636803,  14841.1,  18160.7,  1025.65525197,  617.573347072,  1989.15
1573.85680266,  14845.0,  18163.6,  1025.65416921,  617.57337918,  1990.49
1573.8772372,  14842.4,  18162.7,  1025.65505116,  617.572569245,  1989.49
1573.89767184,  14847.6,  18166.8,  1025.65512515,  617.572072439,  1989.42
1573.91810627,  14843.1,  18163.0,  1025.65509783,  617.573396499,  1989.86
1573.93854081,  14849.0,  18169.1,  1025.65470567,  617.57264933,  1988.65
1573.95897544,  14838.9,  18160.6,  1025.65485675,  617.573091216,  1988.87
1573.97940988,  14848.3,  18168.1,  1025.65507606,  617.573634627,  1987.21
1573.99984442,  14844.4,  18166.8,  1025.65499608,  617.573002609,  1988.23
1574.02027905,  14841.5,  18162.5,  1025.65437769,  617.572726922,  1988.55
1574.04071349,  14845.2,  18166.2,  1025.65449694,  617.573396406,  1985.28
1574.06114813,  14836.9,  18160.3,  1025.65370312,  617.573520602,  1986.84
1574.08158267,  14820.0,  18144.2,  1025.65405468,  617.573925852,  1989.34
1574.1020171,  14813.4,  18140.1,  1025.65362338,  617.573137843,  1985.18
1574.12245174,  14816.8,  18142.6,  1025.65271277,  617.573281936,  1988.1
1574.14288628,  14795.2,  18124.1,  1025.65297681,  617.573333564,  1984.95
1574.16332082,  14799.8,  18129.3,  1025.65210523,  617.573545951,  1984.62
1574.18375535,  14795.3,  18124.8,  1025.6523901,  617.572806543,  1985.07
1574.20418989,  14783.2,  18114.7,  1025.65177855,  617.574097018,  1984.68
1574.22462443,  14785.3,  18117.9,  1025.65064009,  617.573678575,  1983.07
1574.24505897,  14765.3,  18098.4,  1025.65144073,  617.574436617,  1984.43
1574.26549351,  14767.8,  18102.5,  1025.65010698,  617.574281719,  1982.78
1574.28592805,  14760.0,  18097.0,  1025.6504093,  617.57498869,  1982.69
1574.30636268,  14754.0,  18089.7,  1025.65038026,  617.573134845,  1983.35
1574.32679712,  14756.3,  18093.8,  1025.64978683,  617.574827142,  1984.9
1574.34723166,  14758.0,  18095.1,  1025.64995163,  617.574862128,  1983.26
1574.3676662,  14743.4,  18082.3,  1025.65000734,  617.57384325,  1983.62
1574.38810074,  14763.7,  18100.5,  1025.65031127,  617.574274885,  1982.97
1574.40853538,  14750.9,  18088.6,  1025.64974173,  617.574415282,  1984.37
1574.42896982,  14756.7,  18093.7,  1025.65008263,  617.574564182,  1983.29
1574.44940446,  14762.7,  18100.7,  1025.65051602,  617.574293495,  1981.86
1574.469839,  14765.2,  18100.5,  1025.65058166,  617.573890598,  1983.35
1574.49027344,  14776.0,  18111.3,  1025.65060878,  617.574658565,  1981.14
1574.51070808,  14776.7,  18112.5,  1025.65078505,  617.575035036,  1982.42
1574.53114262,  14779.1,  18113.8,  1025.65138265,  617.57457173,  1980.78
1574.55157706,  14782.4,  18117.7,  1025.65071915,  617.574541235,  1982.8
1574.5720117,  14794.1,  18127.4,  1025.65061739,  617.574094105,  1983.59
1574.59244624,  14796.5,  18128.9,  1025.65251634,  617.574948784,  1983.34
1574.61288089,  14804.7,  18138.4,  1025.65123017,  617.574560264,  1980.56
1574.63331533,  14801.4,  18133.3,  1025.65254723,  617.573529988,  1980.59
1574.65374987,  14801.9,  18136.0,  1025.65272077,  617.574718109,  1981.55
1574.67418451,  14823.6,  18153.6,  1025.65182493,  617.574320452,  1980.5
1574.69461895,  14806.0,  18137.1,  1025.65374939,  617.574738166,  1981.83
1574.71505349,  14828.5,  18158.4,  1025.65261136,  617.574605585,  1981.87
1574.73548814,  14819.2,  18150.4,  1025.65351828,  617.574158141,  1982.29
1574.75592258,  14828.2,  18157.6,  1025.65285668,  617.574905842,  1978.16
1574.77635712,  14825.1,  18156.7,  1025.65224277,  617.574757035,  1980.15
1574.79679176,  14833.1,  18161.7,  1025.6537185,  617.57490135,  1979.64
1574.81722631,  14840.8,  18169.1,  1025.65343595,  617.575130701,  1979.74
1574.83766085,  14845.3,  18174.3,  1025.6532838,  617.57425948,  1978.89
1574.85809539,  14845.9,  18173.3,  1025.65395283,  617.575241667,  1978.84
1574.87852993,  14855.2,  18181.7,  1025.65408543,  617.574024268,  1977.29
1574.89896448,  14845.9,  18174.8,  1025.65398983,  617.574928791,  1977.84
1574.91939902,  14848.6,  18176.1,  1025.6539771,  617.574514067,  1976.16
1574.93983356,  14847.4,  18175.6,  1025.65366551,  617.574373614,  1977.71
1574.96026811,  14851.4,  18179.1,  1025.65322289,  617.575247759,  1977.72
1574.98070265,  14839.7,  18168.4,  1025.65437068,  617.574242507,  1977.29
1575.0011372,  14850.2,  18177.7,  1025.65453959,  617.575278805,  1976.32
1575.02157174,  14855.7,  18183.5,  1025.65385177,  617.574681136,  1975.72
1575.04200628,  14849.1,  18177.0,  1025.65428005,  617.57375505,  1976.2
1575.06244093,  14851.9,  18181.3,  1025.65470584,  617.57490016,  1976.69
1575.08287537,  14846.6,  18175.5,  1025.65420796,  617.574061234,  1976.33
1575.10330992,  14848.1,  18178.2,  1025.65372193,  617.574729564,  1976.57
1575.12374456,  14847.1,  18176.4,  1025.65480045,  617.574538083,  1976.48
1575.14417901,  14847.9,  18176.6,  1025.65388059,  617.574756745,  1972.51
1575.16461355,  14852.9,  18181.9,  1025.6537489,  617.574783841,  1974.65
1575.1850482,  14831.9,  18164.4,  1025.6534649,  617.575171723,  1976.85
1575.20548264,  14805.4,  18140.8,  1025.65322915,  617.574561562,  1977.4
1575.22591729,  14657.1,  18015.3,  1025.65261216,  617.57447144,  1974.64
1575.24635183,  14629.0,  17990.6,  1025.65248216,  617.574259016,  1973.35
1575.26678628,  14618.6,  17981.1,  1025.65148588,  617.573716938,  1975.23
1575.28722093,  14635.5,  17995.9,  1025.65175454,  617.573685912,  1973.74
1575.30765547,  14769.1,  18110.8,  1025.650944,  617.574053781,  1974.62
1575.32808992,  14790.3,  18128.6,  1025.65150368,  617.57486685,  1971.18
1575.34852456,  14787.7,  18128.5,  1025.6506695,  617.575656447,  1974.91
1575.36895911,  14779.7,  18120.6,  1025.65003242,  617.575313881,  1972.97
1575.38939376,  14772.7,  18115.9,  1025.64998065,  617.576295994,  1974.14
1575.40982821,  14761.8,  18104.5,  1025.64979452,  617.575391654,  1974.51
1575.43026275,  14748.5,  18093.6,  1025.64937419,  617.575591481,  1971.5
1575.4506974,  14758.0,  18102.9,  1025.64899961,  617.575829802,  1972.29
1575.47113195,  14767.8,  18109.2,  1025.64980139,  617.577030863,  1972.55
1575.49156639,  14758.9,  18104.0,  1025.64921102,  617.576114563,  1970.65
1575.51200104,  14758.4,  18103.3,  1025.64903348,  617.576175828,  1972.61
1575.53243559,  14756.6,  18100.2,  1025.64913594,  617.575963872,  1972.19
1575.55287004,  14760.5,  18105.1,  1025.64967921,  617.576103878,  1972.22
1575.57330469,  14772.0,  18114.9,  1025.65030919,  617.575147551,  1970.89
1575.59373923,  14763.2,  18107.2,  1025.64970949,  617.575926936,  1970.98
1575.61417378,  14767.9,  18111.3,  1025.65050125,  617.575153104,  1969.24
1575.65504278,  14763.7,  18107.4,  1025.6505301,  617.575212128,  1972.57
1575.67547743,  14779.5,  18121.2,  1025.64982003,  617.574989439,  1969.85
1575.69591198,  14784.7,  18125.1,  1025.65104509,  617.575301724,  1970.13
1575.71634643,  14787.3,  18127.8,  1025.65111184,  617.575803282,  1968.41
1575.73678107,  14798.4,  18136.6,  1025.65165616,  617.574988734,  1969.56
1575.75721562,  14790.5,  18129.2,  1025.65177023,  617.574720342,  1971.09
1575.77765027,  14798.9,  18137.7,  1025.65090179,  617.575548844,  1966.65
1575.79808472,  14820.9,  18155.3,  1025.65160496,  617.575049718,  1967.41
1575.81851927,  14814.9,  18150.4,  1025.65181644,  617.574126588,  1968.9
1575.83895392,  14816.4,  18152.9,  1025.65273368,  617.574025263,  1969.8
1575.85938837,  14806.7,  18143.0,  1025.65211586,  617.574807608,  1967.83
1575.87982292,  14816.2,  18152.3,  1025.65235697,  617.574512797,  1964.84
1575.90025757,  14816.6,  18152.0,  1025.65298405,  617.574978711,  1967.74
1575.92069202,  14830.7,  18163.5,  1025.65287925,  617.574768281,  1966.36
1575.94112657,  14827.6,  18161.8,  1025.65341945,  617.574139129,  1965.55
1575.96156122,  14816.0,  18151.7,  1025.65253823,  617.574765064,  1967.02
1575.98199568,  14836.8,  18169.3,  1025.65392102,  617.573726189,  1965.3
1576.00243033,  14854.6,  18185.1,  1025.65321988,  617.575417568,  1965.31
1576.02286488,  14838.4,  18170.2,  1025.65352257,  617.574905976,  1965.63
1576.04329943,  14842.4,  18174.2,  1025.65381173,  617.574058388,  1965.04
1576.06373398,  14848.4,  18180.0,  1025.65313237,  617.575629477,  1965.19
1576.08416853,  14835.3,  18167.6,  1025.65339833,  617.574142626,  1965.18
1576.10460308,  14836.1,  18168.9,  1025.65363146,  617.574268578,  1962.43
1576.12503764,  14828.4,  18163.2,  1025.65372195,  617.575147181,  1964.9
1576.14547219,  14842.2,  18173.8,  1025.65324782,  617.574190353,  1966.01
1576.16590674,  14843.4,  18176.8,  1025.6537801,  617.574846616,  1963.04
1576.18634139,  14837.3,  18169.9,  1025.65401964,  617.573951604,  1965.24
1576.20677584,  14852.5,  18182.8,  1025.65437803,  617.574257946,  1963.13
1576.2272105,  14835.0,  18170.2,  1025.65389036,  617.574132306,  1963.56
1576.24764505,  14834.8,  18167.2,  1025.65400228,  617.573614352,  1963.93
1576.2680795,  14830.9,  18165.3,  1025.65351391,  617.574720284,  1963.23
1576.28851416,  14834.7,  18168.9,  1025.65312428,  617.575171399,  1963.86
1576.30894861,  14825.3,  18159.2,  1025.65331171,  617.574308105,  1962.34
1576.32938316,  14839.4,  18174.0,  1025.65265252,  617.575951458,  1961.31
1576.34981782,  14822.9,  18159.1,  1025.65263091,  617.57489397,  1963.92
1576.39068692,  14805.4,  18145.2,  1025.65158462,  617.5748248,  1963.21
1576.41112148,  14807.7,  18146.3,  1025.65184103,  617.575175368,  1962.11
1576.43155593,  14792.6,  18133.4,  1025.65126938,  617.575712784,  1964.01
1576.45199058,  14768.9,  18115.0,  1025.65043592,  617.575406197,  1959.99
1576.47242514,  14776.0,  18119.6,  1025.6501153,  617.575234454,  1962.36
1576.49285959,  14769.7,  18114.9,  1025.64939375,  617.576473694,  1963.43
1576.51329425,  14759.0,  18105.9,  1025.64938684,  617.575945517,  1961.98
1576.5337288,  14740.4,  18090.0,  1025.64996625,  617.574956661,  1960.25
1576.55416336,  14733.9,  18086.4,  1025.64806401,  617.576074661,  1960.35
1576.57459791,  14736.0,  18086.3,  1025.64764497,  617.576285851,  1961.09
1576.59503247,  14739.8,  18090.0,  1025.64803871,  617.577282499,  1958.92
1576.61546712,  14734.4,  18087.1,  1025.64729492,  617.576183255,  1960.08
1576.63590158,  14731.6,  18082.9,  1025.64784652,  617.576288982,  1960.24
1576.65633613,  14729.1,  18081.6,  1025.64753309,  617.576232278,  1960.11
1576.67677079,  14738.0,  18090.7,  1025.64749369,  617.576632853,  1960.93
1576.69720534,  14746.9,  18096.3,  1025.64799666,  617.576801618,  1958.54
1576.7176398,  14759.1,  18108.3,  1025.64837694,  617.57636901,  1959.25
1576.73807446,  14742.8,  18093.5,  1025.64919256,  617.575689186,  1959.29
1576.75850901,  14764.2,  18113.1,  1025.64960361,  617.575279856,  1957.07
1576.77894357,  14749.6,  18101.2,  1025.64910868,  617.576390681,  1958.74
1576.79937813,  14770.6,  18119.1,  1025.64923513,  617.575389102,  1956.92
1576.81981268,  14772.2,  18119.6,  1025.64952748,  617.576668902,  1956.76
1576.84024734,  14782.7,  18129.7,  1025.64907794,  617.576784321,  1958.26
1576.8606818,  14775.2,  18122.2,  1025.64993391,  617.576497168,  1958.37
1576.88111635,  14795.5,  18140.5,  1025.64995403,  617.576865129,  1960.16
1576.90155101,  14793.6,  18140.4,  1025.64988141,  617.576690633,  1955.35
1576.92198547,  14794.5,  18139.2,  1025.65090096,  617.575708492,  1957.37
1576.94242002,  14798.4,  18143.7,  1025.65119059,  617.575168063,  1957.2
1576.96285458,  14800.6,  18145.2,  1025.65118446,  617.576119977,  1956.85
1576.98328914,  14803.6,  18148.0,  1025.65085495,  617.576759997,  1954.17
1577.0037238,  14805.1,  18151.1,  1025.65177345,  617.576182306,  1956.55
1577.02415826,  14823.8,  18165.6,  1025.65161617,  617.577056008,  1954.41
1577.04459281,  14805.3,  18150.9,  1025.65221439,  617.575300377,  1956.52
1577.06502747,  14814.3,  18158.4,  1025.65107566,  617.576626494,  1956.64
1577.08546193,  14826.6,  18168.6,  1025.65138086,  617.575803777,  1956.83
1577.10589649,  14822.5,  18165.8,  1025.65238249,  617.574741722,  1954.71
1577.12633115,  14821.1,  18165.9,  1025.65172211,  617.577079481,  1954.63
1577.14676561,  14836.5,  18178.1,  1025.65184718,  617.575444327,  1953.3
1577.16720026,  14835.8,  18178.9,  1025.65139557,  617.576929381,  1953.94
1577.18763482,  14836.0,  18178.2,  1025.65265355,  617.575916081,  1953.74
1577.20806928,  14833.9,  18176.0,  1025.65350863,  617.5753648,  1956.24
1577.22850394,  14842.0,  18184.3,  1025.65192204,  617.575512993,  1953.5
1577.2489385,  14842.3,  18183.6,  1025.65199451,  617.57584237,  1953.84
1577.26937306,  14831.9,  18176.3,  1025.65308763,  617.575482765,  1954.49
1577.28980762,  14843.2,  18186.3,  1025.6526783,  617.57483829,  1955.39
1577.31024218,  14820.8,  18166.6,  1025.65283719,  617.574765378,  1953.68
1577.33067674,  14844.4,  18187.1,  1025.65276189,  617.575797203,  1954.53
1577.3511114,  14825.4,  18170.3,  1025.65266141,  617.576399389,  1952.75
1577.37154586,  14838.2,  18181.9,  1025.65300818,  617.574724776,  1953.68
1577.39198052,  14845.9,  18189.0,  1025.65175348,  617.575777151,  1954.77
1577.41241508,  14826.4,  18172.1,  1025.65174481,  617.576781067,  1951.46
1577.43284954,  14843.9,  18187.0,  1025.65319871,  617.57691349,  1951.01
1577.4532842,  14820.7,  18167.5,  1025.65175082,  617.577596606,  1952.62
1577.47371876,  14819.1,  18166.3,  1025.65113336,  617.576568165,  1951.91
1577.49415323,  14818.3,  18166.2,  1025.650604,  617.576875125,  1951.89
1577.51458789,  14808.9,  18157.2,  1025.65075567,  617.576937604,  1950.78
1577.53502245,  14792.1,  18143.4,  1025.64992185,  617.576926238,  1952.01
1577.55545701,  14796.1,  18148.1,  1025.64977707,  617.577392035,  1950.99
1577.57589157,  14775.3,  18128.9,  1025.64909442,  617.57680195,  1950.31
1577.59632603,  14773.2,  18127.5,  1025.64899459,  617.5775541,  1951.05
1577.61676069,  14763.2,  18120.3,  1025.64791843,  617.576816804,  1950.93
1577.63719526,  14753.2,  18110.4,  1025.64703964,  617.578859224,  1949.67
1577.65762972,  14745.0,  18103.4,  1025.64761554,  617.577764045,  1948.05
1577.67806438,  14732.2,  18095.2,  1025.64744065,  617.578426087,  1950.4
1577.69849894,  14753.2,  18110.1,  1025.64748206,  617.578464612,  1950.95
1577.71893351,  14721.8,  18086.4,  1025.6469544,  617.577905033,  1954.59
1577.73936807,  14734.0,  18095.7,  1025.64608019,  617.578759622,  1947.09
1577.75980263,  14724.7,  18086.6,  1025.64722237,  617.577959262,  1948.82
1577.78023729,  14737.2,  18098.7,  1025.64762407,  617.576993154,  1947.16
1577.80067176,  14731.7,  18092.9,  1025.64706025,  617.577145989,  1947.11
1577.82110632,  14741.5,  18100.7,  1025.6474598,  617.577935823,  1949.14
1577.84154098,  14749.9,  18109.5,  1025.64718456,  617.578462922,  1949.45
1577.86197555,  14744.3,  18104.7,  1025.6477368,  617.577166846,  1946.19
1577.88241001,  14802.7,  18154.8,  1025.64821641,  617.577348633,  1946.92
1577.90284467,  14763.9,  18122.2,  1025.64764635,  617.577208967,  1948.02
1577.92327924,  14766.6,  18123.8,  1025.64841241,  617.577751455,  1948.17
1577.9437138,  14770.4,  18127.7,  1025.64896091,  617.578145563,  1946.03
1577.96414837,  14768.9,  18125.5,  1025.64917732,  617.576995234,  1945.42
1577.98458293,  14774.9,  18132.4,  1025.64918516,  617.577276241,  1945.77
1578.00501749,  14799.5,  18153.8,  1025.64940136,  617.576972385,  1945.41
1578.02545206,  14795.8,  18148.3,  1025.64967854,  617.577405875,  1945.57
1578.04588662,  14789.2,  18144.8,  1025.65018494,  617.577645971,  1946.96
1578.06632129,  14801.1,  18154.0,  1025.65035624,  617.577505178,  1955.1
1578.08675575,  14794.6,  18149.6,  1025.65008664,  617.576807611,  1946.98
1578.10719032,  14810.6,  18163.4,  1025.65081825,  617.577459539,  1944.52
1578.12762498,  14819.6,  18169.7,  1025.65056652,  617.577240245,  1945.47
1578.14805945,  14816.9,  18167.3,  1025.65061867,  617.576575599,  1945.36
1578.16849411,  14825.9,  18176.4,  1025.65044951,  617.577495122,  1945.98
1578.18892868,  14804.3,  18157.3,  1025.65086666,  617.576672683,  1945.72
1578.20936314,  14817.9,  18169.4,  1025.65094735,  617.576499166,  1943.81
1578.22979781,  14825.7,  18176.7,  1025.65070546,  617.577274598,  1945.03
1578.25023228,  14825.2,  18175.6,  1025.65096333,  617.576649853,  1945.67
1578.27066684,  14828.1,  18179.8,  1025.65046487,  617.577313344,  1942.68
1578.29110151,  14821.9,  18173.7,  1025.65110961,  617.575927622,  1945.41
1578.31153597,  14829.5,  18179.0,  1025.65138652,  617.576346909,  1945.08
1578.33197064,  14832.8,  18183.5,  1025.65134639,  617.577226827,  1945.47
1578.35240521,  14832.6,  18182.4,  1025.65130941,  617.576138094,  1944.88
1578.37283967,  14832.3,  18181.7,  1025.65197145,  617.577629355,  1942.19
1578.39327434,  14838.9,  18189.6,  1025.65158484,  617.576629425,  1943.63
1578.41370891,  14830.4,  18180.9,  1025.65111467,  617.577384763,  1944.09
1578.43414347,  14827.8,  18179.1,  1025.65150197,  617.578302455,  1942.4
1578.45457804,  14835.6,  18186.7,  1025.65165342,  617.576435703,  1945.11
1578.47501261,  14844.1,  18193.0,  1025.651833,  617.577326922,  1943.4
1578.49544718,  14829.4,  18182.0,  1025.65071958,  617.576725333,  1941.71
1578.51588174,  14826.4,  18178.4,  1025.65207119,  617.577297282,  1944.41
1578.53631631,  14820.8,  18173.1,  1025.65134661,  617.576555662,  1942.81
1578.55675098,  14817.6,  18172.8,  1025.65109794,  617.577607584,  1944.05
1578.57718555,  14804.7,  18159.6,  1025.6506412,  617.57773859,  1944.07
1578.59762002,  14761.8,  18122.5,  1025.65104443,  617.576705902,  1941.56
1578.63848925,  14641.4,  18020.6,  1025.65058575,  617.573563459,  1942.07
1578.65892372,  14593.0,  17979.7,  1025.64909534,  617.576760955,  1940.63
1578.67935839,  14619.0,  18001.6,  1025.64973398,  617.575019863,  1942.92
1578.69979296,  14742.9,  18107.2,  1025.64848291,  617.577067209,  1940.03
1578.72022743,  14765.8,  18126.6,  1025.64771261,  617.577380731,  1938.85
1578.7406621,  14754.6,  18116.8,  1025.64759104,  617.57648094,  1941.94
1578.76109666,  14751.6,  18115.1,  1025.64729166,  617.576901025,  1941.37
1578.78153133,  14738.2,  18103.4,  1025.64719256,  617.577497435,  1939.47
1578.8019658,  14727.1,  18092.3,  1025.64728536,  617.576382201,  1941.7
1578.82240037,  14717.2,  18085.8,  1025.645941,  617.577618534,  1941.79
1578.84283504,  14716.5,  18085.2,  1025.64631138,  617.577910627,  1941.3
1578.86326951,  14722.3,  18089.1,  1025.64585383,  617.577296568,  1938.63
1578.88370408,  14732.1,  18099.1,  1025.64689426,  617.577799741,  1939.29
1578.90413865,  14725.0,  18091.8,  1025.64730005,  617.57792018,  1940.04
1578.92457322,  14718.9,  18086.2,  1025.64668203,  617.577383689,  1938.06
1578.94500789,  14720.7,  18089.8,  1025.64609901,  617.57832165,  1939.39
1578.96544236,  14726.6,  18093.6,  1025.64616269,  617.577701756,  1939.74
1578.98587693,  14726.6,  18094.1,  1025.64673523,  617.577851647,  1938.68
1579.0063116,  14743.8,  18109.2,  1025.64709354,  617.577664708,  1937.46
1579.02674607,  14748.8,  18111.8,  1025.647307,  617.577820635,  1939.57
1579.04718064,  14745.3,  18110.0,  1025.64781427,  617.578176864,  1936.7
1579.06761532,  14753.2,  18115.7,  1025.64806221,  617.577030171,  1936.66
1579.08804989,  14762.0,  18123.6,  1025.64768576,  617.577946429,  1938.66
1579.10848436,  14755.4,  18118.2,  1025.64885258,  617.577486643,  1940.19
1579.12891903,  14758.5,  18121.3,  1025.64886946,  617.576905775,  1936.73
1579.1493536,  14773.8,  18134.0,  1025.64926004,  617.577910364,  1935.33
1579.16978817,  14778.1,  18138.7,  1025.64922153,  617.576724652,  1937.71
1579.19022274,  14769.7,  18130.1,  1025.64882479,  617.577449754,  1937.44
1579.21065732,  14783.4,  18144.0,  1025.64977406,  617.577104794,  1934.98
1579.23109199,  14782.6,  18142.5,  1025.65048306,  617.577130484,  1936.18
1579.25152646,  14801.2,  18157.6,  1025.65017478,  617.575955957,  1935.39
1579.27196103,  14791.7,  18151.2,  1025.6495648,  617.577037092,  1938.53
1579.2923957,  14814.5,  18170.0,  1025.65017924,  617.577903048,  1935.91
1579.31283018,  14797.8,  18155.3,  1025.64997076,  617.57646536,  1936.04
1579.33326485,  14811.1,  18168.2,  1025.6503472,  617.577770934,  1933.72
1579.35369942,  14808.2,  18165.0,  1025.65014385,  617.578846721,  1936.26
1579.37413389,  14807.0,  18162.8,  1025.65064526,  617.577027129,  1932.86
1579.39456857,  14814.8,  18171.4,  1025.65041507,  617.578063997,  1934.03
1579.41500314,  14812.7,  18169.7,  1025.65012041,  617.57785593,  1933.0
1579.43543761,  14811.6,  18169.1,  1025.65116835,  617.578677565,  1933.69
1579.45587229,  14806.6,  18165.5,  1025.65029129,  617.576915037,  1934.98
1579.47630686,  14805.1,  18162.2,  1025.65037132,  617.577241356,  1932.05
1579.49674133,  14805.2,  18165.2,  1025.64990151,  617.57775962,  1933.86
1579.51717601,  14810.2,  18168.1,  1025.65047548,  617.576918559,  1935.38
1579.53761048,  14803.2,  18162.7,  1025.65109393,  617.577147151,  1935.43
1579.55804515,  14817.1,  18174.8,  1025.64931682,  617.578189612,  1934.26
1579.57847973,  14799.7,  18159.1,  1025.65075342,  617.577178308,  1935.0
1579.5989143,  14811.4,  18170.0,  1025.65039628,  617.577560283,  1931.02
1579.61934888,  14826.2,  18184.5,  1025.64971368,  617.578008601,  1935.03
1579.63978345,  14823.2,  18180.2,  1025.65061024,  617.577598587,  1933.98
1579.66021803,  14808.6,  18169.1,  1025.64965307,  617.577901592,  1932.19
1579.6806526,  14798.4,  18159.5,  1025.65073361,  617.576932387,  1932.59
1579.70108718,  14808.4,  18168.1,  1025.65030153,  617.577935312,  1931.07
1579.72152185,  14789.9,  18153.4,  1025.65080066,  617.577109491,  1932.17
1579.74195642,  14790.7,  18154.0,  1025.64885652,  617.577251497,  1931.49
1579.7623909,  14791.9,  18154.8,  1025.64942258,  617.577388808,  1933.13
1579.78282558,  14769.3,  18136.3,  1025.64922498,  617.576842098,  1930.25
1579.80326015,  14761.0,  18128.6,  1025.64824141,  617.577725579,  1930.74
1579.82369463,  14761.3,  18129.5,  1025.64809825,  617.578496982,  1933.68
1579.8441293,  14756.4,  18125.5,  1025.64738542,  617.578997033,  1929.04
1579.86456388,  14734.7,  18105.6,  1025.64785396,  617.577912724,  1928.67
1579.88499835,  14726.0,  18101.6,  1025.6461563,  617.577305811,  1930.86
1579.90543303,  14741.5,  18113.0,  1025.64580117,  617.579052282,  1929.5
1579.92586761,  14724.9,  18099.2,  1025.64535031,  617.578714789,  1930.85
1579.94630228,  14719.4,  18095.6,  1025.64485732,  617.57862724,  1928.51
1579.96673676,  14722.8,  18097.6,  1025.64600316,  617.578447968,  1927.22
1579.98717133,  14711.7,  18089.1,  1025.64493646,  617.579833098,  1926.79
1580.00760601,  14715.5,  18092.5,  1025.6453593,  617.578809035,  1927.53
1580.02804049,  14700.1,  18078.4,  1025.64471504,  617.578841367,  1926.9
1580.04847506,  14699.0,  18079.0,  1025.64516345,  617.579627328,  1929.63
1580.06890974,  14732.2,  18107.3,  1025.6448336,  617.578056658,  1928.19
1580.08934422,  14713.3,  18091.0,  1025.64525262,  617.580140076,  1928.66
1580.10977879,  14741.2,  18116.0,  1025.64532843,  617.580476514,  1925.97
1580.13021347,  14738.8,  18112.3,  1025.64625241,  617.57974983,  1925.69
1580.15064795,  14731.4,  18107.2,  1025.64628827,  617.579919823,  1926.05
1580.17108263,  14732.3,  18107.9,  1025.64629826,  617.577663965,  1926.11
1580.1915171,  14746.4,  18120.0,  1025.64564455,  617.578822861,  1926.79
1580.21195168,  14760.1,  18132.1,  1025.6464768,  617.579640972,  1926.21
1580.23238636,  14752.4,  18126.5,  1025.64732044,  617.579139184,  1924.51
1580.25282084,  14760.3,  18132.5,  1025.64709916,  617.579290077,  1924.31
1580.27325542,  14766.5,  18139.6,  1025.64709555,  617.579754199,  1924.09
1580.29369009,  14776.3,  18145.4,  1025.6483225,  617.579300628,  1923.65
1580.31412467,  14786.4,  18155.7,  1025.64767912,  617.57846889,  1924.63
1580.33455925,  14793.8,  18162.5,  1025.64790577,  617.578905598,  1922.16
1580.35499383,  14787.5,  18155.7,  1025.64861589,  617.579756092,  1923.49
1580.37542841,  14798.7,  18166.5,  1025.64828664,  617.578768368,  1923.53
1580.39586299,  14794.9,  18163.8,  1025.64873985,  617.579358385,  1921.74
1580.41629757,  14797.1,  18164.6,  1025.64911522,  617.578651921,  1922.14
1580.43673214,  14781.2,  18152.6,  1025.64915946,  617.578243691,  1922.15
1580.45716682,  14800.4,  18169.1,  1025.64856093,  617.578226363,  1923.11
1580.4776013,  14793.0,  18163.2,  1025.64899515,  617.578798789,  1923.08
1580.49803588,  14803.9,  18173.4,  1025.64933791,  617.578248719,  1921.41
1580.51847056,  14798.5,  18167.9,  1025.64873097,  617.579539347,  1923.78
1580.53890504,  14805.8,  18173.6,  1025.64900672,  617.578548969,  1919.77
1580.55933972,  14796.5,  18167.6,  1025.64919727,  617.57877155,  1922.23
1580.5797743,  14791.7,  18161.9,  1025.64958873,  617.578841387,  1921.28
1580.60020878,  14805.6,  18174.6,  1025.64953294,  617.577972003,  1920.83
1580.62064346,  14802.7,  18171.8,  1025.64926429,  617.578598418,  1920.43
1580.64107804,  14805.2,  18174.1,  1025.64799504,  617.58029346,  1919.76
1580.66151252,  14809.6,  18177.9,  1025.64955512,  617.578491261,  1921.08
1580.6819472,  14814.0,  18181.7,  1025.64941258,  617.579117615,  1920.28
1580.70238178,  14804.4,  18173.2,  1025.64930571,  617.57772703,  1919.26
1580.72281646,  14808.2,  18178.5,  1025.64818324,  617.577368956,  1919.35
1580.74325094,  14812.6,  18180.6,  1025.64997632,  617.577863506,  1919.51
1580.76368552,  14808.3,  18178.0,  1025.64901907,  617.579120651,  1919.41
1580.7841202,  14806.3,  18176.5,  1025.64943579,  617.578067723,  1920.18
1580.80455469,  14812.5,  18181.1,  1025.64883167,  617.578399765,  1920.45
1580.82498927,  14824.8,  18192.8,  1025.64995236,  617.578614268,  1918.1
1580.84542385,  14792.7,  18165.4,  1025.64775164,  617.578323661,  1919.6
1580.86585843,  14791.3,  18164.2,  1025.64797031,  617.578460914,  1918.47
1580.88629301,  14794.5,  18168.8,  1025.64728287,  617.579408984,  1916.29
1580.90672759,  14777.5,  18153.0,  1025.64753042,  617.579121954,  1919.52
1580.92716217,  14764.8,  18141.9,  1025.64736676,  617.579199649,  1917.58
1580.94759686,  14746.2,  18126.8,  1025.64566713,  617.580085636,  1919.44
1580.96803144,  14751.8,  18130.2,  1025.64518245,  617.580208639,  1915.94
1580.98846592,  14728.2,  18112.3,  1025.64560725,  617.579922768,  1916.98
1581.0089006,  14725.7,  18109.3,  1025.6449748,  617.58092819,  1916.95
1581.02933519,  14723.0,  18107.5,  1025.64440872,  617.580486381,  1915.93
1581.04976967,  14725.5,  18110.3,  1025.64374322,  617.581477926,  1915.15
1581.07020435,  14733.1,  18116.6,  1025.643433,  617.582651071,  1916.97
1581.09063893,  14698.1,  18084.5,  1025.64336156,  617.580892548,  1915.5
1581.11107362,  14714.3,  18102.4,  1025.64332325,  617.581212467,  1915.04
1581.1315081,  14707.6,  18094.5,  1025.643118,  617.580638009,  1914.41
1581.15194268,  14706.8,  18094.8,  1025.64419677,  617.580327105,  1915.54
1581.17237736,  14711.9,  18098.5,  1025.64261162,  617.581188143,  1914.86
1581.19281185,  14714.3,  18099.8,  1025.64431779,  617.579872614,  1914.29
1581.21324643,  14726.2,  18111.2,  1025.64465895,  617.580084071,  1915.21
1581.23368111,  14721.1,  18107.5,  1025.6439657,  617.580435812,  1913.92
1581.2541156,  14719.8,  18106.8,  1025.64322983,  617.581282222,  1912.45
1581.27455018,  14723.5,  18110.6,  1025.64435058,  617.580203495,  1912.92
1581.29498487,  14735.3,  18118.8,  1025.64495851,  617.580572763,  1912.68
1581.31541935,  14745.8,  18128.7,  1025.64506654,  617.58099708,  1914.13
1581.33585403,  14751.8,  18135.2,  1025.64567043,  617.580542282,  1912.98
1581.35628862,  14741.8,  18124.0,  1025.64636593,  617.580037357,  1913.83
1581.3767232,  14769.8,  18151.8,  1025.6455484,  617.581801774,  1914.06
1581.39715779,  14755.2,  18137.9,  1025.64654355,  617.578983556,  1914.54
1581.41759237,  14772.0,  18151.5,  1025.6469444,  617.579659363,  1913.13
1581.43802695,  14784.4,  18163.1,  1025.64658241,  617.579593073,  1911.0
1581.45846154,  14768.6,  18150.8,  1025.64677997,  617.579410887,  1912.49
1581.47889612,  14780.3,  18160.1,  1025.64629289,  617.579759562,  1914.21
1581.49933071,  14785.6,  18164.5,  1025.64724286,  617.580312331,  1911.02
1581.51976529,  14779.6,  18158.0,  1025.64719245,  617.580249789,  1911.12
1581.54019988,  14786.0,  18165.2,  1025.6477008,  617.578633214,  1910.53
1581.56063446,  14806.0,  18182.8,  1025.64735659,  617.58013144,  1911.9
1581.58106905,  14793.9,  18173.1,  1025.64699286,  617.580242694,  1912.64
1586.83275387,  14867.0,  18320.7,  1025.63314849,  617.59115441,  1868.32
1586.85318858,  14865.8,  18322.2,  1025.63270626,  617.592069977,  1871.42
1586.87362309,  14876.3,  18330.8,  1025.63345189,  617.591324684,  1868.41
1586.8940578,  14887.9,  18340.4,  1025.63372468,  617.591257271,  1868.11
1586.91449241,  14877.6,  18332.9,  1025.63312278,  617.591877825,  1868.94
1586.93492692,  14891.1,  18342.8,  1025.63435859,  617.591748174,  1867.95
1586.95536163,  14896.4,  18347.6,  1025.63489785,  617.591562061,  1869.55
1586.97579624,  14912.5,  18363.8,  1025.63475875,  617.591310872,  1869.21
1586.99623085,  14899.7,  18351.7,  1025.63508061,  617.591530627,  1867.43
1587.01666546,  14913.3,  18364.5,  1025.63479877,  617.591813338,  1869.33
1587.03710007,  14916.8,  18366.8,  1025.63502773,  617.591701696,  1867.6
1587.05753478,  14927.0,  18377.6,  1025.6355786,  617.593099577,  1867.32
1587.0779694,  14932.5,  18382.8,  1025.63608534,  617.592706096,  1868.62
1587.09840391,  14934.1,  18382.0,  1025.63692532,  617.590565378,  1868.17
1587.11883862,  14943.1,  18391.8,  1025.63678956,  617.593057709,  1867.84
1587.13927323,  14945.8,  18395.3,  1025.63539084,  617.592248112,  1869.6
1587.15970774,  14946.3,  18395.0,  1025.63622533,  617.59192053,  1865.55
1587.18014245,  14944.0,  18393.3,  1025.63688074,  617.592078527,  1866.35
1587.20057706,  14949.6,  18398.2,  1025.63656346,  617.592045648,  1865.89
1587.22101167,  14941.0,  18390.7,  1025.63707821,  617.592528068,  1866.79
1587.24144628,  14952.3,  18402.6,  1025.63567465,  617.591330178,  1867.22
1587.26188079,  14952.7,  18402.8,  1025.6368046,  617.592449468,  1868.79
1587.28231551,  14949.1,  18398.7,  1025.63777088,  617.592339192,  1865.42
1587.30275012,  14952.2,  18401.3,  1025.63736977,  617.592387028,  1867.28
1587.32318463,  14940.6,  18388.7,  1025.63754203,  617.592025058,  1866.76
1587.34361934,  14946.4,  18397.2,  1025.63693926,  617.59203866,  1868.71
1587.36405395,  14939.6,  18391.3,  1025.63657963,  617.592387542,  1866.25
1587.38448866,  14927.2,  18379.8,  1025.6373854,  617.592034505,  1867.67
1587.40492317,  14943.4,  18393.9,  1025.63758725,  617.591976778,  1866.81
1587.42535779,  14945.9,  18396.0,  1025.63700993,  617.591638834,  1866.83
1587.4457925,  14924.6,  18376.0,  1025.63766706,  617.591025647,  1866.04
1587.46622701,  14941.2,  18393.4,  1025.63685503,  617.591726274,  1867.62
1587.50709633,  14927.6,  18378.8,  1025.63703954,  617.591438448,  1865.42
1587.52753085,  14926.5,  18378.5,  1025.63667968,  617.59230953,  1868.19
1587.54796556,  14912.9,  18364.9,  1025.63806972,  617.590870971,  1865.93
1587.56840017,  14916.4,  18368.8,  1025.63644342,  617.590766666,  1866.76
1587.58883478,  14916.2,  18368.8,  1025.63651618,  617.591882722,  1868.29
1587.6092694,  14913.1,  18364.5,  1025.6368022,  617.591493853,  1867.13
1587.62970401,  14900.0,  18354.7,  1025.63584809,  617.591256644,  1867.19
1587.65013862,  14898.7,  18351.3,  1025.63590265,  617.590439445,  1865.04
1587.67057323,  14879.5,  18335.2,  1025.63557914,  617.590863303,  1867.08
1587.69100785,  14869.4,  18325.8,  1025.63525125,  617.592037155,  1865.19
1587.71144256,  14869.2,  18324.5,  1025.63565651,  617.592243907,  1868.16
1587.73187707,  14853.8,  18311.8,  1025.63476067,  617.592540645,  1869.33
1587.75231169,  14845.9,  18303.5,  1025.63449164,  617.592041707,  1865.63
1587.7727464,  14830.5,  18290.1,  1025.63375771,  617.591672566,  1865.2
1587.79318101,  14847.6,  18306.2,  1025.63478684,  617.591902989,  1864.74
1587.81361553,  14817.6,  18278.4,  1025.63430446,  617.592139241,  1864.89
1587.83405024,  14811.7,  18272.8,  1025.6332431,  617.592137859,  1867.72
1587.85448475,  14806.0,  18266.9,  1025.63357194,  617.592906866,  1863.64
1587.87491947,  14799.3,  18261.2,  1025.63296508,  617.591298551,  1866.31
1587.89535408,  14798.2,  18259.9,  1025.63344744,  617.591091315,  1866.09
1587.91578859,  14795.3,  18256.7,  1025.63363038,  617.59080816,  1866.02
1587.93622331,  14792.7,  18252.0,  1025.63358813,  617.592593058,  1866.64
1587.95665792,  14808.8,  18265.7,  1025.63414724,  617.590813743,  1865.06
1587.97709243,  14802.6,  18261.8,  1025.63366109,  617.591964062,  1863.49
1587.99752715,  14818.2,  18272.3,  1025.63468077,  617.590814763,  1865.39
1588.01796176,  14809.2,  18267.9,  1025.63428057,  617.590809473,  1865.04
1588.03839628,  14819.4,  18273.5,  1025.63543091,  617.590103403,  1865.33
1588.05883099,  14821.0,  18274.5,  1025.63589988,  617.590656852,  1864.32
1588.07926561,  14845.4,  18295.4,  1025.63547988,  617.590632134,  1863.97
1588.09970032,  14845.5,  18294.7,  1025.63743078,  617.591491051,  1863.54
1588.12013483,  14854.9,  18302.3,  1025.63709019,  617.590658279,  1863.59
1588.14056945,  14848.0,  18297.1,  1025.63709137,  617.590121003,  1862.44
1588.16100416,  14855.2,  18299.9,  1025.63815604,  617.590322577,  1861.65
1588.18143868,  14861.9,  18306.4,  1025.63801663,  617.5903506,  1863.6
1588.20187329,  14865.6,  18308.3,  1025.63910075,  617.590032107,  1861.0
1588.22230801,  14861.7,  18306.0,  1025.63806227,  617.590328422,  1862.79
1588.24274252,  14874.3,  18314.5,  1025.63891722,  617.589465037,  1862.92
1588.26317724,  14865.0,  18307.0,  1025.63910456,  617.589170568,  1861.21
1588.28361185,  14865.8,  18308.1,  1025.63914879,  617.589770103,  1861.5
1588.30404647,  14884.0,  18323.1,  1025.63949128,  617.589270311,  1861.11
1588.32448108,  14880.0,  18318.6,  1025.63876909,  617.589203144,  1861.84
1588.3449157,  14863.4,  18304.5,  1025.63978295,  617.589282728,  1860.84
1588.36535031,  14879.0,  18317.2,  1025.6394737,  617.589196585,  1860.79
1588.38578493,  14878.2,  18315.6,  1025.63975434,  617.588931124,  1859.19
1588.40621954,  14878.4,  18316.8,  1025.63966639,  617.590116792,  1860.59
1588.42665416,  14872.7,  18310.3,  1025.64033413,  617.588619822,  1860.15
1588.44708887,  14888.8,  18323.5,  1025.6399201,  617.588867215,  1859.4
1588.46752339,  14888.5,  18324.3,  1025.6407761,  617.588570868,  1855.68
1588.4879581,  14868.0,  18304.9,  1025.64027268,  617.58794257,  1858.14
1588.50839262,  14889.3,  18323.4,  1025.64035036,  617.588912445,  1858.56
1588.52882724,  14875.7,  18312.5,  1025.6395618,  617.588930042,  1858.36
1588.54926195,  14866.0,  18303.0,  1025.64063144,  617.587736369,  1857.49
1588.56969647,  14886.6,  18321.4,  1025.64091392,  617.588759656,  1858.2
1588.59013108,  14870.2,  18306.6,  1025.64016746,  617.588260409,  1857.4
1588.6105658,  14875.3,  18309.1,  1025.64014285,  617.588370695,  1857.93
1588.63100032,  14876.0,  18311.0,  1025.64072201,  617.588785971,  1858.17
1588.65143503,  14865.7,  18301.8,  1025.64032684,  617.588900213,  1857.73
1588.67186965,  14855.4,  18292.4,  1025.64007442,  617.589142187,  1858.75
1588.69230417,  14865.0,  18301.1,  1025.6404641,  617.588595623,  1857.79
1588.71273888,  14857.2,  18293.3,  1025.6405134,  617.58862356,  1855.34
1588.7331735,  14850.2,  18288.0,  1025.63934001,  617.58906027,  1855.95
1588.75360801,  14841.0,  18279.8,  1025.63843694,  617.589242883,  1855.64
1588.77404273,  14709.7,  18166.8,  1025.63825681,  617.588387737,  1857.75
1588.79447735,  14647.8,  18114.5,  1025.63814841,  617.588338581,  1856.57
1588.81491196,  14610.7,  18083.1,  1025.63762979,  617.589031787,  1856.32
1588.83534658,  14622.4,  18090.7,  1025.6372328,  617.588128398,  1855.09
1588.8557812,  14707.0,  18165.1,  1025.63709136,  617.588929543,  1855.6
1588.87621592,  14783.3,  18228.2,  1025.63749706,  617.58852178,  1854.45
1588.89665043,  14764.5,  18212.4,  1025.63619432,  617.58808177,  1856.06
1588.91708505,  14767.8,  18215.9,  1025.63504647,  617.588711958,  1855.96
1588.93751977,  14758.2,  18205.9,  1025.63549299,  617.589305781,  1853.28
1588.95795438,  14755.0,  18204.6,  1025.6347454,  617.589125896,  1853.72
1588.9783889,  14755.3,  18204.8,  1025.63484704,  617.588855191,  1855.32
1588.99882362,  14743.8,  18193.3,  1025.63478903,  617.58941948,  1853.4
1589.01925824,  14769.6,  18217.0,  1025.6348874,  617.589791231,  1853.78
1589.03969275,  14740.1,  18190.6,  1025.6357632,  617.589109665,  1855.39
1589.06012747,  14743.6,  18193.7,  1025.63501869,  617.589339432,  1853.74
1589.08056209,  14757.4,  18206.4,  1025.63567211,  617.589687607,  1853.55
1589.10099681,  14765.7,  18209.7,  1025.63647179,  617.58905272,  1853.26
1589.12143132,  14760.9,  18207.0,  1025.63643587,  617.588806105,  1853.78
1589.14186594,  14770.1,  18215.5,  1025.63673497,  617.588805991,  1850.75
1589.16230056,  14771.2,  18215.9,  1025.63682309,  617.588542032,  1851.62
1589.18273518,  14780.5,  18225.0,  1025.63742244,  617.588385198,  1854.17
1589.2031697,  14781.3,  18224.3,  1025.63769883,  617.589245421,  1851.73
1589.22360441,  14780.9,  18224.0,  1025.63809374,  617.588224065,  1852.73
1589.24403903,  14801.5,  18240.8,  1025.63799599,  617.589770816,  1850.59
1589.26447375,  14802.0,  18241.6,  1025.63865801,  617.588650545,  1849.28
1589.28490827,  14814.2,  18252.3,  1025.63888617,  617.587443457,  1851.45
1589.30534289,  14814.5,  18251.9,  1025.63937681,  617.588500086,  1850.97
1589.3257776,  14815.9,  18252.2,  1025.63922314,  617.588483676,  1851.58
1589.34621212,  14824.0,  18260.7,  1025.63962925,  617.587320428,  1850.95
1589.36664674,  14824.8,  18261.2,  1025.63956711,  617.58753936,  1850.61
1589.38708146,  14831.3,  18264.5,  1025.63942412,  617.586716104,  1851.02
1589.40751598,  14825.4,  18261.3,  1025.63948756,  617.588485295,  1851.45
1589.4279506,  14826.8,  18261.1,  1025.63985948,  617.587174006,  1848.37
1589.44838532,  14829.0,  18263.5,  1025.64023996,  617.588105055,  1849.69
1589.46881994,  14833.9,  18267.7,  1025.64053937,  617.586427029,  1850.01
1589.48925455,  14843.7,  18276.8,  1025.6396371,  617.587276747,  1847.85
1589.50968917,  14836.1,  18269.6,  1025.63858687,  617.592666124,  1849.21
1589.53012379,  14834.6,  18268.8,  1025.64030972,  617.58709734,  1851.53
1589.55055841,  14835.5,  18268.9,  1025.63939879,  617.586988725,  1850.73
1589.57099303,  14832.5,  18265.6,  1025.64130046,  617.58696162,  1850.58
1589.59142765,  14840.2,  18273.9,  1025.63999446,  617.587464879,  1849.88
1589.61186237,  14837.2,  18269.3,  1025.64150483,  617.58764977,  1849.52
1589.63229689,  14846.2,  18278.4,  1025.64101935,  617.587826981,  1848.52
1589.65273151,  14833.4,  18266.5,  1025.64076365,  617.587332858,  1850.62
1589.67316623,  14832.1,  18263.9,  1025.64060379,  617.587494319,  1850.88
1589.69360075,  14840.8,  18274.1,  1025.64057758,  617.586645126,  1850.59
1589.71403547,  14844.8,  18275.7,  1025.64004182,  617.588629732,  1847.77
1589.73447009,  14844.0,  18275.1,  1025.64062021,  617.586474089,  1848.47
1589.75490461,  14838.8,  18270.0,  1025.64093783,  617.587974853,  1848.06
1589.77533933,  14834.8,  18268.1,  1025.63954894,  617.587334584,  1848.68
1589.79577395,  14830.7,  18264.6,  1025.64074656,  617.585826633,  1848.5
1589.81620847,  14825.8,  18258.9,  1025.64003274,  617.588193425,  1850.22
1589.85707771,  14824.9,  18258.4,  1025.63980186,  617.587201145,  1848.8
1589.87751243,  14811.4,  18246.7,  1025.63901148,  617.589243354,  1847.92
1589.89794705,  14800.8,  18237.7,  1025.63858162,  617.587614659,  1848.08
1589.91838157,  14797.1,  18234.6,  1025.63946278,  617.587911434,  1846.68
1589.93881629,  14778.4,  18218.7,  1025.63794918,  617.586129476,  1849.65
1589.95925091,  14774.7,  18215.1,  1025.63768934,  617.588547458,  1849.23
1589.97968543,  14764.2,  18205.7,  1025.63720364,  617.588523294,  1845.5
1590.00012015,  14741.7,  18186.6,  1025.63747583,  617.58678817,  1848.3
1590.02055477,  14736.5,  18183.7,  1025.63588388,  617.588369818,  1847.13
1590.04098939,  14732.8,  18178.3,  1025.63400804,  617.590330858,  1844.91
1590.06142401,  14722.6,  18171.0,  1025.6346011,  617.591586919,  1848.23
1590.08185863,  14710.1,  18160.7,  1025.63518337,  617.589669666,  1847.0
1590.10229335,  14709.5,  18159.8,  1025.63487895,  617.588910597,  1845.99
1590.12272787,  14707.4,  18158.0,  1025.63486352,  617.58723939,  1847.58
1590.14316249,  14697.7,  18149.0,  1025.63520911,  617.588418136,  1847.6
1590.16359721,  14706.7,  18156.6,  1025.63493871,  617.588469009,  1848.1
1590.18403184,  14719.8,  18170.1,  1025.63471889,  617.588684365,  1846.0
1590.20446636,  14716.3,  18163.9,  1025.63575904,  617.588343662,  1847.36
1590.22490108,  14723.6,  18171.3,  1025.6349062,  617.587789522,  1846.13
1590.2453357,  14726.0,  18173.5,  1025.63604505,  617.587999508,  1847.66
1590.26577022,  14734.8,  18180.1,  1025.63615807,  617.588193398,  1847.42
1590.28620494,  14734.1,  18180.2,  1025.63618072,  617.588290345,  1845.99
1590.30663956,  14744.9,  18189.4,  1025.63719976,  617.58816098,  1844.56
1590.32707428,  14751.3,  18194.2,  1025.63689145,  617.588819015,  1844.37
1590.34750881,  14756.1,  18199.7,  1025.6372465,  617.587541367,  1845.82
1590.36794343,  14753.1,  18195.9,  1025.63727409,  617.587901292,  1844.09
1590.38837815,  14768.7,  18210.7,  1025.63800508,  617.587463716,  1845.67
1590.40881267,  14775.2,  18215.4,  1025.63794578,  617.587254322,  1847.39
1590.42924729,  14772.6,  18211.2,  1025.63810625,  617.587101526,  1843.82
1590.44968191,  14778.6,  18217.4,  1025.63922718,  617.586941498,  1845.95
1590.47011654,  14805.3,  18240.8,  1025.63961648,  617.588290113,  1844.59
1590.49055126,  14788.1,  18225.7,  1025.6395757,  617.587642533,  1846.15
1590.51098578,  14797.9,  18235.1,  1025.6393671,  617.58771335,  1844.63
1590.5314204,  14807.1,  18242.1,  1025.63961722,  617.586485969,  1843.21
1590.55185512,  14807.6,  18241.7,  1025.63907201,  617.587611658,  1841.66
1590.57228965,  14815.7,  18251.3,  1025.63922981,  617.587207447,  1842.9
1590.59272427,  14806.4,  18240.5,  1025.64058755,  617.587398928,  1845.81
1590.61315899,  14827.5,  18259.8,  1025.63930043,  617.587253833,  1845.24
1590.63359351,  14820.1,  18254.6,  1025.64048883,  617.586971624,  1843.78
1590.65402814,  14805.7,  18239.6,  1025.64065927,  617.586452888,  1844.22
1590.67446286,  14811.2,  18244.5,  1025.64048207,  617.586092439,  1844.41
1590.69489748,  14809.8,  18246.0,  1025.6399538,  617.586365213,  1844.3
1590.7153321,  14814.6,  18248.1,  1025.63993415,  617.587302772,  1844.23
1590.73576673,  14809.9,  18243.7,  1025.64054545,  617.585782153,  1844.68
1590.75620135,  14818.4,  18250.9,  1025.63986556,  617.58692167,  1842.54
1590.77663597,  14819.9,  18253.3,  1025.63993937,  617.586000626,  1841.95
1590.79707059,  14817.7,  18251.8,  1025.63942006,  617.586353552,  1844.23
1590.81750522,  14808.2,  18241.5,  1025.64051935,  617.58593444,  1843.8
1590.83793994,  14804.6,  18239.4,  1025.64039437,  617.586361487,  1845.18
1590.85837446,  14816.1,  18249.7,  1025.64014976,  617.586037023,  1844.91
1590.87880908,  14803.5,  18237.9,  1025.64163983,  617.586809667,  1843.31
1590.89924381,  14808.2,  18243.3,  1025.6401833,  617.587003492,  1844.33
1590.91967833,  14809.1,  18242.2,  1025.6405342,  617.586863171,  1842.15
1590.94011305,  14810.1,  18242.8,  1025.63995388,  617.586639671,  1841.9
1590.96054768,  14808.0,  18242.6,  1025.63990233,  617.587115104,  1842.56
1590.9809822,  14788.6,  18232.6,  1025.63830503,  617.585281775,  1843.08
1591.00141692,  14783.9,  18221.5,  1025.63879315,  617.586593401,  1842.94
