Kepler I.D.-----Channel

[12104285]--------[3]

-TTYPE1--------TTYPE8------------TTYPE4-----------TTYPE15------------TTYPE17-----------TTYPE6

['TIME']---['PDCSAP_FLUX']---['SAP_FLUX']---['MOM_CENTR1']---['MOM_CENTR2']---['SAP_BKG']

['BJD - 2454833']--['e-/s']--------['e-/s']---------['pixel']---------['pixel']----------['e-/s']

CROWDSAP --- 0.9273

12104285

1559.24689039,  6011.26,  4443.51,  99.9768837367,  542.147669457,  1281.68
1559.26732445,  6325.78,  4661.12,  99.9789169222,  542.146341803,  1281.18
1559.28775861,  6064.6,  4480.62,  99.9793930647,  542.147884242,  1281.69
1559.30819257,  5457.9,  4059.64,  99.9757364315,  542.148146391,  1282.3
1559.32862664,  4842.32,  3631.39,  99.9722626057,  542.151116167,  1282.22
1559.3490608,  5289.34,  3943.52,  99.9731943119,  542.149390316,  1280.7
1559.36949476,  5910.34,  4374.43,  99.9776149231,  542.147701436,  1281.34
1559.38992892,  6262.13,  4618.51,  99.9792324081,  542.147127304,  1282.41
1559.41036298,  6088.84,  4499.37,  99.978383351,  542.147670588,  1280.77
1559.43079704,  5502.04,  4091.19,  99.9763191665,  542.148835125,  1282.94
1559.4512311,  4929.35,  3694.12,  99.9711459901,  542.148902966,  1281.3
1559.47166516,  5156.19,  3852.14,  99.9739506276,  542.151115169,  1280.04
1559.49209922,  5837.82,  4324.67,  99.977609219,  542.148417111,  1280.32
1559.51253328,  6279.72,  4632.98,  99.9786967498,  542.149195902,  1279.59
1559.53296735,  6197.21,  4575.91,  99.9773852825,  542.1510589,  1280.05
1559.55340141,  5669.45,  4208.48,  99.977211839,  542.148408954,  1280.2
1559.57383547,  4953.14,  3712.38,  99.9724862261,  542.150678451,  1280.52
1559.59426953,  5054.57,  3782.61,  99.9749447733,  542.149864968,  1282.15
1559.61470359,  5733.17,  4253.57,  99.9772470044,  542.150839432,  1279.35
1559.63513766,  6187.09,  4570.33,  99.9788282448,  542.148343365,  1280.78
1559.65557172,  6204.86,  4581.94,  99.9781331414,  542.148341268,  1280.73
1559.67600588,  5706.2,  4235.66,  99.9784871901,  542.15099567,  1281.26
1559.69643984,  5053.8,  3783.71,  99.9730130444,  542.153009937,  1279.46
1559.71687391,  4985.23,  3735.1,  99.9748305446,  542.152745514,  1278.65
1559.73730807,  5645.29,  4194.31,  99.9753377564,  542.148851541,  1278.51
1559.75774203,  6203.71,  4582.53,  99.9827229649,  542.149366937,  1278.89
1559.7781762,  6291.4,  4642.88,  99.9793121352,  542.148583676,  1279.86
1559.79861026,  5869.64,  4351.24,  99.9754282847,  542.150809124,  1280.02
1559.81904423,  5141.59,  3845.55,  99.9741571924,  542.153860825,  1278.9
1559.83947839,  4896.55,  3674.82,  99.9748476083,  542.153006256,  1278.22
1559.85991245,  5560.2,  4136.99,  99.9719382524,  542.14892121,  1279.01
1559.88034642,  6072.05,  4491.73,  99.9778759349,  542.150472508,  1279.72
1559.90078058,  6251.86,  4617.02,  99.9801604446,  542.150194592,  1279.39
1559.92121465,  5883.01,  4361.65,  99.9771867304,  542.150800596,  1277.71
1559.94164881,  5245.6,  3917.95,  99.9728199754,  542.151796594,  1278.7
1559.96208278,  4898.18,  3677.84,  99.9734786976,  542.154241177,  1279.15
1559.98251684,  5439.34,  4053.87,  99.9769806118,  542.150164075,  1277.96
1560.00295101,  6074.42,  4493.74,  99.9792297595,  542.150130256,  1277.67
1560.02338497,  6332.52,  4674.18,  99.9775399851,  542.149060723,  1278.46
1560.04381904,  6025.71,  4460.91,  99.9796260269,  542.150394505,  1278.37
1560.0642532,  5385.87,  4016.26,  99.9757619595,  542.150853201,  1278.06
1560.08468717,  4839.45,  3637.78,  99.975080866,  542.153030952,  1277.27
1560.10512133,  5330.89,  3978.57,  99.9727783548,  542.150356085,  1278.98
1560.1255554,  5934.97,  4398.04,  99.9762627262,  542.149891716,  1277.56
1560.14598937,  6245.53,  4614.79,  99.9789698896,  542.1505182,  1279.1
1560.16642353,  6037.75,  4469.47,  99.9788763062,  542.15052825,  1278.1
1560.1868576,  5445.06,  4058.7,  99.9755666732,  542.151711074,  1278.01
1560.20729156,  4901.79,  3681.46,  99.9746780543,  542.152928872,  1277.78
1560.22772573,  5218.84,  3900.68,  99.9749100926,  542.151477798,  1277.95
1560.2481598,  5898.86,  4374.37,  99.9778314221,  542.152882237,  1278.68
1560.26859376,  6297.75,  4651.28,  99.9795058238,  542.14969598,  1277.86
1560.28902793,  6173.48,  4564.42,  99.9792540081,  542.149252923,  1277.67
1560.309462,  5612.1,  4175.2,  99.9746897964,  542.152257023,  1277.41
1560.32989607,  4912.37,  3688.52,  99.9723141212,  542.154436726,  1275.78
1560.35033013,  5108.76,  3825.51,  99.9717775748,  542.151615811,  1277.33
1560.3707642,  5778.53,  4290.72,  99.9766100028,  542.152787371,  1276.17
1560.39119837,  6225.36,  4600.14,  99.9806728515,  542.148896361,  1277.09
1560.41163234,  6166.51,  4560.52,  99.9768697347,  542.151984855,  1278.34
1560.43206641,  5646.9,  4199.2,  99.9749408143,  542.15268049,  1277.45
1560.45250057,  5010.85,  3756.94,  99.9728154921,  542.153221837,  1275.91
1560.47293454,  5030.64,  3771.8,  99.9716557293,  542.153395934,  1275.39
1560.49336871,  5696.54,  4233.62,  99.9741456219,  542.151069859,  1276.6
1560.51380278,  6229.94,  4603.64,  99.9824920496,  542.150915728,  1276.05
1560.53423675,  6261.69,  4627.06,  99.977387938,  542.150518918,  1274.87
1560.55467092,  5810.55,  4312.66,  99.9760737375,  542.152014299,  1275.09
1560.57510499,  5090.18,  3812.84,  99.9721362635,  542.153112427,  1276.97
1560.59553896,  4924.83,  3698.21,  99.9728398509,  542.153079775,  1275.28
1560.61597313,  5593.01,  4161.03,  99.9757133081,  542.15349592,  1274.84
1560.63640719,  6102.91,  4516.48,  99.9781978853,  542.150573888,  1276.11
1560.65684126,  6227.6,  4602.76,  99.9788307952,  542.150981336,  1275.4
1560.67727533,  5832.75,  4327.65,  99.9744674182,  542.152267603,  1276.02
1560.6977094,  5179.27,  3875.45,  99.9737044584,  542.155323804,  1275.44
1560.73857754,  5486.14,  4087.65,  99.9756663794,  542.151967785,  1275.71
1560.75901161,  6103.19,  4516.88,  99.9772630618,  542.151202197,  1275.81
1560.77944579,  6316.5,  4664.61,  99.9801938635,  542.150195024,  1275.72
1560.79987976,  5981.13,  4432.25,  99.9786336167,  542.15138185,  1275.67
1560.82031383,  5324.72,  3976.67,  99.9730729238,  542.155538709,  1276.65
1560.840748,  4849.29,  3646.9,  99.9700944118,  542.155252499,  1287.34
1560.96335243,  4903.12,  3685.58,  99.960413777,  542.146901524,  1308.64
1560.9837864,  5287.09,  3952.52,  99.9660055596,  542.151510485,  1308.93
1561.00422057,  5960.87,  4419.47,  99.980634925,  542.152376941,  1303.94
1561.02465464,  6309.3,  4661.99,  99.9829222808,  542.163843976,  1299.98
1561.04508882,  6147.25,  4549.14,  99.9816984481,  542.168057143,  1300.96
1561.06552279,  5565.96,  4144.8,  99.9791706053,  542.159620091,  1299.44
1561.08595686,  4870.14,  3661.6,  99.9788547136,  542.15617438,  1299.94
1561.10639103,  5177.2,  3875.39,  99.9730975391,  542.155424136,  1296.21
1561.12682501,  5833.91,  4330.46,  99.9822447038,  542.154072273,  1293.98
1561.14725908,  6223.15,  4601.83,  99.9803393261,  542.148345341,  1294.66
1561.16769325,  6120.86,  4529.62,  99.9888077098,  542.154973649,  1291.9
1561.18812723,  5572.77,  4149.5,  99.9785976736,  542.156506773,  1290.2
1561.2085613,  4974.44,  3734.43,  99.9644654769,  542.151070415,  1291.33
1561.22899547,  5051.11,  3786.18,  99.9681701678,  542.152824086,  1290.5
1561.24942945,  5755.08,  4275.94,  99.9778162687,  542.153480921,  1289.33
1561.26986362,  6248.7,  4618.81,  99.9807625255,  542.152402531,  1287.46
1561.29029769,  6237.56,  4609.83,  99.9765396839,  542.153267523,  1285.4
1561.31073177,  5744.84,  4269.0,  99.9752643319,  542.152663568,  1284.34
1561.33116584,  5032.16,  3773.58,  99.9730892406,  542.156175073,  1285.33
1561.35159992,  4967.92,  3728.25,  99.9752579215,  542.157293981,  1283.32
1561.37203399,  5637.92,  4195.0,  99.9766980774,  542.153819735,  1284.11
1561.39246807,  6119.0,  4528.04,  99.9775790992,  542.154809826,  1281.62
1561.41290214,  6198.14,  4582.69,  99.9799801563,  542.152179748,  1283.36
1561.43333632,  5787.51,  4298.35,  99.9773461886,  542.152279609,  1282.79
1561.45377029,  5122.87,  3836.25,  99.9716802865,  542.155558857,  1280.75
1561.47420437,  4920.24,  3695.97,  99.9727110151,  542.154789068,  1280.81
1561.49463844,  5541.79,  4128.15,  99.9791642362,  542.152246395,  1281.04
1561.51507252,  6134.06,  4538.52,  99.9800270037,  542.150871731,  1281.46
1561.53550659,  6302.2,  4655.86,  99.9808456317,  542.150462872,  1281.1
1561.55594077,  5946.48,  4409.09,  99.9772699285,  542.150845673,  1280.26
1561.57637475,  5268.31,  3937.55,  99.97513156,  542.155352936,  1279.17
1561.59680882,  4864.95,  3658.3,  99.9733991761,  542.151265883,  1276.96
1561.617243,  5442.0,  4058.88,  99.9795296145,  542.152302564,  1277.95
1561.63767698,  6017.1,  4458.24,  99.9722895674,  542.153041752,  1276.72
1561.65811115,  6252.67,  4623.04,  99.9823189274,  542.151651946,  1276.82
1561.67854523,  5942.34,  4406.17,  99.9769953961,  542.152824341,  1277.33
1561.69897921,  5320.66,  3975.31,  99.9740539701,  542.15245655,  1276.24
1561.71941338,  4868.23,  3661.27,  99.9705656843,  542.156603221,  1275.87
1561.73984746,  5317.85,  3972.98,  99.9755211825,  542.155205,  1277.33
1561.76028144,  5976.91,  4431.25,  99.9756748432,  542.154545545,  1275.63
1561.78071561,  6330.16,  4676.25,  99.9818582561,  542.154121393,  1274.48
1561.80114969,  6091.65,  4510.58,  99.9799547303,  542.15458219,  1275.52
1561.82158387,  5493.97,  4096.57,  99.9737955452,  542.156154878,  1274.76
1561.84201785,  4863.86,  3658.22,  99.9724655332,  542.157624171,  1275.37
1561.86245193,  5226.23,  3910.41,  99.9736462342,  542.155007808,  1274.47
1561.8828861,  5872.34,  4359.7,  99.9756963916,  542.153008065,  1274.57
1561.90332008,  6237.4,  4612.23,  99.9815067698,  542.153437975,  1273.59
1561.92375416,  6074.22,  4499.73,  99.9804121237,  542.153435351,  1274.62
1561.94418834,  5526.05,  4119.2,  99.977212369,  542.155272063,  1273.89
1561.96462232,  4923.19,  3699.66,  99.9709984765,  542.155313732,  1274.57
1561.9850564,  5121.27,  3838.38,  99.9710559047,  542.156136882,  1273.49
1562.00549058,  5797.01,  4307.16,  99.978733385,  542.153917594,  1274.06
1562.02592465,  6270.37,  4635.3,  99.9795397992,  542.15077504,  1272.76
1562.04635873,  6212.45,  4596.29,  99.9798772213,  542.153913253,  1273.0
1562.06679281,  5713.49,  4248.76,  99.9736340826,  542.158505788,  1273.92
1562.08722679,  4992.76,  3748.76,  99.9749477651,  542.157494483,  1272.91
1562.10766097,  5016.3,  3765.84,  99.9739307422,  542.15766134,  1272.52
1562.12809505,  5695.57,  4236.58,  99.9769698755,  542.157852679,  1273.5
1562.14852903,  6173.21,  4568.86,  99.98068571,  542.154448792,  1272.56
1562.16896321,  6189.09,  4580.04,  99.9818603025,  542.153919534,  1273.57
1562.18939729,  5716.62,  4251.15,  99.9763321698,  542.155033119,  1273.1
1562.20983147,  5076.88,  3807.76,  99.9716025153,  542.156183592,  1272.31
1562.23026545,  4954.67,  3722.96,  99.9706929058,  542.159359405,  1271.34
1562.25069953,  5597.44,  4168.73,  99.9756345068,  542.155188496,  1270.71
1562.27113371,  6177.79,  4572.52,  99.9759872911,  542.155375843,  1272.23
1562.2915677,  6304.17,  4659.72,  99.9798490882,  542.154393409,  1270.69
1562.31200178,  5895.47,  4375.81,  99.978506747,  542.158669602,  1271.47
1562.33243596,  5203.38,  3896.11,  99.9736539241,  542.156093503,  1270.82
1562.35286994,  4876.52,  3668.31,  99.9761387312,  542.158991484,  1270.28
1562.37330412,  5511.15,  4109.21,  99.9747098319,  542.155790011,  1270.22
1562.3937382,  6054.61,  4487.16,  99.9772842218,  542.153360074,  1270.94
1562.41417218,  6240.83,  4615.72,  99.9797668882,  542.153871609,  1271.34
1562.43460637,  5898.88,  4379.08,  99.9762552692,  542.153933326,  1271.15
1562.45504045,  5260.07,  3935.46,  99.9753784666,  542.155837158,  1269.96
1562.47547443,  4868.87,  3663.11,  99.9692689974,  542.157963632,  1271.47
1562.49590861,  5379.12,  4018.9,  99.972771952,  542.156730025,  1269.88
1562.51634269,  6032.29,  4471.38,  99.9797479797,  542.1540964,  1268.73
1562.53677678,  6323.68,  4673.94,  99.9781679456,  542.155239052,  1271.22
1562.55721086,  6054.54,  4487.47,  99.9802543947,  542.156045288,  1269.31
1562.57764494,  5433.9,  4055.78,  99.9736219091,  542.157175332,  1271.9
1562.59807913,  4864.04,  3660.81,  99.9721302202,  542.157924749,  1268.1
1562.61851311,  5303.7,  3965.78,  99.9747474126,  542.157226734,  1268.35
1562.63894719,  5896.97,  4377.29,  99.976843874,  542.155813398,  1269.84
1562.65938138,  6229.44,  4609.1,  99.9798522336,  542.154404809,  1267.57
1562.67981546,  6080.37,  4505.28,  100.007612443,  542.149089116,  1269.19
1562.70024944,  5472.38,  4082.39,  99.9732154395,  542.156950085,  1268.1
1562.72068363,  4904.35,  3689.01,  99.9754174717,  542.15663468,  1268.9
1562.74111761,  5159.01,  3865.2,  99.9742425064,  542.157235605,  1269.05
1562.76155179,  5853.05,  4347.37,  99.9768017321,  542.155245903,  1269.17
1562.78198588,  6285.29,  4648.13,  99.9787006881,  542.154162048,  1270.0
1562.80241986,  6205.16,  4591.51,  99.9803475661,  542.154133376,  1268.14
1562.82285405,  5670.06,  4221.13,  99.9772625662,  542.157248141,  1269.26
1562.84328813,  4950.58,  3721.37,  99.9711945252,  542.157466504,  1269.59
1562.86372212,  5075.67,  3807.0,  99.9747421574,  542.161366859,  1270.03
1562.8841563,  5741.0,  4270.77,  99.9749906642,  542.155908795,  1269.29
1562.90459039,  6180.37,  4574.91,  99.979897832,  542.153680783,  1269.62
1562.92502437,  6158.37,  4559.43,  99.9785987225,  542.155633197,  1269.07
1562.94545856,  5660.63,  4214.87,  99.9752623235,  542.156900691,  1269.32
1562.96589264,  5019.63,  3768.69,  99.9739062974,  542.158252876,  1269.1
1562.98632683,  4988.17,  3747.64,  99.9729718076,  542.159248299,  1269.66
1563.00676081,  5665.91,  4218.67,  99.9774697741,  542.156680403,  1269.37
1563.0271949,  6204.62,  4591.64,  99.9818148606,  542.154900167,  1270.59
1563.04762909,  6291.77,  4653.04,  99.9789040085,  542.156129687,  1270.08
1563.06806307,  5854.59,  4349.25,  99.9779684209,  542.156504144,  1269.68
1563.08849716,  5146.24,  3856.27,  99.9738649403,  542.156585469,  1269.73
1563.10893134,  4895.9,  3683.71,  99.9740126232,  542.159353497,  1269.32
1563.12936533,  5549.39,  4137.12,  99.9747065438,  542.158043643,  1269.84
1563.14979952,  6065.21,  4495.49,  99.9776503246,  542.155246898,  1269.39
1563.1702336,  6213.42,  4598.93,  99.9791886471,  542.15589235,  1269.56
1563.19066769,  5841.19,  4339.6,  99.9759997518,  542.156301463,  1270.2
1563.21110178,  5195.54,  3891.62,  99.9725380018,  542.159292585,  1270.1
1563.23153587,  4890.42,  3679.96,  99.9713359581,  542.15849392,  1270.97
1563.25196995,  5442.2,  4062.36,  99.9753762909,  542.159287193,  1270.44
1563.27240404,  6067.41,  4497.87,  99.9792924711,  542.154722036,  1269.86
1563.29283813,  6327.2,  4678.11,  99.9809794673,  542.155800394,  1270.02
1563.31327222,  6024.23,  4466.6,  99.977801436,  542.154500719,  1269.02
1563.3337064,  5376.96,  4018.6,  99.9719013062,  542.159034087,  1269.45
1563.35414039,  4847.72,  3650.27,  99.9732402339,  542.158980765,  1271.2
1563.37457448,  5344.21,  3995.1,  99.9736128651,  542.158294945,  1274.41
1563.39500857,  5945.78,  4413.19,  99.9764277666,  542.156150064,  1276.47
1563.41544266,  6223.83,  4605.54,  99.9781289383,  542.156571954,  1276.4
1563.43587684,  6010.21,  4457.7,  99.9771805159,  542.158324555,  1278.54
1563.45631083,  5417.03,  4046.27,  99.9750575528,  542.157663843,  1276.42
1563.47674492,  4888.54,  3678.28,  99.9716578827,  542.158918968,  1276.86
1563.49717911,  5226.43,  3913.73,  99.9735921404,  542.159295872,  1275.67
1563.5176131,  5909.54,  4388.1,  99.9746074097,  542.15626974,  1275.22
1563.53804729,  6317.3,  4670.61,  99.9802105638,  542.15383858,  1275.52
1563.55848138,  6166.59,  4566.99,  99.9789214397,  542.158251979,  1273.92
1563.57891537,  5611.94,  4181.04,  99.9737557575,  542.159522053,  1272.58
1563.59934956,  4898.54,  3685.59,  99.974328224,  542.159895561,  1273.0
1563.61978365,  5125.52,  3843.99,  99.9726189596,  542.160536673,  1273.6
1563.64021764,  5780.73,  4298.2,  99.9758335091,  542.156698422,  1274.25
1563.66065183,  6195.4,  4586.7,  99.9797695635,  542.156180232,  1272.97
1563.68108592,  6127.06,  4539.11,  99.9787033789,  542.156571317,  1272.83
1563.7219541,  4973.93,  3739.21,  99.9733879592,  542.160855414,  1270.95
1563.74238819,  5028.86,  3776.99,  99.9707699521,  542.160697867,  1271.08
1563.76282238,  5711.26,  4250.06,  99.9773697162,  542.158571155,  1271.11
1563.78325637,  6252.16,  4626.95,  99.9797392331,  542.154877267,  1270.65
1563.80369046,  6261.34,  4632.63,  99.9804483678,  542.156266093,  1271.45
1563.82412465,  5811.91,  4320.71,  99.9771209036,  542.157448167,  1271.14
1563.84455874,  5077.42,  3811.4,  99.9746775759,  542.158488729,  1271.88
1563.86499273,  4938.22,  3713.74,  99.9746369465,  542.158892815,  1271.96
1563.88542693,  5602.0,  4175.05,  99.9746782496,  542.158354836,  1271.7
1563.90586102,  6101.29,  4521.92,  99.9781180552,  542.156780306,  1273.71
1563.92629511,  6204.86,  4593.35,  99.9768907112,  542.156294962,  1273.26
1563.9467292,  5796.12,  4310.18,  99.9749649869,  542.158787685,  1273.93
1563.96716329,  5148.02,  3859.76,  99.9719590634,  542.159862836,  1275.05
1563.98759739,  4905.62,  3690.91,  99.9737543452,  542.158795143,  1275.55
1564.00803148,  5510.42,  4112.36,  99.974178592,  542.158130099,  1274.66
1564.02846557,  6114.7,  4530.96,  99.9803188032,  542.157592716,  1274.28
1564.04889966,  6321.62,  4674.74,  99.9781074074,  542.156170534,  1274.05
1564.06933376,  5964.98,  4427.84,  99.9767640904,  542.157878,  1274.17
1564.08976795,  5300.28,  3965.32,  99.9729137146,  542.159428786,  1273.69
1564.11020194,  4841.48,  3647.09,  99.9739158812,  542.161478389,  1275.11
1564.13063603,  5411.7,  4043.49,  99.9741035286,  542.159006293,  1275.25
1564.15107023,  5979.67,  4436.67,  99.9774655239,  542.158101208,  1275.8
1564.17150422,  6236.8,  4616.44,  99.9782236428,  542.156022549,  1273.41
1564.19193831,  5963.98,  4426.53,  99.9787129911,  542.157946851,  1274.17
1564.21237251,  5361.64,  4007.56,  99.975485698,  542.157990813,  1274.35
1564.2328065,  4864.61,  3663.97,  99.972034491,  542.161326009,  1274.86
1564.25324059,  5280.46,  3951.63,  99.9752873604,  542.159025961,  1272.2
1564.27367479,  5951.92,  4418.24,  99.9787861673,  542.157899955,  1272.28
1564.29410878,  6324.78,  4677.57,  99.9835814524,  542.157279832,  1272.7
1564.31454298,  6125.9,  4538.66,  99.9782703447,  542.158792049,  1273.25
1564.33497707,  5551.79,  4140.81,  99.9739655977,  542.15865336,  1274.64
1564.35541107,  4863.62,  3663.21,  99.9697927026,  542.160407621,  1271.93
1564.37584526,  5182.66,  3884.12,  99.973820883,  542.160478896,  1271.7
1564.39627936,  5813.66,  4322.85,  99.977582127,  542.159176784,  1272.48
1564.41671345,  6206.27,  4595.19,  99.9797978235,  542.156941466,  1271.82
1564.43714755,  6096.14,  4518.64,  99.9798045884,  542.156840435,  1271.61
1564.45758164,  5556.15,  4144.53,  99.9752315197,  542.158895175,  1271.36
1564.47801584,  4946.24,  3719.96,  99.9719864536,  542.161840171,  1270.96
1564.49844993,  5077.19,  3811.25,  99.974076382,  542.162461432,  1269.89
1564.51888393,  5761.35,  4287.31,  99.9796303177,  542.158544958,  1271.74
1564.53931812,  6267.41,  4637.5,  99.9813861798,  542.157827272,  1268.26
1564.55975222,  6246.6,  4624.23,  99.9780342297,  542.157569449,  1269.34
1564.58018621,  5750.38,  4279.5,  99.9762980025,  542.159272842,  1268.81
1564.60062041,  5008.92,  3763.94,  99.9742238938,  542.161857966,  1268.34
1564.62105451,  4972.22,  3740.02,  99.9745373805,  542.161562821,  1267.09
1564.6414885,  5654.68,  4213.16,  99.9778520356,  542.1601537,  1268.71
1564.6619227,  6122.31,  4537.59,  99.9784869581,  542.157520031,  1266.73
1564.6823567,  6188.43,  4584.65,  99.9791623466,  542.157881075,  1266.77
1564.70279089,  5761.04,  4286.81,  99.9760801596,  542.159293008,  1265.96
1564.72322499,  5102.44,  3830.0,  99.9736178571,  542.16273109,  1266.23
1564.74365899,  4939.61,  3717.4,  99.9754233771,  542.162407449,  1264.85
1564.76409318,  5569.8,  4154.09,  99.9763555008,  542.16044659,  1265.87
1564.78452728,  6158.5,  4563.7,  99.9799559873,  542.15980702,  1263.12
1564.80496128,  6314.72,  4672.02,  99.9810800106,  542.159565431,  1263.09
1564.82539548,  5937.64,  4409.46,  99.9781893157,  542.158761794,  1264.86
1564.84582957,  5234.69,  3922.75,  99.9745924554,  542.160805416,  1263.45
1564.86626377,  4852.32,  3656.86,  99.9726204568,  542.161649252,  1261.78
1564.88669777,  5447.11,  4069.36,  99.9745536828,  542.16219219,  1262.83
1564.90713187,  6004.17,  4457.47,  99.9773959627,  542.160025107,  1261.73
1564.92756607,  6222.38,  4608.22,  99.980450377,  542.158293174,  1262.75
1564.94800006,  5912.94,  4393.78,  99.9777797803,  542.159881705,  1261.73
1564.96843416,  5295.01,  3964.89,  99.9747541628,  542.161304241,  1259.8
1564.98886836,  4874.16,  3671.86,  99.9725327106,  542.164885869,  1260.52
1565.00930236,  5346.66,  4000.86,  99.9744449306,  542.161131027,  1261.37
1565.02973646,  6013.27,  4463.9,  99.9803476742,  542.159485421,  1258.74
1565.05017066,  6322.16,  4677.55,  99.9802541427,  542.157737608,  1260.03
1565.07060476,  6096.97,  4522.28,  99.9777371779,  542.158536091,  1260.07
1565.09103886,  5480.18,  4093.45,  99.9748298232,  542.162484289,  1259.54
1565.11147295,  4837.1,  3646.27,  99.9717366324,  542.162542562,  1259.81
1565.13190705,  5237.2,  3925.66,  99.9736019128,  542.162917064,  1258.18
1565.15234115,  5862.65,  4359.26,  99.9791104567,  542.159286184,  1259.19
1565.17277525,  6216.97,  4605.3,  99.9784019787,  542.159417602,  1260.04
1565.19320935,  6056.06,  4494.13,  99.9797740714,  542.159483984,  1258.82
1565.21364355,  5509.48,  4113.6,  99.9750811788,  542.160462124,  1258.84
1565.23407755,  4929.34,  3711.91,  99.9730074243,  542.161732744,  1258.39
1565.25451175,  5143.95,  3860.96,  99.9755551219,  542.162480979,  1258.23
1565.27494585,  5843.4,  4346.09,  99.9771433152,  542.160125263,  1258.4
1565.29537985,  6293.78,  4659.82,  99.9793395134,  542.157292986,  1259.05
1565.31581406,  6217.46,  4606.51,  99.9794987367,  542.159591713,  1257.74
1565.33624806,  5699.34,  4245.94,  99.9781699496,  542.161682793,  1258.76
1565.35668216,  4962.87,  3735.76,  99.9721321315,  542.163634117,  1259.46
1565.37711636,  5025.97,  3778.5,  99.973919772,  542.161819624,  1259.6
1565.39755036,  5705.91,  4251.37,  99.9753312215,  542.160992248,  1258.2
1565.41798446,  6147.21,  4558.26,  99.977533316,  542.160934521,  1257.29
1565.43841866,  6172.31,  4574.43,  99.9784578504,  542.159316528,  1259.55
1565.45885266,  5719.26,  4260.94,  99.9781094704,  542.159128425,  1259.81
1565.47928686,  5057.31,  3801.21,  99.9730265508,  542.162979969,  1259.15
1565.49972097,  4968.59,  3738.91,  99.9736030693,  542.162016249,  1260.16
1565.52015497,  5637.28,  4204.63,  99.9773993057,  542.161998283,  1258.89
1565.54058917,  6200.56,  4594.91,  99.9783486084,  542.159943157,  1259.17
1565.56102327,  6310.52,  4671.32,  99.9804342402,  542.160730162,  1259.34
1565.58145737,  5885.14,  4376.79,  99.9784725554,  542.162486659,  1260.28
1565.60189148,  5181.96,  3887.3,  99.9775829454,  542.16350667,  1258.35
1565.62232558,  4890.07,  3685.49,  99.9727916446,  542.162009515,  1258.64
1565.64275978,  5522.73,  4125.44,  99.9771851747,  542.162409051,  1259.61
1565.66319379,  6049.56,  4490.05,  99.9796359404,  542.159759692,  1258.14
1565.68362789,  6238.31,  4622.2,  99.9800597731,  542.159261888,  1258.08
1565.70406209,  5893.53,  4382.54,  99.9777055898,  542.16014486,  1259.98
1565.72449619,  5250.98,  3935.89,  99.9750437841,  542.163401896,  1259.02
1565.7449302,  4897.37,  3691.35,  99.9718308747,  542.16325156,  1258.11
1565.7653644,  5418.97,  4052.79,  99.9761075289,  542.162540522,  1257.37
1565.7857985,  6064.69,  4501.25,  99.978185576,  542.161321452,  1257.91
1565.80623261,  6345.48,  4696.86,  99.9791263254,  542.158778812,  1257.24
1565.82666671,  6057.34,  4496.2,  99.9780657746,  542.161595454,  1257.0
1565.84710082,  5422.94,  4056.0,  99.972441481,  542.162589062,  1255.95
1565.86753502,  4838.66,  3650.6,  99.9735348997,  542.165822082,  1257.03
1565.88796902,  5313.31,  3979.22,  99.9728120253,  542.163532186,  1256.28
1565.90840313,  5927.92,  4407.04,  99.9773185875,  542.161606012,  1255.79
1565.92883733,  6238.38,  4622.33,  99.9816817493,  542.160967949,  1256.39
1565.94927134,  6035.45,  4480.82,  99.9793686817,  542.15958617,  1256.42
1565.96970544,  5456.92,  4080.4,  99.9768797701,  542.162602735,  1255.36
1565.99013955,  4912.86,  3701.75,  99.9757730122,  542.160778763,  1256.66
1566.01057365,  5195.14,  3898.13,  99.9721854387,  542.164339626,  1255.77
1566.03100786,  5885.89,  4378.31,  99.9786441556,  542.163764175,  1256.5
1566.05144186,  6316.09,  4675.91,  99.9801599887,  542.161025165,  1256.55
1566.07187597,  6191.39,  4590.37,  99.9806613136,  542.161170526,  1256.49
1566.09231017,  5644.28,  4210.67,  99.9776823911,  542.163897214,  1255.52
1566.11274418,  4924.64,  3709.64,  99.9731554091,  542.166355123,  1255.02
1566.13317828,  5094.09,  3828.29,  99.972441893,  542.166369373,  1255.21
1566.15361249,  5768.69,  4296.31,  99.9765477839,  542.162300117,  1255.5
1566.1740465,  6189.57,  4588.21,  99.9818307626,  542.16149773,  1255.25
1566.1944807,  6155.41,  4565.51,  99.9812217649,  542.160656128,  1254.31
1566.21491481,  5662.05,  4222.42,  99.9769198626,  542.161855944,  1254.89
1566.23534881,  5026.6,  3781.1,  99.973231376,  542.164639102,  1253.12
1566.25578302,  5023.02,  3779.33,  99.9743084506,  542.162726645,  1253.41
1566.27621713,  5685.34,  4237.77,  99.9750768791,  542.163740557,  1254.92
1566.29665123,  6235.43,  4620.89,  99.9810310846,  542.161170311,  1253.59
1566.31708534,  6300.65,  4666.18,  99.9813744247,  542.160056128,  1255.18
1566.33751945,  5840.97,  4346.22,  99.9779439575,  542.163429638,  1254.73
1566.35795356,  5118.04,  3845.43,  99.9743859116,  542.164627466,  1252.56
1566.37838776,  4917.57,  3705.73,  99.973103126,  542.165348682,  1252.6
1566.39882177,  5580.4,  4165.34,  99.9752113891,  542.164265489,  1252.82
1566.41925598,  6097.46,  4525.83,  99.9788831682,  542.161644531,  1252.62
1566.43969008,  6233.28,  4619.07,  99.9822167713,  542.161998031,  1252.78
1566.46012409,  5853.21,  4355.48,  99.9758289165,  542.162328134,  1251.86
1566.4805583,  5200.09,  3902.71,  99.9752100775,  542.165334124,  1251.37
1566.50099241,  4912.9,  3702.05,  99.9731359547,  542.163222839,  1253.71
1566.52142642,  5514.39,  4120.5,  99.9762842403,  542.161180044,  1251.98
1566.54186062,  6112.09,  4535.99,  99.9784693546,  542.162633856,  1251.31
1566.56229473,  6333.65,  4688.72,  99.9809778723,  542.160777998,  1251.86
1566.58272884,  6008.15,  4463.83,  99.9791693131,  542.163961664,  1251.97
1566.60316295,  5353.41,  4008.64,  99.9747074886,  542.164820228,  1252.13
1566.62359696,  4844.49,  3654.74,  99.9746178377,  542.165709022,  1253.01
1566.64403117,  5371.73,  4022.14,  99.9761083807,  542.164757473,  1252.06
1566.66446528,  5966.95,  4434.09,  99.97796845,  542.162575885,  1252.18
1566.70533349,  6007.69,  4463.95,  99.9806353718,  542.163243203,  1252.54
1566.7257676,  5411.57,  4048.84,  99.9739744393,  542.165394713,  1251.96
1566.74620171,  4902.66,  3696.42,  99.9733256628,  542.16366305,  1252.24
1566.76663582,  5268.77,  3951.06,  99.9752866189,  542.164485018,  1252.33
1566.78706993,  5974.46,  4440.2,  99.9811735357,  542.161665272,  1251.08
1566.80750414,  6340.57,  4695.81,  99.9809333942,  542.16045982,  1251.66
1566.82793815,  6163.12,  4571.64,  99.9804968721,  542.163890663,  1250.9
1566.84837226,  5579.5,  4165.95,  99.976778602,  542.164627965,  1251.8
1566.86880647,  4886.96,  3686.45,  99.9726470254,  542.165136227,  1250.34
1566.88924058,  5141.87,  3862.34,  99.9742445506,  542.166333382,  1250.6
1566.90967459,  5808.06,  4325.28,  99.9779650969,  542.165214807,  1250.31
1566.9301088,  6214.71,  4608.12,  99.9818788298,  542.161778966,  1249.93
1566.95054291,  6143.31,  4557.77,  99.9804073583,  542.162970116,  1249.78
1566.97097703,  5613.31,  4190.45,  99.9770991245,  542.16361208,  1249.68
1566.99141114,  4990.35,  3757.54,  99.9730661692,  542.164382042,  1249.92
1567.01184525,  5068.75,  3811.02,  99.9737340579,  542.165692638,  1249.73
1567.03227936,  5753.71,  4288.09,  99.9775311598,  542.165296055,  1249.76
1567.05271347,  6258.79,  4638.08,  99.9793830765,  542.162547085,  1249.72
1567.07314758,  6271.63,  4647.06,  99.9813799603,  542.162723745,  1249.66
1567.09358179,  5792.89,  4315.29,  99.9776557051,  542.164009865,  1248.44
1567.1140158,  5057.13,  3803.17,  99.9758443233,  542.165297589,  1248.3
1567.13445002,  4957.15,  3734.65,  99.9758616205,  542.164337874,  1250.13
1567.15488413,  5638.85,  4208.22,  99.9780506734,  542.165380689,  1249.46
1567.17531814,  6133.24,  4550.81,  99.9821147782,  542.160620836,  1249.26
1567.19575235,  6241.53,  4626.74,  99.9796334979,  542.162476043,  1249.12
1567.21618647,  5813.02,  4329.08,  99.9777733051,  542.162793065,  1248.3
1567.23662048,  5148.84,  3867.14,  99.9752275902,  542.165455295,  1249.88
1567.25705469,  4933.81,  3718.93,  99.9746400147,  542.166562748,  1249.24
1567.2774887,  5544.4,  4142.0,  99.9739274053,  542.165004129,  1249.21
1567.29792282,  6153.31,  4564.99,  99.9822776466,  542.162199639,  1248.93
1567.31835703,  6340.94,  4696.32,  99.9803591673,  542.161343042,  1248.03
1567.33879104,  5974.89,  4440.84,  99.979475439,  542.164948936,  1247.01
1567.35922525,  5295.0,  3969.53,  99.9726576284,  542.166832635,  1248.22
1567.37965937,  4865.82,  3671.78,  99.9753499932,  542.165825813,  1248.22
1567.40009338,  5435.75,  4066.62,  99.9764210414,  542.166957014,  1247.73
1567.42052759,  6002.86,  4461.61,  99.9781468252,  542.164169859,  1248.27
1567.44096171,  6254.61,  4635.91,  99.9809754339,  542.16328438,  1245.62
1567.46139582,  5973.8,  4440.58,  99.9797296341,  542.162194323,  1246.99
1567.48182994,  5356.35,  4013.08,  99.9746203085,  542.16669537,  1246.83
1567.50226405,  4897.64,  3693.58,  99.9724503589,  542.167163603,  1246.72
1567.52269826,  5335.01,  3997.56,  99.9759206842,  542.165336207,  1257.53
1567.54313228,  6002.65,  4461.7,  99.9771443019,  542.164211866,  1246.41
1567.56356639,  6351.8,  4703.24,  99.9829664007,  542.163223763,  1247.58
1567.58400061,  6124.96,  4546.35,  99.9804979753,  542.164593298,  1246.94
1567.60443472,  5527.44,  4131.88,  99.9769405643,  542.164767832,  1245.56
1567.62486874,  4865.71,  3671.28,  99.9737986792,  542.167789685,  1246.1
1567.64530295,  5203.48,  3907.43,  99.9750797883,  542.165554119,  1247.38
1567.66573707,  5862.18,  4364.4,  99.9772449639,  542.162951172,  1246.86
1567.68617108,  6240.15,  4626.22,  99.9807608915,  542.16360775,  1246.44
1567.7066053,  6119.46,  4543.36,  99.9800730955,  542.162187358,  1245.43
1567.72703941,  5569.66,  4160.8,  99.9769150578,  542.164810146,  1244.96
1567.74747363,  4959.13,  3737.1,  99.9715270197,  542.166875049,  1247.15
1567.76790764,  5133.86,  3859.54,  99.975334788,  542.167278458,  1244.36
1567.78834176,  5821.6,  4335.97,  99.9784840578,  542.166005113,  1244.84
1567.80877597,  6302.44,  4670.67,  99.9805663395,  542.163842801,  1246.52
1567.82920999,  6261.73,  4642.74,  99.9776850582,  542.163827021,  1246.56
1567.84964411,  5740.36,  4279.98,  99.9768886607,  542.165134828,  1245.37
1567.87007832,  4991.84,  3761.2,  99.9766992447,  542.168056678,  1244.82
1567.89051234,  5002.71,  3768.44,  99.9736385382,  542.168430896,  1245.47
1567.91094656,  5698.06,  4250.47,  99.9789097577,  542.166298626,  1245.64
1567.93138057,  6164.05,  4575.39,  99.9789774322,  542.164829774,  1244.33
1567.95181469,  6220.06,  4613.61,  99.9815535062,  542.163828378,  1244.51
1567.97224891,  5753.87,  4289.78,  99.9782795789,  542.165001397,  1245.02
1567.99268292,  5105.92,  3840.74,  99.9751343346,  542.1674695,  1246.0
1568.01311704,  4971.34,  3746.14,  99.9715522265,  542.167034006,  1245.94
1568.03355126,  5611.25,  4191.29,  99.9762140351,  542.166093763,  1245.48
1568.05398527,  6202.96,  4602.44,  99.9798405714,  542.162930266,  1246.29
1568.07441939,  6333.99,  4692.65,  99.9813580112,  542.163865115,  1245.28
1568.09485361,  5920.83,  4407.12,  99.9786950561,  542.166438868,  1244.37
1568.11528773,  5211.48,  3914.27,  99.973936754,  542.167972651,  1245.08
1568.13572184,  4865.64,  3673.23,  99.9724250002,  542.168287755,  1246.37
1568.15615596,  5493.6,  4110.39,  99.9788871234,  542.165855445,  1244.34
1568.17659008,  6057.43,  4501.12,  99.9790158816,  542.16570564,  1245.28
1568.1970242,  6268.0,  4647.21,  99.9799469281,  542.163636203,  1245.12
1568.21745832,  5935.35,  4417.14,  99.9775857984,  542.165042014,  1243.85
1568.23789243,  5296.65,  3972.81,  99.9752117971,  542.165142536,  1244.41
1568.25832665,  4879.83,  3683.92,  99.9742772701,  542.167167612,  1244.79
1568.27876067,  5384.35,  4034.48,  99.9737928259,  542.167681263,  1244.8
1568.29919489,  6040.8,  4489.51,  99.979166837,  542.163736743,  1245.65
1568.31962901,  6343.71,  4701.11,  99.9801476574,  542.164951173,  1244.49
1568.34006303,  6079.44,  4516.99,  99.9800982617,  542.164867271,  1245.91
1568.36049725,  5454.4,  4083.03,  99.9775650729,  542.168174225,  1246.7
1568.38093137,  4840.44,  3657.67,  99.9745743273,  542.167468949,  1244.86
1568.40136538,  5285.6,  3965.62,  99.9760843327,  542.166527606,  1245.44
1568.4217996,  5914.45,  4402.8,  99.9780591987,  542.166883647,  1245.84
1568.44223372,  6252.84,  4638.14,  99.9808338668,  542.164305979,  1246.51
1568.46266774,  6076.13,  4514.28,  99.9811075986,  542.164792822,  1246.35
1568.48310196,  5507.1,  4120.19,  99.9750877847,  542.167985639,  1246.73
1568.50353608,  4917.5,  3711.1,  99.973702243,  542.165721371,  1245.62
1568.5239703,  5169.29,  3884.73,  99.9745106308,  542.168560206,  1246.82
1568.54440432,  5855.77,  4362.71,  99.9785045889,  542.166376841,  1249.19
1568.56483834,  6305.64,  4674.68,  99.9824273174,  542.16403922,  1248.21
1568.58527256,  6188.92,  4593.14,  99.9793434689,  542.165119938,  1248.1
1568.60570668,  5667.79,  4232.4,  99.9734315502,  542.167658257,  1248.2
1568.6261408,  4940.97,  3726.58,  99.9727350926,  542.16795514,  1248.28
1568.64657493,  5087.65,  3828.95,  99.983144867,  542.170048191,  1247.19
1568.66700905,  5743.05,  4284.55,  99.9778353961,  542.166500442,  1249.23
1568.68744327,  6198.21,  4599.53,  99.9793377498,  542.165766431,  1247.65
1568.70787729,  6189.11,  4594.29,  99.9808358785,  542.1665858,  1247.54
1568.72831141,  5696.2,  4252.02,  99.9789833912,  542.166090206,  1248.04
1568.74874563,  5041.41,  3796.28,  99.9746556075,  542.169047132,  1248.69
1568.76917975,  4994.16,  3764.97,  99.9745774673,  542.168705265,  1250.15
1568.78961377,  5656.82,  4224.66,  99.9744177307,  542.167848413,  1250.16
1568.810048,  6210.87,  4608.95,  99.9804076085,  542.165571872,  1250.81
1568.83048212,  6283.17,  4660.28,  99.9824007143,  542.164763196,  1249.98
1568.85091624,  5848.09,  4356.76,  99.9785890722,  542.167823594,  1249.83
1568.87135036,  5142.28,  3867.28,  99.9727861727,  542.166948187,  1247.81
1568.89178448,  4890.66,  3692.92,  99.9725303507,  542.170352475,  1248.69
1568.91221871,  5552.05,  4151.47,  99.9754678757,  542.169236897,  1247.61
1568.93265273,  6089.91,  4525.76,  99.9785761478,  542.165727569,  1247.74
1568.95308685,  6261.7,  4645.07,  99.9800297358,  542.165713649,  1252.06
1568.97352107,  5881.76,  4380.31,  99.97696378,  542.166587037,  1248.28
1568.9939551,  5224.57,  3925.07,  99.9750793284,  542.17037249,  1245.71
1569.01438922,  4890.5,  3692.44,  99.9720218597,  542.169976999,  1246.95
1569.03482344,  5425.85,  4064.24,  99.9782227945,  542.167189482,  1246.34
1569.05525746,  6058.7,  4504.66,  99.9798481154,  542.165310833,  1244.97
1569.07569169,  6309.22,  4677.47,  99.981215897,  542.166108297,  1244.67
1569.09612581,  6012.77,  4472.29,  99.9789153582,  542.167875016,  1245.43
1569.11655983,  5372.95,  4028.25,  99.9756703622,  542.169119683,  1244.29
1569.13699406,  4830.51,  3650.52,  99.9773700539,  542.170034951,  1245.68
1569.15742818,  5336.19,  4002.82,  99.9741379209,  542.169614285,  1243.08
1569.1778622,  5949.79,  4428.64,  99.9775695141,  542.167174397,  1243.87
1569.19829643,  6265.3,  4646.9,  99.9803748429,  542.165194589,  1244.68
1569.21873045,  6040.51,  4491.96,  99.9783851945,  542.167122332,  1242.65
1569.23916468,  5441.21,  4074.86,  99.9754697762,  542.171252102,  1243.15
1569.2595988,  4903.12,  3700.95,  99.9735748777,  542.167447925,  1243.19
1569.28003283,  5219.35,  3921.59,  99.9743362153,  542.16829728,  1244.01
1569.30046705,  5901.83,  4394.42,  99.9822656827,  542.167954333,  1242.95
1569.32090117,  6291.52,  4666.06,  99.981135069,  542.165976825,  1243.28
1569.3413353,  6152.61,  4569.85,  99.9809381703,  542.166513669,  1243.05
1569.36176942,  5596.07,  4181.97,  99.9776355366,  542.169986356,  1242.54
1569.38220355,  4909.36,  3706.32,  99.9754418681,  542.171219365,  1242.59
1569.40263767,  5124.31,  3855.22,  99.9744097149,  542.169923583,  1243.17
1569.4230718,  5803.2,  4326.08,  99.9792824215,  542.168912079,  1243.36
1569.44350592,  6229.2,  4623.14,  99.9813422285,  542.166804245,  1243.09
1569.46394015,  6173.78,  4583.46,  99.9809991766,  542.165541435,  1242.78
1569.48437427,  5653.79,  4222.88,  99.977202308,  542.16759825,  1243.4
1569.5048083,  5009.13,  3775.65,  99.9757570685,  542.170914051,  1241.79
1569.52524253,  5017.87,  3780.97,  99.9751680044,  542.170167845,  1241.56
1569.54567665,  5706.03,  4259.7,  99.9801832578,  542.167350426,  1240.66
1569.56611068,  6226.51,  4621.16,  99.9804894317,  542.166461587,  1242.69
1569.5865449,  6254.24,  4639.53,  99.9814168968,  542.165916418,  1242.49
1569.60697903,  5800.73,  4326.01,  99.9775614936,  542.168796164,  1241.63
1569.62741326,  5102.99,  3840.47,  99.9734775787,  542.169790215,  1242.48
1569.64784728,  4941.06,  3727.7,  99.9755782145,  542.17006692,  1241.13
1569.68871564,  6134.37,  4556.89,  99.9793079118,  542.166647546,  1240.42
1569.70914966,  6254.25,  4640.74,  99.9804175432,  542.166574703,  1240.15
1569.72958379,  5832.3,  4348.46,  99.9784389052,  542.167224281,  1238.66
1569.75001802,  5172.75,  3889.71,  99.9740562762,  542.169343503,  1238.99
1569.77045204,  4912.67,  3709.37,  99.9742609312,  542.169785082,  1240.26
1569.79088617,  5503.69,  4120.13,  99.9744594559,  542.171292594,  1238.97
1569.8113204,  6109.76,  4539.81,  99.9829251846,  542.167695122,  1239.47
1569.83175443,  6326.91,  4691.73,  99.983144871,  542.168636055,  1239.87
1569.85218865,  5977.13,  4448.28,  99.9785458297,  542.169166347,  1237.45
1569.87262268,  5326.17,  3995.94,  99.9791912008,  542.170348314,  1238.14
1569.89305681,  4859.13,  3672.22,  99.9742988796,  542.17014305,  1237.5
1569.91349104,  5422.2,  4062.39,  99.9743735321,  542.170494823,  1239.29
1569.93392506,  6008.9,  4470.19,  99.9785441758,  542.165114052,  1239.38
1569.95435919,  6278.68,  4657.95,  99.9816644275,  542.165092441,  1238.63
1569.97479342,  5998.34,  4461.81,  99.9804644419,  542.169496442,  1237.61
1569.99522755,  5392.99,  4043.07,  99.9738564581,  542.16734468,  1237.91
1570.01566168,  4897.29,  3698.11,  99.9740415557,  542.169108286,  1237.73
1570.03609581,  5271.44,  3956.83,  99.9747432662,  542.169507148,  1236.13
1570.05652993,  5959.78,  4436.44,  99.978733742,  542.168293811,  1237.74
1570.07696406,  6322.83,  4687.67,  99.979237398,  542.168074702,  1235.92
1570.09739819,  6137.06,  4558.47,  99.9815762284,  542.168483641,  1237.15
1570.11783232,  5562.48,  4160.43,  99.9779041691,  542.167470336,  1237.73
1570.13826655,  4895.71,  3696.73,  99.9742180599,  542.170455059,  1236.71
1570.15870058,  5185.3,  3898.28,  99.973636204,  542.170412488,  1236.88
1570.17913481,  5851.72,  4361.23,  99.9808683807,  542.169449793,  1235.64
1570.19956894,  6239.54,  4629.55,  99.9805288498,  542.167806662,  1235.41
1570.22000297,  6134.32,  4557.34,  99.9803720075,  542.167894117,  1235.3
1570.2404372,  5594.21,  4182.18,  99.9750406618,  542.169919286,  1237.19
1570.26087133,  4966.34,  3745.48,  99.974884253,  542.171146283,  1236.7
1570.28130536,  5072.62,  3820.7,  99.974474875,  542.170068585,  1234.29
1570.30173959,  5771.68,  4305.45,  99.9788652885,  542.167665993,  1234.87
1570.32217372,  6270.16,  4651.97,  99.9823148648,  542.16825932,  1234.33
1570.34260775,  6260.25,  4645.8,  99.9820198216,  542.169733079,  1234.38
1570.36304198,  5764.54,  4300.4,  99.9786460147,  542.171801728,  1233.36
1570.38347611,  5045.23,  3801.56,  99.9767315633,  542.172913232,  1235.37
1570.40391024,  4994.03,  3765.8,  99.9749024414,  542.170439032,  1233.35
1570.42434437,  5672.23,  4236.17,  99.9797182949,  542.169333355,  1233.49
1570.4447785,  6166.11,  4580.22,  99.9792457091,  542.167037402,  1233.9
1570.46521263,  6221.05,  4617.78,  99.9815533849,  542.168997995,  1232.35
1570.48564676,  5789.07,  4317.53,  99.97594335,  542.167316096,  1234.69
1570.50608089,  5121.35,  3855.06,  99.9767339362,  542.171396237,  1232.7
1570.52651502,  4935.18,  3724.93,  99.9751553163,  542.170904362,  1233.35
1570.54694916,  5565.4,  4162.77,  99.9764322383,  542.17092461,  1234.01
1570.56738339,  6170.12,  4583.8,  99.9814087986,  542.167990418,  1232.22
1570.58781742,  6324.96,  4690.04,  99.9819046212,  542.166453469,  1233.07
1570.60825155,  5951.98,  4432.08,  99.9802659853,  542.168853618,  1231.81
1570.62868578,  5275.52,  3962.82,  99.97663526,  542.172554798,  1232.38
1570.64911991,  4876.11,  3684.18,  99.9757851158,  542.171803571,  1233.14
1570.66955395,  5477.59,  4102.83,  99.9742122316,  542.17118974,  1232.75
1570.68998818,  6035.47,  4490.21,  99.9785105257,  542.169326954,  1232.57
1570.71042231,  6275.76,  4656.33,  99.9839961909,  542.167201262,  1232.28
1570.73085634,  5973.62,  4447.87,  99.9784480332,  542.170136712,  1232.4
1570.75129058,  5319.71,  3992.73,  99.9761022137,  542.172346819,  1233.31
1570.77172471,  4897.73,  3699.87,  99.9718454503,  542.170830543,  1231.53
1570.79215894,  5337.62,  4006.36,  99.9743890025,  542.17186712,  1232.56
1570.81259297,  6005.48,  4468.84,  99.9793685659,  542.169971909,  1230.44
1570.83302711,  6335.91,  4699.42,  99.9820331217,  542.169258276,  1231.45
1570.85346134,  6101.82,  4537.18,  99.9812070741,  542.169670399,  1230.71
1570.87389537,  5511.92,  4126.49,  99.9776959743,  542.170982627,  1230.7
1570.89432951,  4876.81,  3686.57,  99.9761772617,  542.171291708,  1229.8
1570.91476374,  5249.25,  3945.03,  99.9734195748,  542.17292267,  1230.77
1570.93519777,  5884.1,  4385.32,  99.9793099596,  542.170333188,  1229.23
1570.95563201,  6261.12,  4648.35,  99.9814833095,  542.168181215,  1229.29
1570.97606614,  6112.56,  4544.57,  99.9809706674,  542.169663266,  1229.32
1570.99650017,  5550.52,  4154.35,  99.9787626519,  542.171986642,  1230.28
1571.01693441,  4940.33,  3731.08,  99.9743733475,  542.172673763,  1229.58
1571.03736854,  5137.49,  3866.94,  99.9756345372,  542.172232095,  1231.54
1571.05780258,  5819.37,  4341.66,  99.9775300018,  542.1706418,  1230.09
1571.07823681,  6300.3,  4675.58,  99.9809318922,  542.168325891,  1229.23
1571.09867095,  6227.59,  4624.04,  99.9831430366,  542.168901434,  1229.84
1571.11910498,  5730.31,  4280.29,  99.9768059302,  542.173470618,  1230.79
1571.13953921,  5000.63,  3773.09,  99.9742138277,  542.172369987,  1230.24
1571.15997335,  5035.94,  3797.07,  99.9766882351,  542.173526198,  1230.56
1571.18040748,  5726.24,  4277.12,  99.9744840519,  542.169568168,  1230.32
1571.20084162,  6176.26,  4589.14,  99.9795946431,  542.167452952,  1232.03
1571.22127575,  6210.09,  4612.87,  99.9779828684,  542.169941428,  1231.04
1571.24170989,  5734.64,  4283.12,  99.9779214913,  542.171681322,  1232.23
1571.26214402,  5071.48,  3821.5,  99.9730881729,  542.173107633,  1231.03
1571.28257816,  4968.53,  3751.34,  99.9765103552,  542.172848485,  1231.37
1571.30301229,  5625.34,  4207.0,  99.975730899,  542.170749448,  1233.41
1571.32344643,  6197.35,  4603.73,  99.9820749361,  542.169087926,  1232.86
1571.34388067,  6311.26,  4684.32,  99.9828730457,  542.168808893,  1231.93
1571.3643148,  5912.68,  4406.54,  99.9763801053,  542.169107844,  1231.95
1571.38474884,  5210.92,  3919.0,  99.9736274575,  542.172368377,  1234.16
1571.40518307,  4897.48,  3702.27,  99.9762322914,  542.173748234,  1234.52
1571.42561721,  5525.91,  4137.85,  99.9778701291,  542.172574739,  1232.53
1571.44605125,  6067.84,  4514.71,  99.9810173511,  542.170119072,  1234.64
1571.46648548,  6255.27,  4645.09,  99.9812812077,  542.170521641,  1235.52
1571.48691962,  5910.53,  4404.5,  99.981469203,  542.1703668,  1235.91
1571.50735366,  5274.78,  3964.6,  99.9774005789,  542.171344475,  1236.03
1571.52778789,  4887.46,  3695.32,  99.9732224129,  542.172722562,  1237.3
1571.54822203,  5404.69,  4053.72,  99.9762440964,  542.17208976,  1238.83
1571.56865627,  6046.82,  4500.78,  99.9785273765,  542.169919023,  1237.07
1571.5890903,  6342.52,  4705.38,  99.9806245221,  542.169678933,  1238.42
1571.60952444,  6062.49,  4510.79,  99.9783063377,  542.170265877,  1240.47
1571.62995868,  5458.66,  4092.55,  99.9745296627,  542.173622951,  1238.76
1571.65039271,  4855.05,  3672.34,  99.9736474812,  542.173965813,  1237.22
1571.67082685,  5295.0,  3978.47,  99.9750012972,  542.173729185,  1238.96
1571.69126109,  5913.92,  4408.52,  99.9777090974,  542.170430655,  1237.45
1571.71169513,  6252.35,  4642.27,  99.9815952151,  542.169053479,  1238.34
1571.73212936,  6062.39,  4511.76,  99.9806651049,  542.169464659,  1239.78
1571.7525635,  5488.75,  4113.02,  99.9765251242,  542.173645893,  1237.3
1571.77299754,  4922.67,  3719.14,  99.9764664606,  542.172306122,  1238.38
1571.79343178,  5188.12,  3904.86,  99.9739493342,  542.173009403,  1237.12
1571.81386592,  5876.02,  4381.7,  99.9776367518,  542.170620916,  1236.83
1571.83429995,  6321.97,  4691.48,  99.9825410471,  542.171790721,  1238.0
1571.85473419,  6198.84,  4606.89,  99.9813382105,  542.170345672,  1237.08
1571.87516833,  5682.34,  4247.1,  99.9725604184,  542.175930845,  1237.92
1571.89560237,  4956.6,  3743.51,  99.9747157463,  542.173527306,  1236.8
1571.91603661,  5080.36,  3830.27,  99.9728667358,  542.175386147,  1236.15
1571.93647075,  5764.06,  4303.89,  99.9772336639,  542.171858785,  1234.73
1571.95690499,  6199.07,  4606.8,  99.9827786636,  542.16999441,  1235.55
1571.97733903,  6179.23,  4592.88,  99.9798187083,  542.170337707,  1236.3
1571.99777317,  5681.56,  4246.55,  99.9769366159,  542.171569974,  1235.26
1572.0182074,  5034.71,  3798.58,  99.9730742863,  542.175314695,  1235.38
1572.03864144,  5011.12,  3781.09,  99.9759296899,  542.173028742,  1235.52
1572.05907558,  5693.16,  4255.08,  99.978184023,  542.171936782,  1235.2
1572.07950982,  6227.39,  4626.81,  99.9804044125,  542.17119291,  1234.91
1572.09994386,  6294.34,  4671.93,  99.9794038898,  542.171210291,  1234.73
1572.1203781,  5851.07,  4365.8,  99.9780952837,  542.173181644,  1234.84
1572.14081224,  5144.96,  3874.91,  99.9781890614,  542.173514946,  1234.0
1572.16124628,  4932.29,  3726.2,  99.9723230397,  542.172982407,  1233.79
1572.18168052,  5567.39,  4168.32,  99.9744649356,  542.172902892,  1232.85
1572.20211466,  6087.6,  4529.68,  99.9820485314,  542.171054429,  1233.72
1572.2225487,  6255.19,  4644.67,  99.9808344418,  542.168817996,  1233.41
1572.24298294,  5863.9,  4374.75,  99.9816292887,  542.173915417,  1233.59
1572.26341708,  5223.46,  3928.85,  99.9729755628,  542.17297717,  1232.35
1572.28385122,  4899.97,  3704.63,  99.9743342549,  542.175375015,  1233.66
1572.30428536,  5456.87,  4091.54,  99.9760928859,  542.171948959,  1233.2
1572.32471951,  6086.91,  4528.11,  99.979574454,  542.172341002,  1232.28
1572.34515365,  6326.03,  4695.14,  99.9820015436,  542.174303474,  1233.33
1572.36558779,  6005.07,  4472.46,  99.9809099359,  542.169285866,  1233.3
1572.38602193,  5376.22,  4034.89,  99.9750242129,  542.173856582,  1231.87
1572.40645607,  4845.27,  3667.32,  99.9730578443,  542.175867151,  1229.97
1572.42689021,  5367.51,  4029.34,  99.9776875978,  542.174956887,  1228.42
1572.44732435,  5956.19,  4437.78,  99.9796415136,  542.171776991,  1228.27
1572.46775849,  6269.38,  4656.35,  99.981774928,  542.170607024,  1228.77
1572.48819264,  6034.22,  4491.75,  99.9812359108,  542.169495535,  1229.05
1572.50862688,  5433.49,  4075.45,  99.9779898784,  542.17306082,  1229.33
1572.52906102,  4904.03,  3707.98,  99.9778927354,  542.174794206,  1228.17
1572.54949506,  5235.46,  3937.15,  99.9761926858,  542.17471875,  1229.03
1572.5699293,  5925.39,  4417.09,  99.977673435,  542.173436295,  1228.72
1572.59036345,  6313.57,  4686.54,  99.9809100756,  542.171168671,  1229.43
1572.61079749,  6145.53,  4569.32,  99.9802259869,  542.172717122,  1228.89
1572.63123173,  5620.68,  4206.21,  99.9719833566,  542.174165012,  1228.03
1572.67209992,  5127.93,  3863.21,  99.975129559,  542.175070046,  1230.51
1572.69253416,  5807.28,  4335.58,  99.9825768989,  542.173604571,  1228.34
1572.7129683,  6218.67,  4620.3,  99.981910048,  542.171555756,  1228.51
1572.73340254,  6158.0,  4579.43,  99.9810801738,  542.170654772,  1229.57
1572.75383659,  5636.71,  4217.56,  99.9773865616,  542.174720583,  1229.45
1572.77427073,  4995.13,  3771.4,  99.972052898,  542.173655644,  1230.65
1572.79470497,  5054.4,  3813.12,  99.9750375397,  542.175091764,  1231.71
1572.81513902,  5729.95,  4281.71,  99.9763517723,  542.174644007,  1231.65
1572.83557316,  6234.34,  4631.31,  99.981577002,  542.172271019,  1232.33
1572.8560074,  6249.54,  4643.37,  99.9796090548,  542.171878569,  1235.65
1572.87644145,  5788.05,  4321.68,  99.9808998126,  542.17261761,  1237.53
1572.89687569,  5071.87,  3824.25,  99.9775026866,  542.172655844,  1237.68
1572.91730984,  4942.93,  3735.25,  99.9731864752,  542.175281101,  1234.08
1572.93774388,  5632.73,  4213.3,  99.9781281236,  542.174259338,  1231.3
1572.95817812,  6131.81,  4560.87,  99.9796351732,  542.172896658,  1228.25
1572.97861227,  6236.69,  4633.41,  99.9829907009,  542.170279837,  1227.47
1572.99904641,  5817.07,  4341.45,  99.9783875274,  542.17378387,  1224.84
1573.01948056,  5167.67,  3891.45,  99.9752626165,  542.17616339,  1224.98
1573.0399147,  4918.43,  3717.83,  99.9749136324,  542.175928459,  1223.49
1573.06034875,  5510.51,  4128.66,  99.975905719,  542.173677662,  1225.82
1573.08078299,  6122.55,  4554.52,  99.981987386,  542.171844143,  1224.88
1573.10121714,  6308.56,  4682.9,  99.9838851435,  542.171816664,  1225.1
1573.12165128,  5955.19,  4437.99,  99.9797328406,  542.173440653,  1224.16
1573.14208543,  5302.05,  3984.74,  99.9778301627,  542.17421837,  1222.96
1573.16251957,  4841.4,  3663.52,  99.9735831407,  542.174075865,  1222.6
1573.18295382,  5418.67,  4065.78,  99.9758189364,  542.175132381,  1222.13
1573.20338786,  6004.25,  4472.32,  99.9811474223,  542.173149951,  1222.78
1573.22382201,  6271.55,  4657.08,  99.9819997221,  542.17173257,  1221.28
1573.24425625,  5986.59,  4460.03,  99.97975065,  542.170257983,  1222.05
1573.2646903,  5361.63,  4025.18,  99.9790615551,  542.174698255,  1220.97
1573.28512454,  4889.64,  3697.62,  99.9757081138,  542.175728667,  1219.75
1573.30555869,  5296.61,  3981.69,  99.9761456686,  542.175060692,  1219.57
1573.32599274,  5961.62,  4441.73,  99.9795887331,  542.17346646,  1219.64
1573.34642698,  6314.56,  4687.49,  99.9822744221,  542.17208374,  1218.55
1573.36686113,  6103.36,  4541.41,  99.9820542044,  542.172122518,  1218.61
1573.38729517,  5520.11,  4135.08,  99.9778054789,  542.176332905,  1218.0
1573.40772942,  4859.35,  3677.69,  99.9714129531,  542.17883123,  1218.5
1573.42816357,  5202.33,  3915.64,  99.9755828628,  542.175406253,  1218.61
1573.44859761,  5851.86,  4366.28,  99.9814385797,  542.173709966,  1214.43
1573.46903186,  6235.5,  4633.43,  99.9830048645,  542.17380145,  1216.05
1573.48946601,  6115.08,  4549.59,  99.9802669498,  542.173467857,  1214.37
1573.50990025,  5573.66,  4173.85,  99.9764343269,  542.173951496,  1214.9
1573.5303343,  4960.62,  3748.77,  99.9747609388,  542.176705871,  1213.36
1573.55076845,  5101.47,  3845.1,  99.9762968472,  542.176683119,  1214.28
1573.57120269,  5769.22,  4310.28,  99.9794527895,  542.174316007,  1213.33
1573.59163674,  6256.27,  4648.44,  99.981401388,  542.173735782,  1214.21
1573.61207089,  6221.54,  4623.16,  99.9822376024,  542.174147706,  1214.58
1573.63250514,  5724.1,  4279.27,  99.9787528261,  542.174539429,  1214.4
1573.65293928,  5007.78,  3781.47,  99.9754818391,  542.178220461,  1212.26
1573.67337343,  4986.76,  3766.36,  99.9724538778,  542.175429505,  1213.57
1573.69380758,  5670.9,  4242.53,  99.9782650571,  542.176167038,  1212.76
1573.71424163,  6158.49,  4580.38,  99.9805334527,  542.172187651,  1212.2
1573.73467588,  6217.83,  4622.1,  99.9838056532,  542.173270581,  1212.17
1573.75511002,  5766.99,  4309.33,  99.979180758,  542.175361307,  1214.1
1573.77554407,  5106.82,  3850.29,  99.9751053545,  542.177089616,  1213.1
1573.79597832,  4942.23,  3736.68,  99.972553445,  542.177851615,  1211.56
1573.81641247,  5574.64,  4175.96,  99.9775291426,  542.176287952,  1212.93
1573.83684652,  6152.91,  4576.41,  99.9815627999,  542.174084092,  1213.8
1573.85728077,  6285.87,  4670.35,  99.9834776194,  542.173251729,  1212.24
1573.87771491,  5904.44,  4404.65,  99.9804003222,  542.174765497,  1212.3
1573.89814916,  5221.93,  3930.52,  99.9735402208,  542.177097728,  1211.34
1573.91858321,  4859.6,  3679.93,  99.9761815669,  542.177826829,  1212.91
1573.93901736,  5475.71,  4106.99,  99.9799447423,  542.176562482,  1211.97
1573.95945161,  6036.88,  4497.18,  99.9805565467,  542.173547285,  1212.72
1573.97988566,  6262.08,  4653.93,  99.9836793526,  542.174578253,  1211.51
1574.00031981,  5932.69,  4424.55,  99.9799705382,  542.17402515,  1211.83
1574.02075406,  5318.48,  3998.82,  99.9783280556,  542.176613673,  1211.58
1574.04118811,  4886.31,  3698.71,  99.9784034892,  542.176606253,  1212.49
1574.06162236,  5358.1,  4025.31,  99.9783291467,  542.177141927,  1210.98
1574.08205651,  6000.43,  4472.8,  99.9815338157,  542.175120567,  1214.76
1574.10249056,  6315.09,  4690.64,  99.9830702245,  542.173355609,  1211.86
1574.12292481,  6070.43,  4520.17,  99.9820525256,  542.173246734,  1209.51
1574.14335896,  5463.7,  4100.38,  99.9762608781,  542.17581537,  1210.75
1574.16379311,  4845.92,  3669.81,  99.9728707977,  542.176535025,  1212.18
1574.18422726,  5260.01,  3958.41,  99.9766620518,  542.177399512,  1210.2
1574.20466141,  5899.28,  4402.83,  99.9820001302,  542.175329063,  1209.51
1574.22509556,  6251.61,  4646.57,  99.9841040487,  542.174485289,  1209.28
1574.24552971,  6090.01,  4535.2,  99.9821045192,  542.173741627,  1210.03
1574.26596386,  5518.2,  4137.96,  99.9763737394,  542.175805751,  1210.15
1574.28639801,  4923.19,  3724.08,  99.9761615071,  542.175515481,  1208.72
1574.30683226,  5154.43,  3885.89,  99.9753506514,  542.177575651,  1209.06
1574.32726631,  5836.74,  4358.6,  99.9822621223,  542.175094852,  1210.47
1574.34770046,  6279.34,  4666.27,  99.9830807189,  542.173960395,  1208.19
1574.36813461,  6194.75,  4607.95,  99.9832004846,  542.173970598,  1209.54
1574.38856876,  5671.6,  4243.93,  99.977765005,  542.178432071,  1209.29
1574.40900302,  4951.92,  3745.07,  99.9742758575,  542.178007894,  1209.44
1574.42943707,  5044.92,  3809.79,  99.9757917552,  542.178850146,  1208.9
1574.44987132,  5731.91,  4285.72,  99.9793799163,  542.177469876,  1208.48
1574.47030547,  6187.17,  4603.31,  99.9799816457,  542.176472247,  1207.88
1574.49073952,  6205.06,  4615.14,  99.9821318387,  542.174532011,  1208.79
1574.51117377,  5730.87,  4285.53,  99.9809517373,  542.176750766,  1207.39
1574.53160793,  5065.87,  3824.53,  99.9769057349,  542.178659642,  1207.5
1574.55204198,  4984.79,  3767.14,  99.9779994444,  542.178432768,  1208.49
1574.57247623,  5627.25,  4213.55,  99.9762443657,  542.177446491,  1207.55
1574.59291038,  6180.78,  4598.71,  99.9834083698,  542.174681103,  1207.78
1574.61334463,  6282.47,  4668.44,  99.9842035,  542.174349675,  1206.89
1574.63377869,  5853.65,  4371.79,  99.9815226525,  542.177430685,  1206.65
1574.65421284,  5159.32,  3889.09,  99.9750595316,  542.177046347,  1206.83
1574.67464709,  4889.89,  3701.16,  99.9749979582,  542.17762491,  1208.33
1574.69508114,  5545.61,  4158.28,  99.9761029535,  542.177141192,  1206.96
1574.7155153,  6083.2,  4530.49,  99.9807399827,  542.176564055,  1208.59
1574.73594955,  6326.91,  4699.66,  99.982653874,  542.174286915,  1207.62
1574.7563836,  5934.05,  4427.9,  99.9808308097,  542.175261298,  1208.51
1574.77681776,  5268.09,  3964.22,  99.9782355104,  542.177956925,  1205.77
1574.79725201,  4904.0,  3711.94,  99.9749898495,  542.176966958,  1207.82
1574.81768616,  5429.99,  4077.07,  99.9770791387,  542.177344312,  1206.68
1574.83812032,  6053.26,  4509.12,  99.9830715155,  542.173933214,  1206.69
1574.85855447,  6319.57,  4695.07,  99.983098287,  542.174960531,  1206.61
1574.87898862,  6009.58,  4479.68,  99.9802172089,  542.17477867,  1205.47
1574.89942278,  5388.43,  4047.94,  99.9754183558,  542.177536972,  1206.36
1574.91985693,  4842.09,  3669.72,  99.9745383706,  542.177094115,  1205.98
1574.94029108,  5331.34,  4008.28,  99.9784134424,  542.178628295,  1204.98
1574.96072524,  5949.04,  4437.63,  99.9809659621,  542.173884611,  1205.66
1574.98115939,  6276.15,  4665.12,  99.9837695505,  542.174281018,  1207.54
1575.00159355,  6064.38,  4516.82,  99.9802781917,  542.174329677,  1204.42
1575.0220277,  5476.0,  4109.46,  99.9764300712,  542.177111074,  1204.62
1575.04246185,  4911.96,  3717.28,  99.9750213216,  542.179622835,  1206.5
1575.06289611,  5207.66,  3922.02,  99.9759074815,  542.177937029,  1205.52
1575.08333016,  5895.27,  4401.14,  99.9822066827,  542.176439981,  1204.74
1575.10376432,  6298.04,  4679.63,  99.9812880944,  542.17472809,  1204.62
1575.12419857,  6175.21,  4594.05,  99.9840888105,  542.176017561,  1204.01
1575.14463263,  5618.23,  4208.32,  99.9809017704,  542.17747087,  1204.58
1575.16506678,  4917.52,  3720.98,  99.9757125213,  542.17908258,  1203.28
1575.18550104,  5110.31,  3855.12,  99.9765847804,  542.178453459,  1203.76
1575.20593509,  5789.09,  4326.75,  99.9801566422,  542.177258919,  1204.8
1575.22636935,  6229.2,  4631.19,  99.9810495494,  542.174958282,  1204.54
1575.2468035,  6201.62,  4613.15,  99.9846463622,  542.174406988,  1203.02
1575.26723756,  5684.92,  4254.48,  99.9798367207,  542.176689188,  1203.71
1575.28767181,  5021.13,  3792.23,  99.9749115157,  542.177624574,  1203.39
1575.30810597,  5026.73,  3797.62,  99.9761394967,  542.180257488,  1201.91
1575.32854002,  5703.54,  4266.68,  99.9780058717,  542.177667704,  1201.7
1575.34897428,  6223.43,  4627.61,  99.9829985436,  542.175722196,  1203.04
1575.36940844,  6261.14,  4654.83,  99.9844284231,  542.175384387,  1201.69
1575.38984269,  5810.86,  4340.81,  99.9831933594,  542.176789752,  1203.57
1575.41027675,  5094.0,  3843.66,  99.9764330657,  542.182081609,  1203.28
1575.4307109,  4940.55,  3737.38,  99.9768631192,  542.178420857,  1201.92
1575.45114516,  5614.94,  4204.72,  99.9771578984,  542.178487588,  1203.63
1575.47157932,  6129.17,  4562.81,  99.9797738194,  542.175084929,  1203.45
1575.49201337,  6272.5,  4662.12,  99.9827585846,  542.175635796,  1201.62
1575.51244763,  5870.63,  4382.31,  99.9815373596,  542.17494247,  1201.86
1575.53288179,  5214.42,  3927.47,  99.9758080286,  542.17852279,  1201.96
1575.55331584,  4918.0,  3720.85,  99.9753180396,  542.179763629,  1202.07
1575.5737501,  5484.79,  4114.92,  99.976057747,  542.178480244,  1203.55
1575.59418426,  6097.95,  4541.67,  99.9807283556,  542.176343873,  1201.08
1575.61461841,  6313.75,  4689.7,  99.9831231721,  542.176402726,  1201.05
1575.65548663,  5322.95,  4002.92,  99.9767276135,  542.179843005,  1203.44
1575.67592089,  4831.99,  3661.34,  99.9759214253,  542.178550623,  1200.23
1575.69635504,  5382.56,  4044.86,  99.9759746391,  542.177760668,  1201.6
1575.7167891,  5987.06,  4464.19,  99.9814397138,  542.176335071,  1201.41
1575.73722336,  6277.25,  4665.41,  99.9842797713,  542.176740838,  1201.83
1575.75765752,  6021.5,  4488.57,  99.9808900584,  542.17676569,  1202.3
1575.77809177,  5409.48,  4062.59,  99.9798031003,  542.177962162,  1200.25
1575.79852583,  4907.45,  3714.51,  99.9755477211,  542.17887784,  1201.24
1575.81895999,  5263.74,  3961.52,  99.9768318869,  542.178539344,  1200.16
1575.83939425,  5925.7,  4420.68,  99.9815682929,  542.177224546,  1202.28
1575.85982831,  6299.16,  4681.03,  99.9834537796,  542.177084461,  1199.52
1575.88026246,  6112.74,  4550.76,  99.9801263204,  542.177487935,  1200.39
1575.90069672,  5540.56,  4153.28,  99.9763932602,  542.181440346,  1200.86
1575.92113078,  4884.51,  3698.3,  99.9764413876,  542.179556096,  1200.55
1575.94156494,  5160.5,  3889.22,  99.9765644641,  542.179887278,  1201.12
1575.9619992,  5835.58,  4358.04,  99.980462007,  542.177180489,  1199.75
1575.98243326,  6263.72,  4655.66,  99.9835913228,  542.176359234,  1199.67
1576.00286752,  6174.43,  4592.98,  99.9806058913,  542.176050386,  1200.36
1576.02330167,  5623.12,  4210.64,  99.9788993449,  542.177401644,  1200.45
1576.04373583,  4996.53,  3775.51,  99.9761452702,  542.177880181,  1198.23
1576.06416999,  5070.26,  3825.76,  99.97851452,  542.178689841,  1199.57
1576.08460415,  5741.9,  4293.28,  99.9796005586,  542.17918893,  1198.07
1576.10503831,  6232.33,  4633.6,  99.9838486458,  542.176340392,  1199.32
1576.12547247,  6221.55,  4625.35,  99.9836297422,  542.17665592,  1198.4
1576.14590663,  5746.42,  4296.67,  99.9789452235,  542.179033121,  1198.1
1576.16634079,  5030.88,  3798.95,  99.9767413411,  542.179943531,  1199.52
1576.18677505,  4958.8,  3749.18,  99.9769065836,  542.180397327,  1199.98
1576.20720911,  5645.88,  4226.84,  99.9790034177,  542.177696241,  1199.84
1576.22764337,  6153.18,  4577.93,  99.9824345422,  542.178008335,  1199.17
1576.24807753,  6251.12,  4647.33,  99.9836140752,  542.176041989,  1197.93
1576.26851159,  5815.42,  4344.54,  99.9816925164,  542.176107039,  1197.76
1576.28894585,  5142.64,  3876.2,  99.9786749506,  542.177039435,  1197.83
1576.30937991,  4930.35,  3730.19,  99.9768223839,  542.180637303,  1198.08
1576.32981407,  5533.04,  4147.98,  99.9789021488,  542.177059343,  1197.37
1576.35024833,  6124.32,  4558.69,  99.9828902095,  542.176648428,  1197.62
1576.39111665,  5916.01,  4413.89,  99.9798831248,  542.176796814,  1197.18
1576.41155081,  5259.23,  3958.54,  99.9778638389,  542.180048127,  1198.38
1576.43198487,  4852.67,  3676.67,  99.9721285657,  542.179348691,  1198.83
1576.45241913,  5455.14,  4094.0,  99.9769537944,  542.179694286,  1196.38
1576.47285329,  6027.61,  4492.32,  99.9826524909,  542.177037096,  1198.42
1576.49328735,  6281.68,  4668.06,  99.983458959,  542.176871451,  1198.38
1576.51372162,  5972.36,  4452.96,  99.9819012861,  542.178077031,  1197.88
1576.53415578,  5350.06,  4022.15,  99.9772075694,  542.180359847,  1197.15
1576.55458994,  4887.54,  3699.88,  99.9771667868,  542.179704798,  1197.17
1576.5750241,  5320.26,  4000.94,  99.9752755979,  542.180138961,  1199.34
1576.59545826,  5972.63,  4454.54,  99.9809946773,  542.177981596,  1197.31
1576.61589252,  6306.7,  4685.61,  99.9844711233,  542.179185889,  1196.58
1576.63632658,  6073.32,  4524.54,  99.9804341246,  542.177449455,  1197.63
1576.65676075,  5489.33,  4118.58,  99.9786073415,  542.178946161,  1196.44
1576.67719501,  4857.2,  3678.81,  99.97529702,  542.180593547,  1198.1
1576.69762917,  5220.02,  3932.28,  99.9772340294,  542.181362784,  1196.55
1576.71806323,  5869.83,  4383.14,  99.9795344563,  542.177522268,  1197.51
1576.73849749,  6253.46,  4649.1,  99.9843883356,  542.17728073,  1197.13
1576.75893166,  6118.53,  4556.25,  99.9823440717,  542.178564197,  1197.56
1576.77936582,  5563.87,  4169.95,  99.9783288858,  542.178843923,  1197.13
1576.79979998,  4946.71,  3742.48,  99.9732257099,  542.179372282,  1196.41
1576.82023414,  5118.43,  3861.58,  99.976421823,  542.179375232,  1197.71
1576.84066841,  5795.79,  4330.94,  99.9784921816,  542.177903108,  1197.13
1576.86110247,  6257.07,  4652.79,  99.9830611806,  542.177945782,  1196.8
1576.88153663,  6205.84,  4616.76,  99.9827664662,  542.177630799,  1196.57
1576.90197089,  5709.84,  4271.93,  99.9813080894,  542.177765712,  1196.11
1576.92240496,  4994.52,  3776.12,  99.975262436,  542.182275544,  1195.12
1576.94283912,  5021.45,  3793.96,  99.9741578569,  542.179942078,  1196.14
1576.96327328,  5719.75,  4279.12,  99.9790694668,  542.178853737,  1195.7
1576.98370745,  6190.06,  4606.51,  99.983357128,  542.176901878,  1195.49
1577.00414171,  6219.45,  4625.98,  99.9809495486,  542.177253447,  1195.45
1577.02457577,  5758.96,  4307.32,  99.9794320984,  542.179516751,  1195.42
1577.04500994,  5093.23,  3844.69,  99.977164833,  542.180820337,  1196.48
1577.0654442,  4948.93,  3743.89,  99.9734624467,  542.181065389,  1195.25
1577.08587826,  5583.25,  4185.5,  99.9794883352,  542.181598711,  1195.38
1577.10631243,  6146.81,  4576.33,  99.9784457903,  542.17911096,  1195.55
1577.12674669,  6273.9,  4663.99,  99.9851184101,  542.178266322,  1194.74
1577.14718076,  5875.11,  4388.84,  99.9815671658,  542.179283295,  1195.97
1577.16761502,  5200.94,  3919.1,  99.9782629333,  542.181896098,  1194.05
1577.18804918,  4880.14,  3697.16,  99.974207032,  542.179576296,  1194.92
1577.20848325,  5517.45,  4140.01,  99.9796492282,  542.179295372,  1193.91
1577.22891751,  6083.58,  4532.33,  99.9829000379,  542.177287622,  1196.17
1577.24935168,  6296.34,  4680.89,  99.9822380565,  542.177644872,  1193.33
1577.26978584,  5942.08,  4434.65,  99.9809207579,  542.179500146,  1195.17
1577.29022001,  5290.11,  3981.04,  99.976466431,  542.181131435,  1195.0
1577.31065417,  4890.24,  3704.84,  99.9725538419,  542.180036807,  1193.84
1577.33108833,  5385.42,  4047.9,  99.9769064451,  542.181757941,  1193.78
1577.3515226,  6002.0,  4476.53,  99.9828272182,  542.179413603,  1193.6
1577.37195666,  6297.18,  4681.87,  99.9850403937,  542.176957282,  1192.73
1577.39239093,  6041.63,  4503.33,  99.9812478755,  542.178275361,  1194.59
1577.41282509,  5439.21,  4086.01,  99.9770460012,  542.180383848,  1194.13
1577.43325916,  4855.11,  3680.38,  99.9747293546,  542.182182091,  1193.07
1577.45369343,  5291.85,  3982.67,  99.9773684509,  542.180089701,  1194.23
1577.47412759,  5939.06,  4433.45,  99.9841603646,  542.178775365,  1193.69
1577.49456166,  6277.78,  4667.63,  99.9820790073,  542.17697514,  1192.79
1577.51499592,  6082.63,  4532.54,  99.9842249821,  542.181551871,  1193.9
1577.53543009,  5506.94,  4133.39,  99.9776502066,  542.180029464,  1192.65
1577.55586425,  4916.99,  3722.72,  99.9735871185,  542.180021779,  1193.79
1577.57629842,  5165.36,  3895.6,  99.9753360672,  542.181256469,  1192.92
1577.59673248,  5829.1,  4357.01,  99.981836213,  542.180923502,  1191.68
1577.61716675,  6277.29,  4666.94,  99.9853049818,  542.178193334,  1193.24
1577.63760092,  6172.51,  4595.72,  99.9832131888,  542.178860242,  1192.95
1577.65803498,  5652.85,  4234.26,  99.9792430291,  542.181169315,  1192.24
1577.67846925,  4964.81,  3756.03,  99.9752002916,  542.18111898,  1191.56
1577.69890342,  5083.82,  3840.12,  99.9750435502,  542.181988572,  1192.02
1577.71933758,  5778.36,  4321.44,  99.9815713652,  542.176706034,  1193.7
1577.73977175,  6211.71,  4622.32,  99.9839169301,  542.179097785,  1193.01
1577.76020592,  6193.17,  4610.1,  99.9824839727,  542.178272279,  1192.49
1577.78064018,  5707.73,  4271.82,  99.9800208826,  542.179215903,  1192.28
1577.80107425,  5043.6,  3811.55,  99.9774854772,  542.182274295,  1191.82
1577.82150842,  4981.21,  3768.5,  99.9752306235,  542.179584302,  1190.74
1577.84194268,  5635.01,  4221.27,  99.9790969897,  542.18452907,  1192.2
1577.86237685,  6175.16,  4597.79,  99.982475173,  542.179920143,  1192.4
1577.88281092,  6270.55,  4663.1,  99.9837538996,  542.178086185,  1192.16
1577.90324518,  5860.89,  4378.67,  99.9782946341,  542.178831573,  1191.32
1577.92367935,  5159.88,  3892.46,  99.9749414929,  542.182634435,  1190.93
1577.94411352,  4924.31,  3728.33,  99.9754918823,  542.181676494,  1191.8
1577.96454769,  5588.4,  4189.9,  99.9822739208,  542.180786173,  1190.62
1577.98498185,  6116.39,  4557.08,  99.9848897969,  542.179463722,  1191.07
1578.00541602,  6274.04,  4665.06,  99.9838814647,  542.17676931,  1192.16
1578.02585019,  5888.68,  4399.01,  99.9801879091,  542.178909342,  1190.57
1578.04628436,  5234.52,  3944.0,  99.9766800762,  542.182216876,  1191.99
1578.06671862,  4896.9,  3708.87,  99.9733342449,  542.182512058,  1198.72
1578.08715269,  5427.71,  4078.93,  99.9784179283,  542.181483293,  1190.88
1578.10758686,  6047.1,  4507.74,  99.9846626796,  542.178384823,  1190.91
1578.12802113,  6321.37,  4698.36,  99.9836459959,  542.17919703,  1190.5
1578.1484552,  6009.43,  4482.68,  99.9798432035,  542.180085215,  1189.59
1578.16888947,  5400.01,  4058.5,  99.9762359996,  542.182116125,  1191.46
1578.18932363,  4877.57,  3696.69,  99.97683132,  542.181369599,  1191.07
1578.2097577,  5382.59,  4047.3,  99.9767776482,  542.18322599,  1189.78
1578.23019197,  5977.11,  4458.93,  99.9793355465,  542.179057677,  1192.38
1578.25062604,  6275.47,  4667.27,  99.9849551253,  542.17826602,  1191.01
1578.27106021,  6036.69,  4500.69,  99.9841284435,  542.179378371,  1191.42
1578.29149448,  5436.53,  4083.71,  99.9767854737,  542.18361383,  1190.62
1578.31192855,  4895.47,  3708.97,  99.9758277964,  542.181901279,  1190.39
1578.33236282,  5206.5,  3923.86,  99.9788938943,  542.183141931,  1191.34
1578.35279698,  5890.44,  4399.32,  99.9811717677,  542.179306703,  1191.34
1578.37323105,  6295.93,  4681.58,  99.9825636009,  542.178263212,  1191.52
1578.39366532,  6163.38,  4588.36,  99.9824112511,  542.178794158,  1191.35
1578.41409949,  5646.21,  4230.49,  99.9792802676,  542.180538425,  1189.49
1578.43453366,  4949.8,  3746.25,  99.9770990619,  542.182892101,  1190.66
1578.45496783,  5162.98,  3894.02,  99.9773901471,  542.183201685,  1190.53
1578.475402,  5825.42,  4354.74,  99.9789062465,  542.180034178,  1189.64
1578.49583617,  6238.35,  4640.85,  99.9824094319,  542.178493468,  1190.46
1578.51627034,  6177.48,  4598.76,  99.9813263644,  542.179687643,  1191.06
1578.53670451,  5638.87,  4225.19,  99.9783109791,  542.180567603,  1189.93
1578.55713878,  4995.08,  3777.21,  99.9769705384,  542.183115707,  1189.58
1578.57757295,  5034.82,  3805.52,  99.9756594896,  542.182257836,  1188.48
1578.59800702,  5705.17,  4270.71,  99.9839544879,  542.180040635,  1188.72
1578.63887546,  6266.11,  4661.19,  99.9849458849,  542.179655106,  1189.88
1578.65930953,  5823.56,  4353.16,  99.9809890051,  542.181145132,  1188.17
1578.6797438,  5127.53,  3870.53,  99.9766556031,  542.182039212,  1187.79
1578.70017797,  4987.3,  3773.29,  99.9768324704,  542.18225794,  1189.03
1578.72061204,  5646.96,  4230.5,  99.980291038,  542.183455131,  1188.15
1578.74104631,  6148.24,  4579.11,  99.9835318685,  542.180529129,  1188.81
1578.76148048,  6252.23,  4651.39,  99.9840623193,  542.181106266,  1188.05
1578.78191476,  5827.27,  4355.81,  99.9808444831,  542.180373288,  1188.24
1578.80234883,  5174.12,  3902.85,  99.9772508737,  542.182543725,  1188.26
1578.822783,  4909.95,  3719.11,  99.9762549138,  542.184213883,  1188.64
1578.84321727,  5485.96,  4118.37,  99.9791481012,  542.182186386,  1189.05
1578.86365134,  6098.41,  4544.92,  99.9831795953,  542.179728448,  1188.26
1578.88408551,  6320.58,  4698.05,  99.9853259464,  542.178987018,  1189.31
1578.90451968,  5988.82,  4468.27,  99.9814099259,  542.180040333,  1188.24
1578.92495385,  5359.26,  4030.93,  99.9805391371,  542.182041156,  1188.42
1578.94538813,  4892.23,  3705.78,  99.976360241,  542.183351975,  1187.17
1578.9658222,  5443.26,  4089.22,  99.9794919786,  542.183571663,  1188.48
1578.98625637,  6024.4,  4492.72,  99.9836060831,  542.180237934,  1187.87
1579.00669064,  6280.37,  4669.63,  99.9855196069,  542.180126064,  1187.81
1579.02712471,  6001.08,  4476.62,  99.9820348155,  542.181893514,  1188.71
1579.04755888,  5382.33,  4046.49,  99.9785453202,  542.181234962,  1187.75
1579.06799316,  4884.13,  3700.11,  99.9768642871,  542.183957921,  1187.02
1579.08842733,  5273.84,  3971.74,  99.9798093052,  542.182944688,  1188.04
1579.1088614,  5946.28,  4437.35,  99.9831083796,  542.179027261,  1188.82
1579.12929567,  6314.27,  4693.97,  99.9848066216,  542.180589389,  1185.93
1579.14972985,  6146.92,  4577.99,  99.9830557325,  542.179683059,  1186.26
1579.17016402,  5577.26,  4181.45,  99.9798554044,  542.181644194,  1186.69
1579.19059819,  4926.38,  3730.51,  99.9753515838,  542.183507541,  1186.0
1579.21103236,  5237.02,  3945.88,  99.9775866079,  542.181582085,  1186.36
1579.23146664,  5869.08,  4384.29,  99.9808380786,  542.182035918,  1186.31
1579.25190071,  6258.09,  4655.13,  99.9837368067,  542.180773767,  1187.08
1579.27233488,  6153.08,  4581.8,  99.9892833081,  542.179646314,  1185.75
1579.29276916,  5581.92,  4185.45,  99.9799593834,  542.182322949,  1186.15
1579.31320323,  4964.51,  3757.33,  99.9762522927,  542.182538197,  1186.52
1579.3336375,  5084.03,  3839.66,  99.9791208141,  542.18463309,  1186.48
1579.35407167,  5761.9,  4310.96,  99.9811620631,  542.182704157,  1186.05
1579.37450575,  6253.73,  4652.38,  99.9852857451,  542.182916412,  1186.48
1579.39494002,  6243.24,  4644.1,  99.9827438914,  542.181207596,  1186.8
1579.4153742,  5772.5,  4319.04,  99.9792147532,  542.182646623,  1185.09
1579.43580827,  5075.78,  3834.04,  99.9757226032,  542.183478424,  1184.57
1579.45624254,  5038.58,  3808.62,  99.9788803445,  542.185101939,  1185.65
1579.47667672,  5708.9,  4274.54,  99.9796883176,  542.182136782,  1187.38
1579.49711079,  6183.2,  4602.99,  99.9839471442,  542.181019315,  1188.39
1579.51754506,  6231.8,  4637.72,  99.984439838,  542.180260766,  1186.93
1579.53797914,  5778.19,  4322.7,  99.9841007734,  542.182870298,  1186.5
1579.55841341,  5134.32,  3875.02,  99.9790213794,  542.18496999,  1184.84
1579.57884759,  4941.14,  3741.87,  99.9787621351,  542.183876379,  1185.86
1579.59928176,  5552.68,  4166.01,  99.9780399654,  542.183910514,  1185.03
1579.61971593,  6149.83,  4580.48,  99.9846498308,  542.180254078,  1186.84
1579.64015011,  6320.35,  4699.83,  99.9846631929,  542.180377122,  1185.53
1579.66058428,  5940.62,  4435.05,  99.9821385384,  542.181402487,  1185.62
1579.68101846,  5284.83,  3980.32,  99.9794212069,  542.183418825,  1185.03
1579.70145263,  4899.18,  3713.53,  99.9771341627,  542.183922642,  1184.45
1579.72188691,  5496.67,  4126.91,  99.9802086476,  542.184434285,  1184.53
1579.74232108,  6056.91,  4517.22,  99.9815419795,  542.182513835,  1185.25
1579.76275516,  6271.83,  4666.01,  99.9876682867,  542.179717703,  1184.57
1579.78318943,  5954.11,  4444.91,  99.9841002126,  542.18149006,  1183.12
1579.80362361,  5323.3,  4008.35,  99.9749541056,  542.184733425,  1183.99
1579.82405768,  4894.02,  3709.05,  99.9766399277,  542.185290064,  1183.16
1579.84449196,  5347.42,  4024.32,  99.9778893231,  542.183268803,  1184.05
1579.86492613,  6002.28,  4480.24,  99.9822365493,  542.181451898,  1184.4
1579.88536021,  6341.85,  4714.89,  99.9848160941,  542.180962224,  1182.94
1579.90579448,  6097.83,  4545.98,  99.9834544434,  542.180617036,  1183.34
1579.92622866,  5502.98,  4132.92,  99.9813547243,  542.185431942,  1183.6
1579.94666293,  4889.55,  3706.71,  99.9748520087,  542.185278801,  1182.73
1579.96709701,  5288.36,  3984.32,  99.9771036807,  542.18449397,  1183.27
1579.98753119,  5915.12,  4419.16,  99.9818647945,  542.18142453,  1183.51
1580.00796546,  6270.17,  4665.46,  99.9861876911,  542.181285453,  1183.46
1580.02839954,  6103.55,  4550.95,  99.9833552908,  542.181304263,  1182.32
1580.04883371,  5548.14,  4164.2,  99.9784782662,  542.184585039,  1181.24
1580.06926799,  4942.7,  3744.36,  99.974528776,  542.183924484,  1182.82
1580.08970207,  5148.81,  3888.12,  99.9762885307,  542.186977501,  1180.94
1580.11013624,  5817.37,  4351.41,  99.9815062764,  542.183446817,  1180.91
1580.13057052,  6293.78,  4682.84,  99.9851027139,  542.181351572,  1182.87
1580.15100459,  6232.14,  4640.32,  99.9832686011,  542.18190827,  1181.26
1580.17143887,  5735.24,  4294.18,  99.9807755104,  542.182538404,  1182.18
1580.19187295,  5021.32,  3799.71,  99.9772664975,  542.184420542,  1181.49
1580.21230712,  5077.15,  3837.55,  99.976143643,  542.184909043,  1181.39
1580.2327414,  5757.8,  4310.55,  99.9814627507,  542.183146995,  1182.22
1580.25317548,  6206.91,  4623.27,  99.9844866625,  542.181888701,  1182.4
1580.27360965,  6213.72,  4627.03,  99.9835499056,  542.181314111,  1182.06
1580.29404393,  5738.37,  4297.84,  99.9807991338,  542.185063114,  1182.3
1580.31447811,  5075.96,  3837.81,  99.9770032557,  542.184374174,  1179.84
1580.33491229,  4986.57,  3774.84,  99.9777771296,  542.185151668,  1180.92
1580.35534646,  5630.61,  4223.23,  99.9802523382,  542.185309429,  1180.03
1580.37578064,  6204.56,  4621.35,  99.9831356865,  542.181787663,  1180.67
1580.39621482,  6328.31,  4706.94,  99.983632561,  542.181696448,  1179.6
1580.416649,  5902.36,  4412.4,  99.9832378643,  542.182539854,  1180.0
1580.43708317,  5230.4,  3944.61,  99.9779717569,  542.185863153,  1179.72
1580.45751745,  4923.43,  3731.94,  99.976968355,  542.184982599,  1180.55
1580.47795153,  5564.99,  4177.98,  99.9805952953,  542.183630346,  1178.53
1580.49838571,  6169.1,  4596.73,  99.9842402755,  542.186725637,  1179.18
1580.51881998,  6284.33,  4677.56,  99.9855570848,  542.181512103,  1178.92
1580.53925406,  5925.39,  4427.94,  99.9816445533,  542.182188769,  1179.21
1580.55968834,  5283.05,  3981.29,  99.9774080562,  542.183311904,  1177.81
1580.58012252,  4903.21,  3718.59,  99.9745030744,  542.186940636,  1178.75
1580.6005566,  5422.61,  4078.81,  99.9801262728,  542.185095328,  1178.33
1580.62099087,  6045.39,  4511.2,  99.9844717365,  542.183771032,  1180.09
1580.64142505,  6328.52,  4708.63,  99.9845525214,  542.1820257,  1178.63
1580.66185913,  6058.92,  4520.25,  99.9840303444,  542.182256464,  1177.07
1580.68229341,  5439.95,  4090.66,  99.9783662051,  542.185614191,  1178.07
1580.70272759,  4889.1,  3708.45,  99.9753579172,  542.18418125,  1177.44
1580.72316187,  5346.53,  4025.34,  99.9766169697,  542.186197819,  1178.14
1580.74359594,  5958.33,  4451.83,  99.9807320337,  542.183864989,  1178.4
1580.76403012,  6275.7,  4671.09,  99.9858945999,  542.182047798,  1178.1
1580.7844644,  6088.29,  4541.01,  99.9848970058,  542.184449515,  1177.58
1580.80489848,  5503.62,  4135.64,  99.9788156636,  542.185820289,  1178.21
1580.82533266,  4921.82,  3731.06,  99.9757106211,  542.189910112,  1177.99
1580.84576684,  5199.49,  3924.58,  99.9782785219,  542.183534355,  1178.09
1580.86620102,  5868.52,  4388.9,  99.9817607766,  542.188056228,  1176.21
1580.8866352,  6306.33,  4692.21,  99.9839921977,  542.182037611,  1177.22
1580.90706938,  6188.87,  4611.85,  99.9834239299,  542.182979925,  1178.18
1580.92750356,  5664.6,  4247.59,  99.9824706282,  542.184816133,  1175.82
1580.94793784,  4969.09,  3763.76,  99.9755400533,  542.185865357,  1177.29
1580.96837202,  5131.9,  3878.04,  99.9773142213,  542.186338079,  1176.05
1580.98880609,  5801.49,  4341.9,  99.9840987099,  542.184629401,  1177.48
1581.00924037,  6229.79,  4639.56,  99.9852608188,  542.183169771,  1178.49
1581.02967455,  6204.52,  4622.74,  99.9849031288,  542.183683845,  1175.51
1581.05010863,  5692.05,  4265.92,  99.9801050804,  542.183347778,  1177.04
1581.07054291,  5040.39,  3814.45,  99.9801832457,  542.185980887,  1177.05
1581.09097709,  5019.9,  3800.06,  99.9773918481,  542.186035472,  1176.55
1581.11141137,  5683.82,  4260.24,  99.9781783615,  542.186225236,  1176.37
1581.13184545,  6214.75,  4630.3,  99.9823756864,  542.1820991,  1176.22
1581.15227963,  6278.5,  4674.05,  99.9842375512,  542.182051067,  1175.26
1581.17271391,  5847.43,  4374.21,  99.979941034,  542.18349309,  1176.9
1581.193148,  5155.45,  3894.34,  99.9785628069,  542.186028753,  1174.81
1581.21358218,  4948.87,  3749.95,  99.97584531,  542.185164985,  1174.94
1581.23401646,  5621.8,  4217.97,  99.9786000306,  542.185405416,  1174.75
1581.25445054,  6099.4,  4549.91,  99.9813781305,  542.182274962,  1175.18
1581.27488472,  6243.19,  4648.9,  99.9835326056,  542.182526426,  1175.05
1581.295319,  5851.98,  4378.12,  99.9827237204,  542.185130901,  1174.33
1581.31575308,  5207.04,  3930.08,  99.9789038204,  542.187000315,  1174.78
1581.33618736,  4911.98,  3724.49,  99.9779844302,  542.18511045,  1175.01
1581.35662154,  5467.11,  4110.99,  99.977998825,  542.185468975,  1175.05
1581.37705572,  6092.61,  4544.23,  99.985144722,  542.181267602,  1175.79
1581.3974899,  6273.94,  4671.05,  99.9885929554,  542.181997839,  1173.0
1581.41792408,  5950.17,  4446.49,  99.9833088346,  542.181574872,  1174.86
1581.43835827,  5317.08,  4005.91,  99.9770352183,  542.182050671,  1173.76
1581.45879245,  4839.33,  3675.14,  99.9783075779,  542.184691625,  1174.93
1581.47922663,  5343.65,  4025.23,  99.9750501581,  542.182597788,  1173.73
1581.49966081,  5992.83,  4475.21,  99.9839997608,  542.181430557,  1174.31
1581.52009499,  6284.14,  4678.83,  99.9845614781,  542.183286589,  1173.82
1581.54052917,  6044.2,  4511.66,  99.9850380364,  542.182077032,  1173.89
1581.56096335,  5434.11,  4088.0,  99.9762778814,  542.188260732,  1173.32
1581.58139754,  4900.07,  3717.9,  99.9710332008,  542.190298656,  1173.95
1586.83297764,  5746.36,  4370.44,  99.9820842851,  542.191079284,  1152.9
1586.85341194,  5072.27,  3902.99,  99.976075716,  542.193985508,  1152.14
1586.87384604,  5020.41,  3867.37,  99.9775943819,  542.192326445,  1152.32
1586.89428034,  5720.8,  4354.05,  99.9790518818,  542.192071548,  1152.87
1586.91471454,  6230.25,  4706.95,  99.9842043588,  542.191332178,  1152.13
1586.93514863,  6307.12,  4761.09,  99.9861580585,  542.190144659,  1151.4
1586.95558293,  5855.62,  4447.03,  99.9821275275,  542.192503104,  1153.2
1586.97601713,  5153.25,  3958.92,  99.9784939017,  542.19374301,  1152.0
1586.99645133,  4924.24,  3801.16,  99.9795506109,  542.19436594,  1150.45
1587.01688553,  5628.75,  4288.91,  99.9789566634,  542.192301052,  1152.02
1587.03731973,  6158.95,  4657.2,  99.9850124403,  542.191002808,  1151.39
1587.05775403,  6312.49,  4764.15,  99.9840128915,  542.191115195,  1153.02
1587.07818823,  5931.1,  4498.27,  99.9813001303,  542.192342741,  1151.14
1587.09862233,  5254.04,  4028.81,  99.9786418532,  542.195578083,  1152.08
1587.11905663,  4922.81,  3798.09,  99.9756156981,  542.194576711,  1152.21
1587.13949083,  5472.0,  4178.61,  99.9802626089,  542.1932473,  1152.41
1587.15992493,  6097.27,  4613.36,  99.9843098528,  542.193381548,  1152.66
1587.18035923,  6327.67,  4772.02,  99.984989062,  542.192969647,  1153.87
1587.20079343,  6019.41,  4557.76,  99.9828819029,  542.193687397,  1151.18
1587.22122763,  5368.13,  4105.74,  99.9780203602,  542.19455703,  1151.59
1587.24166183,  4854.37,  3747.88,  99.9760155242,  542.195848181,  1151.35
1587.26209593,  5389.61,  4119.62,  99.9785085957,  542.194798888,  1151.12
1587.28253023,  6024.38,  4560.38,  99.9844050838,  542.191321676,  1151.24
1587.30296443,  6325.4,  4768.11,  99.985028932,  542.192088436,  1152.0
1587.32339853,  6101.12,  4613.24,  99.9850370025,  542.194853379,  1152.13
1587.34383283,  5486.02,  4185.0,  99.9813445254,  542.192766635,  1152.95
1587.36426703,  4922.57,  3792.58,  99.9791260722,  542.194123507,  1151.53
1587.38470133,  5247.98,  4019.31,  99.9774105994,  542.194256609,  1150.31
1587.40513543,  5922.63,  4486.55,  99.9840138284,  542.193296943,  1150.74
1587.42556963,  6310.91,  4755.99,  99.9858512767,  542.192161211,  1152.03
1587.44600393,  6149.08,  4643.6,  99.9845858182,  542.19202405,  1151.43
1587.46643803,  5596.13,  4258.18,  99.9820786944,  542.193148698,  1150.33
1587.50730653,  5146.77,  3946.15,  99.9808201095,  542.195234622,  1151.07
1587.52774063,  5850.04,  4433.39,  99.9837658448,  542.192360161,  1150.6
1587.54817493,  6269.01,  4725.25,  99.9847058629,  542.193323998,  1152.07
1587.56860913,  6206.5,  4680.68,  99.9845548646,  542.192037533,  1149.78
1587.58904333,  5682.31,  4316.14,  99.9806356229,  542.193415276,  1150.81
1587.60947753,  5024.64,  3859.92,  99.9790692852,  542.195045313,  1151.04
1587.62991173,  5058.11,  3881.76,  99.9786670065,  542.194078645,  1152.61
1587.65034593,  5728.1,  4347.93,  99.9831783613,  542.194161582,  1150.61
1587.67078014,  6239.48,  4702.24,  99.9848402793,  542.192441437,  1150.29
1587.69121434,  6247.55,  4706.67,  99.9863543382,  542.191759606,  1150.08
1587.71164864,  5788.3,  4387.89,  99.9839354018,  542.193869274,  1150.71
1587.73208274,  5069.59,  3888.49,  99.9741153291,  542.195481148,  1151.09
1587.75251694,  4954.47,  3807.22,  99.9796201213,  542.196467347,  1150.08
1587.77295124,  5667.83,  4303.48,  99.9820826747,  542.193062784,  1151.18
1587.79338544,  6175.25,  4654.65,  99.9859348531,  542.193919537,  1151.11
1587.81381954,  6292.62,  4736.01,  99.9842050906,  542.192518577,  1150.7
1587.83425385,  5865.56,  4439.58,  99.9840216099,  542.193120607,  1148.96
1587.85468795,  5221.58,  3990.87,  99.9772790102,  542.193948383,  1149.37
1587.87512225,  4947.2,  3801.05,  99.9753293463,  542.196535363,  1148.74
1587.89555645,  5531.26,  4206.15,  99.9809325323,  542.193206683,  1149.67
1587.91599055,  6130.57,  4620.94,  99.9862368029,  542.192538594,  1150.14
1587.93642485,  6309.47,  4745.79,  99.9853258313,  542.192534001,  1149.2
1587.95685905,  5946.5,  4492.77,  99.9836952218,  542.193838458,  1149.18
1587.97729316,  5282.82,  4031.01,  99.9767590602,  542.19559051,  1151.06
1587.99772746,  4843.78,  3726.69,  99.9756974166,  542.195996867,  1149.83
1588.01816166,  5437.01,  4137.3,  99.9789595266,  542.19423707,  1149.67
1588.03859576,  6025.39,  4546.31,  99.9834320759,  542.194916604,  1149.26
1588.05903006,  6311.71,  4745.04,  99.9850129551,  542.193152065,  1148.95
1588.07946427,  6051.95,  4563.18,  99.9837222316,  542.192258054,  1149.63
1588.09989857,  5415.52,  4121.38,  99.980494263,  542.193351804,  1149.02
1588.12033267,  4912.5,  3771.84,  99.9793107542,  542.195294068,  1149.48
1588.14076687,  5308.12,  4045.51,  99.9801020458,  542.194532114,  1148.7
1588.16120118,  5974.9,  4509.3,  99.9811869252,  542.191725309,  1148.15
1588.18163528,  6300.9,  4734.49,  99.9857891479,  542.191632246,  1149.1
1588.20206948,  6092.34,  4589.68,  99.9844522162,  542.191901848,  1148.77
1588.22250378,  5503.41,  4180.76,  99.9800807663,  542.195504704,  1147.75
1588.24293788,  4867.62,  3737.86,  99.9763143153,  542.19686732,  1148.27
1588.26337219,  5199.3,  3968.76,  99.982475462,  542.196074978,  1148.13
1588.28380639,  5877.11,  4438.98,  99.9832601793,  542.193303937,  1147.6
1588.30424059,  6278.32,  4716.45,  99.986259549,  542.192755259,  1147.84
1588.3246748,  6162.73,  4637.06,  99.9852886418,  542.19252478,  1147.05
1588.345109,  5612.27,  4254.07,  99.9846630753,  542.196354774,  1148.45
1588.3655432,  4991.21,  3822.08,  99.9775785084,  542.193775868,  1146.23
1588.3859774,  5108.76,  3904.36,  99.9795838694,  542.196400828,  1146.79
1588.40641161,  5780.17,  4369.24,  99.9834251012,  542.193622016,  1147.08
1588.42684581,  6259.28,  4702.13,  99.9852985992,  542.193157687,  1146.4
1588.44728011,  6220.91,  4675.78,  99.9834294109,  542.190833258,  1146.11
1588.46771422,  5709.19,  4319.01,  99.9827182766,  542.193493887,  1145.38
1588.48814852,  5003.96,  3829.82,  99.97725794,  542.195294711,  1145.55
1588.50858262,  4979.71,  3812.64,  99.978803385,  542.196597721,  1145.95
1588.52901682,  5693.98,  4307.77,  99.9821829264,  542.193281164,  1145.8
1588.54945113,  6178.27,  4644.59,  99.9842269297,  542.193147397,  1145.5
1588.56988523,  6250.96,  4694.07,  99.9869221391,  542.191822655,  1146.88
1588.59031943,  5801.56,  4382.12,  99.9832075149,  542.191972849,  1145.26
1588.61075374,  5147.53,  3928.09,  99.980420044,  542.194368167,  1146.45
1588.63118784,  4958.64,  3795.46,  99.978903498,  542.19537829,  1145.85
1588.65162214,  5572.26,  4222.31,  99.9822399939,  542.193754993,  1146.08
1588.67205635,  6124.41,  4605.43,  99.986015347,  542.193455814,  1144.76
1588.69249045,  6279.17,  4711.73,  99.9862068887,  542.192734172,  1145.17
1588.71292476,  5885.34,  4439.22,  99.9833843732,  542.193625219,  1143.99
1588.73335896,  5212.89,  3971.47,  99.9794690042,  542.193640413,  1144.37
1588.75379306,  4833.69,  3707.52,  99.9810824572,  542.196622118,  1145.36
1588.77422737,  5476.24,  4154.38,  99.9791648115,  542.192747214,  1145.05
1588.79466157,  6054.24,  4554.41,  99.985232758,  542.192849024,  1145.44
1588.81509577,  6298.46,  4725.01,  99.9857042037,  542.193657731,  1143.68
1588.83552998,  5980.94,  4504.3,  99.9837996058,  542.193042392,  1144.48
1588.85596418,  5336.99,  4055.64,  99.9828879651,  542.194015189,  1143.81
1588.87639849,  4895.32,  3750.05,  99.9757958893,  542.195013088,  1143.73
1588.89683259,  5353.17,  4067.2,  99.9790990979,  542.195282404,  1143.32
1588.91726679,  5989.21,  4507.94,  99.9859285413,  542.192657108,  1142.93
1588.9377011,  6288.7,  4717.45,  99.9855264914,  542.193164261,  1141.97
1588.9581353,  6016.62,  4527.03,  99.9848534204,  542.19387603,  1142.97
1588.97856941,  5423.34,  4115.25,  99.9810343051,  542.194151414,  1142.54
1588.99900371,  4813.83,  3692.04,  99.9805745623,  542.196089922,  1142.68
1589.01943792,  5235.21,  3983.6,  99.9786592576,  542.194002056,  1143.17
1589.03987202,  5908.62,  4451.61,  99.9841270941,  542.193459681,  1142.49
1589.06030633,  6276.22,  4706.26,  99.9869408105,  542.192400417,  1143.02
1589.08074053,  6108.09,  4588.8,  99.9859235006,  542.192092283,  1143.48
1589.10117483,  5556.05,  4206.47,  99.9814038437,  542.194514674,  1141.87
1589.12160894,  4958.5,  3790.51,  99.9794660622,  542.194387773,  1142.35
1589.14204314,  5153.21,  3925.18,  99.9799786573,  542.195597418,  1143.34
1589.16247735,  5799.26,  4375.07,  99.9845841973,  542.194644792,  1141.11
1589.18291155,  6254.93,  4690.28,  99.984629507,  542.192181356,  1141.99
1589.20334566,  6154.26,  4620.85,  99.9865514965,  542.193728085,  1142.12
1589.22377996,  5637.84,  4262.19,  99.9827851439,  542.192363515,  1143.12
1589.24421417,  4936.56,  3774.06,  99.9800690481,  542.195131346,  1142.79
1589.26464847,  5021.16,  3833.41,  99.9782825354,  542.195182766,  1140.51
1589.28508258,  5729.13,  4324.7,  99.9850641699,  542.192748234,  1141.85
1589.30551678,  6193.85,  4646.54,  99.9865192151,  542.192089633,  1141.04
1589.32595109,  6227.45,  4670.96,  99.9867561271,  542.193436552,  1141.7
1589.34638519,  5756.89,  4343.48,  99.9831593835,  542.193775692,  1140.45
1589.3668194,  5096.01,  3884.15,  99.9793119049,  542.194001084,  1142.48
1589.3872537,  4973.75,  3799.62,  99.9785678423,  542.196988436,  1140.74
1589.40768781,  5609.47,  4239.81,  99.9821555149,  542.194036424,  1141.87
1589.42812201,  6160.08,  4623.3,  99.9847369974,  542.192418338,  1140.38
1589.44855632,  6238.15,  4677.23,  99.9862705011,  542.192581172,  1141.53
1589.46899052,  5816.49,  4383.45,  99.9843746949,  542.193852567,  1140.55
1589.48942473,  5132.12,  3909.03,  99.9809789085,  542.194701776,  1141.39
1589.50985894,  4848.4,  3711.77,  99.9782387397,  542.19644968,  1139.89
1589.53029314,  5521.61,  4178.35,  99.9826059501,  542.193382665,  1141.56
1589.55072735,  6086.35,  4571.23,  99.9879347441,  542.194503805,  1139.98
1589.57116155,  6277.09,  4703.21,  99.9874180768,  542.191784466,  1140.69
1589.59159576,  5920.21,  4455.31,  99.9868811781,  542.193898431,  1141.33
1589.61203006,  5284.03,  4014.06,  99.9790971784,  542.194131483,  1141.23
1589.63246417,  4894.78,  3742.5,  99.9801114621,  542.195719822,  1141.07
1589.65289838,  5405.85,  4098.21,  99.9823314137,  542.193791526,  1140.41
1589.67333268,  6012.01,  4518.72,  99.9863935065,  542.194118161,  1140.59
1589.69376679,  6262.29,  4691.76,  99.9879233234,  542.193002001,  1140.31
1589.71420109,  5956.35,  4480.53,  99.9868325903,  542.193299442,  1140.99
1589.7346353,  5352.89,  4060.53,  99.9797676369,  542.194934401,  1140.91
1589.75506941,  4802.21,  3677.81,  99.9782581935,  542.194604862,  1140.98
1589.77550371,  5296.46,  4021.92,  99.9798622893,  542.195293347,  1141.48
1589.79593792,  5932.42,  4462.47,  99.9856833564,  542.192956658,  1141.66
1589.81637202,  6271.89,  4698.58,  99.9869636823,  542.1920917,  1141.29
1589.85724044,  5496.19,  4159.54,  99.9830280341,  542.194059586,  1141.17
1589.87767474,  4923.8,  3763.13,  99.9782530468,  542.197491567,  1140.49
1589.89810895,  5194.33,  3950.52,  99.9806140909,  542.194234702,  1140.12
1589.91854306,  5847.52,  4403.4,  99.9859086173,  542.192736781,  1139.77
1589.93897736,  6256.81,  4688.91,  99.987864005,  542.19132582,  1140.83
1589.95941157,  6104.56,  4582.24,  99.9855594436,  542.192772373,  1140.04
1589.97984568,  5566.9,  4209.36,  99.9841463643,  542.195124961,  1140.42
1590.00027998,  4883.39,  3735.18,  99.977942132,  542.196525888,  1139.79
1590.02071419,  5064.6,  3859.84,  99.9805659004,  542.196351415,  1140.39
1590.0411484,  5769.39,  4350.18,  99.985941093,  542.193097504,  1139.7
1590.0615826,  6218.79,  4662.17,  99.9883460542,  542.192064372,  1139.48
1590.08201681,  6202.38,  4649.6,  99.9881400573,  542.191012396,  1141.66
1590.10245112,  5684.57,  4291.34,  99.9826345838,  542.194116363,  1139.51
1590.12288522,  5027.74,  3834.81,  99.9809717946,  542.196632644,  1139.26
1590.14331943,  5012.65,  3824.33,  99.9802292005,  542.195893616,  1139.88
1590.16375374,  5654.63,  4270.63,  99.9837262652,  542.194277621,  1138.28
1590.18418795,  6173.54,  4629.79,  99.9864842312,  542.192332293,  1139.23
1590.20462205,  6209.18,  4654.95,  99.9862634446,  542.194084341,  1138.78
1590.22505636,  5765.5,  4347.09,  99.9858003332,  542.192944991,  1139.17
1590.24549057,  5064.95,  3859.64,  99.9794671043,  542.19539662,  1139.81
1590.26592467,  4880.97,  3732.92,  99.9790165672,  542.194880112,  1141.33
1590.28635898,  5564.11,  4206.88,  99.9847061853,  542.195666575,  1139.18
1590.30679319,  6119.89,  4591.94,  99.9862776334,  542.193725205,  1140.35
1590.3272275,  6274.01,  4700.37,  99.9872531951,  542.191598084,  1139.83
1590.3476616,  5872.24,  4420.14,  99.9870163939,  542.193597906,  1138.29
1590.36809581,  5219.18,  3967.18,  99.980902645,  542.195422594,  1139.29
1590.38853012,  4920.14,  3759.7,  99.9789211282,  542.195750171,  1139.13
1590.40896423,  5459.11,  4132.5,  99.9819687823,  542.194978177,  1137.85
1590.42939843,  6060.79,  4551.66,  99.9866342294,  542.193916694,  1138.8
1590.44983264,  6255.37,  4686.25,  99.9857968012,  542.192726575,  1139.02
1590.47026685,  5932.27,  4461.37,  99.987227637,  542.193074233,  1138.88
1590.49070116,  5296.64,  4020.87,  99.9814652156,  542.196765089,  1138.17
1590.51113526,  4808.27,  3680.91,  99.980546646,  542.194988275,  1139.23
1590.53156947,  5361.41,  4064.82,  99.9822605233,  542.194740229,  1139.77
1590.55200378,  5974.64,  4491.57,  99.9888335571,  542.195795435,  1138.12
1590.57243789,  6275.31,  4699.15,  99.98970038,  542.192709309,  1137.76
1590.5928721,  6026.42,  4526.8,  99.9871766656,  542.195011942,  1137.42
1590.6133064,  5427.85,  4111.14,  99.9850125222,  542.194183457,  1139.2
1590.63374051,  4913.8,  3753.33,  99.9787904498,  542.195067894,  1138.18
1590.65417472,  5243.73,  3983.83,  99.9830277385,  542.196570187,  1137.76
1590.67460903,  5896.62,  4436.94,  99.9858804876,  542.193641596,  1138.21
1590.69504324,  6261.77,  4689.46,  99.9898380518,  542.192554396,  1138.88
1590.71547744,  6069.46,  4557.26,  99.9869412517,  542.194204989,  1138.54
1590.73591165,  5511.05,  4168.5,  99.9844238703,  542.194083892,  1138.26
1590.75634586,  4853.62,  3712.39,  99.9794995774,  542.197984325,  1137.46
1590.77678007,  5125.57,  3901.04,  99.9783102113,  542.194881318,  1138.12
1590.79721428,  5801.21,  4369.65,  99.9844949716,  542.193588992,  1139.61
1590.81764849,  6236.77,  4672.66,  99.9883391824,  542.192773148,  1138.11
1590.8380828,  6157.9,  4617.96,  99.9914234978,  542.194327196,  1138.03
1590.8585169,  5628.66,  4249.63,  99.9833509083,  542.194363757,  1136.64
1590.87895111,  4998.8,  3813.5,  99.9792660219,  542.196076302,  1137.09
1590.89938542,  5072.25,  3863.43,  99.9812969968,  542.194676093,  1140.07
1590.91981953,  5703.61,  4301.49,  99.9850455168,  542.193966852,  1137.79
1590.94025384,  6197.44,  4645.68,  99.9863112599,  542.194162431,  1138.16
1590.96068805,  6194.44,  4642.05,  99.9889738443,  542.193594827,  1135.71
1590.98112216,  5726.84,  4317.32,  99.9880131258,  542.194411659,  1137.88
1591.00155646,  5014.48,  3822.81,  99.9816147771,  542.19688416,  1137.12
