Kepler I.D.-----Channel

[6507541]--------[47]

-TTYPE1--------TTYPE8------------TTYPE4-----------TTYPE15------------TTYPE17-----------TTYPE6

['TIME']---['PDCSAP_FLUX']---['SAP_FLUX']---['MOM_CENTR1']---['MOM_CENTR2']---['SAP_BKG']

['BJD - 2454833']--['e-/s']--------['e-/s']---------['pixel']---------['pixel']----------['e-/s']

CROWDSAP --- 0.9898

6507541

1559.2466731,  10866.2,  8916.11,  769.213750309,  154.738122434,  810.853
1559.26710743,  10829.1,  8887.35,  769.21205838,  154.737595829,  810.688
1559.28754187,  10817.0,  8877.14,  769.212647039,  154.737468307,  810.26
1559.30797611,  10799.1,  8862.28,  769.211968826,  154.73869582,  810.027
1559.32841045,  10792.9,  8858.16,  769.213137595,  154.738837111,  809.354
1559.34884488,  10804.6,  8865.88,  769.212314934,  154.738201879,  809.881
1559.36927912,  10827.4,  8885.28,  769.212279785,  154.73750812,  809.498
1559.38971356,  10854.6,  8907.87,  769.213034628,  154.738030226,  810.061
1559.4101479,  10869.5,  8917.98,  769.212111606,  154.7387943,  810.009
1559.43058223,  10873.6,  8922.32,  769.212439531,  154.73863861,  809.297
1559.45101657,  10867.9,  8917.27,  769.212123801,  154.739172203,  810.339
1559.47145091,  10852.7,  8904.71,  769.212973396,  154.739166557,  809.665
1559.49188525,  10837.4,  8893.45,  769.212519548,  154.739085391,  809.321
1559.51231959,  10840.8,  8894.86,  769.211119361,  154.73908085,  809.268
1559.53275393,  10846.7,  8899.94,  769.212373579,  154.740048535,  809.358
1559.55318827,  10850.1,  8903.65,  769.212108344,  154.739200977,  809.134
1559.57362261,  10851.0,  8902.97,  769.212328129,  154.739818081,  808.873
1559.59405695,  10841.2,  8895.8,  769.212343481,  154.74018283,  808.885
1559.61449129,  10815.0,  8874.72,  769.212871406,  154.739905536,  809.142
1559.63492563,  10801.3,  8862.5,  769.21294982,  154.739263588,  808.388
1559.65535997,  10801.0,  8863.28,  769.212248644,  154.739872028,  808.435
1559.67579441,  10804.4,  8865.98,  769.212304432,  154.739544615,  809.286
1559.69622865,  10830.6,  8885.95,  769.21251276,  154.74040129,  808.899
1559.71666299,  10859.9,  8910.24,  769.212484629,  154.739656512,  808.98
1559.73709743,  10870.4,  8918.29,  769.21191393,  154.739866234,  807.913
1559.75753167,  10872.4,  8919.7,  769.212350296,  154.739681832,  807.155
1559.77796611,  10865.1,  8915.01,  769.212035677,  154.740762022,  808.333
1559.79840045,  10851.5,  8901.87,  769.211312506,  154.740830598,  807.327
1559.81883469,  10847.0,  8898.5,  769.212016435,  154.741440008,  808.162
1559.83926914,  10840.1,  8894.31,  769.212311955,  154.740233957,  807.244
1559.85970348,  10841.4,  8894.29,  769.21171861,  154.73991396,  808.479
1559.88013772,  10855.1,  8905.78,  769.212950274,  154.741423755,  807.56
1559.90057216,  10855.9,  8906.18,  769.21238965,  154.741122263,  807.022
1559.9210065,  10833.0,  8886.86,  769.212719712,  154.741255622,  806.782
1559.94144095,  10828.9,  8884.63,  769.213416743,  154.741507206,  808.246
1559.96187519,  10805.3,  8864.42,  769.212158243,  154.741564215,  807.245
1559.98230953,  10799.4,  8859.83,  769.211771796,  154.74032118,  807.371
1560.00274398,  10811.3,  8869.78,  769.212072924,  154.740571857,  807.447
1560.02317822,  10835.0,  8888.2,  769.21170764,  154.740946137,  807.246
1560.04361256,  10859.4,  8908.4,  769.212066713,  154.740520316,  807.468
1560.06404701,  10874.5,  8920.75,  769.212125325,  154.740959844,  807.341
1560.08448125,  10880.2,  8924.36,  769.212237054,  154.74119759,  806.677
1560.10491569,  10872.5,  8919.73,  769.211952147,  154.74094073,  805.986
1560.12535004,  10846.2,  8898.14,  769.212661861,  154.74190466,  807.011
1560.14578428,  10843.0,  8894.34,  769.212283658,  154.740480732,  806.72
1560.16621873,  10838.9,  8892.71,  769.21267403,  154.740489107,  806.723
1560.18665307,  10849.1,  8899.6,  769.212156158,  154.742232606,  806.791
1560.20708732,  10867.8,  8914.01,  769.212642963,  154.741810257,  806.883
1560.22752176,  10860.6,  8910.29,  769.212751974,  154.741323837,  806.193
1560.24795611,  10840.6,  8892.5,  769.212202743,  154.741705096,  807.197
1560.26839035,  10814.4,  8871.63,  769.211810357,  154.741843462,  806.072
1560.2888248,  10820.0,  8875.56,  769.211445131,  154.741933285,  806.062
1560.30925914,  10803.7,  8861.7,  769.212700876,  154.742210368,  805.617
1560.32969349,  10816.6,  8873.35,  769.211873534,  154.741764149,  805.648
1560.35012783,  10830.2,  8883.46,  769.211739665,  154.742611936,  805.454
1560.37056218,  10854.9,  8902.94,  769.212088542,  154.742511703,  806.158
1560.39099662,  10868.5,  8914.89,  769.212573056,  154.742399828,  805.682
1560.41143087,  10888.7,  8930.01,  769.214061649,  154.741666548,  805.633
1560.43186522,  10877.8,  8921.76,  769.212181154,  154.7413551,  805.867
1560.45229966,  10849.3,  8900.02,  769.212180333,  154.741718024,  804.686
1560.47273391,  10843.0,  8893.57,  769.211849256,  154.741759849,  805.377
1560.49316836,  10844.9,  8894.9,  769.212391671,  154.742049576,  804.878
1560.51360271,  10845.8,  8896.92,  769.212083986,  154.742153599,  804.414
1560.53403695,  10860.8,  8907.45,  769.212515277,  154.742091391,  804.976
1560.5544714,  10859.2,  8907.31,  769.211635533,  154.742264442,  805.0
1560.57490575,  10842.6,  8893.53,  769.212639534,  154.742370719,  804.922
1560.59534,  10826.0,  8879.07,  769.212035,  154.742890508,  805.188
1560.61577444,  10807.7,  8865.23,  769.212576272,  154.741874042,  805.578
1560.63620879,  10800.5,  8858.53,  769.21186058,  154.742386004,  805.106
1560.65664314,  10809.5,  8866.77,  769.211756628,  154.742235692,  804.703
1560.67707749,  10838.8,  8890.5,  769.212292746,  154.742006936,  804.607
1560.69751184,  10851.8,  8899.43,  769.213160317,  154.742659094,  805.14
1560.73838054,  10879.6,  8922.36,  769.211868301,  154.74272419,  804.99
1560.75881488,  10866.1,  8910.92,  769.213001942,  154.741652282,  804.222
1560.77924933,  10854.6,  8901.76,  769.211937141,  154.7424309,  804.175
1560.79968358,  10848.3,  8896.25,  769.212816739,  154.741949809,  803.984
1560.82011793,  10832.8,  8884.04,  769.212488117,  154.742167444,  805.815
1560.84055238,  10865.6,  8912.28,  769.21372397,  154.74252882,  813.606
1560.96315848,  10799.0,  8859.65,  769.210277231,  154.743417095,  824.56
1560.98359274,  10810.4,  8868.19,  769.213273827,  154.742624962,  823.147
1561.00402719,  10823.3,  8880.64,  769.213798031,  154.74238116,  821.92
1561.02446154,  10892.8,  8934.49,  769.21508933,  154.741673871,  820.243
1561.04489599,  10903.1,  8942.23,  769.214257626,  154.741279371,  819.523
1561.06533024,  10887.5,  8929.69,  769.212191994,  154.744109157,  819.068
1561.08576459,  10889.8,  8930.56,  769.212281681,  154.743859775,  819.78
1561.10619904,  10858.9,  8906.25,  769.212620079,  154.742146782,  817.165
1561.1266333,  10832.7,  8884.23,  769.212112846,  154.743801265,  815.504
1561.14706765,  10831.1,  8882.2,  769.212353444,  154.743290764,  815.087
1561.1675021,  10853.1,  8901.58,  769.213550771,  154.743219577,  813.248
1561.18793635,  10853.8,  8901.5,  769.213259877,  154.744780821,  812.316
1561.20837071,  10840.3,  8890.59,  769.212844156,  154.745750662,  812.331
1561.22880516,  10844.0,  8893.22,  769.211650373,  154.74310602,  811.319
1561.24923941,  10813.5,  8868.94,  769.21189506,  154.7437327,  811.629
1561.26967387,  10800.5,  8857.37,  769.211409059,  154.744612239,  810.53
1561.29010822,  10798.8,  8856.36,  769.211373501,  154.74458759,  809.876
1561.31054257,  10800.0,  8855.27,  769.211447249,  154.743625104,  809.059
1561.33097693,  10823.5,  8874.79,  769.212575923,  154.744070819,  809.51
1561.35141128,  10853.8,  8900.65,  769.212671523,  154.743026645,  808.536
1561.37184563,  10865.3,  8909.62,  769.213132643,  154.744283584,  807.901
1561.39227999,  10867.8,  8912.37,  769.213108998,  154.743660904,  807.009
1561.41271434,  10860.7,  8905.89,  769.213169858,  154.743539946,  807.424
1561.4331488,  10843.5,  8891.27,  769.211192136,  154.743870516,  807.083
1561.45358305,  10834.9,  8884.73,  769.212293699,  154.744741395,  805.768
1561.47401741,  10836.0,  8886.2,  769.211434296,  154.742821084,  804.845
1561.49445176,  10845.5,  8892.59,  769.211768988,  154.743198309,  805.987
1561.51488612,  10843.6,  8891.19,  769.211581763,  154.743883052,  806.036
1561.53532047,  10852.6,  8897.38,  769.21282893,  154.74462015,  805.673
1561.55575493,  10835.1,  8883.91,  769.211824938,  154.743358761,  804.697
1561.57618918,  10822.7,  8874.65,  769.212116613,  154.743548795,  804.038
1561.59662354,  10801.6,  8856.99,  769.213115054,  154.743649683,  803.303
1561.61705799,  10798.3,  8854.61,  769.212842194,  154.743933144,  803.737
1561.63749225,  10805.0,  8859.15,  769.211663217,  154.743187992,  803.898
1561.65792671,  10832.6,  8881.62,  769.212145235,  154.745254217,  804.523
1561.67836106,  10852.6,  8897.89,  769.214649871,  154.743107684,  804.194
1561.69879532,  10869.7,  8911.0,  769.212682265,  154.744410994,  802.531
1561.71922978,  10871.0,  8911.88,  769.212764998,  154.744418856,  802.771
1561.73966413,  10867.8,  8910.63,  769.212865819,  154.743975603,  803.636
1561.76009839,  10845.4,  8890.64,  769.211734563,  154.743584345,  802.546
1561.78053285,  10841.7,  8888.54,  769.212080279,  154.744363624,  803.213
1561.80096721,  10830.6,  8879.86,  769.212370255,  154.744683415,  802.76
1561.82140166,  10841.8,  8887.49,  769.21384609,  154.74465109,  802.849
1561.84183592,  10854.3,  8898.01,  769.212896827,  154.744625265,  801.978
1561.86227028,  10846.2,  8890.92,  769.212391509,  154.745554895,  802.619
1561.88270474,  10838.6,  8884.76,  769.211696153,  154.744308661,  801.851
1561.90313899,  10809.0,  8861.25,  769.212003258,  154.74455941,  801.481
1561.92357335,  10807.8,  8860.6,  769.212599183,  154.744882608,  801.82
1561.94400781,  10794.0,  8848.68,  769.21197731,  154.744762962,  801.867
1561.96444207,  10804.5,  8857.5,  769.212224929,  154.7450476,  801.622
1561.98487643,  10823.3,  8872.08,  769.212995994,  154.743698824,  801.349
1562.00531089,  10851.7,  8895.43,  769.213176935,  154.744865032,  800.484
1562.02574525,  10869.4,  8910.22,  769.212017112,  154.744053151,  801.073
1562.04617961,  10872.6,  8911.06,  769.213291958,  154.74445813,  801.392
1562.06661397,  10867.9,  8908.86,  769.212203493,  154.745073029,  800.291
1562.08704823,  10851.3,  8895.54,  769.213014708,  154.745443464,  800.745
1562.10748269,  10828.8,  8876.32,  769.21287978,  154.744078843,  800.06
1562.12791704,  10829.9,  8877.59,  769.213080491,  154.745399315,  800.499
1562.1483513,  10847.9,  8892.2,  769.212028361,  154.74425967,  799.824
1562.16878577,  10853.4,  8895.69,  769.21274044,  154.745790548,  800.46
1562.18922013,  10855.2,  8897.94,  769.212065601,  154.745034731,  800.002
1562.20965459,  10834.3,  8880.21,  769.212645405,  154.744748639,  799.544
1562.23008885,  10817.0,  8866.67,  769.211896279,  154.745433232,  800.375
1562.25052321,  10804.7,  8857.72,  769.212205935,  154.744853631,  799.527
1562.27095767,  10788.0,  8843.25,  769.212995572,  154.745313297,  799.429
1562.29139193,  10804.4,  8856.18,  769.212111763,  154.745286031,  799.761
1562.31182629,  10828.1,  8875.42,  769.211956359,  154.744923088,  799.321
1562.33226075,  10844.0,  8888.09,  769.21215453,  154.744511008,  799.038
1562.35269501,  10868.6,  8908.72,  769.212455915,  154.74497732,  799.114
1562.37312948,  10871.8,  8910.51,  769.212583687,  154.745854035,  799.096
1562.39356384,  10860.2,  8900.5,  769.212348745,  154.746232966,  799.172
1562.4139981,  10842.4,  8887.33,  769.211379559,  154.745295005,  798.559
1562.43443256,  10829.0,  8875.27,  769.212509503,  154.745564802,  799.45
1562.45486692,  10834.3,  8879.34,  769.211233876,  154.745696065,  798.946
1562.47530119,  10842.8,  8886.9,  769.211678699,  154.744560805,  798.433
1562.49573565,  10844.6,  8887.67,  769.212678624,  154.745334695,  799.39
1562.51617001,  10858.4,  8899.93,  769.213179582,  154.745212614,  797.974
1562.53660438,  10844.2,  8888.19,  769.212241517,  154.745877921,  797.771
1562.55703874,  10813.2,  8862.8,  769.21233827,  154.745640229,  798.86
1562.5774731,  10799.5,  8851.96,  769.211403577,  154.746399493,  797.939
1562.59790757,  10795.6,  8847.85,  769.211991112,  154.744539696,  798.289
1562.61834183,  10795.4,  8847.68,  769.212785059,  154.746591382,  798.415
1562.63877619,  10840.8,  8885.53,  769.213159898,  154.745642494,  797.729
1562.65921066,  10856.8,  8897.47,  769.210923098,  154.745586235,  798.26
1562.67964502,  10862.2,  8902.53,  769.212739176,  154.745886626,  797.552
1562.70007929,  10872.3,  8910.26,  769.211721119,  154.746384678,  797.736
1562.72051375,  10863.8,  8902.71,  769.212587677,  154.746417865,  798.337
1562.74094801,  10845.8,  8888.95,  769.211108579,  154.745839129,  797.331
1562.76138248,  10829.6,  8875.6,  769.212672098,  154.745827892,  797.466
1562.78181684,  10841.8,  8884.42,  769.213036965,  154.746189769,  797.285
1562.80225111,  10843.4,  8887.02,  769.212447032,  154.745990611,  796.417
1562.82268557,  10850.4,  8892.5,  769.212380623,  154.746046886,  796.89
1562.84311994,  10846.2,  8888.15,  769.212481249,  154.746243573,  797.235
1562.86355421,  10843.1,  8886.73,  769.212610924,  154.745801949,  796.577
1562.88398867,  10819.6,  8867.62,  769.212598385,  154.7457665,  796.886
1562.90442304,  10803.9,  8854.84,  769.212616038,  154.746251321,  796.571
1562.9248573,  10794.3,  8846.66,  769.212636928,  154.746321956,  797.261
1562.94529177,  10800.0,  8851.04,  769.212285409,  154.74544863,  796.302
1562.96572613,  10831.0,  8876.34,  769.213595004,  154.745835049,  796.712
1562.9861606,  10851.7,  8892.45,  769.212121399,  154.745921124,  796.544
1563.00659487,  10861.6,  8900.13,  769.212135411,  154.747537853,  796.518
1563.02702923,  10871.8,  8909.15,  769.211992995,  154.746730809,  797.912
1563.0474637,  10859.9,  8898.15,  769.212544393,  154.746001908,  797.148
1563.06789797,  10853.4,  8893.24,  769.211338005,  154.74625055,  796.606
1563.08833234,  10835.8,  8880.4,  769.211832076,  154.74719267,  796.465
1563.1087668,  10837.8,  8880.7,  769.21291362,  154.746744524,  796.192
1563.12920107,  10847.2,  8889.08,  769.212188655,  154.746186466,  796.409
1563.14963554,  10852.8,  8893.76,  769.212766658,  154.746776243,  795.981
1563.17006991,  10856.0,  8895.15,  769.212945855,  154.746168801,  796.373
1563.19050427,  10842.9,  8885.54,  769.212470637,  154.746798162,  795.673
1563.21093864,  10822.8,  8868.86,  769.211942625,  154.74630065,  796.047
1563.23137301,  10805.3,  8854.95,  769.211776919,  154.746060002,  795.805
1563.25180738,  10793.2,  8844.89,  769.212323766,  154.746165388,  795.698
1563.27224175,  10800.6,  8849.82,  769.212317424,  154.746971088,  796.347
1563.29267612,  10823.2,  8868.9,  769.212466679,  154.746624699,  797.058
1563.31311048,  10853.8,  8893.86,  769.212678749,  154.746497513,  797.989
1563.33354495,  10872.1,  8907.52,  769.2133372,  154.747618458,  800.222
1563.35397922,  10873.3,  8909.53,  769.212890644,  154.746855862,  800.226
1563.37441359,  10854.4,  8894.25,  769.212508109,  154.74654715,  800.574
1563.39484796,  10842.7,  8883.86,  769.212336028,  154.746275074,  800.859
1563.41528233,  10841.8,  8884.33,  769.21254102,  154.746744342,  800.363
1563.4357168,  10833.4,  8876.49,  769.211613003,  154.746848271,  800.944
1563.45615107,  10843.0,  8883.9,  769.212554395,  154.746915645,  801.41
1563.47658544,  10851.2,  8892.06,  769.212567044,  154.747302797,  800.398
1563.49701991,  10849.1,  8888.62,  769.213867389,  154.746567076,  801.616
1563.51745418,  10844.6,  8886.03,  769.213049942,  154.746965909,  801.96
1563.53788865,  10821.3,  8866.84,  769.212117782,  154.748480372,  802.257
1563.55832302,  10802.7,  8850.84,  769.211633445,  154.74644041,  801.572
1563.57875729,  10796.6,  8847.2,  769.211986805,  154.746699642,  801.284
1563.59919176,  10806.9,  8855.84,  769.212633425,  154.747114267,  800.472
1563.61962614,  10824.4,  8868.45,  769.212295864,  154.746963491,  800.939
1563.64006041,  10846.5,  8887.37,  769.21127518,  154.747289812,  800.738
1563.66049488,  10866.5,  8902.85,  769.213392197,  154.747600627,  800.319
1563.68092925,  10874.3,  8908.48,  769.211820039,  154.747609413,  799.392
1563.72179799,  10849.5,  8888.12,  769.213041488,  154.747825439,  798.886
1563.74223237,  10831.4,  8874.1,  769.211874714,  154.747263062,  798.669
1563.76266684,  10832.7,  8875.33,  769.211819862,  154.747432263,  798.841
1563.78310111,  10839.7,  8879.36,  769.211642646,  154.747144664,  798.293
1563.80353548,  10849.0,  8887.77,  769.212034904,  154.747989987,  798.455
1563.82396996,  10850.7,  8889.29,  769.211906409,  154.747734833,  798.316
1563.84440433,  10839.3,  8878.93,  769.212829697,  154.747919543,  798.43
1563.8648386,  10815.6,  8860.05,  769.211463752,  154.747819696,  798.656
1563.88527307,  10807.7,  8854.17,  769.213343313,  154.746666966,  798.706
1563.90570745,  10797.8,  8845.76,  769.211852077,  154.747272838,  798.961
1563.92614182,  10798.4,  8847.18,  769.211965113,  154.747354707,  798.537
1563.94657619,  10813.0,  8857.17,  769.212620594,  154.748012907,  798.677
1563.96701057,  10852.5,  8889.53,  769.212265448,  154.748093334,  797.446
1563.98744494,  10868.6,  8903.58,  769.212368679,  154.746561123,  797.742
1564.00787932,  10869.0,  8902.83,  769.213098149,  154.74774801,  798.298
1564.02831369,  10859.6,  8895.76,  769.212921609,  154.747461283,  798.782
1564.04874806,  10842.5,  8881.75,  769.21275866,  154.748356923,  797.899
1564.06918244,  10829.2,  8870.09,  769.213748325,  154.747899454,  798.927
1564.08961691,  10831.4,  8872.73,  769.212963901,  154.747288599,  799.89
1564.11005119,  10836.6,  8875.95,  769.213529159,  154.747549376,  799.145
1564.13048556,  10847.6,  8884.72,  769.213329837,  154.747267761,  799.015
1564.15092004,  10850.1,  8887.57,  769.212641417,  154.747934228,  798.505
1564.17135431,  10837.7,  8876.64,  769.212821167,  154.747781826,  798.402
1564.19178869,  10818.2,  8861.32,  769.212171961,  154.747691632,  798.393
1564.21222316,  10804.9,  8850.52,  769.212918647,  154.747446031,  798.486
1564.23265744,  10794.5,  8841.62,  769.213572321,  154.747255983,  797.615
1564.25309181,  10803.8,  8849.56,  769.211870896,  154.747829988,  797.155
1564.27352629,  10818.4,  8861.16,  769.213011784,  154.746964149,  797.81
1564.29396057,  10838.9,  8876.87,  769.212053311,  154.748381481,  796.923
1564.31439504,  10859.5,  8895.14,  769.212537459,  154.748521804,  796.289
1564.33482942,  10874.5,  8905.81,  769.212185536,  154.747699993,  798.771
1564.3552637,  10858.7,  8893.14,  769.211447423,  154.747012271,  795.706
1564.37569817,  10839.8,  8878.89,  769.212087233,  154.748599348,  795.986
1564.39613255,  10840.8,  8878.68,  769.21170712,  154.748211386,  796.315
1564.41656693,  10832.8,  8871.96,  769.212914543,  154.748030667,  796.466
1564.4370013,  10837.0,  8876.59,  769.212201027,  154.748234342,  796.066
1564.45743568,  10845.8,  8882.5,  769.211969066,  154.748372395,  794.989
1564.47787016,  10855.1,  8890.58,  769.21339068,  154.748422785,  795.878
1564.49830453,  10841.2,  8878.68,  769.212132658,  154.747789063,  794.985
1564.51873881,  10813.4,  8856.03,  769.212519352,  154.748059521,  795.842
1564.53917329,  10802.1,  8847.32,  769.212089514,  154.748450049,  793.825
1564.55960767,  10795.2,  8841.64,  769.212197944,  154.747539181,  793.565
1564.58004195,  10798.3,  8843.83,  769.211968515,  154.748564946,  793.796
1564.60047642,  10815.0,  8858.13,  769.212540054,  154.74888029,  794.017
1564.6209108,  10842.8,  8879.71,  769.213324207,  154.748871467,  792.865
1564.64134508,  10867.7,  8899.82,  769.211948891,  154.748874977,  793.133
1564.66177956,  10873.0,  8904.92,  769.212326672,  154.748945002,  792.34
1564.68221384,  10867.1,  8898.98,  769.212185284,  154.749132708,  792.334
1564.70264832,  10845.3,  8881.96,  769.213068491,  154.748565554,  791.454
1564.7230827,  10832.2,  8870.7,  769.212046763,  154.748470322,  791.251
1564.74351698,  10834.5,  8872.46,  769.213166692,  154.748753618,  791.07
1564.76395146,  10838.2,  8875.97,  769.21298569,  154.749150711,  791.061
1564.78438583,  10848.1,  8883.42,  769.213059407,  154.749149263,  790.293
1564.80482011,  10845.9,  8881.69,  769.212785089,  154.748742032,  790.919
1564.82525459,  10845.0,  8881.71,  769.21271014,  154.748622799,  790.499
1564.84568897,  10814.9,  8855.99,  769.212264115,  154.74874194,  790.719
1564.86612345,  10804.2,  8847.81,  769.214191672,  154.747730755,  789.606
1564.88655773,  10788.8,  8835.96,  769.212076126,  154.749346057,  790.054
1564.90699211,  10797.5,  8842.22,  769.212523954,  154.748266606,  790.222
1564.9274266,  10831.3,  8870.06,  769.212030651,  154.749481834,  789.683
1564.94786088,  10853.8,  8888.06,  769.212041695,  154.748794521,  789.531
1564.96829526,  10861.8,  8894.14,  769.212633217,  154.748762329,  789.97
1564.98872974,  10869.3,  8900.57,  769.211863654,  154.74894602,  789.46
1565.00916402,  10859.4,  8891.71,  769.212478964,  154.74879753,  789.676
1565.0295984,  10846.6,  8881.38,  769.213195418,  154.748918701,  789.788
1565.05003288,  10829.8,  8868.48,  769.213027331,  154.749302737,  789.941
1565.07046726,  10831.8,  8868.81,  769.212981138,  154.749090517,  789.31
1565.09090164,  10837.8,  8874.27,  769.212138388,  154.749050643,  789.747
1565.11133603,  10842.8,  8878.23,  769.212864696,  154.749461623,  789.35
1565.13177041,  10841.8,  8876.97,  769.213104046,  154.749486056,  789.019
1565.15220479,  10838.3,  8874.43,  769.212283608,  154.749159484,  788.8
1565.17263917,  10827.1,  8865.53,  769.211970148,  154.749186437,  789.445
1565.19307356,  10799.0,  8841.55,  769.212318494,  154.749036983,  789.131
1565.21350804,  10798.1,  8842.45,  769.213098454,  154.750598232,  788.818
1565.23394232,  10806.0,  8847.91,  769.212875267,  154.749654318,  789.029
1565.2543768,  10817.4,  8856.8,  769.213156224,  154.749868031,  789.116
1565.27481119,  10842.2,  8877.33,  769.21238024,  154.749457089,  788.761
1565.29524547,  10865.9,  8895.92,  769.212951533,  154.750110405,  788.317
1565.31567995,  10865.9,  8896.51,  769.212229007,  154.749492689,  789.244
1565.33611424,  10863.8,  8894.46,  769.212192986,  154.749543567,  788.714
1565.35654862,  10848.9,  8882.08,  769.213620875,  154.749635897,  788.914
1565.3769831,  10836.2,  8872.33,  769.212265233,  154.749837785,  789.145
1565.39741739,  10825.6,  8863.33,  769.212531566,  154.749638369,  788.979
1565.41785177,  10834.9,  8870.82,  769.212720532,  154.750109115,  789.016
1565.43828626,  10846.0,  8880.25,  769.212342881,  154.750549526,  789.228
1565.45872054,  10852.4,  8884.68,  769.212153697,  154.749603312,  788.301
1565.47915502,  10835.0,  8870.31,  769.212155311,  154.74917881,  789.397
1565.49958941,  10821.2,  8860.01,  769.21360277,  154.749434635,  788.824
1565.52002369,  10804.6,  8845.15,  769.212586445,  154.75046774,  788.436
1565.54045818,  10788.1,  8832.74,  769.212003325,  154.750604744,  789.517
1565.56089256,  10796.8,  8840.25,  769.212181311,  154.751168323,  790.63
1565.58132695,  10822.4,  8859.11,  769.212768448,  154.750334257,  790.016
1565.60176133,  10842.5,  8877.23,  769.21232202,  154.7508487,  790.691
1565.62219572,  10863.6,  8893.03,  769.211392544,  154.750626472,  790.396
1565.6426302,  10863.2,  8892.97,  769.212447141,  154.750337446,  789.601
1565.66306449,  10857.9,  8889.21,  769.21263635,  154.750553819,  789.79
1565.68349888,  10845.5,  8878.41,  769.212496215,  154.750582318,  789.495
1565.70393336,  10832.0,  8867.42,  769.21251354,  154.750043507,  789.822
1565.72436775,  10831.7,  8868.02,  769.21253346,  154.751049468,  788.797
1565.74480203,  10840.0,  8873.64,  769.212851004,  154.750208394,  788.784
1565.76523652,  10848.6,  8881.47,  769.211686953,  154.75087244,  788.241
1565.78567091,  10849.5,  8881.46,  769.212465914,  154.750898501,  788.874
1565.80610529,  10838.1,  8871.96,  769.21242567,  154.750788569,  787.441
1565.82653968,  10825.0,  8862.08,  769.21296011,  154.750126418,  787.992
1565.84697407,  10797.9,  8839.5,  769.21302299,  154.751366959,  787.74
1565.86740855,  10792.8,  8835.24,  769.212561263,  154.750702061,  788.256
1565.88784284,  10799.0,  8840.79,  769.212924068,  154.750636964,  788.232
1565.90827723,  10815.9,  8854.16,  769.211965983,  154.750400741,  787.618
1565.92871172,  10840.8,  8874.14,  769.213057407,  154.751693928,  787.353
1565.949146,  10860.0,  8889.57,  769.213309174,  154.75138341,  787.941
1565.96958039,  10873.8,  8899.88,  769.213085864,  154.750734537,  787.532
1565.99001478,  10861.2,  8890.66,  769.212087927,  154.750966253,  787.005
1566.01044917,  10849.5,  8880.49,  769.212656744,  154.751454985,  786.606
1566.03088366,  10831.2,  8866.08,  769.213037821,  154.750481052,  786.539
1566.05131794,  10829.6,  8865.1,  769.211598009,  154.751371293,  786.63
1566.07175233,  10849.7,  8881.07,  769.212882071,  154.751845777,  786.279
1566.09218682,  10848.9,  8879.86,  769.211889668,  154.751083359,  786.12
1566.11262111,  10853.6,  8884.24,  769.213486856,  154.751682016,  785.86
1566.1330555,  10840.9,  8872.54,  769.211949046,  154.75065667,  786.226
1566.15348999,  10822.1,  8859.26,  769.213403584,  154.750355569,  786.353
1566.17392428,  10798.5,  8838.96,  769.212422522,  154.750623033,  785.467
1566.19435877,  10798.7,  8838.85,  769.212291754,  154.750976784,  786.35
1566.21479316,  10794.4,  8835.91,  769.213238072,  154.75226442,  786.077
1566.23522744,  10819.4,  8856.84,  769.212546035,  154.752132274,  785.751
1566.25566193,  10846.3,  8876.76,  769.21294992,  154.751346568,  785.665
1566.27609632,  10862.7,  8891.56,  769.212791617,  154.751491589,  785.679
1566.29653071,  10868.9,  8895.46,  769.212976089,  154.750932145,  785.594
1566.3169651,  10860.5,  8889.39,  769.212869619,  154.750982113,  785.29
1566.33739949,  10855.1,  8885.7,  769.212256714,  154.749563869,  785.532
1566.35783388,  10836.9,  8869.79,  769.212879148,  154.752173688,  784.29
1566.37826838,  10829.3,  8863.74,  769.213060406,  154.750614382,  784.706
1566.39870267,  10834.2,  8867.65,  769.212791689,  154.750759714,  783.903
1566.41913716,  10845.4,  8876.55,  769.211960266,  154.752113497,  784.635
1566.43957155,  10851.2,  8881.63,  769.212663068,  154.751068198,  784.197
1566.46000584,  10838.5,  8871.11,  769.213169711,  154.751398123,  784.123
1566.48044033,  10818.8,  8853.88,  769.212372973,  154.751997261,  784.297
1566.50087472,  10792.7,  8834.37,  769.212360418,  154.752330435,  783.537
1566.52130901,  10788.0,  8829.5,  769.212548439,  154.751652649,  783.826
1566.5417435,  10794.5,  8835.2,  769.213012879,  154.751840497,  783.205
1566.5621779,  10816.0,  8852.7,  769.211370003,  154.751857097,  783.744
1566.58261229,  10842.8,  8873.49,  769.213231836,  154.751122731,  783.355
1566.60304668,  10868.3,  8894.53,  769.214101768,  154.753172358,  783.646
1566.62348097,  10864.1,  8891.51,  769.212711378,  154.751503065,  783.168
1566.64391546,  10858.9,  8886.13,  769.21232692,  154.752081723,  783.443
1566.66434986,  10841.4,  8873.9,  769.212167653,  154.751634445,  782.983
1566.70521864,  10829.4,  8861.74,  769.212149478,  154.752608491,  783.088
1566.72565303,  10832.2,  8864.86,  769.213183278,  154.751454075,  784.074
1566.74608743,  10850.6,  8878.79,  769.213252411,  154.752912341,  782.735
1566.76652182,  10850.2,  8878.35,  769.212646955,  154.752491526,  782.831
1566.78695621,  10838.2,  8869.18,  769.21257657,  154.752012299,  782.611
1566.80739071,  10819.9,  8853.53,  769.213185766,  154.75165894,  783.543
1566.827825,  10800.0,  8837.22,  769.213676974,  154.751357081,  782.969
1566.84825939,  10790.0,  8829.38,  769.212568265,  154.751833475,  782.589
1566.86869389,  10798.5,  8835.39,  769.213185309,  154.751870672,  782.902
1566.88912828,  10815.3,  8850.23,  769.213085833,  154.751820503,  782.737
1566.90956258,  10844.5,  8872.79,  769.212719253,  154.752294514,  781.92
1566.92999707,  10860.3,  8885.76,  769.212884712,  154.752186231,  782.841
1566.95043146,  10871.4,  8895.08,  769.212799516,  154.751884059,  782.548
1566.97086586,  10855.2,  8880.77,  769.213220407,  154.752580049,  781.879
1566.99130025,  10849.1,  8876.69,  769.212958068,  154.751024042,  782.425
1567.01173465,  10828.9,  8860.99,  769.212988763,  154.751839935,  782.069
1567.03216904,  10824.5,  8855.79,  769.212832977,  154.752549398,  782.532
1567.05260344,  10837.4,  8866.81,  769.212976765,  154.752874396,  781.907
1567.07303783,  10841.9,  8870.77,  769.212782273,  154.752504025,  782.097
1567.09347233,  10841.7,  8870.5,  769.212581272,  154.75270204,  782.142
1567.11390662,  10839.5,  8869.23,  769.212990939,  154.751804135,  781.324
1567.13434112,  10822.4,  8854.22,  769.213486788,  154.752834921,  782.506
1567.15477551,  10797.7,  8833.86,  769.21276648,  154.75197598,  782.423
1567.17520981,  10782.2,  8823.3,  769.21255618,  154.752156947,  781.864
1567.19564431,  10792.0,  8829.66,  769.213013089,  154.753089163,  782.565
1567.2160787,  10816.7,  8849.69,  769.213294113,  154.752945612,  782.134
1567.236513,  10829.5,  8860.26,  769.213286069,  154.752500031,  782.388
1567.2569475,  10861.1,  8885.17,  769.213587529,  154.752351268,  782.413
1567.27738179,  10874.6,  8896.49,  769.2125302,  154.752392508,  781.122
1567.29781619,  10859.2,  8884.47,  769.212047181,  154.751825203,  781.343
1567.31825068,  10852.9,  8878.95,  769.212491082,  154.752493736,  781.683
1567.33868498,  10827.2,  8858.54,  769.212790272,  154.753273409,  781.134
1567.35911948,  10825.9,  8856.69,  769.212887579,  154.752536997,  781.779
1567.37955388,  10830.9,  8860.22,  769.213212365,  154.752875593,  781.618
1567.39998817,  10853.0,  8879.55,  769.214400138,  154.751504291,  781.394
1567.42042267,  10847.4,  8873.12,  769.213535551,  154.752499494,  782.065
1567.44085707,  10833.8,  8862.51,  769.213122625,  154.752778596,  781.55
1567.46129147,  10817.7,  8850.69,  769.212594033,  154.753681599,  781.366
1567.48172586,  10794.5,  8830.16,  769.213161816,  154.753137341,  781.137
1567.50216026,  10786.3,  8824.55,  769.21242517,  154.752655532,  781.219
1567.52259476,  10799.0,  8835.3,  769.212714344,  154.75197384,  786.418
1567.54302906,  10823.0,  8853.5,  769.213151463,  154.752061548,  781.682
1567.56346346,  10837.2,  8865.49,  769.212390502,  154.75329726,  780.601
1567.58389795,  10861.3,  8884.65,  769.212056421,  154.753522391,  781.66
1567.60433235,  10866.5,  8888.31,  769.212695689,  154.752169292,  780.865
1567.62476665,  10853.5,  8878.69,  769.212984406,  154.753498431,  781.219
1567.64520115,  10842.4,  8868.04,  769.212896785,  154.75353625,  780.99
1567.66563555,  10833.4,  8861.34,  769.213435877,  154.753290083,  780.796
1567.68606985,  10828.2,  8858.29,  769.213009338,  154.753017241,  781.052
1567.70650435,  10841.0,  8867.89,  769.213236837,  154.752982558,  780.404
1567.72693875,  10846.3,  8872.3,  769.212699127,  154.753350277,  780.021
1567.74737325,  10844.7,  8870.68,  769.212456894,  154.753974122,  780.612
1567.76780755,  10836.9,  8863.93,  769.213614926,  154.752886074,  780.442
1567.78824195,  10814.2,  8846.64,  769.212514188,  154.754131885,  780.647
1567.80867645,  10802.6,  8836.46,  769.213894575,  154.753266633,  779.504
1567.82911075,  10791.4,  8827.02,  769.213634389,  154.753359895,  779.992
1567.84954515,  10797.5,  8833.08,  769.212981179,  154.753144123,  780.204
1567.86997965,  10812.8,  8843.95,  769.212839926,  154.75399997,  780.288
1567.89041395,  10838.1,  8864.74,  769.213596792,  154.753721516,  780.171
1567.91084845,  10859.7,  8882.85,  769.212848052,  154.753248951,  779.784
1567.93128275,  10867.9,  8888.14,  769.213462157,  154.754131759,  779.894
1567.95171715,  10862.3,  8884.7,  769.213291322,  154.753745605,  779.954
1567.97215165,  10848.0,  8872.28,  769.21321705,  154.753662012,  779.792
1567.99258595,  10831.9,  8858.76,  769.212855911,  154.753033487,  779.745
1568.01302035,  10829.7,  8858.46,  769.212843737,  154.753685733,  779.874
1568.03345485,  10832.7,  8859.59,  769.213473902,  154.752823507,  780.13
1568.05388915,  10852.4,  8875.24,  769.21290121,  154.753417356,  779.523
1568.07432355,  10850.6,  8874.13,  769.212623588,  154.755754212,  779.572
1568.09475806,  10837.7,  8863.08,  769.212400635,  154.754022159,  779.399
1568.11519246,  10818.8,  8848.72,  769.213442912,  154.753327944,  778.67
1568.13562686,  10797.5,  8831.47,  769.212638246,  154.753364566,  779.017
1568.15606126,  10795.5,  8828.25,  769.211934257,  154.754426705,  778.894
1568.17649566,  10794.7,  8829.1,  769.212565465,  154.754899488,  779.388
1568.19693007,  10811.6,  8842.15,  769.212499438,  154.754707378,  778.754
1568.21736447,  10835.6,  8861.47,  769.212951242,  154.75442559,  778.539
1568.23779887,  10857.2,  8879.63,  769.213247406,  154.754187881,  778.868
1568.25823337,  10872.2,  8891.43,  769.212577713,  154.754299733,  779.05
1568.27866768,  10863.6,  8883.76,  769.212698765,  154.75445184,  778.6
1568.29910218,  10845.5,  8869.92,  769.213394753,  154.754490881,  778.832
1568.31953658,  10879.4,  8896.39,  769.211789689,  154.755281231,  778.508
1568.33997089,  10826.5,  8854.6,  769.211405395,  154.754048577,  778.462
1568.36040539,  10832.5,  8859.61,  769.21199803,  154.754864555,  778.193
1568.38083979,  10841.4,  8865.09,  769.212959883,  154.754573323,  778.582
1568.4012741,  10847.5,  8871.31,  769.212789921,  154.755252712,  778.816
1568.4217086,  10837.4,  8862.53,  769.213045351,  154.754286278,  778.572
1568.442143,  10822.5,  8849.93,  769.212802613,  154.754664483,  779.575
1568.46257731,  10798.1,  8831.6,  769.212786218,  154.755796486,  778.379
1568.48301181,  10789.3,  8822.98,  769.212525844,  154.755375304,  778.162
1568.50344622,  10789.8,  8823.89,  769.213529199,  154.754935799,  777.99
1568.52388072,  10810.6,  8841.15,  769.212632574,  154.753840612,  777.928
1568.54431503,  10847.4,  8870.11,  769.213514955,  154.754206457,  777.502
1568.56474933,  10858.0,  8879.07,  769.213035426,  154.755100355,  778.587
1568.58518383,  10867.4,  8887.15,  769.212884033,  154.755328908,  777.702
1568.60561824,  10860.0,  8880.34,  769.213045376,  154.754695588,  777.304
1568.62605264,  10857.3,  8878.8,  769.213394767,  154.755475685,  777.68
1568.64648705,  10835.6,  8860.01,  769.21275172,  154.75454669,  778.362
1568.66692145,  10832.5,  8858.03,  769.213249595,  154.754373456,  777.013
1568.68735596,  10837.3,  8862.18,  769.212462689,  154.754139246,  778.249
1568.70779027,  10849.8,  8871.93,  769.212519012,  154.755262044,  776.935
1568.72822467,  10852.4,  8873.95,  769.212611693,  154.755044799,  777.88
1568.74865918,  10837.0,  8862.26,  769.212364939,  154.754644671,  777.371
1568.76909358,  10818.3,  8845.88,  769.213303157,  154.754840644,  776.869
1568.78952789,  10804.4,  8835.23,  769.212667872,  154.755118388,  777.568
1568.8099624,  10791.0,  8824.23,  769.212703683,  154.75564153,  776.739
1568.8303968,  10792.1,  8823.94,  769.213104643,  154.755595588,  777.693
1568.85083121,  10814.8,  8843.89,  769.212307487,  154.755093765,  777.334
1568.87126561,  10834.3,  8859.0,  769.212777073,  154.755011111,  778.098
1568.89170002,  10862.5,  8881.27,  769.212679217,  154.753986548,  777.237
1568.91213453,  10866.2,  8884.84,  769.21314207,  154.754977632,  776.85
1568.93256883,  10863.3,  8882.11,  769.214172254,  154.754149044,  777.617
1568.95300324,  10853.7,  8873.5,  769.212569474,  154.755695639,  783.358
1568.97343775,  10832.6,  8858.18,  769.213234709,  154.754817062,  777.609
1568.99387206,  10830.7,  8855.06,  769.213026814,  154.75508926,  777.499
1569.01430646,  10840.5,  8863.74,  769.212232649,  154.754932468,  777.158
1569.03474097,  10852.7,  8873.7,  769.21404299,  154.755298734,  776.919
1569.05517528,  10848.6,  8869.28,  769.213292227,  154.755340673,  776.995
1569.07560979,  10836.4,  8859.89,  769.212838292,  154.754864206,  776.921
1569.09604419,  10823.7,  8849.76,  769.21282469,  154.755331255,  777.44
1569.1164785,  10805.3,  8834.33,  769.211897602,  154.755162969,  777.69
1569.13691301,  10788.4,  8821.54,  769.212907598,  154.75520753,  778.26
1569.15734742,  10793.6,  8824.64,  769.213558211,  154.755012248,  779.588
1569.17778173,  10807.9,  8836.56,  769.213489762,  154.753992539,  778.818
1569.19821623,  10843.7,  8865.98,  769.213035777,  154.755293277,  779.396
1569.21865054,  10856.6,  8875.77,  769.21282523,  154.755641303,  779.141
1569.23908505,  10865.6,  8883.61,  769.213138122,  154.755402592,  778.947
1569.25951946,  10866.3,  8883.91,  769.213523113,  154.756330463,  779.394
1569.27995377,  10852.9,  8872.51,  769.213777895,  154.75641717,  779.601
1569.30038828,  10843.2,  8865.83,  769.212468645,  154.755451211,  780.731
1569.32082269,  10828.5,  8853.06,  769.212710379,  154.756057054,  780.557
1569.3412571,  10849.8,  8869.94,  769.213819081,  154.756009537,  781.14
1569.36169151,  10848.3,  8869.31,  769.213216578,  154.755504092,  779.988
1569.38212592,  10848.7,  8869.66,  769.212883177,  154.75566574,  780.795
1569.40256033,  10836.2,  8859.32,  769.2126257,  154.755370688,  780.804
1569.42299474,  10823.9,  8849.2,  769.213119283,  154.756428319,  780.982
1569.44342915,  10798.1,  8827.81,  769.213352959,  154.756261343,  780.804
1569.46386366,  10792.1,  8824.06,  769.213334323,  154.755666173,  780.662
1569.48429807,  10785.5,  8818.06,  769.212953323,  154.755850796,  780.89
1569.50473238,  10811.9,  8838.77,  769.212503595,  154.75607019,  781.405
1569.52516689,  10833.6,  8856.85,  769.212819488,  154.756632396,  779.756
1569.5456013,  10860.9,  8878.47,  769.213430593,  154.756101286,  779.041
1569.56603561,  10871.4,  8886.79,  769.213850938,  154.756073656,  779.126
1569.58647012,  10867.5,  8885.08,  769.213393714,  154.75519708,  778.43
1569.60690453,  10847.5,  8867.27,  769.213873118,  154.755201957,  778.056
1569.62733904,  10836.1,  8859.56,  769.213408769,  154.7562144,  778.1
1569.64777335,  10839.0,  8861.02,  769.213588325,  154.755848081,  778.23
1569.68864227,  10837.0,  8859.04,  769.212797386,  154.75634858,  777.073
1569.70907659,  10841.6,  8861.92,  769.212373903,  154.755998956,  776.936
1569.729511,  10834.0,  8854.75,  769.212758542,  154.75491829,  777.033
1569.74994551,  10825.6,  8849.37,  769.213967908,  154.756193471,  776.181
1569.77037982,  10799.5,  8827.05,  769.214366554,  154.755998569,  775.872
1569.79081423,  10786.8,  8817.3,  769.213340821,  154.755117241,  775.757
1569.81124875,  10784.4,  8815.74,  769.212322063,  154.755644109,  775.791
1569.83168306,  10813.4,  8837.83,  769.213546426,  154.755286658,  775.323
1569.85211757,  10826.2,  8848.81,  769.213694605,  154.756375082,  774.497
1569.87255188,  10859.6,  8875.84,  769.212808113,  154.756379157,  774.311
1569.89298629,  10862.8,  8877.29,  769.213022039,  154.756761081,  774.324
1569.91342081,  10857.1,  8874.16,  769.212305812,  154.756780327,  774.476
1569.93385512,  10847.5,  8865.85,  769.213553256,  154.755851422,  774.338
1569.95428953,  10828.4,  8849.48,  769.212587535,  154.7566827,  774.278
1569.97472405,  10834.3,  8855.42,  769.213962,  154.756408638,  774.087
1569.99515846,  10828.3,  8850.06,  769.213071903,  154.756804579,  774.587
1570.01559287,  10836.8,  8857.28,  769.213443166,  154.755505558,  773.569
1570.03602729,  10850.1,  8868.41,  769.213338392,  154.756485091,  774.225
1570.0564617,  10830.9,  8851.41,  769.212813223,  154.756445503,  774.071
1570.07689611,  10818.1,  8841.76,  769.212853478,  154.756541091,  773.931
1570.09733053,  10790.2,  8819.58,  769.212850149,  154.756469935,  773.551
1570.11776494,  10787.5,  8816.35,  769.213513946,  154.756697496,  773.46
1570.13819946,  10785.2,  8815.77,  769.212980724,  154.756248685,  772.247
1570.15863377,  10806.6,  8831.72,  769.213799616,  154.757094634,  774.007
1570.17906828,  10836.5,  8855.54,  769.213142747,  154.755950959,  772.631
1570.1995027,  10854.1,  8870.72,  769.213287525,  154.756740266,  772.769
1570.21993701,  10865.2,  8879.1,  769.213668467,  154.755788114,  772.821
1570.24037153,  10854.5,  8870.16,  769.212583334,  154.75598581,  772.896
1570.26080594,  10842.9,  8862.38,  769.213349566,  154.755700404,  772.383
1570.28124026,  10829.7,  8850.11,  769.213339507,  154.756044235,  772.826
1570.30167477,  10821.8,  8843.8,  769.213647349,  154.756787584,  771.997
1570.32210919,  10833.5,  8852.97,  769.213646362,  154.757133288,  771.723
1570.3425435,  10834.0,  8852.74,  769.212937092,  154.756202394,  771.988
1570.36297802,  10847.4,  8864.23,  769.212900451,  154.755291017,  772.304
1570.38341243,  10833.3,  8852.57,  769.212917775,  154.757390643,  772.756
1570.40384685,  10819.9,  8841.15,  769.212699734,  154.75644205,  772.127
1570.42428126,  10793.9,  8821.81,  769.21444464,  154.756247606,  772.02
1570.44471568,  10779.6,  8808.43,  769.213508826,  154.756961805,  771.705
1570.4651501,  10796.0,  8822.43,  769.213307268,  154.756752104,  770.842
1570.48558451,  10808.4,  8833.15,  769.212549671,  154.756815725,  771.102
1570.50601893,  10832.6,  8851.39,  769.212464312,  154.756868431,  771.026
1570.52645334,  10857.8,  8872.31,  769.213002965,  154.7572498,  770.798
1570.54688776,  10871.0,  8883.1,  769.21214654,  154.756828968,  770.69
1570.56732228,  10863.9,  8876.47,  769.213338072,  154.755798896,  771.053
1570.58775659,  10850.2,  8866.52,  769.213340081,  154.757517142,  770.621
1570.60819101,  10837.9,  8855.43,  769.213516506,  154.756596787,  770.27
1570.62862553,  10831.3,  8849.47,  769.213064064,  154.75676524,  769.373
1570.64905994,  10829.1,  8849.83,  769.213213869,  154.757049523,  770.385
1570.66949426,  10838.3,  8855.39,  769.214283611,  154.75792625,  770.245
1570.68992878,  10842.0,  8858.95,  769.212577894,  154.756750917,  770.445
1570.7103632,  10837.3,  8854.88,  769.213082814,  154.75704408,  770.198
1570.73079751,  10812.7,  8834.52,  769.213236119,  154.757271145,  769.643
1570.75123203,  10793.8,  8820.79,  769.213889763,  154.756969206,  769.153
1570.77166645,  10782.1,  8810.75,  769.214429709,  154.757560179,  769.35
1570.79210097,  10792.3,  8817.65,  769.213097253,  154.757256865,  770.194
1570.81253528,  10805.2,  8829.75,  769.213226853,  154.75609525,  768.961
1570.8329697,  10830.1,  8848.86,  769.212755772,  154.756765665,  770.111
1570.85340422,  10861.3,  8873.78,  769.212961989,  154.75776435,  770.277
1570.87383854,  10864.4,  8877.26,  769.212927851,  154.756955325,  769.368
1570.89427296,  10861.5,  8873.44,  769.213449925,  154.756896836,  769.339
1570.91470748,  10848.4,  8863.36,  769.213329372,  154.756519767,  768.731
1570.93514179,  10835.9,  8852.93,  769.213338722,  154.757593501,  769.143
1570.95557631,  10823.8,  8842.78,  769.213118855,  154.757633489,  768.895
1570.97601073,  10837.9,  8854.93,  769.213498916,  154.757095251,  768.798
1570.99644505,  10839.3,  8855.73,  769.213669347,  154.758218497,  769.193
1571.01687957,  10838.4,  8853.97,  769.212899729,  154.757518477,  769.076
1571.03731399,  10832.4,  8850.18,  769.21316845,  154.758131078,  767.624
1571.05774831,  10821.4,  8840.58,  769.212676726,  154.757689615,  768.485
1571.07818283,  10797.9,  8821.52,  769.214163976,  154.757287227,  768.95
1571.09861725,  10791.3,  8816.97,  769.213425711,  154.757431238,  768.659
1571.11905157,  10797.8,  8821.36,  769.2127981,  154.757588305,  768.492
1571.13948609,  10813.6,  8834.34,  769.213262267,  154.757950734,  768.346
1571.15992051,  10853.5,  8867.05,  769.214100152,  154.758326887,  768.297
1571.18035493,  10856.8,  8868.83,  769.213327125,  154.757766866,  768.713
1571.20078935,  10870.2,  8880.06,  769.212646078,  154.757358188,  767.683
1571.22122377,  10868.1,  8878.26,  769.212486186,  154.758185933,  768.758
1571.24165819,  10849.2,  8861.76,  769.213532475,  154.758509667,  768.294
1571.26209261,  10842.7,  8858.12,  769.213561318,  154.757269524,  768.403
1571.28252703,  10830.2,  8847.65,  769.213151818,  154.758613665,  768.548
1571.30296145,  10831.1,  8848.0,  769.213039861,  154.757366236,  768.739
1571.32339587,  10843.2,  8858.0,  769.213112709,  154.757642082,  768.713
1571.34383039,  10845.3,  8859.1,  769.214690634,  154.757811703,  768.831
1571.36426481,  10836.7,  8852.55,  769.213442511,  154.758364173,  768.9
1571.38469913,  10816.9,  8836.83,  769.212463725,  154.758345341,  768.721
1571.40513365,  10797.6,  8820.3,  769.213751338,  154.757064025,  768.189
1571.42556807,  10789.1,  8814.24,  769.213372127,  154.758993268,  769.495
1571.4460024,  10793.5,  8817.93,  769.213617433,  154.75850429,  769.163
1571.46643692,  10805.0,  8825.1,  769.212684892,  154.759065177,  769.162
1571.48687134,  10840.4,  8855.3,  769.21262036,  154.757751308,  769.589
1571.50730566,  10863.0,  8872.16,  769.212771077,  154.75886896,  769.378
1571.52774018,  10876.2,  8883.79,  769.212241088,  154.757828309,  768.578
1571.5481746,  10873.6,  8881.42,  769.213163095,  154.758406069,  769.494
1571.56860913,  10847.6,  8859.89,  769.212944433,  154.759670122,  769.117
1571.58904345,  10836.2,  8851.49,  769.21295219,  154.758422364,  769.42
1571.60947787,  10835.2,  8850.89,  769.213573715,  154.757858128,  769.826
1571.62991239,  10830.9,  8845.92,  769.212483769,  154.758428973,  770.065
1571.65034672,  10839.1,  8853.8,  769.213378584,  154.75834188,  770.987
1571.67078114,  10842.4,  8855.91,  769.213488773,  154.758342347,  770.635
1571.69121566,  10839.4,  8853.0,  769.213294909,  154.758425498,  770.057
1571.71164998,  10816.6,  8835.44,  769.213207915,  154.758378194,  770.522
1571.73208451,  10802.3,  8822.55,  769.214870502,  154.758821613,  770.399
1571.75251893,  10791.1,  8814.04,  769.212154307,  154.758830279,  770.915
1571.77295325,  10793.3,  8816.36,  769.212682474,  154.758566951,  771.124
1571.79338778,  10815.0,  8832.9,  769.213495484,  154.758394382,  771.344
1571.8138222,  10827.9,  8843.86,  769.213763924,  154.759805483,  771.669
1571.83425652,  10863.6,  8872.91,  769.213436708,  154.758543735,  771.052
1571.85469105,  10870.0,  8877.0,  769.212612558,  154.758656633,  771.293
1571.87512547,  10865.3,  8873.87,  769.213174179,  154.758746659,  771.141
1571.89555979,  10854.0,  8865.09,  769.212666713,  154.757965601,  770.545
1571.91599432,  10842.1,  8854.64,  769.213147116,  154.758451135,  770.476
1571.93642874,  10836.9,  8850.97,  769.213340619,  154.758253053,  770.305
1571.95686327,  10842.1,  8854.97,  769.214233941,  154.757880296,  769.6
1571.97729759,  10843.7,  8856.07,  769.213631949,  154.758709741,  769.087
1571.99773202,  10842.4,  8856.11,  769.213338637,  154.758428485,  769.515
1572.01816654,  10840.2,  8852.74,  769.213354819,  154.758205709,  769.09
1572.03860086,  10826.5,  8842.13,  769.213246785,  154.758069981,  769.443
1572.05903529,  10802.8,  8822.76,  769.214381035,  154.758216136,  768.474
1572.07946981,  10782.7,  8806.24,  769.212402838,  154.759625852,  769.659
1572.09990414,  10788.9,  8812.27,  769.212322654,  154.759692003,  769.184
1572.12033866,  10814.7,  8832.47,  769.213465468,  154.758894663,  768.887
1572.14077309,  10834.1,  8847.38,  769.212915154,  154.759562218,  768.478
1572.16120741,  10860.7,  8870.29,  769.214308961,  154.758779287,  769.103
1572.18164194,  10869.7,  8876.41,  769.212938698,  154.758902595,  768.559
1572.20207637,  10863.5,  8872.29,  769.213499504,  154.75975543,  768.661
1572.22251069,  10857.2,  8867.64,  769.213181857,  154.758677507,  768.516
1572.24294522,  10840.5,  8852.24,  769.21360864,  154.759308547,  768.039
1572.26337964,  10832.8,  8847.51,  769.213706439,  154.758683623,  767.578
1572.28381407,  10834.8,  8847.52,  769.21360256,  154.759628797,  768.58
1572.30424849,  10837.7,  8849.98,  769.21344118,  154.760207458,  768.902
1572.32468292,  10840.5,  8853.72,  769.213860375,  154.759319484,  767.633
1572.34511735,  10832.4,  8845.28,  769.213043072,  154.758491292,  767.648
1572.36555177,  10819.6,  8835.28,  769.213613727,  154.758829439,  767.486
1572.3859862,  10795.1,  8816.51,  769.212117834,  154.759860675,  767.682
1572.40642063,  10782.1,  8805.11,  769.213279952,  154.758493212,  766.645
1572.42685505,  10794.5,  8815.19,  769.212330284,  154.759264979,  766.899
1572.44728948,  10815.4,  8832.17,  769.213524759,  154.75957227,  766.487
1572.46772391,  10834.1,  8846.17,  769.21273799,  154.759255641,  766.348
1572.48815833,  10862.0,  8869.96,  769.212592927,  154.759918364,  765.93
1572.50859286,  10869.0,  8874.84,  769.213160281,  154.759219581,  767.053
1572.52902729,  10867.0,  8872.96,  769.213385805,  154.759677728,  765.981
1572.54946162,  10852.8,  8862.89,  769.214305569,  154.759471845,  766.815
1572.56989614,  10841.7,  8853.03,  769.213477767,  154.759944231,  766.262
1572.59033057,  10823.1,  8837.43,  769.213261395,  154.759889542,  766.635
1572.6107649,  10831.1,  8845.42,  769.213214707,  154.758373485,  765.724
1572.63119943,  10837.6,  8849.15,  769.213186265,  154.759547954,  766.458
1572.67206818,  10840.1,  8851.15,  769.212899821,  154.75909779,  767.106
1572.69250271,  10821.7,  8834.92,  769.212998579,  154.759911627,  766.273
1572.71293714,  10798.0,  8816.84,  769.213105116,  154.759543293,  766.834
1572.73337167,  10782.1,  8803.19,  769.21362346,  154.758449012,  766.788
1572.75380599,  10793.4,  8811.94,  769.213620022,  154.758994564,  767.859
1572.77424042,  10804.4,  8822.38,  769.213331533,  154.759489113,  767.923
1572.79467495,  10833.7,  8844.82,  769.21405116,  154.75987225,  768.5
1572.81510928,  10853.1,  8861.03,  769.213547035,  154.759537223,  768.26
1572.83554371,  10865.1,  8871.04,  769.213855215,  154.759530489,  768.717
1572.85597824,  10854.8,  8861.32,  769.213654067,  154.75955509,  769.69
1572.87641257,  10846.2,  8855.12,  769.213342224,  154.759696432,  771.742
1572.8968471,  10838.0,  8848.35,  769.212669623,  154.759472943,  772.931
1572.91728153,  10822.6,  8835.71,  769.212885026,  154.758892258,  773.782
1572.93771585,  10820.8,  8834.86,  769.211971386,  154.759852725,  773.421
1572.95815038,  10845.9,  8854.56,  769.213786158,  154.759439892,  772.865
1572.97858481,  10844.4,  8852.8,  769.213306788,  154.760104983,  772.569
1572.99901924,  10832.8,  8844.5,  769.21389314,  154.758308217,  772.968
1573.01945367,  10814.5,  8828.43,  769.214201733,  154.759386474,  772.161
1573.0398881,  10790.0,  8809.97,  769.214004961,  154.759413732,  769.91
1573.06032243,  10781.5,  8802.17,  769.2136583,  154.759941401,  768.158
1573.08075696,  10792.7,  8809.97,  769.21386289,  154.760581824,  765.971
1573.10119139,  10808.7,  8824.3,  769.213549114,  154.759366099,  765.654
1573.12162582,  10831.3,  8841.06,  769.21468164,  154.7602251,  765.472
1573.14206025,  10854.4,  8859.74,  769.213318051,  154.759567054,  765.836
1573.16249468,  10861.7,  8866.12,  769.213369467,  154.759629626,  764.705
1573.18292922,  10851.8,  8857.95,  769.213696392,  154.760234841,  764.361
1573.20336355,  10847.2,  8854.44,  769.214072099,  154.758671963,  764.034
1573.22379798,  10837.1,  8846.89,  769.213370822,  154.760121339,  764.452
1573.24423251,  10822.3,  8833.88,  769.213147769,  154.759741365,  763.932
1573.26466684,  10825.8,  8836.84,  769.214029839,  154.759163177,  763.882
1573.28510137,  10829.2,  8840.2,  769.213488207,  154.759761436,  763.293
1573.3055358,  10845.2,  8851.72,  769.214433776,  154.759767663,  762.49
1573.32597013,  10829.4,  8839.84,  769.213665627,  154.759631379,  762.012
1573.34640466,  10813.8,  8826.62,  769.213593133,  154.759743342,  761.624
1573.36683909,  10797.3,  8813.15,  769.212688044,  154.759567856,  760.898
1573.38727343,  10788.4,  8806.86,  769.213398781,  154.760365135,  760.557
1573.40770796,  10788.1,  8805.56,  769.213323126,  154.759619111,  760.144
1573.42814239,  10802.9,  8817.28,  769.213958929,  154.760034135,  760.143
1573.44857672,  10824.8,  8835.98,  769.212676347,  154.759916927,  759.255
1573.46901125,  10847.9,  8853.65,  769.212991932,  154.759300755,  759.009
1573.48944569,  10867.0,  8869.66,  769.212851078,  154.759879589,  757.883
1573.50988022,  10857.1,  8861.38,  769.213866823,  154.760462202,  757.853
1573.53031455,  10851.6,  8855.57,  769.214044589,  154.759899311,  757.434
1573.55074898,  10831.6,  8841.37,  769.214176777,  154.759492238,  757.72
1573.57118352,  10828.4,  8837.74,  769.213304177,  154.760307862,  757.476
1573.59161785,  10825.5,  8835.41,  769.213864811,  154.760644327,  757.507
1573.61205228,  10836.1,  8845.1,  769.213949018,  154.760639986,  757.518
1573.63248681,  10838.4,  8845.35,  769.213848357,  154.759932272,  756.484
1573.65292125,  10835.4,  8843.39,  769.213402887,  154.76095415,  756.909
1573.67335568,  10815.6,  8827.72,  769.214638295,  154.760076919,  756.782
1573.69379011,  10798.1,  8812.03,  769.21376522,  154.760879974,  756.624
1573.71422445,  10778.6,  8797.02,  769.213925664,  154.760890416,  756.436
1573.73465898,  10781.3,  8799.46,  769.213305121,  154.760861548,  756.714
1573.75509341,  10800.7,  8814.54,  769.213944787,  154.76078676,  755.632
1573.77552775,  10825.5,  8835.87,  769.214063196,  154.761386609,  755.832
1573.79596228,  10859.2,  8861.32,  769.214150897,  154.760599815,  756.412
1573.81639671,  10877.2,  8876.23,  769.214108984,  154.759213651,  756.226
1573.83683105,  10866.7,  8868.57,  769.213638423,  154.760237907,  755.65
1573.85726558,  10853.0,  8856.08,  769.213258314,  154.760405688,  755.19
1573.87770002,  10826.4,  8835.19,  769.213516405,  154.760656866,  755.991
1573.89813455,  10829.6,  8838.11,  769.212708348,  154.760865453,  755.874
1573.91856888,  10824.5,  8833.02,  769.214051798,  154.760495702,  755.903
1573.93900332,  10834.4,  8841.78,  769.213739046,  154.760818475,  755.736
1573.95943785,  10844.7,  8849.13,  769.213686438,  154.760569714,  755.899
1573.97987219,  10838.2,  8843.55,  769.213687949,  154.760534129,  755.54
1574.00030662,  10817.7,  8828.17,  769.21335248,  154.760405182,  754.582
1574.02074116,  10798.1,  8811.27,  769.213891062,  154.760945822,  754.449
1574.04117549,  10788.4,  8803.3,  769.213268544,  154.761255717,  754.799
1574.06161003,  10789.0,  8805.02,  769.213012472,  154.760368871,  754.735
1574.08204446,  10799.5,  8812.24,  769.213322857,  154.761806883,  756.136
1574.1024788,  10822.2,  8830.59,  769.213445926,  154.760836824,  755.208
1574.12291333,  10855.3,  8858.01,  769.21385037,  154.760079175,  754.371
1574.14334777,  10867.7,  8867.06,  769.213889262,  154.761290371,  753.977
1574.1637822,  10864.7,  8866.01,  769.213163558,  154.760210533,  754.014
1574.18421664,  10847.8,  8851.07,  769.213907049,  154.760156589,  753.629
1574.20465107,  10829.2,  8836.29,  769.21354295,  154.76160432,  753.784
1574.22508551,  10818.1,  8827.33,  769.213205071,  154.761337601,  753.322
1574.24551995,  10835.5,  8841.3,  769.212364857,  154.760877857,  753.258
1574.26595438,  10839.9,  8844.07,  769.213608194,  154.761706548,  754.115
1574.28638882,  10847.3,  8850.48,  769.21287706,  154.761164055,  753.673
1574.30682335,  10833.1,  8838.4,  769.213173854,  154.761463711,  753.598
1574.32725769,  10815.7,  8825.71,  769.213458125,  154.760434739,  752.348
1574.34769213,  10797.2,  8810.03,  769.21422179,  154.762274923,  752.855
1574.36812656,  10784.5,  8799.02,  769.212847981,  154.761117559,  752.805
1574.388561,  10789.7,  8804.15,  769.213179179,  154.761491448,  752.763
1574.40899554,  10801.8,  8813.17,  769.213414392,  154.762163654,  752.514
1574.42942987,  10823.4,  8830.39,  769.213624601,  154.761850245,  752.327
1574.44986441,  10855.2,  8857.34,  769.213307772,  154.761427065,  751.966
1574.47029885,  10866.4,  8864.44,  769.213894957,  154.760992085,  752.636
1574.49073318,  10861.7,  8861.69,  769.213653984,  154.76118078,  752.482
1574.51116772,  10846.1,  8849.26,  769.213256213,  154.760452078,  752.248
1574.53160216,  10825.1,  8831.04,  769.213725934,  154.761173359,  752.791
1574.5520365,  10829.0,  8835.53,  769.214945173,  154.761666451,  751.799
1574.57247103,  10833.1,  8837.4,  769.214846696,  154.761646994,  751.942
1574.59290547,  10833.9,  8838.7,  769.214241511,  154.761085411,  752.142
1574.61334001,  10844.3,  8847.55,  769.214307364,  154.760720162,  752.041
1574.63377435,  10831.7,  8837.12,  769.213660849,  154.761169374,  750.93
1574.65420878,  10817.4,  8824.79,  769.21409822,  154.761173211,  751.858
1574.67464332,  10797.2,  8810.05,  769.214450248,  154.761700705,  751.191
1574.69507766,  10781.4,  8795.84,  769.213888676,  154.761352637,  751.848
1574.7155121,  10786.3,  8800.43,  769.213383617,  154.761242118,  750.622
1574.73594664,  10798.8,  8810.08,  769.212972137,  154.761778714,  751.236
1574.75638097,  10838.3,  8841.62,  769.213855404,  154.76095114,  750.242
1574.77681541,  10851.2,  8852.21,  769.213285173,  154.762074433,  750.398
1574.79724995,  10856.3,  8856.5,  769.214540129,  154.761905559,  750.731
1574.81768439,  10866.0,  8863.86,  769.213255353,  154.762136282,  751.062
1574.83811883,  10845.2,  8847.49,  769.213988796,  154.761603146,  750.814
1574.85855327,  10836.4,  8839.65,  769.212887259,  154.761110222,  750.907
1574.87898771,  10824.1,  8830.2,  769.213634158,  154.762656232,  750.703
1574.89942214,  10831.5,  8836.46,  769.213829456,  154.761868771,  750.582
1574.91985658,  10833.7,  8837.32,  769.214892555,  154.761481045,  750.198
1574.94029102,  10841.8,  8845.15,  769.214256666,  154.761686057,  749.799
1574.96072546,  10829.8,  8834.81,  769.214082966,  154.76185119,  748.954
1574.9811599,  10820.8,  8826.8,  769.214390174,  154.761274047,  749.763
1575.00159434,  10789.8,  8803.86,  769.214406911,  154.761524681,  750.321
1575.02202878,  10788.3,  8800.09,  769.213696919,  154.761201783,  750.079
1575.04246322,  10788.1,  8800.63,  769.213782554,  154.761048292,  750.803
1575.06289776,  10811.1,  8819.67,  769.214100614,  154.762139513,  750.06
1575.0833321,  10823.6,  8828.59,  769.213110947,  154.761188306,  749.788
1575.10376654,  10850.3,  8851.14,  769.213364966,  154.762395765,  750.041
1575.12420108,  10862.2,  8860.56,  769.213543829,  154.761559684,  748.857
1575.14463542,  10850.6,  8850.1,  769.2137792,  154.762023762,  748.902
1575.16506986,  10848.6,  8850.28,  769.213708311,  154.762159435,  749.237
1575.1855044,  10830.4,  8833.85,  769.213732303,  154.762237238,  749.169
1575.20593874,  10823.0,  8828.43,  769.214616263,  154.762271629,  749.958
1575.22637328,  10828.2,  8833.38,  769.214175016,  154.761279977,  749.414
1575.24680772,  10835.8,  8838.29,  769.214493262,  154.761960285,  748.81
1575.26724206,  10838.4,  8840.99,  769.216287131,  154.762036876,  748.555
1575.2876766,  10836.9,  8839.91,  769.214641487,  154.761735516,  748.98
1575.30811104,  10815.7,  8821.84,  769.214774542,  154.762293642,  748.58
1575.32854538,  10799.7,  8810.52,  769.213641108,  154.761873216,  748.646
1575.34897992,  10784.4,  8796.65,  769.214398309,  154.761546714,  748.611
1575.36941437,  10787.1,  8797.47,  769.213318615,  154.762751414,  748.516
1575.38984891,  10796.1,  8806.99,  769.213549369,  154.762229122,  747.728
1575.41028325,  10831.8,  8834.81,  769.212982062,  154.762321208,  747.312
1575.43071769,  10856.3,  8853.79,  769.214632654,  154.761699677,  748.081
1575.45115223,  10864.4,  8861.68,  769.213672485,  154.761955818,  747.83
1575.47158667,  10854.4,  8853.53,  769.214744731,  154.762165719,  748.543
1575.49202101,  10839.9,  8841.17,  769.213483219,  154.762594305,  747.64
1575.51245556,  10835.5,  8838.43,  769.215499273,  154.762072262,  747.754
1575.53289,  10819.9,  8823.88,  769.214200719,  154.762032068,  747.204
1575.55332434,  10822.5,  8827.89,  769.214526197,  154.761817335,  747.946
1575.57375888,  10844.0,  8844.12,  769.214065872,  154.76186131,  747.884
1575.59419332,  10835.6,  8837.31,  769.214507057,  154.763238576,  746.753
1575.61462777,  10831.0,  8835.2,  769.212802233,  154.761124386,  747.247
1575.65549655,  10798.0,  8806.53,  769.213657072,  154.762407011,  747.066
1575.67593109,  10779.6,  8792.12,  769.214606043,  154.762706407,  747.112
1575.69636554,  10787.5,  8797.07,  769.214324719,  154.76247657,  746.651
1575.71679988,  10800.7,  8808.01,  769.214799919,  154.762452349,  747.36
1575.73723442,  10823.6,  8826.24,  769.214556429,  154.762377124,  746.91
1575.75766886,  10852.9,  8849.64,  769.214488573,  154.763071083,  746.305
1575.77810341,  10864.4,  8860.05,  769.212752825,  154.761410231,  746.712
1575.79853775,  10862.5,  8857.54,  769.213725208,  154.761346096,  746.218
1575.81897219,  10844.4,  8842.07,  769.213740566,  154.762709564,  746.802
1575.83940674,  10836.2,  8837.21,  769.214225856,  154.762404362,  747.18
1575.85984108,  10820.9,  8823.5,  769.213288423,  154.761952669,  746.51
1575.88027552,  10824.2,  8826.56,  769.214570361,  154.762949109,  746.875
1575.90071007,  10824.9,  8827.77,  769.214130742,  154.762218796,  746.161
1575.92114441,  10836.8,  8836.33,  769.214542969,  154.762446275,  752.595
1575.94157885,  10829.1,  8830.61,  769.214025421,  154.762417888,  746.552
1575.9620134,  10806.0,  8811.85,  769.214358656,  154.763008838,  746.076
1575.98244774,  10790.5,  8798.83,  769.214519793,  154.762483252,  745.41
1576.00288229,  10782.7,  8793.02,  769.213883045,  154.762104897,  745.93
1576.02331673,  10777.3,  8788.54,  769.2138539,  154.762296225,  745.897
1576.04375117,  10799.1,  8805.43,  769.214739803,  154.762566892,  745.412
1576.06418562,  10825.8,  8827.86,  769.215196276,  154.761957225,  745.69
1576.08462006,  10839.1,  8837.6,  769.215132742,  154.762369902,  745.077
1576.10505451,  10861.7,  8856.09,  769.214205575,  154.762009867,  745.421
1576.12548895,  10850.5,  8847.68,  769.214442735,  154.761759319,  745.027
1576.1459234,  10845.0,  8842.12,  769.214768616,  154.761384585,  745.253
1576.16635784,  10830.2,  8831.14,  769.214233047,  154.761640866,  745.631
1576.18679239,  10816.7,  8819.65,  769.214395679,  154.762649139,  745.357
1576.20722673,  10821.3,  8823.07,  769.214537283,  154.763128565,  745.183
1576.22766127,  10831.7,  8832.61,  769.214757548,  154.761903444,  744.674
1576.24809572,  10834.7,  8833.13,  769.216766834,  154.762186703,  744.818
1576.26853006,  10826.3,  8827.3,  769.215224673,  154.762684683,  745.109
1576.28896461,  10809.1,  8814.33,  769.214382591,  154.762213383,  744.116
1576.30939896,  10795.9,  8802.03,  769.214802411,  154.762421491,  744.609
1576.3298334,  10779.2,  8788.26,  769.214495487,  154.762164214,  744.758
1576.35026795,  10776.5,  8787.1,  769.215104382,  154.762229547,  744.506
1576.39113684,  10826.5,  8827.85,  769.21441066,  154.762065132,  744.524
1576.41157128,  10840.5,  8838.81,  769.214364713,  154.761703762,  744.781
1576.43200563,  10856.5,  8850.77,  769.215076271,  154.762837049,  744.313
1576.45244017,  10861.4,  8855.71,  769.214848819,  154.761796625,  744.294
1576.47287462,  10843.5,  8839.79,  769.214635928,  154.761729089,  745.034
1576.49330897,  10830.0,  8829.16,  769.214553349,  154.762128441,  743.798
1576.51374351,  10829.0,  8828.74,  769.214430761,  154.762813571,  744.241
1576.53417796,  10823.5,  8824.13,  769.214360315,  154.763134325,  744.44
1576.55461241,  10823.5,  8824.26,  769.213633591,  154.762899399,  744.468
1576.57504685,  10831.4,  8830.67,  769.214686431,  154.762684164,  743.768
1576.5954813,  10829.3,  8827.88,  769.215244774,  154.76291151,  743.079
1576.61591584,  10806.7,  8810.58,  769.214301457,  154.76305078,  744.761
1576.63635019,  10791.9,  8798.33,  769.214869777,  154.762730001,  743.815
1576.65678464,  10784.1,  8791.08,  769.215455112,  154.76238609,  744.192
1576.67721918,  10788.2,  8795.33,  769.214516043,  154.762926722,  743.413
1576.69765363,  10794.6,  8799.57,  769.214661582,  154.762129014,  743.826
1576.71808798,  10821.5,  8822.22,  769.213249622,  154.763843652,  743.666
1576.73852253,  10851.2,  8845.34,  769.214288682,  154.763055335,  743.448
1576.75895697,  10861.8,  8853.35,  769.21491999,  154.763668608,  743.973
1576.77939142,  10856.9,  8849.94,  769.215119394,  154.762191177,  743.388
1576.79982587,  10848.8,  8842.92,  769.214878862,  154.763403124,  743.729
1576.82026032,  10834.0,  8831.02,  769.214182946,  154.763061515,  743.76
1576.84069486,  10825.4,  8824.63,  769.214855425,  154.762466828,  743.068
1576.86112921,  10828.3,  8826.18,  769.215353404,  154.763395275,  742.438
1576.88156366,  10836.6,  8833.31,  769.214513011,  154.762878543,  744.265
1576.90199821,  10836.0,  8832.52,  769.213956607,  154.762485252,  743.125
1576.92243255,  10834.7,  8831.13,  769.214469224,  154.763159201,  742.366
1576.942867,  10815.4,  8816.35,  769.214715674,  154.763160973,  742.507
1576.96330145,  10794.1,  8798.68,  769.213413939,  154.763504012,  742.896
1576.9837359,  10784.1,  8790.08,  769.214544831,  154.763568964,  742.663
1577.00417045,  10782.4,  8789.77,  769.214923085,  154.76364791,  742.73
1577.02460479,  10803.7,  8805.76,  769.215111982,  154.763630864,  742.685
1577.04503924,  10822.0,  8821.18,  769.21448324,  154.763949275,  743.447
1577.06547379,  10846.0,  8841.45,  769.214591202,  154.76368301,  742.036
1577.08590814,  10860.5,  8851.23,  769.213799947,  154.763240861,  742.16
1577.10634259,  10862.3,  8853.97,  769.214771369,  154.762920148,  741.534
1577.12677714,  10846.8,  8841.14,  769.214765811,  154.762778301,  742.066
1577.14721149,  10829.9,  8826.28,  769.214292545,  154.763584447,  743.24
1577.16764603,  10825.0,  8823.8,  769.215078215,  154.763569928,  741.919
1577.18808048,  10828.0,  8824.8,  769.214631282,  154.763368312,  742.051
1577.20851483,  10829.7,  8826.61,  769.21454677,  154.763675188,  742.512
1577.22894938,  10834.9,  8831.41,  769.214365121,  154.763487377,  742.454
1577.24938383,  10827.6,  8824.8,  769.215144656,  154.763340329,  741.492
1577.26981828,  10814.4,  8814.4,  769.214307093,  154.763624069,  741.927
1577.29025273,  10800.5,  8803.27,  769.214252161,  154.764352243,  741.675
1577.31068718,  10782.5,  8787.45,  769.214382501,  154.763590128,  741.898
1577.33112163,  10776.6,  8783.91,  769.214281157,  154.76269551,  741.173
1577.35155618,  10803.0,  8804.65,  769.214545727,  154.763553613,  741.981
1577.37199053,  10824.8,  8821.72,  769.213996837,  154.763811419,  741.964
1577.39242508,  10851.6,  8844.55,  769.214759812,  154.763269025,  741.945
1577.41285953,  10863.6,  8852.93,  769.214546047,  154.762833325,  741.975
1577.43329388,  10867.0,  8856.47,  769.214772654,  154.763270637,  741.034
1577.45372843,  10848.6,  8841.72,  769.214224551,  154.763601872,  742.331
1577.47416288,  10825.6,  8821.9,  769.215162778,  154.764116232,  741.099
1577.49459723,  10815.7,  8814.96,  769.2151451,  154.763386815,  741.521
1577.51503178,  10832.0,  8828.1,  769.21568492,  154.762638169,  741.66
1577.53546623,  10830.8,  8826.27,  769.215109334,  154.764357625,  741.06
1577.55590068,  10836.5,  8832.2,  769.215588171,  154.763807096,  741.534
1577.57633513,  10852.7,  8844.46,  769.215033011,  154.763909209,  741.388
1577.59676948,  10821.4,  8818.67,  769.214820809,  154.764365619,  741.334
1577.61720403,  10798.3,  8800.8,  769.215189629,  154.763702944,  740.636
1577.63763848,  10781.5,  8786.18,  769.214624016,  154.764098565,  740.571
1577.65807283,  10784.9,  8789.78,  769.215058366,  154.763094414,  741.77
1577.67850738,  10796.0,  8798.87,  769.214468272,  154.764729534,  740.197
1577.69894183,  10828.9,  8824.18,  769.213459454,  154.762576883,  740.946
1577.71937629,  10843.0,  8836.15,  769.214087561,  154.763431137,  744.027
1577.73981074,  10871.2,  8858.83,  769.215020587,  154.764308529,  740.5
1577.76024519,  10866.3,  8854.7,  769.214510319,  154.763713591,  740.157
1577.78067974,  10851.1,  8842.82,  769.214481094,  154.764640243,  740.709
1577.80111409,  10832.7,  8828.0,  769.214244764,  154.764495342,  740.204
1577.82154854,  10826.3,  8823.11,  769.214280594,  154.763823576,  739.807
1577.84198309,  10819.8,  8818.0,  769.214353383,  154.764040701,  739.518
1577.86241755,  10833.7,  8827.89,  769.215042782,  154.763689136,  739.979
1577.8828519,  10832.0,  8827.46,  769.21472806,  154.764507487,  739.898
1577.90328645,  10835.5,  8829.69,  769.216747518,  154.763958635,  740.075
1577.9237209,  10821.3,  8818.08,  769.214290267,  154.764477714,  739.729
1577.94415535,  10797.8,  8799.28,  769.213853453,  154.763952724,  739.745
1577.96458981,  10792.8,  8794.66,  769.214288034,  154.76431637,  739.508
1577.98502426,  10785.4,  8788.32,  769.214402167,  154.763379024,  739.415
1578.00545871,  10792.6,  8795.02,  769.214108149,  154.763258124,  739.84
1578.02589316,  10823.9,  8820.19,  769.214668671,  154.764735074,  739.967
1578.04632761,  10852.0,  8842.66,  769.214256579,  154.763552601,  739.91
1578.06676217,  10860.4,  8850.46,  769.213281,  154.764497035,  748.694
1578.08719652,  10860.5,  8848.91,  769.215938523,  154.763954674,  739.588
1578.10763097,  10844.8,  8837.18,  769.214736244,  154.764424166,  740.109
1578.12806552,  10837.3,  8830.79,  769.214091014,  154.763767084,  740.15
1578.14849988,  10820.1,  8816.66,  769.214718389,  154.764053417,  739.895
1578.16893443,  10826.2,  8822.43,  769.21331591,  154.763582171,  739.967
1578.18936888,  10831.2,  8824.71,  769.212891518,  154.763995878,  739.146
1578.20980324,  10838.9,  8831.6,  769.214403292,  154.763665746,  738.855
1578.23023779,  10827.4,  8823.37,  769.214255657,  154.764533829,  738.228
1578.25067214,  10816.4,  8813.29,  769.214295192,  154.763620658,  740.026
1578.2711066,  10797.9,  8798.58,  769.214455896,  154.763913315,  738.713
1578.29154115,  10776.2,  8781.59,  769.214579317,  154.763951166,  739.16
1578.3119755,  10778.1,  8782.2,  769.213815489,  154.764517791,  739.317
1578.33241006,  10805.4,  8805.3,  769.214937777,  154.761979273,  738.618
1578.35284451,  10827.6,  8821.58,  769.214491821,  154.764081186,  739.903
1578.37327886,  10843.9,  8835.12,  769.214435463,  154.763270211,  739.839
1578.39371342,  10859.4,  8848.13,  769.213259483,  154.764490692,  739.078
1578.41414787,  10861.4,  8848.89,  769.214665949,  154.7637159,  737.954
1578.43458232,  10848.1,  8838.95,  769.214530959,  154.763882267,  738.268
1578.45501678,  10823.5,  8819.69,  769.213251275,  154.764184374,  738.186
1578.47545123,  10813.7,  8810.95,  769.214434889,  154.763858349,  738.714
1578.49588569,  10819.7,  8815.67,  769.213830682,  154.764781747,  739.33
1578.51632014,  10829.3,  8823.28,  769.214204078,  154.763731039,  739.223
1578.5367546,  10829.5,  8824.05,  769.214018589,  154.764013025,  738.652
1578.55718915,  10832.8,  8826.27,  769.215005076,  154.763739825,  739.176
1578.5776236,  10817.6,  8813.32,  769.214659251,  154.764480138,  738.11
1578.59805796,  10789.9,  8792.0,  769.213976479,  154.764331211,  738.808
1578.63892697,  10785.0,  8786.71,  769.21378354,  154.764880282,  737.765
1578.65936132,  10798.3,  8797.93,  769.214473366,  154.764707954,  738.517
1578.67979588,  10820.0,  8814.63,  769.214239221,  154.764509935,  738.145
1578.70023033,  10844.5,  8834.1,  769.214647759,  154.764076366,  737.51
1578.72066469,  10852.1,  8841.35,  769.215192572,  154.76386092,  737.923
1578.74109924,  10856.2,  8843.52,  769.214454981,  154.764751479,  737.923
1578.7615337,  10837.7,  8828.47,  769.215079056,  154.765307474,  737.489
1578.78196825,  10818.6,  8814.14,  769.214510403,  154.763765304,  738.077
1578.80240261,  10820.8,  8814.04,  769.214474748,  154.76396657,  737.983
1578.82283706,  10820.9,  8814.72,  769.21454063,  154.763579528,  737.274
1578.84327162,  10824.7,  8818.32,  769.214976843,  154.764021277,  737.435
1578.86370597,  10831.1,  8822.81,  769.214535555,  154.763352479,  737.315
1578.88414043,  10829.5,  8821.91,  769.215445998,  154.764311391,  737.331
1578.90457489,  10810.9,  8807.2,  769.213778356,  154.763547227,  737.584
1578.92500934,  10794.4,  8792.71,  769.214428207,  154.76520665,  737.257
1578.9454439,  10780.7,  8782.75,  769.213804296,  154.764737817,  736.526
1578.96587825,  10775.7,  8777.04,  769.215157476,  154.763966357,  737.321
1578.98631271,  10792.1,  8791.1,  769.214815411,  154.764045553,  737.625
1579.00674726,  10816.4,  8811.13,  769.214485509,  154.763213896,  737.078
1579.02718162,  10847.7,  8835.31,  769.21506917,  154.763310758,  736.699
1579.04761608,  10846.8,  8835.63,  769.214499921,  154.764030621,  736.743
1579.06805063,  10848.9,  8837.03,  769.214939973,  154.763979231,  736.871
1579.08848509,  10841.7,  8830.34,  769.2150603,  154.764200521,  737.464
1579.10891945,  10826.6,  8819.53,  769.214602267,  154.76351787,  737.443
1579.129354,  10813.0,  8807.0,  769.214879816,  154.764018381,  736.09
1579.14978846,  10813.5,  8807.62,  769.214681549,  154.764120767,  736.578
1579.17022292,  10821.4,  8814.56,  769.214688306,  154.764313208,  736.134
1579.19065737,  10828.2,  8819.17,  769.214681759,  154.764869711,  736.922
1579.21109183,  10824.9,  8817.27,  769.215166955,  154.764191318,  736.364
1579.23152639,  10807.3,  8803.68,  769.214781853,  154.764909096,  736.37
1579.25196074,  10788.7,  8787.08,  769.213934015,  154.764598536,  736.358
1579.2723952,  10779.0,  8780.5,  769.214785232,  154.764656269,  735.613
1579.29282976,  10771.0,  8772.95,  769.215355143,  154.76450649,  736.056
1579.31326411,  10790.1,  8788.08,  769.2145481,  154.764323508,  735.854
1579.33369867,  10819.6,  8812.92,  769.214501132,  154.764046935,  735.32
1579.35413313,  10844.7,  8831.89,  769.214615344,  154.764599488,  736.288
1579.37456749,  10851.9,  8838.66,  769.214575222,  154.764037412,  735.416
1579.39500204,  10856.6,  8842.28,  769.214708233,  154.764889069,  735.748
1579.4154365,  10842.3,  8829.58,  769.215298926,  154.764688442,  736.175
1579.43587086,  10824.9,  8816.72,  769.215393442,  154.763876543,  735.81
1579.45630542,  10817.4,  8810.47,  769.215481563,  154.765261394,  735.978
1579.47673987,  10826.0,  8817.06,  769.21404111,  154.764487342,  735.755
1579.49717423,  10837.2,  8826.4,  769.215149181,  154.765351793,  735.828
1579.51760879,  10823.9,  8815.56,  769.215413887,  154.764641589,  735.643
1579.53804315,  10830.4,  8820.34,  769.214520182,  154.76494167,  736.318
1579.5584777,  10818.0,  8810.85,  769.215331012,  154.765129738,  735.919
1579.57891216,  10787.8,  8785.93,  769.213459256,  154.764771299,  735.531
1579.59934662,  10778.9,  8779.3,  769.214590917,  154.764321128,  735.957
1579.61978108,  10772.9,  8773.94,  769.214770748,  154.76514677,  735.756
1579.64021554,  10796.5,  8791.81,  769.215428193,  154.765031681,  735.398
1579.66065,  10818.8,  8811.34,  769.214958826,  154.764795389,  736.101
1579.68108445,  10837.1,  8825.62,  769.213606839,  154.765156071,  735.085
1579.70151891,  10864.6,  8846.97,  769.215022002,  154.765001147,  735.373
1579.72195347,  10853.1,  8839.24,  769.214872287,  154.76462906,  736.029
1579.74238793,  10839.1,  8826.31,  769.214511991,  154.765531326,  735.767
1579.76282229,  10829.8,  8819.3,  769.215414316,  154.764381804,  734.525
1579.78325685,  10818.5,  8810.0,  769.215009652,  154.764307102,  734.682
1579.80369131,  10812.3,  8804.45,  769.214797428,  154.765061591,  735.765
1579.82412567,  10824.7,  8815.47,  769.214945743,  154.764729846,  734.481
1579.84456022,  10824.6,  8814.86,  769.215332082,  154.765239496,  734.862
1579.86499468,  10823.1,  8813.32,  769.214930649,  154.764973481,  734.575
1579.88542904,  10814.3,  8807.06,  769.21511654,  154.764698705,  734.478
1579.9058636,  10795.1,  8790.74,  769.21507957,  154.765694585,  734.496
1579.92629806,  10780.4,  8779.27,  769.2143591,  154.765080795,  734.9
1579.94673262,  10785.3,  8783.24,  769.214881123,  154.764852068,  734.417
1579.96716698,  10797.5,  8792.22,  769.214498258,  154.765180321,  733.55
1579.98760144,  10813.8,  8805.76,  769.214980534,  154.764452788,  732.386
1580.008036,  10836.1,  8823.4,  769.214797504,  154.765175064,  734.587
1580.02847036,  10855.5,  8838.86,  769.21521979,  154.764789849,  733.273
1580.04890482,  10856.8,  8841.25,  769.214323113,  154.765373889,  734.039
1580.06933938,  10841.1,  8828.1,  769.21417555,  154.76487397,  732.794
1580.08977374,  10827.5,  8816.51,  769.214800565,  154.765348665,  733.501
1580.1102082,  10816.3,  8808.42,  769.215040341,  154.765227074,  732.998
1580.13064276,  10822.7,  8812.65,  769.214581783,  154.765265465,  733.37
1580.15107712,  10823.8,  8813.21,  769.214480687,  154.76501998,  732.495
1580.17151168,  10824.1,  8813.97,  769.214185606,  154.765286202,  732.937
1580.19194604,  10828.6,  8816.3,  769.214206927,  154.765288231,  733.364
1580.2123805,  10814.2,  8805.73,  769.214203837,  154.765030634,  733.195
1580.23281506,  10801.8,  8795.45,  769.214840526,  154.764650415,  733.194
1580.25324942,  10782.6,  8778.52,  769.214932673,  154.765621339,  733.585
1580.27368388,  10775.5,  8774.13,  769.214793992,  154.766156854,  733.13
1580.29411844,  10795.6,  8790.6,  769.215371284,  154.764966272,  731.79
1580.3145529,  10817.0,  8807.34,  769.215230538,  154.765643007,  732.096
1580.33498736,  10842.5,  8828.53,  769.214854351,  154.765897408,  732.685
1580.35542182,  10849.8,  8833.11,  769.215633848,  154.765134996,  732.394
1580.37585628,  10855.7,  8838.21,  769.214695855,  154.765742897,  732.815
1580.39629074,  10835.9,  8822.47,  769.215075228,  154.766023759,  731.424
1580.4167252,  10833.6,  8819.97,  769.215459314,  154.766178263,  731.88
1580.43715967,  10820.3,  8809.87,  769.214616542,  154.765188995,  732.308
1580.45759423,  10814.9,  8805.19,  769.214664882,  154.76509548,  731.189
1580.47802859,  10818.8,  8808.1,  769.214705127,  154.766136897,  732.111
1580.49846305,  10826.6,  8814.68,  769.214696071,  154.766099618,  731.529
1580.51889761,  10824.4,  8811.57,  769.214867358,  154.765706556,  732.049
1580.53933197,  10819.2,  8808.76,  769.215526452,  154.765219905,  731.339
1580.55976653,  10801.7,  8794.93,  769.213965054,  154.765800345,  731.851
1580.58020099,  10782.6,  8778.41,  769.213845948,  154.765736573,  731.46
1580.60063536,  10782.5,  8778.91,  769.215271388,  154.766476992,  731.923
1580.62106992,  10803.9,  8795.64,  769.213924415,  154.766279746,  731.136
1580.64150438,  10815.5,  8804.72,  769.215805896,  154.766641473,  730.8
1580.66193874,  10850.1,  8834.14,  769.214873203,  154.765164796,  731.54
1580.6823733,  10855.2,  8836.39,  769.215918843,  154.765964523,  730.564
1580.70280776,  10869.8,  8849.0,  769.215340421,  154.766404244,  731.109
1580.72324233,  10842.3,  8827.03,  769.214078846,  154.766099146,  730.948
1580.74367669,  10827.8,  8814.62,  769.214937714,  154.765623178,  730.784
1580.76411115,  10820.2,  8809.08,  769.214693107,  154.765182717,  730.63
1580.78454571,  10814.5,  8804.3,  769.215444507,  154.765484025,  729.892
1580.80498007,  10824.8,  8812.15,  769.213497901,  154.765868904,  730.496
1580.82541454,  10830.2,  8817.53,  769.214731452,  154.765986638,  730.107
1580.845849,  10826.5,  8812.91,  769.213550194,  154.766269988,  730.928
1580.86628346,  10816.2,  8805.72,  769.214841604,  154.76677928,  730.542
1580.88671792,  10800.9,  8793.5,  769.21507383,  154.765596417,  729.64
1580.90715239,  10778.1,  8773.87,  769.215466559,  154.766143554,  730.052
1580.92758685,  10787.1,  8782.58,  769.215149601,  154.765607889,  729.36
1580.94802141,  10793.4,  8787.36,  769.214131908,  154.764382143,  729.764
1580.96845587,  10813.8,  8802.79,  769.215055521,  154.766298294,  730.437
1580.98889024,  10839.7,  8825.01,  769.214927992,  154.766445634,  729.901
1581.0093248,  10857.7,  8838.53,  769.214913317,  154.765707773,  730.314
1581.02975926,  10854.8,  8835.27,  769.214933418,  154.76603801,  730.326
1581.05019363,  10848.8,  8831.74,  769.214151154,  154.766558425,  729.144
1581.07062819,  10831.0,  8816.26,  769.215153652,  154.76633392,  729.455
1581.09106265,  10817.9,  8806.03,  769.214384138,  154.766540566,  729.486
1581.11149722,  10819.9,  8807.75,  769.215752053,  154.766691231,  729.269
1581.13193158,  10829.3,  8814.29,  769.213941272,  154.767222403,  730.044
1581.15236604,  10830.5,  8816.34,  769.21438179,  154.766950715,  729.323
1581.17280061,  10833.5,  8818.54,  769.21502912,  154.766923659,  728.983
1581.19323497,  10816.2,  8804.67,  769.214192515,  154.765681471,  728.704
1581.21366943,  10798.3,  8790.27,  769.214716956,  154.76614908,  729.76
1581.234104,  10782.1,  8776.45,  769.214753104,  154.766028085,  729.066
1581.25453836,  10791.3,  8784.18,  769.215183162,  154.765918166,  729.333
1581.27497282,  10796.8,  8789.54,  769.214878885,  154.766741893,  729.035
1581.29540739,  10823.4,  8809.43,  769.215428896,  154.76569637,  728.853
1581.31584175,  10836.6,  8820.82,  769.21433395,  154.766976784,  729.067
1581.33627631,  10857.5,  8837.94,  769.214861657,  154.765665451,  729.229
1581.35671078,  10860.8,  8840.23,  769.214976824,  154.766038974,  728.548
1581.37714524,  10848.9,  8831.66,  769.215237621,  154.765929732,  729.188
1581.39757971,  10825.2,  8811.07,  769.215756065,  154.766068458,  729.427
1581.41801417,  10817.8,  8805.34,  769.215264585,  154.765748373,  728.65
1581.43844863,  10812.0,  8801.88,  769.215279881,  154.766153579,  728.681
1581.4588831,  10826.3,  8810.82,  769.215066672,  154.767446833,  728.18
1581.47931756,  10833.5,  8817.89,  769.214225829,  154.766961701,  728.22
1581.49975203,  10826.0,  8812.37,  769.214140841,  154.766791648,  729.231
1581.52018649,  10817.2,  8804.3,  769.214954946,  154.767028589,  728.352
1581.54062096,  10791.3,  8784.33,  769.21465417,  154.766667784,  728.245
1581.56105542,  10786.1,  8779.54,  769.214704773,  154.766341035,  728.112
1581.58148989,  10775.4,  8770.08,  769.215549846,  154.766960192,  728.081
1586.83314216,  10866.5,  8814.91,  769.208883508,  154.777263717,  713.099
1586.85357673,  10881.2,  8828.46,  769.208882275,  154.777383816,  713.301
1586.87401111,  10908.4,  8849.15,  769.209330763,  154.779023897,  713.275
1586.89444569,  10929.5,  8866.8,  769.20872374,  154.777762069,  713.262
1586.91488016,  10930.6,  8868.63,  769.209618713,  154.777633366,  712.432
1586.93531454,  10916.8,  8856.19,  769.208519572,  154.776930339,  713.9
1586.95574912,  10902.7,  8845.16,  769.208904142,  154.778495079,  713.639
1586.9761836,  10895.5,  8839.77,  769.209722472,  154.777338193,  713.034
1586.99661807,  10893.8,  8837.33,  769.209283081,  154.777705932,  713.032
1587.01705255,  10893.9,  8838.44,  769.208697381,  154.778307549,  712.908
1587.03748703,  10896.1,  8840.1,  769.208993734,  154.778299292,  713.224
1587.05792161,  10896.6,  8838.71,  769.20854004,  154.778547159,  713.421
1587.07835608,  10892.2,  8836.68,  769.209152534,  154.778375608,  713.254
1587.09879046,  10873.3,  8820.86,  769.208628923,  154.77762811,  713.128
1587.11922504,  10856.7,  8807.26,  769.210554938,  154.7781732,  712.364
1587.13965952,  10845.2,  8797.72,  769.209292954,  154.778740399,  712.129
1587.16009389,  10856.8,  8807.38,  769.208972758,  154.779088842,  712.425
1587.18052847,  10876.4,  8824.0,  769.208146947,  154.778099102,  711.572
1587.20096295,  10907.3,  8848.47,  769.209270974,  154.77912707,  712.663
1587.22139743,  10916.8,  8855.3,  769.209076948,  154.778371409,  712.856
1587.24183191,  10928.2,  8865.29,  769.209508814,  154.779256491,  712.034
1587.26226628,  10913.5,  8852.64,  769.210125201,  154.779064879,  712.865
1587.28270086,  10896.1,  8838.99,  769.209695,  154.778576056,  712.399
1587.30313534,  10878.5,  8825.53,  769.209284571,  154.778811563,  712.52
1587.32356972,  10886.8,  8832.01,  769.210375316,  154.777600961,  712.884
1587.3440043,  10887.7,  8831.71,  769.209203448,  154.779464031,  713.213
1587.36443877,  10884.8,  8830.05,  769.210300445,  154.778372389,  712.141
1587.38487335,  10884.4,  8829.5,  769.21094497,  154.778012384,  712.384
1587.40530773,  10879.0,  8825.96,  769.209030207,  154.778694311,  712.826
1587.42574221,  10859.7,  8810.2,  769.210790107,  154.778156148,  711.963
1587.44617679,  10842.6,  8796.33,  769.209661173,  154.778576993,  712.289
1587.46661116,  10844.5,  8798.37,  769.209555847,  154.778976703,  711.77
1587.50748022,  10873.2,  8821.37,  769.210474112,  154.778369054,  711.978
1587.5279146,  10898.2,  8841.5,  769.209859596,  154.778211324,  711.975
1587.54834918,  10912.5,  8852.64,  769.210742742,  154.778158304,  712.091
1587.56878366,  10918.3,  8857.54,  769.21160824,  154.778620293,  711.837
1587.58921813,  10904.4,  8846.92,  769.209893622,  154.778152454,  711.935
1587.60965261,  10881.5,  8827.1,  769.209284624,  154.779599697,  711.603
1587.63008709,  10877.5,  8825.35,  769.210133516,  154.778099105,  711.563
1587.65052157,  10867.0,  8817.02,  769.211832117,  154.777993979,  711.526
1587.67095605,  10875.3,  8823.42,  769.211331914,  154.778012168,  712.154
1587.69139053,  10882.1,  8830.64,  769.210897587,  154.777392847,  712.065
1587.71182511,  10883.3,  8829.92,  769.210970612,  154.776248311,  712.19
1587.73225948,  10870.7,  8819.94,  769.210513662,  154.778044327,  712.146
1587.75269396,  10855.9,  8809.88,  769.211102637,  154.777617642,  711.567
1587.77312854,  10831.3,  8788.43,  769.210869761,  154.777634551,  712.268
1587.79356302,  10826.7,  8785.18,  769.2113361,  154.77741338,  712.145
1587.8139974,  10839.7,  8795.96,  769.211178682,  154.777850401,  711.62
1587.83443198,  10859.7,  8811.91,  769.211645234,  154.777932376,  712.044
1587.85486636,  10885.7,  8833.95,  769.211746532,  154.776901613,  712.005
1587.87530094,  10899.7,  8844.03,  769.211943667,  154.777472337,  711.994
1587.89573541,  10903.6,  8847.56,  769.211599689,  154.777248239,  710.732
1587.91616979,  10897.6,  8844.73,  769.211218922,  154.777150226,  711.596
1587.93660437,  10872.4,  8822.98,  769.21193943,  154.77757691,  712.579
1587.95703885,  10857.2,  8812.3,  769.211247379,  154.777113816,  712.335
1587.97747323,  10857.7,  8812.0,  769.212278202,  154.776527355,  711.798
1587.99790781,  10872.1,  8823.38,  769.21192504,  154.775771976,  711.426
1588.01834229,  10871.6,  8823.43,  769.211436577,  154.777251991,  711.761
1588.03877667,  10878.4,  8828.61,  769.212481443,  154.776871281,  711.908
1588.05921125,  10862.1,  8815.72,  769.211598256,  154.776171364,  711.428
1588.07964573,  10837.1,  8796.26,  769.211698557,  154.775966137,  711.76
1588.10008031,  10825.9,  8786.27,  769.211363676,  154.776637203,  711.682
1588.12051468,  10823.4,  8784.5,  769.212099484,  154.775322041,  711.562
1588.14094916,  10822.7,  8784.48,  769.211654176,  154.776364841,  711.048
1588.16138374,  10849.4,  8806.04,  769.212617484,  154.775701398,  711.332
1588.18181812,  10884.7,  8835.91,  769.212318184,  154.775842569,  710.87
1588.2022526,  10899.2,  8846.74,  769.211361301,  154.775174148,  710.931
1588.22268718,  10891.3,  8839.85,  769.213042078,  154.776278636,  710.734
1588.24312156,  10889.5,  8839.78,  769.211505527,  154.775664048,  711.442
1588.26355614,  10872.2,  8824.83,  769.212063765,  154.77584874,  711.019
1588.28399062,  10854.8,  8811.19,  769.211931702,  154.775325769,  711.36
1588.3044251,  10857.7,  8814.11,  769.211988734,  154.776001031,  709.279
1588.32485958,  10853.5,  8810.23,  769.212204802,  154.775233232,  709.926
1588.34529406,  10857.8,  8813.66,  769.211561205,  154.776581809,  710.348
1588.36572854,  10869.1,  8823.81,  769.21200233,  154.775229763,  709.465
1588.38616302,  10851.0,  8807.43,  769.212429392,  154.77641689,  710.237
1588.4065975,  10829.8,  8791.56,  769.212826258,  154.775395843,  709.975
1588.42703198,  10822.7,  8785.54,  769.21179085,  154.775110684,  710.808
1588.44746656,  10804.3,  8770.75,  769.212639967,  154.775534708,  709.449
1588.46790094,  10816.4,  8781.36,  769.212921874,  154.774964437,  709.327
1588.48833552,  10847.3,  8805.08,  769.212037794,  154.774429438,  709.39
1588.5087699,  10869.3,  8823.59,  769.213124126,  154.775567131,  709.458
1588.52920437,  10889.4,  8840.1,  769.212250784,  154.77492904,  709.256
1588.54963895,  10897.2,  8845.71,  769.212538928,  154.775117596,  709.304
1588.57007333,  10882.2,  8834.49,  769.212550073,  154.775590586,  709.297
1588.59050781,  10860.7,  8817.1,  769.211895764,  154.775216332,  709.138
1588.61094239,  10844.1,  8802.93,  769.213441858,  154.774595387,  709.69
1588.63137677,  10844.3,  8804.1,  769.211938658,  154.77490003,  709.902
1588.65181135,  10842.5,  8801.83,  769.212892046,  154.775306097,  709.634
1588.67224583,  10860.6,  8816.58,  769.213368996,  154.775411908,  708.742
1588.69268021,  10857.2,  8814.92,  769.212930589,  154.774306917,  708.933
1588.71311479,  10848.9,  8806.82,  769.213284037,  154.774095207,  708.965
1588.73354927,  10824.9,  8788.64,  769.213517353,  154.774774031,  708.841
1588.75398365,  10804.2,  8772.3,  769.212388154,  154.774672064,  709.208
1588.77441823,  10801.1,  8768.71,  769.212886281,  154.775119987,  708.149
1588.79485271,  10811.9,  8778.43,  769.212569524,  154.77502946,  708.193
1588.81528719,  10836.1,  8797.02,  769.21208911,  154.775542747,  708.543
1588.83572167,  10864.1,  8819.94,  769.213513537,  154.774388079,  708.549
1588.85615615,  10878.4,  8831.97,  769.213854451,  154.774349416,  707.831
1588.87659074,  10886.6,  8837.33,  769.213316038,  154.774241676,  707.494
1588.89702512,  10873.6,  8827.44,  769.213003349,  154.774399239,  708.337
1588.9174596,  10855.8,  8813.29,  769.212676978,  154.774521571,  708.394
1588.93789418,  10844.1,  8803.03,  769.213764269,  154.774282808,  708.058
1588.95832866,  10838.9,  8800.4,  769.214689862,  154.774609214,  707.984
1588.97876304,  10842.5,  8802.59,  769.213137908,  154.774566883,  707.356
1588.99919762,  10847.4,  8806.05,  769.212324385,  154.773943572,  708.089
1589.0196321,  10852.7,  8811.21,  769.21320592,  154.774202401,  707.415
1589.04006648,  10841.0,  8801.23,  769.213741552,  154.773419584,  708.546
1589.06050106,  10816.7,  8781.75,  769.213428363,  154.773212785,  707.59
1589.08093554,  10807.1,  8774.15,  769.212722828,  154.774424549,  707.375
1589.10137012,  10802.9,  8770.16,  769.212914475,  154.774461933,  708.249
1589.1218045,  10807.3,  8774.57,  769.212943547,  154.774500704,  708.063
1589.14223898,  10833.9,  8796.1,  769.212361861,  154.773602783,  706.639
1589.16267346,  10862.6,  8818.19,  769.213146931,  154.773998532,  707.73
1589.18310794,  10876.7,  8831.16,  769.213722437,  154.773887635,  707.674
1589.20354232,  10870.1,  8824.93,  769.213067694,  154.774912546,  707.561
1589.2239769,  10866.3,  8821.28,  769.213798686,  154.774304628,  707.382
1589.24441138,  10853.0,  8812.55,  769.21385417,  154.773919416,  707.436
1589.26484596,  10834.9,  8796.06,  769.213040271,  154.774297949,  707.357
1589.28528035,  10837.7,  8798.65,  769.212849458,  154.774530466,  706.383
1589.30571483,  10837.4,  8799.13,  769.213563697,  154.773888798,  706.948
1589.32614941,  10847.1,  8806.27,  769.213944087,  154.774139079,  707.014
1589.34658379,  10843.3,  8803.24,  769.214159143,  154.774018181,  706.912
1589.36701827,  10841.2,  8801.61,  769.213706045,  154.774576659,  706.694
1589.38745285,  10816.4,  8781.07,  769.213005508,  154.77388638,  706.826
1589.40788723,  10805.7,  8773.42,  769.213329732,  154.77427289,  706.282
1589.42832171,  10793.1,  8762.55,  769.213593327,  154.773728728,  707.376
1589.44875629,  10807.7,  8773.5,  769.213652684,  154.774165338,  706.788
1589.46919077,  10826.8,  8789.9,  769.213424959,  154.773818372,  706.363
1589.48962525,  10856.7,  8813.0,  769.212934783,  154.773898629,  707.505
1589.51005973,  10869.8,  8824.77,  769.213758942,  154.774356451,  706.048
1589.53049422,  10865.1,  8821.04,  769.213652438,  154.774021683,  706.655
1589.5509287,  10881.4,  8832.62,  769.213366628,  154.773358724,  706.053
1589.57136318,  10861.8,  8817.83,  769.213657484,  154.773961284,  705.972
1589.59179766,  10836.3,  8796.76,  769.214540035,  154.774045937,  706.705
1589.61223224,  10830.9,  8792.61,  769.213588291,  154.774168016,  706.267
1589.63266662,  10844.6,  8805.16,  769.213632558,  154.774235742,  706.425
1589.6531011,  10842.4,  8801.75,  769.214080383,  154.774089893,  706.176
1589.67353568,  10842.3,  8802.07,  769.214170705,  154.77388985,  706.032
1589.69397006,  10833.6,  8795.81,  769.212889686,  154.774513609,  706.771
1589.71440465,  10814.0,  8778.85,  769.214582071,  154.773628675,  707.137
1589.73483913,  10798.0,  8766.66,  769.213819052,  154.774342595,  705.832
1589.75527351,  10791.0,  8761.13,  769.213977583,  154.773826062,  706.163
1589.77570809,  10789.1,  8757.98,  769.214123299,  154.773683795,  706.285
1589.79614257,  10816.2,  8781.51,  769.213618441,  154.774048902,  705.507
1589.81657695,  10842.2,  8801.94,  769.213541313,  154.773292677,  705.44
1589.85744591,  10861.2,  8817.76,  769.214325892,  154.77394674,  705.804
1589.8778805,  10858.1,  8813.91,  769.213635613,  154.774046092,  705.994
1589.89831498,  10842.8,  8801.97,  769.213336822,  154.774429535,  705.68
1589.91874936,  10839.9,  8799.34,  769.214390932,  154.773244979,  706.453
1589.93918394,  10830.8,  8790.9,  769.214758621,  154.77436254,  705.607
1589.95961842,  10831.9,  8793.27,  769.214637507,  154.773757536,  705.346
1589.9800528,  10833.3,  8793.79,  769.214240717,  154.77406618,  705.568
1590.00048738,  10840.5,  8799.08,  769.214013842,  154.773242528,  704.934
1590.02092187,  10823.4,  8786.07,  769.214314265,  154.774862836,  705.939
1590.04135635,  10805.4,  8771.21,  769.214339423,  154.773952108,  705.575
1590.06179083,  10796.0,  8763.4,  769.213907153,  154.774452913,  705.113
1590.08222531,  10788.8,  8758.08,  769.213979906,  154.773681288,  705.284
1590.10265989,  10803.3,  8767.97,  769.214254444,  154.774102817,  705.146
1590.12309427,  10819.7,  8782.72,  769.214863929,  154.77370528,  705.511
1590.14352876,  10839.2,  8798.43,  769.21395345,  154.773590033,  704.913
1590.16396334,  10865.8,  8818.95,  769.215380088,  154.773533519,  704.406
1590.18439782,  10865.1,  8819.04,  769.215030032,  154.774344091,  705.58
1590.2048322,  10850.4,  8807.51,  769.213636581,  154.77341647,  705.14
1590.22526678,  10843.6,  8801.1,  769.214559542,  154.773449436,  705.368
1590.24570126,  10821.9,  8784.99,  769.213498446,  154.774018442,  705.128
1590.26613565,  10823.0,  8784.79,  769.214880598,  154.7741591,  704.329
1590.28657023,  10830.5,  8791.32,  769.214039916,  154.774511174,  705.299
1590.30700471,  10832.5,  8793.68,  769.214316923,  154.773874013,  705.445
1590.32743929,  10836.0,  8795.32,  769.21410407,  154.774221903,  705.199
1590.34787367,  10819.3,  8782.7,  769.214041044,  154.773889789,  704.561
1590.36830815,  10802.9,  8768.58,  769.213624123,  154.774542874,  703.988
1590.38874274,  10782.3,  8751.15,  769.214361559,  154.774762777,  704.433
1590.40917712,  10782.3,  8752.88,  769.214073267,  154.773029763,  704.941
1590.4296116,  10792.1,  8759.1,  769.214659263,  154.772802085,  704.72
1590.45004608,  10815.0,  8778.02,  769.214669803,  154.773814769,  705.165
1590.47048056,  10841.2,  8800.11,  769.213841682,  154.773183486,  705.135
1590.49091515,  10863.8,  8816.56,  769.214038499,  154.773715566,  705.897
1590.51134953,  10862.3,  8816.89,  769.215016899,  154.773222387,  704.499
1590.53178401,  10853.9,  8809.47,  769.213970438,  154.77355313,  704.757
1590.55221859,  10840.8,  8798.38,  769.214860742,  154.773751808,  704.939
1590.57265297,  10831.3,  8791.06,  769.21437633,  154.772948464,  705.484
1590.59308746,  10826.6,  8787.55,  769.214075691,  154.772960735,  705.394
1590.61352204,  10824.2,  8785.57,  769.213876602,  154.774486273,  704.755
1590.63395642,  10831.2,  8792.4,  769.214364294,  154.773817168,  703.785
1590.6543909,  10826.8,  8787.6,  769.214964962,  154.774215823,  703.985
1590.67482548,  10820.6,  8782.98,  769.21368478,  154.772918752,  704.423
1590.69525997,  10809.0,  8773.19,  769.214913003,  154.77460733,  704.028
1590.71569445,  10790.4,  8757.15,  769.214844617,  154.774589726,  704.268
1590.73612893,  10780.4,  8751.01,  769.214056273,  154.773267899,  704.503
1590.75656341,  10789.6,  8757.8,  769.214134626,  154.773103343,  703.847
1590.7769979,  10814.9,  8777.51,  769.214089311,  154.77447111,  704.91
1590.79743238,  10847.5,  8805.16,  769.215601911,  154.772692559,  704.266
1590.81786686,  10852.2,  8807.59,  769.214064751,  154.773577779,  704.086
1590.83830144,  10866.2,  8819.66,  769.214106886,  154.773076855,  703.94
1590.85873582,  10852.4,  8809.24,  769.215471359,  154.773596274,  704.204
1590.87917031,  10839.5,  8796.68,  769.214410933,  154.772926675,  704.495
1590.89960489,  10826.3,  8787.42,  769.214666503,  154.773776528,  704.151
1590.92003927,  10813.4,  8776.41,  769.21368596,  154.773621638,  704.416
1590.94047385,  10829.9,  8789.21,  769.214305002,  154.772774203,  704.267
1590.96090834,  10828.5,  8789.49,  769.214538037,  154.773837779,  704.16
1590.98134272,  10831.3,  8781.98,  769.215091692,  154.774891772,  703.017
1591.0017773,  10823.2,  8779.25,  769.213603312,  154.77398982,  704.382
