Kepler I.D.-----Channel

[3339563]--------[81]

-TTYPE1--------TTYPE8------------TTYPE4-----------TTYPE15------------TTYPE17-----------TTYPE6

['TIME']---['PDCSAP_FLUX']---['SAP_FLUX']---['MOM_CENTR1']---['MOM_CENTR2']---['SAP_BKG']

['BJD - 2454833']--['e-/s']--------['e-/s']---------['pixel']---------['pixel']----------['e-/s']

CROWDSAP --- 0.9885

3339563

1559.24626486,  31703.8,  28470.4,  752.103719048,  542.358975971,  1799.5
1559.26669926,  32332.4,  29029.9,  752.104288268,  542.359095171,  1800.24
1559.28713375,  32735.1,  29386.6,  752.103436785,  542.359580309,  1798.06
1559.30756805,  32854.8,  29493.6,  752.10434766,  542.359966659,  1798.88
1559.32800244,  32650.6,  29313.7,  752.103802881,  542.35981328,  1800.07
1559.34843694,  32213.6,  28924.4,  752.103991564,  542.358842372,  1799.53
1559.36887123,  31623.1,  28402.2,  752.104464712,  542.357414178,  1798.2
1559.38930573,  30963.3,  27817.4,  752.104840083,  542.35652287,  1798.91
1559.40974012,  30368.6,  27288.7,  752.105635473,  542.355289814,  1797.33
1559.43017452,  29852.3,  26832.1,  752.106156064,  542.354698823,  1796.0
1559.45060892,  29408.5,  26437.8,  752.106238225,  542.354572973,  1798.19
1559.47104331,  28854.7,  25946.4,  752.106594031,  542.353567774,  1798.09
1559.49147771,  28514.5,  25646.6,  752.107140344,  542.352380441,  1796.09
1559.51191211,  28281.8,  25438.6,  752.107318393,  542.351883797,  1795.64
1559.5323465,  28116.0,  25292.4,  752.107309057,  542.351120073,  1797.51
1559.5527809,  28063.5,  25247.2,  752.107608428,  542.351132214,  1797.81
1559.5732153,  28098.6,  25277.8,  752.1079775,  542.351062894,  1794.74
1559.5936497,  28377.5,  25526.7,  752.107153943,  542.351688386,  1796.1
1559.6140841,  28680.4,  25795.5,  752.107004348,  542.351738296,  1795.48
1559.63451849,  28978.0,  26059.1,  752.107153998,  542.352396165,  1795.59
1559.65495289,  29437.0,  26468.2,  752.107418943,  542.352076351,  1794.66
1559.67538739,  29956.0,  26928.5,  752.106745162,  542.35405492,  1795.51
1559.69582169,  30502.8,  27413.0,  752.10691052,  542.354161235,  1795.78
1559.71625609,  30910.4,  27777.0,  752.106573212,  542.354282854,  1794.11
1559.73669059,  31102.8,  27946.7,  752.106260371,  542.355059062,  1794.96
1559.75712489,  31110.8,  27954.1,  752.106464616,  542.353535657,  1793.05
1559.77755939,  30895.0,  27764.2,  752.106294177,  542.35419044,  1793.76
1559.79799379,  30473.3,  27388.2,  752.106952647,  542.353373624,  1793.36
1559.81842809,  29964.6,  26938.1,  752.107263347,  542.352648066,  1793.58
1559.83886259,  29426.3,  26461.1,  752.107473919,  542.351495219,  1793.46
1559.85929699,  28938.1,  26026.6,  752.107635269,  542.350958709,  1792.51
1559.87973129,  27930.1,  25133.8,  752.108845556,  542.348821421,  1792.09
1559.90016579,  26293.8,  23681.1,  752.11065776,  542.346541767,  1791.06
1559.92060019,  25890.8,  23323.4,  752.111139243,  542.345697991,  1791.4
1559.94103469,  25907.9,  23340.4,  752.111385138,  542.344900249,  1789.84
1559.961469,  26045.9,  23460.8,  752.11032908,  542.345277957,  1791.98
1559.9819034,  26346.3,  23728.2,  752.110531905,  542.346328416,  1790.11
1560.0023379,  27628.9,  24867.9,  752.109606311,  542.348052537,  1789.69
1560.0227722,  29344.4,  26388.1,  752.107975377,  542.351079523,  1790.0
1560.04320661,  30124.1,  27081.6,  752.107787085,  542.351826165,  1790.59
1560.06364111,  30841.4,  27718.4,  752.107646982,  542.352119954,  1790.73
1560.08407541,  31574.4,  28368.1,  752.107292521,  542.353240906,  1789.43
1560.10450991,  32221.5,  28944.0,  752.105967376,  542.354311713,  1789.3
1560.12494432,  32643.3,  29317.5,  752.106702515,  542.354565486,  1787.95
1560.14537862,  32797.1,  29452.8,  752.106768875,  542.355214432,  1789.57
1560.16581313,  32647.4,  29322.4,  752.106027217,  542.354661781,  1788.78
1560.18624753,  32249.6,  28967.8,  752.106230911,  542.35462965,  1789.56
1560.20668183,  31694.8,  28475.5,  752.107684311,  542.353191041,  1788.58
1560.22711634,  31047.0,  27901.9,  752.107119497,  542.352607055,  1787.71
1560.24755074,  30456.9,  27376.6,  752.107880553,  542.352069792,  1786.47
1560.26798505,  29955.8,  26933.3,  752.108145973,  542.35061882,  1787.29
1560.28841955,  29519.5,  26546.3,  752.107827871,  542.3499122,  1788.24
1560.30885396,  28987.4,  26072.6,  752.108656842,  542.349533327,  1788.28
1560.32928836,  28615.4,  25744.3,  752.108951778,  542.348556028,  1787.31
1560.34972277,  28381.5,  25535.7,  752.108631618,  542.34803216,  1786.58
1560.37015718,  28210.4,  25383.7,  752.1094788,  542.347535432,  1785.69
1560.39059168,  28139.8,  25321.8,  752.110196507,  542.347543389,  1789.01
1560.41102599,  28161.4,  25338.9,  752.109387593,  542.348565058,  1786.83
1560.4314604,  28396.0,  25548.5,  752.1095393,  542.348422262,  1787.2
1560.4518949,  28700.0,  25819.3,  752.108494033,  542.348707948,  1786.13
1560.47232921,  29007.4,  26090.4,  752.108682226,  542.348722772,  1786.97
1560.49276372,  29433.4,  26469.8,  752.108540616,  542.349600865,  1785.05
1560.51319812,  29955.6,  26932.9,  752.108292571,  542.350358924,  1786.89
1560.53363243,  30482.4,  27399.8,  752.10836473,  542.351262595,  1785.57
1560.55406694,  30898.1,  27769.8,  752.107983733,  542.350933813,  1785.95
1560.57450135,  31132.0,  27976.3,  752.108281372,  542.351270688,  1784.97
1560.59493566,  31166.4,  28006.7,  752.107971902,  542.35188317,  1785.24
1560.61537017,  30981.9,  27844.0,  752.108128245,  542.350948912,  1785.25
1560.63580457,  30593.4,  27497.5,  752.108443679,  542.34971566,  1784.8
1560.65623898,  30092.6,  27053.9,  752.109092964,  542.349993151,  1784.02
1560.67667339,  29564.5,  26585.6,  752.109221256,  542.348989289,  1784.68
1560.6971078,  29083.7,  26157.8,  752.109266674,  542.348817169,  1783.55
1560.73797662,  26522.2,  23885.0,  752.11169033,  542.34370345,  1781.86
1560.75841103,  25925.2,  23353.3,  752.112067327,  542.343369981,  1782.95
1560.77884554,  25864.2,  23299.9,  752.112960359,  542.342384198,  1783.15
1560.79927985,  25990.0,  23410.7,  752.112185107,  542.342803484,  1782.34
1560.81971426,  26219.3,  23613.3,  752.111711471,  542.342804112,  1784.59
1560.84014877,  27253.8,  24533.7,  752.110131357,  542.345203881,  1800.07
1560.96275524,  32536.0,  29220.4,  752.107247159,  542.35248833,  1821.12
1560.98318956,  32742.1,  29403.4,  752.107512476,  542.35233848,  1819.43
1561.00362407,  32646.5,  29320.2,  752.107645762,  542.353145817,  1818.57
1561.02405848,  32300.1,  29010.8,  752.107783754,  542.35160854,  1814.77
1561.044493,  31765.5,  28536.0,  752.109035109,  542.351962106,  1814.05
1561.06492731,  31198.3,  28035.1,  752.109899708,  542.349217196,  1809.74
1561.08536172,  30538.9,  27447.1,  752.108905779,  542.349472896,  1810.21
1561.10579624,  30017.6,  26984.7,  752.108577145,  542.350379264,  1807.68
1561.12623055,  29569.7,  26587.7,  752.110417785,  542.348407313,  1805.52
1561.14666496,  29085.9,  26156.4,  752.108365452,  542.348444977,  1803.86
1561.16709948,  28646.3,  25767.2,  752.111982834,  542.346556447,  1798.74
1561.18753379,  28399.7,  25549.1,  752.110254528,  542.347436515,  1798.3
1561.20796821,  28199.9,  25369.4,  752.111066617,  542.346709969,  1798.23
1561.22840272,  28115.3,  25295.4,  752.11121162,  542.346438786,  1797.22
1561.24883704,  28113.3,  25292.7,  752.111490212,  542.345565851,  1796.35
1561.26927155,  28311.7,  25468.4,  752.11100704,  542.346721222,  1792.28
1561.28970597,  28642.8,  25764.6,  752.110897668,  542.34718931,  1791.81
1561.31014038,  28920.1,  26007.9,  752.110110162,  542.347634256,  1789.82
1561.3305748,  29320.4,  26364.1,  752.109903953,  542.348212354,  1786.79
1561.35100922,  29844.6,  26829.0,  752.109751036,  542.348820414,  1787.87
1561.37144363,  30397.8,  27318.4,  752.109237369,  542.348588607,  1786.42
1561.39187805,  30838.6,  27711.6,  752.109479299,  542.349929206,  1785.13
1561.41231247,  31117.2,  27958.4,  752.109720553,  542.34941476,  1787.06
1561.43274698,  31215.7,  28044.2,  752.108907732,  542.350390326,  1787.12
1561.4531813,  31078.9,  27925.0,  752.109496135,  542.349864608,  1781.99
1561.47361572,  30726.2,  27610.6,  752.109362456,  542.349717431,  1782.83
1561.49405013,  30247.0,  27185.6,  752.110075705,  542.347867324,  1782.48
1561.51448455,  29699.9,  26700.4,  752.110977388,  542.347531153,  1781.71
1561.53491897,  29216.1,  26270.0,  752.110908284,  542.347930518,  1780.98
1561.55535349,  28481.6,  25618.7,  752.111469085,  542.346401766,  1781.27
1561.57578781,  26793.8,  24121.9,  752.113030788,  542.342609026,  1779.25
1561.59622223,  25977.1,  23395.8,  752.113482241,  542.341382454,  1779.67
1561.61665674,  25885.1,  23315.2,  752.112654733,  542.34158664,  1778.95
1561.63709106,  25954.1,  23376.6,  752.114764799,  542.340031906,  1778.21
1561.65752558,  26145.3,  23544.1,  752.113504287,  542.341132439,  1778.12
1561.67796,  26979.7,  24286.5,  752.112093487,  542.342248151,  1777.47
1561.69839432,  28824.0,  25922.2,  752.110455508,  542.346257056,  1776.05
1561.71882884,  29816.1,  26802.4,  752.110057663,  542.347462239,  1778.43
1561.73926326,  30511.0,  27420.8,  752.11055606,  542.348184807,  1778.19
1561.75969758,  31240.0,  28065.7,  752.110209081,  542.349080363,  1775.48
1561.7801321,  31925.8,  28675.7,  752.10846994,  542.350590281,  1775.0
1561.80056652,  32432.2,  29125.1,  752.109535109,  542.350278512,  1775.4
1561.82100104,  32656.4,  29323.2,  752.109106808,  542.350666628,  1773.58
1561.84143537,  32603.7,  29277.1,  752.109470369,  542.350544272,  1774.54
1561.86186979,  32303.9,  29011.0,  752.109375084,  542.350493705,  1773.05
1561.88230431,  31779.2,  28544.4,  752.109375484,  542.349658448,  1772.87
1561.90273863,  31156.9,  27993.7,  752.109807642,  542.348671089,  1773.46
1561.92317305,  30569.7,  27472.2,  752.110300692,  542.34877472,  1772.14
1561.94360757,  30060.8,  27020.4,  752.110799036,  542.347420998,  1772.13
1561.9640419,  29621.6,  26631.6,  752.110854107,  542.346601686,  1772.69
1561.98447632,  29119.2,  26184.4,  752.111501786,  542.345715787,  1771.62
1562.00491084,  28659.5,  25777.0,  752.111423872,  542.345012683,  1771.28
1562.02534527,  28412.9,  25558.8,  752.111754758,  542.343996937,  1771.73
1562.04577969,  28230.0,  25394.6,  752.112383281,  542.344052122,  1770.43
1562.06621411,  28174.8,  25347.1,  752.111946699,  542.343533973,  1770.48
1562.08664844,  28168.1,  25341.2,  752.112342691,  542.343387283,  1770.64
1562.10708296,  28335.8,  25489.3,  752.11240469,  542.344856284,  1767.91
1562.12751738,  28644.7,  25764.6,  752.111777116,  542.344900746,  1768.89
1562.14795171,  28942.5,  26027.5,  752.111928791,  542.345664063,  1769.3
1562.16838623,  29337.9,  26378.4,  752.111157758,  542.345376456,  1769.06
1562.18882066,  29828.6,  26815.3,  752.111549021,  542.345549619,  1766.92
1562.20925518,  30370.2,  27294.4,  752.110970699,  542.347471223,  1768.69
1562.22968951,  30828.6,  27701.9,  752.111048345,  542.347476357,  1767.2
1562.25012393,  31132.9,  27972.6,  752.110779034,  542.347685697,  1767.28
1562.27055846,  31236.9,  28063.3,  752.11031119,  542.348084474,  1766.78
1562.29099278,  31107.9,  27950.1,  752.110653656,  542.347059582,  1767.16
1562.31142721,  30785.3,  27663.7,  752.110339825,  542.347154054,  1766.7
1562.33186173,  30289.8,  27223.1,  752.111271479,  542.346136745,  1766.07
1562.35229606,  29758.8,  26752.9,  752.111594918,  542.345711614,  1767.44
1562.37273059,  29262.0,  26310.9,  752.111773408,  542.344172658,  1765.18
1562.39316501,  28628.5,  25749.2,  752.112464563,  542.343256761,  1765.87
1562.41359934,  27019.5,  24322.6,  752.113594147,  542.340452764,  1763.59
1562.43403387,  25984.1,  23401.9,  752.114320808,  542.336908771,  1764.58
1562.4544683,  25821.4,  23258.0,  752.115270937,  542.338963937,  1764.89
1562.47490262,  25986.1,  23404.9,  752.114753065,  542.339599002,  1764.31
1562.49533715,  26132.2,  23533.5,  752.114755078,  542.33925231,  1762.77
1562.51577158,  26671.1,  24012.5,  752.114298462,  542.339533181,  1765.13
1562.53620601,  28498.2,  25633.4,  752.113060149,  542.343267237,  1765.35
1562.55664043,  29666.6,  26670.2,  752.111560354,  542.345601921,  1762.51
1562.57707486,  30343.8,  27272.0,  752.112086756,  542.346742569,  1763.22
1562.59750939,  31070.6,  27916.1,  752.110681846,  542.346969291,  1761.4
1562.61794372,  31756.7,  28525.0,  752.110623221,  542.347612619,  1761.82
1562.63837815,  32286.1,  28995.7,  752.110216192,  542.347925828,  1762.74
1562.65881268,  32547.4,  29226.3,  752.109997424,  542.34893089,  1760.32
1562.67924711,  32557.5,  29236.2,  752.10977834,  542.348212192,  1760.67
1562.69968144,  32277.4,  28987.8,  752.109914989,  542.348890281,  1761.4
1562.72011597,  31814.8,  28576.1,  752.110579289,  542.347576534,  1760.82
1562.7405503,  31217.9,  28047.0,  752.11122026,  542.346566599,  1759.87
1562.76098483,  30624.5,  27519.9,  752.110523751,  542.345744082,  1760.26
1562.78141926,  30097.1,  27051.3,  752.112189796,  542.345241832,  1762.07
1562.80185359,  29659.0,  26663.8,  752.112154169,  542.344671432,  1761.68
1562.82228812,  29210.3,  26264.8,  752.111770574,  542.343778034,  1759.65
1562.84272255,  28730.7,  25839.7,  752.113043956,  542.343264357,  1757.65
1562.86315688,  28476.9,  25615.1,  752.113016246,  542.342220501,  1758.44
1562.88359141,  28312.8,  25468.1,  752.112999282,  542.342423111,  1759.04
1562.90402585,  28255.1,  25418.1,  752.112789301,  542.342643241,  1757.82
1562.92446018,  28238.3,  25402.0,  752.113274598,  542.342317005,  1762.66
1562.94489471,  28382.6,  25530.2,  752.113229943,  542.34246652,  1757.77
1562.96532914,  28725.9,  25835.7,  752.112710088,  542.342420161,  1758.41
1562.98576367,  29034.0,  26108.0,  752.112024212,  542.343189769,  1758.81
1563.00619801,  29386.4,  26420.5,  752.112310168,  542.34457939,  1758.78
1563.02663244,  29860.5,  26843.0,  752.112696395,  542.344162609,  1757.73
1563.04706697,  30377.5,  27300.0,  752.11236428,  542.345255574,  1756.2
1563.06750131,  30829.6,  27702.0,  752.111947167,  542.344984939,  1757.7
1563.08793574,  31143.1,  27981.1,  752.111032286,  542.345354653,  1758.52
1563.10837027,  31258.9,  28082.0,  752.111356927,  542.346203852,  1755.78
1563.12880461,  31150.9,  27987.1,  752.111299342,  542.345747293,  1757.08
1563.14923914,  30868.2,  27736.1,  752.111365917,  542.34474585,  1756.65
1563.16967358,  30399.4,  27319.1,  752.111680774,  542.344239567,  1755.9
1563.19010801,  29860.8,  26843.2,  752.111815261,  542.343728652,  1757.6
1563.21054244,  29323.0,  26364.5,  752.112800933,  542.343163665,  1760.83
1563.23097688,  28772.8,  25876.0,  752.112392262,  542.342423304,  1762.44
1563.25141131,  27312.7,  24581.4,  752.114699506,  542.339228878,  1763.08
1563.27184575,  26014.7,  23427.8,  752.115322918,  542.337110575,  1764.47
1563.29228019,  25820.1,  23256.1,  752.115741841,  542.335558112,  1764.26
1563.31271462,  25848.5,  23281.9,  752.115159894,  542.336692926,  1763.97
1563.33314916,  26021.7,  23433.8,  752.1161419,  542.336630412,  1766.92
1563.35358349,  26450.7,  23816.2,  752.115446274,  542.337818253,  1767.87
1563.37401793,  28133.1,  25309.0,  752.114506015,  542.340626875,  1769.11
1563.39445237,  29488.0,  26510.5,  752.112720048,  542.343173067,  1769.38
1563.4148868,  30159.6,  27108.3,  752.112923002,  542.343619427,  1771.61
1563.43532134,  30877.7,  27744.0,  752.11181504,  542.344591956,  1770.11
1563.45575568,  31560.7,  28349.5,  752.11089817,  542.346031685,  1770.66
1563.47619011,  32115.1,  28842.9,  752.110835084,  542.346421553,  1770.12
1563.49662465,  32420.6,  29112.5,  752.110388738,  542.346784419,  1771.02
1563.51705899,  32451.4,  29140.5,  752.110875572,  542.346302763,  1770.05
1563.53749353,  32228.4,  28943.5,  752.111456696,  542.346548588,  1767.32
1563.55792796,  31786.0,  28549.2,  752.111048855,  542.345896725,  1763.12
1563.5783623,  31232.8,  28059.8,  752.111695517,  542.344570334,  1762.71
1563.59879684,  30637.7,  27531.6,  752.1116927,  542.342972817,  1762.73
1563.61923128,  30118.3,  27069.5,  752.112918502,  542.343673188,  1761.64
1563.63966562,  29666.5,  26669.9,  752.112820651,  542.342258886,  1760.83
1563.66010016,  29231.2,  26282.6,  752.112795428,  542.342285298,  1759.72
1563.6805346,  28746.4,  25851.9,  752.113476638,  542.341336702,  1760.69
1563.72140348,  28321.6,  25473.2,  752.113606169,  542.341139417,  1758.48
1563.74183792,  28274.5,  25432.4,  752.11372944,  542.340850972,  1759.62
1563.76227246,  28272.8,  25430.3,  752.113464373,  542.340852806,  1757.0
1563.7827068,  28385.7,  25528.5,  752.1140032,  542.340504414,  1758.7
1563.80314124,  28722.1,  25828.1,  752.113603039,  542.341993446,  1757.07
1563.82357578,  29029.6,  26101.1,  752.113237591,  542.341645745,  1758.13
1563.84401022,  29370.5,  26401.7,  752.113069801,  542.342251073,  1756.82
1563.86444456,  29816.8,  26798.8,  752.113359912,  542.342933401,  1758.07
1563.8848791,  30339.2,  27261.7,  752.113179571,  542.34368341,  1758.39
1563.90531354,  30805.3,  27674.8,  752.112613881,  542.344159942,  1756.54
1563.92574798,  31160.0,  27990.8,  752.112765439,  542.343729386,  1757.61
1563.94618242,  31306.2,  28118.5,  752.11227861,  542.344894156,  1755.88
1563.96661687,  31261.3,  28078.9,  752.112344862,  542.344878455,  1757.88
1563.98705131,  30992.5,  27840.8,  752.112489948,  542.344367145,  1758.12
1564.00748575,  30561.6,  27457.1,  752.112843689,  542.344038873,  1754.92
1564.02792019,  30019.0,  26976.9,  752.114452969,  542.343067499,  1757.15
1564.04835464,  29461.2,  26481.0,  752.113535758,  542.342341112,  1755.73
1564.06878908,  28938.8,  26016.5,  752.114044791,  542.341026471,  1757.13
1564.08922362,  27673.7,  24895.3,  752.115463085,  542.339438952,  1755.84
1564.10965797,  26146.0,  23537.7,  752.116116458,  542.336516203,  1756.63
1564.13009241,  25843.5,  23269.3,  752.116678042,  542.33593987,  1756.78
1564.15052695,  25839.3,  23266.8,  752.116486934,  542.335623979,  1754.93
1564.1709613,  25963.1,  23375.5,  752.116376808,  542.33618303,  1755.5
1564.19139574,  26293.3,  23669.0,  752.115987538,  542.336495667,  1755.11
1564.21183029,  27758.9,  24969.8,  752.114970795,  542.339089516,  1754.75
1564.23226463,  29298.4,  26334.8,  752.113731772,  542.340998977,  1751.92
1564.25269907,  29993.3,  26952.5,  752.113965251,  542.343025223,  1752.73
1564.27313362,  30698.1,  27577.4,  752.112569573,  542.343777641,  1752.78
1564.29356796,  31392.5,  28192.9,  752.112611874,  542.344135308,  1752.23
1564.31400251,  31967.1,  28704.5,  752.112417303,  542.345222816,  1752.21
1564.33443695,  32321.8,  29017.3,  752.11240833,  542.346043567,  1755.09
1564.3548713,  32392.8,  29080.6,  752.112115895,  542.345615504,  1749.8
1564.37530585,  32217.8,  28926.7,  752.11207236,  542.345095133,  1748.68
1564.39574029,  31816.4,  28568.6,  752.11263064,  542.344831747,  1751.45
1564.41617474,  31287.5,  28100.3,  752.113184628,  542.343959906,  1747.52
1564.43660918,  30718.0,  27594.9,  752.112647694,  542.34312164,  1749.89
1564.45704363,  30181.4,  27117.7,  752.114322014,  542.341950867,  1748.8
1564.47747818,  29735.5,  26723.8,  752.114199489,  542.341156356,  1747.8
1564.49791263,  29298.6,  26335.0,  752.114247256,  542.341305105,  1747.21
1564.51834697,  28815.9,  25906.2,  752.114486514,  542.340443905,  1748.37
1564.53878152,  28529.1,  25652.5,  752.115239471,  542.339242254,  1749.06
1564.55921597,  28366.7,  25507.1,  752.115289947,  542.339461575,  1746.27
1564.57965031,  28307.5,  25455.0,  752.115384171,  542.339658443,  1743.23
1564.60008486,  28298.0,  25447.6,  752.115672912,  542.339234291,  1742.82
1564.62051931,  28405.6,  25541.5,  752.114783631,  542.339786297,  1741.7
1564.64095366,  28742.0,  25841.1,  752.115296209,  542.340230347,  1740.82
1564.66138821,  29086.5,  26147.2,  752.114318101,  542.340160477,  1740.14
1564.68182256,  29416.1,  26438.1,  752.114169509,  542.341171986,  1740.5
1564.70225711,  29850.2,  26825.0,  752.114089946,  542.341137637,  1740.54
1564.72269155,  30357.8,  27274.5,  752.114583497,  542.341781698,  1740.49
1564.7431259,  30840.7,  27702.7,  752.113617575,  542.342731135,  1740.5
1564.76356045,  31208.5,  28030.7,  752.113283871,  542.342716581,  1741.08
1564.7839949,  31384.8,  28185.5,  752.113763664,  542.343118185,  1740.32
1564.80442925,  31364.9,  28168.3,  752.114047938,  542.34283458,  1739.07
1564.8248638,  31127.7,  27959.2,  752.113719323,  542.342407358,  1736.7
1564.84529825,  30714.5,  27590.5,  752.113706265,  542.341914942,  1736.82
1564.8657328,  30160.9,  27100.7,  752.114815728,  542.341090466,  1737.05
1564.88616715,  29610.1,  26612.3,  752.114971343,  542.340509918,  1737.14
1564.9066016,  29085.8,  26145.7,  752.114541775,  542.339928095,  1737.21
1564.92703616,  27982.5,  25168.0,  752.116550826,  542.337716444,  1736.68
1564.94747051,  26339.4,  23709.2,  752.116750949,  542.334883854,  1735.98
1564.96790496,  25900.2,  23318.6,  752.117438184,  542.333503625,  1737.19
1564.98833951,  25820.6,  23249.8,  752.117759033,  542.333143968,  1735.2
1565.00877386,  25868.4,  23290.6,  752.117837242,  542.333674902,  1736.45
1565.02920831,  26144.1,  23535.8,  752.117749344,  542.334129903,  1734.74
1565.04964287,  27396.4,  24648.5,  752.116695135,  542.336574096,  1736.55
1565.07007732,  29074.4,  26136.1,  752.114998961,  542.339409417,  1734.49
1565.09051177,  29844.9,  26820.7,  752.114955149,  542.339701907,  1735.24
1565.11094622,  30536.0,  27433.8,  752.114451526,  542.341565273,  1735.97
1565.13138068,  31247.7,  28063.9,  752.113979042,  542.341974003,  1734.84
1565.15181513,  31839.4,  28590.8,  752.113597491,  542.342820157,  1734.19
1565.17224958,  32233.6,  28940.1,  752.112966631,  542.343036254,  1734.82
1565.19268404,  32355.6,  29047.9,  752.113349955,  542.343132765,  1734.91
1565.21311859,  32214.3,  28923.8,  752.113132369,  542.343236107,  1734.75
1565.23355294,  31879.3,  28625.6,  752.113789761,  542.342579629,  1732.72
1565.2539875,  31370.4,  28173.2,  752.113985818,  542.341800552,  1735.55
1565.27442195,  30826.6,  27692.5,  752.114703159,  542.34095505,  1734.42
1565.29485631,  30284.0,  27209.7,  752.114520332,  542.340208774,  1732.35
1565.31529086,  29826.9,  26804.6,  752.115301647,  542.339981708,  1734.45
1565.33572521,  29422.4,  26445.7,  752.115033886,  542.339239254,  1734.86
1565.35615967,  28939.8,  26016.4,  752.115649236,  542.338139276,  1732.68
1565.37659422,  28628.5,  25742.1,  752.116522693,  542.337332109,  1733.5
1565.39702858,  28472.1,  25602.3,  752.116608522,  542.337193538,  1734.01
1565.41746304,  28374.6,  25515.1,  752.115887008,  542.337693075,  1733.67
1565.43789759,  28365.9,  25509.4,  752.116590992,  542.337090886,  1733.74
1565.45833195,  28453.4,  25585.1,  752.115912015,  542.33686644,  1734.55
1565.4787665,  28769.4,  25865.7,  752.116051012,  542.33781991,  1735.27
1565.49920096,  29105.2,  26164.9,  752.115518614,  542.338123479,  1733.9
1565.51963532,  29445.3,  26465.0,  752.116453269,  542.33860814,  1734.23
1565.54006987,  29860.6,  26835.3,  752.115308405,  542.339194893,  1733.59
1565.56050433,  30349.7,  27269.0,  752.114811257,  542.339538642,  1732.31
1565.58093879,  30823.7,  27688.4,  752.114263513,  542.340051201,  1732.83
1565.60137324,  31199.0,  28023.5,  752.114584327,  542.339991149,  1731.61
1565.6218077,  31413.2,  28211.7,  752.114498605,  542.341478449,  1731.73
1565.64224226,  31438.2,  28234.5,  752.114539666,  542.341193129,  1731.76
1565.66267662,  31217.3,  28039.2,  752.114264571,  542.340794034,  1731.67
1565.68311107,  30814.0,  27679.8,  752.11500089,  542.339843112,  1731.18
1565.70354563,  30256.2,  27185.9,  752.115323304,  542.338786046,  1730.03
1565.72398009,  29662.0,  26659.0,  752.116278133,  542.33899028,  1731.8
1565.74441445,  29120.1,  26176.3,  752.116049952,  542.337247514,  1730.58
1565.76484901,  28198.9,  25360.2,  752.117082668,  542.335775092,  1731.08
1565.78528347,  26468.1,  23823.8,  752.118318177,  542.332564859,  1731.69
1565.80571793,  25873.9,  23295.7,  752.118808764,  542.331366617,  1730.3
1565.82615238,  25765.4,  23200.8,  752.118796667,  542.331548489,  1730.35
1565.84658684,  25774.2,  23207.8,  752.119614378,  542.332389357,  1728.3
1565.8670214,  25974.4,  23385.4,  752.119278128,  542.330290067,  1729.51
1565.88745576,  26968.4,  24268.9,  752.118220081,  542.333065424,  1726.8
1565.90789022,  28791.8,  25885.4,  752.116146354,  542.336928082,  1728.94
1565.92832478,  29644.1,  26642.4,  752.11625717,  542.337577016,  1727.97
1565.94875914,  30327.4,  27249.0,  752.115891359,  542.338799959,  1727.95
1565.9691936,  31022.4,  27864.4,  752.115328715,  542.339533244,  1726.39
1565.98962806,  31645.6,  28418.6,  752.114550267,  542.340982667,  1727.29
1566.01006253,  32064.7,  28790.0,  752.114409529,  542.341220602,  1727.25
1566.03049709,  32257.9,  28961.3,  752.114329221,  542.341450143,  1725.6
1566.05093145,  32174.2,  28888.6,  752.114613918,  542.340989458,  1727.0
1566.07136591,  31874.8,  28621.3,  752.114449109,  542.340833436,  1725.76
1566.09180047,  31427.8,  28224.8,  752.114956668,  542.340145795,  1722.19
1566.11223483,  30910.6,  27766.7,  752.115551721,  542.339370055,  1725.27
1566.13266929,  30379.9,  27294.2,  752.115607785,  542.338613487,  1725.93
1566.15310386,  29937.4,  26902.5,  752.116398995,  542.337688798,  1725.96
1566.17353822,  29544.6,  26554.1,  752.116680135,  542.337110525,  1724.82
1566.19397278,  29089.4,  26149.3,  752.116982055,  542.335937185,  1723.55
1566.21440724,  28767.8,  25864.5,  752.117070244,  542.33575082,  1723.74
1566.23484161,  28574.6,  25692.8,  752.116999374,  542.334790455,  1721.89
1566.25527617,  28509.4,  25634.9,  752.117024601,  542.335577605,  1722.03
1566.27571063,  28475.2,  25605.8,  752.117395523,  542.335293449,  1722.08
1566.2961451,  28546.7,  25667.8,  752.117108645,  542.335190814,  1721.67
1566.31657956,  28820.8,  25911.3,  752.117439671,  542.336040636,  1721.9
1566.33701402,  29198.0,  26246.4,  752.115620344,  542.336045657,  1720.76
1566.35744849,  29493.0,  26506.9,  752.116273491,  542.337005218,  1720.87
1566.37788305,  29902.3,  26871.3,  752.116115447,  542.336746717,  1719.93
1566.39831742,  30349.1,  27267.5,  752.115988795,  542.337647851,  1720.77
1566.41875198,  30808.1,  27673.5,  752.11572076,  542.33822983,  1721.8
1566.43918645,  31192.4,  28016.7,  752.115574272,  542.33929879,  1720.32
1566.45962081,  31431.8,  28228.3,  752.115218213,  542.33837695,  1718.52
1566.48005538,  31466.6,  28257.8,  752.116120236,  542.339528455,  1719.74
1566.50048984,  31294.1,  28106.5,  752.115750458,  542.338485269,  1718.66
1566.52092421,  30894.6,  27750.3,  752.115664045,  542.338654454,  1718.97
1566.54135877,  30327.7,  27247.7,  752.115998239,  542.337452852,  1719.03
1566.56179324,  29717.7,  26707.5,  752.116673851,  542.33674424,  1718.28
1566.5822277,  29135.5,  26188.9,  752.117236399,  542.335382008,  1719.16
1566.60266217,  28359.9,  25502.0,  752.117784457,  542.334822626,  1718.94
1566.62309654,  26657.7,  23991.6,  752.11891807,  542.331199207,  1717.5
1566.6435311,  25809.4,  23236.9,  752.120303763,  542.330169171,  1719.39
1566.66396557,  25691.6,  23134.0,  752.119611421,  542.329469622,  1719.37
1566.7048345,  25831.5,  23256.2,  752.11939407,  542.330592364,  1720.05
1566.72526897,  26596.6,  23936.1,  752.118726442,  542.331958445,  1718.99
1566.74570344,  28481.4,  25606.6,  752.117815393,  542.334434526,  1717.87
1566.76613791,  29475.3,  26488.2,  752.116726918,  542.337161616,  1717.71
1566.78657237,  30153.6,  27090.9,  752.116681602,  542.337565957,  1716.27
1566.80700694,  30861.7,  27717.6,  752.116184597,  542.338833225,  1717.22
1566.82744131,  31502.0,  28286.7,  752.116273997,  542.338462912,  1717.26
1566.84787578,  31971.5,  28703.0,  752.115469191,  542.339758445,  1715.19
1566.86831035,  32211.2,  28914.6,  752.115771585,  542.339937374,  1716.66
1566.88874482,  32188.0,  28894.9,  752.115318554,  542.340472437,  1716.3
1566.90917918,  31936.8,  28670.9,  752.115237832,  542.339761302,  1715.86
1566.92961375,  31543.3,  28321.2,  752.116466805,  542.339390262,  1716.05
1566.95004822,  31054.1,  27888.3,  752.116333477,  542.338183989,  1714.9
1566.97048269,  30526.4,  27418.0,  752.116883161,  542.337463253,  1716.16
1566.99091716,  30073.7,  27016.9,  752.117270817,  542.33648902,  1713.61
1567.01135163,  29708.9,  26694.3,  752.116999594,  542.336522549,  1714.38
1567.0317861,  29281.0,  26311.9,  752.117949605,  542.335391047,  1715.66
1567.05222057,  28911.6,  25985.9,  752.118159363,  542.334854996,  1714.96
1567.07265504,  28714.5,  25810.6,  752.117832187,  542.334784298,  1714.64
1567.09308961,  28614.2,  25720.4,  752.118195603,  542.334189977,  1714.68
1567.11352398,  28575.8,  25688.3,  752.118461264,  542.334345205,  1713.38
1567.13395855,  28639.8,  25743.6,  752.119060721,  542.334312179,  1714.38
1567.15439302,  28871.4,  25949.0,  752.118167816,  542.334742412,  1713.44
1567.1748274,  29242.2,  26279.0,  752.117616695,  542.335621387,  1713.35
1567.19526197,  29525.0,  26528.1,  752.117800901,  542.335320324,  1714.29
1567.21569644,  29880.0,  26844.4,  752.117818772,  542.336305261,  1713.02
1567.23613081,  30304.8,  27221.5,  752.117764858,  542.336542407,  1712.2
1567.25656538,  30768.7,  27631.8,  752.117012182,  542.337276891,  1714.76
1567.27699975,  31174.4,  27993.6,  752.116611427,  542.33782449,  1712.83
1567.29743423,  31420.1,  28210.7,  752.116399149,  542.338483262,  1712.99
1567.3178688,  31488.8,  28271.2,  752.116586706,  542.337775379,  1713.39
1567.33830317,  31349.1,  28148.2,  752.116908241,  542.338160467,  1711.7
1567.35873774,  30976.5,  27816.5,  752.117106279,  542.337417889,  1711.6
1567.37917222,  30426.2,  27328.3,  752.117448757,  542.336882665,  1711.68
1567.39960659,  29837.5,  26806.7,  752.117994251,  542.334688955,  1712.26
1567.42004116,  29224.5,  26260.6,  752.118743083,  542.334785072,  1711.81
1567.44047564,  28558.4,  25670.8,  752.118558859,  542.33403001,  1712.57
1567.46091011,  26950.1,  24244.4,  752.120328701,  542.33153505,  1713.55
1567.48134458,  25845.4,  23262.3,  752.120978356,  542.328740728,  1711.29
1567.50177906,  25695.0,  23130.4,  752.120711473,  542.328321959,  1711.18
1567.52221363,  25669.3,  23107.3,  752.12093564,  542.328344234,  1721.35
1567.54264801,  25783.3,  23207.1,  752.120317316,  542.328466093,  1713.03
1567.56308248,  26295.3,  23663.0,  752.120525367,  542.328939356,  1711.48
1567.58351706,  28128.0,  25288.7,  752.119663993,  542.332847387,  1711.44
1567.60395153,  29291.1,  26320.4,  752.118831581,  542.334807457,  1710.94
1567.62438591,  29939.5,  26897.0,  752.118172855,  542.334834371,  1712.8
1567.64482048,  30645.0,  27521.9,  752.11741884,  542.336143111,  1709.44
1567.66525496,  31306.9,  28110.0,  752.117210353,  542.336685476,  1710.55
1567.68568933,  31822.4,  28568.3,  752.116873188,  542.337396362,  1710.8
1567.70612391,  32113.9,  28825.6,  752.116714226,  542.338142039,  1710.94
1567.72655838,  32171.2,  28877.8,  752.116250768,  542.338196665,  1709.69
1567.74699296,  31971.8,  28699.9,  752.117287426,  542.337865544,  1710.09
1567.76742734,  31617.7,  28384.9,  752.117332477,  542.337193154,  1708.07
1567.78786181,  31124.4,  27949.0,  752.117282759,  542.336307555,  1710.5
1567.80829639,  30610.7,  27492.3,  752.117586721,  542.33553504,  1709.11
1567.82873077,  30142.8,  27076.3,  752.118450353,  542.335693102,  1710.2
1567.84916524,  29763.2,  26741.3,  752.118566361,  542.334219425,  1707.76
1567.86959982,  29359.0,  26380.5,  752.11886147,  542.334059828,  1709.19
1567.8900342,  28940.8,  26010.7,  752.118401174,  542.333784996,  1708.1
1567.91046877,  28744.6,  25837.0,  752.119341825,  542.332718559,  1708.72
1567.93090315,  28631.8,  25735.3,  752.119115621,  542.332823332,  1709.29
1567.95133763,  28588.0,  25698.1,  752.119643603,  542.332330224,  1707.4
1567.97177221,  28643.4,  25746.8,  752.119235858,  542.332247947,  1707.26
1567.99220659,  28816.0,  25899.1,  752.119249056,  542.332023093,  1707.96
1568.01264106,  29200.4,  26241.9,  752.118641462,  542.333803783,  1706.98
1568.03307564,  29479.4,  26487.2,  752.118631433,  542.333610871,  1707.46
1568.05351002,  29817.6,  26787.9,  752.118680921,  542.334390266,  1708.2
1568.0739445,  30245.3,  27168.8,  752.118391616,  542.33461279,  1706.93
1568.09437908,  30723.1,  27590.9,  752.118337528,  542.335087171,  1706.52
1568.11481356,  31145.5,  27967.3,  752.117763583,  542.335447337,  1706.98
1568.13524804,  31446.9,  28234.8,  752.117833437,  542.336070634,  1707.68
1568.15568252,  31567.0,  28340.2,  752.117587715,  542.335221873,  1706.99
1568.176117,  31459.3,  28246.2,  752.117657971,  542.335519415,  1705.82
1568.19655148,  31122.5,  27946.5,  752.118138228,  542.334902849,  1706.8
1568.21698596,  30581.5,  27465.7,  752.118099798,  542.335534683,  1705.11
1568.23742044,  29969.8,  26924.7,  752.119558779,  542.333730193,  1705.58
1568.25785502,  29356.7,  26378.9,  752.119370367,  542.332891615,  1705.71
1568.2782894,  28726.8,  25820.5,  752.12171668,  542.332704633,  1708.42
1568.29872398,  27245.1,  24506.7,  752.120672204,  542.329662239,  1704.95
1568.31915846,  25909.4,  23319.0,  752.122010002,  542.32706911,  1705.37
1568.33959284,  25691.5,  23127.3,  752.122218419,  542.32662068,  1705.66
1568.36002742,  25650.9,  23091.2,  752.121857148,  542.32679784,  1706.17
1568.3804619,  25713.2,  23144.8,  752.122543602,  542.326835064,  1704.5
1568.40089629,  26083.9,  23475.8,  752.121726007,  542.326588137,  1706.28
1568.42133087,  27768.3,  24969.8,  752.120970376,  542.330139223,  1704.56
1568.44176535,  29167.7,  26211.3,  752.120374269,  542.332343396,  1703.1
1568.46219973,  29817.0,  26789.4,  752.119096083,  542.333132409,  1704.65
1568.48263431,  30506.5,  27399.2,  752.118901633,  542.334273378,  1704.76
1568.5030688,  31196.6,  28011.8,  752.118058019,  542.335576425,  1704.1
1568.52350338,  31756.2,  28510.3,  752.118043243,  542.335443177,  1703.57
1568.54393776,  32085.1,  28800.0,  752.117621721,  542.336273523,  1703.11
1568.56437215,  32182.6,  28887.6,  752.11772047,  542.335932265,  1702.5
1568.58480673,  32060.8,  28780.0,  752.117198526,  542.335985503,  1704.5
1568.60524121,  31743.8,  28497.0,  752.118191449,  542.335704819,  1704.12
1568.6256757,  31278.3,  28085.4,  752.118097126,  542.335124885,  1703.42
1568.64611018,  30773.8,  27636.6,  752.118427898,  542.334058072,  1703.83
1568.66654466,  30305.5,  27220.8,  752.119349038,  542.333396612,  1704.34
1568.68697925,  29913.9,  26874.8,  752.119779925,  542.332931647,  1704.17
1568.70741363,  29532.7,  26534.9,  752.118924149,  542.331856268,  1703.82
1568.72784812,  29092.5,  26144.5,  752.120480854,  542.331424204,  1703.95
1568.7482827,  28851.0,  25931.8,  752.120729724,  542.330546823,  1702.67
1568.76871718,  28737.3,  25828.5,  752.119651564,  542.33116848,  1703.97
1568.78915157,  28680.6,  25779.5,  752.120300506,  542.330736991,  1704.18
1568.80958615,  28707.5,  25803.3,  752.120217159,  542.329968749,  1702.48
1568.83002064,  28860.8,  25938.3,  752.120452605,  542.33165421,  1703.9
1568.85045512,  29200.1,  26241.1,  752.120015517,  542.331135597,  1703.38
1568.87088961,  29495.9,  26502.3,  752.120377304,  542.331363496,  1703.82
1568.8913241,  29809.4,  26780.4,  752.119579372,  542.331818708,  1702.02
1568.91175868,  30208.8,  27135.9,  752.119349498,  542.332661639,  1702.84
1568.93219307,  30696.8,  27568.1,  752.11874184,  542.333946897,  1702.59
1568.95262755,  31119.7,  27943.6,  752.118466847,  542.33452977,  1715.51
1568.97306214,  31452.5,  28239.6,  752.118637544,  542.334289075,  1702.95
1568.99349653,  31621.4,  28387.8,  752.118919567,  542.334305872,  1702.57
1569.01393101,  31557.6,  28332.0,  752.118407799,  542.334242329,  1704.15
1569.0343656,  31235.3,  28046.5,  752.11902263,  542.333503701,  1700.61
1569.05479999,  30718.8,  27586.7,  752.11957119,  542.332710194,  1703.17
1569.07523457,  30106.5,  27044.7,  752.119982823,  542.33193352,  1702.91
1569.09566906,  29478.5,  26486.5,  752.12002428,  542.331595724,  1702.0
1569.11610345,  28874.7,  25950.7,  752.120687135,  542.33058707,  1703.58
1569.13653804,  27542.2,  24769.5,  752.121160961,  542.327654249,  1704.0
1569.15697253,  25991.4,  23391.3,  752.122533168,  542.325007673,  1707.11
1569.17740691,  25638.2,  23078.5,  752.122815229,  542.324413214,  1710.24
1569.1978415,  25586.8,  23034.1,  752.123099989,  542.324429113,  1709.76
1569.21827589,  25599.9,  23044.1,  752.122951059,  542.324760991,  1709.1
1569.23871048,  25882.2,  23295.2,  752.122131202,  542.324615857,  1708.47
1569.25914497,  27358.7,  24605.6,  752.121729142,  542.327303201,  1708.67
1569.27957936,  28934.8,  26003.2,  752.120937203,  542.330239051,  1708.71
1569.30001395,  29631.4,  26623.4,  752.119981681,  542.331243269,  1708.3
1569.32044843,  30347.9,  27257.6,  752.119757103,  542.332413947,  1709.27
1569.34088292,  31044.8,  27875.9,  752.119210327,  542.333116872,  1710.67
1569.36131741,  31642.5,  28408.0,  752.118398157,  542.334061542,  1709.42
1569.3817519,  32039.6,  28758.1,  752.119021653,  542.334942708,  1710.22
1569.40218639,  32214.7,  28914.2,  752.117945852,  542.334507404,  1710.25
1569.42262088,  32125.7,  28836.0,  752.118863747,  542.333810651,  1710.34
1569.44305537,  31852.3,  28591.9,  752.118936393,  542.333910452,  1710.09
1569.46348996,  31409.0,  28199.9,  752.118901623,  542.333173696,  1710.55
1569.48392445,  30903.0,  27750.8,  752.119832617,  542.332399246,  1709.42
1569.50435884,  30434.8,  27333.7,  752.119969173,  542.332098557,  1706.24
1569.52479344,  30022.5,  26969.7,  752.120574936,  542.331083804,  1707.89
1569.54522793,  29668.0,  26653.3,  752.119963793,  542.330021499,  1707.81
1569.56566232,  29204.0,  26241.8,  752.12075529,  542.330214424,  1706.31
1569.58609691,  28916.8,  25988.1,  752.120528258,  542.329394764,  1702.94
1569.6065314,  28787.6,  25871.5,  752.121708726,  542.330089052,  1705.5
1569.62696599,  28723.4,  25816.1,  752.121231857,  542.328852762,  1702.77
1569.64740038,  28747.4,  25836.9,  752.121052444,  542.329170265,  1703.15
1569.68826947,  29182.9,  26223.0,  752.120764035,  542.329596769,  1701.08
1569.70870386,  29486.1,  26490.3,  752.120463703,  542.33020571,  1700.94
1569.72913835,  29772.4,  26742.7,  752.120556507,  542.330825103,  1700.32
1569.74957295,  30191.3,  27115.9,  752.119705485,  542.331582538,  1698.93
1569.77000734,  30667.9,  27537.0,  752.120142676,  542.332042339,  1698.95
1569.79044183,  31141.3,  27957.2,  752.119767888,  542.332713057,  1699.11
1569.81087642,  31505.4,  28281.1,  752.119269473,  542.333441573,  1699.67
1569.83131082,  31694.6,  28446.9,  752.11973871,  542.333683517,  1700.34
1569.85174541,  31698.7,  28451.4,  752.119750948,  542.333459937,  1700.04
1569.8721798,  31406.7,  28192.4,  752.119582224,  542.333526901,  1698.86
1569.8926143,  30895.8,  27737.5,  752.11996702,  542.332415676,  1697.98
1569.91304889,  30264.2,  27178.3,  752.120467963,  542.331932198,  1699.2
1569.93348329,  29638.7,  26621.9,  752.120936035,  542.330581652,  1698.99
1569.95391778,  29039.2,  26089.2,  752.121245313,  542.330091422,  1698.43
1569.97435238,  27871.1,  25054.1,  752.122565105,  542.327881902,  1697.59
1569.99478687,  26169.0,  23541.3,  752.123551915,  542.325142261,  1697.51
1570.01522137,  25694.8,  23120.7,  752.124019594,  542.323554144,  1697.97
1570.03565586,  25576.0,  23016.8,  752.124443542,  542.322996562,  1698.39
1570.05609036,  25590.1,  23026.8,  752.1242515,  542.323701485,  1698.81
1570.07652485,  25770.7,  23188.6,  752.123298536,  542.323884262,  1697.39
1570.09695935,  26968.6,  24251.1,  752.122390639,  542.325514652,  1697.67
1570.11739384,  28725.0,  25809.0,  752.121091536,  542.328842142,  1695.85
1570.13782844,  29467.3,  26469.3,  752.121026192,  542.330398621,  1697.59
1570.15826283,  30170.4,  27091.8,  752.120979647,  542.331251888,  1696.65
1570.17869743,  30891.3,  27731.5,  752.120198731,  542.332295786,  1695.2
1570.19913193,  31541.2,  28309.2,  752.119974135,  542.333120335,  1695.78
1570.21956632,  31972.3,  28690.1,  752.119686748,  542.333892833,  1695.54
1570.24000092,  32205.8,  28898.2,  752.119586416,  542.334079459,  1695.34
1570.26043541,  32189.7,  28884.0,  752.119424357,  542.333847006,  1695.93
1570.28086981,  31933.1,  28654.5,  752.119572516,  542.33355363,  1696.32
1570.30130441,  31516.1,  28286.4,  752.11983663,  542.33254326,  1696.92
1570.32173891,  30999.1,  27826.7,  752.120864628,  542.332097965,  1696.45
1570.3421733,  30530.7,  27409.9,  752.120692495,  542.331370746,  1695.08
1570.3626079,  30124.4,  27051.1,  752.121109637,  542.330855191,  1696.35
1570.3830424,  29777.2,  26742.1,  752.120820943,  542.330467664,  1695.19
1570.4034769,  29301.8,  26320.2,  752.121610309,  542.329212399,  1693.2
1570.42391139,  28992.8,  26047.9,  752.12202082,  542.329057766,  1693.74
1570.44434589,  28860.2,  25927.9,  752.121848991,  542.328594839,  1693.24
1570.46478039,  28803.1,  25878.2,  752.122038698,  542.328815077,  1693.9
1570.48521489,  28812.0,  25886.4,  752.122707004,  542.328452523,  1694.18
1570.50564939,  28900.7,  25963.1,  752.12169358,  542.329360361,  1692.62
1570.52608389,  29192.4,  26223.9,  752.122079506,  542.329066547,  1692.53
1570.54651839,  29512.4,  26507.4,  752.121603334,  542.329223096,  1692.19
1570.56695298,  29805.7,  26767.0,  752.121725714,  542.329849302,  1690.51
1570.58738738,  30190.7,  27110.4,  752.120666294,  542.330157768,  1691.46
1570.60782188,  30655.1,  27520.7,  752.120862918,  542.331323844,  1692.55
1570.62825648,  31136.7,  27948.1,  752.120392089,  542.331743855,  1692.67
1570.64869098,  31536.8,  28304.6,  752.120280594,  542.332340399,  1690.53
1570.66912538,  31755.8,  28497.1,  752.120528313,  542.332364208,  1691.22
1570.68955998,  31741.6,  28486.1,  752.120036357,  542.332781564,  1691.09
1570.70999448,  31495.6,  28268.5,  752.120718724,  542.331612038,  1690.27
1570.73042888,  31030.7,  27853.8,  752.121205229,  542.331655328,  1690.68
1570.75086348,  30415.0,  27309.8,  752.12117501,  542.330309482,  1691.12
1570.77129798,  29769.8,  26736.0,  752.121831391,  542.329527423,  1690.99
1570.79173259,  29118.8,  26157.6,  752.12229713,  542.328533206,  1690.42
1570.81216699,  28145.8,  25296.2,  752.123059648,  542.326718282,  1690.3
1570.83260149,  26360.7,  23710.0,  752.124064931,  542.322940634,  1690.71
1570.85303609,  25695.1,  23119.8,  752.124754217,  542.322084402,  1690.16
1570.87347049,  25537.4,  22981.3,  752.124828831,  542.322158345,  1689.97
1570.89390499,  25566.5,  23004.9,  752.124998847,  542.321787395,  1689.31
1570.91433959,  25688.9,  23114.8,  752.124439402,  542.321474001,  1689.26
1570.934774,  26646.6,  23964.7,  752.123942382,  542.323942136,  1690.3
1570.9552086,  28470.8,  25582.2,  752.122640661,  542.327590518,  1690.75
1570.9756431,  29332.8,  26349.0,  752.122677079,  542.328373901,  1688.97
1570.9960775,  30016.3,  26954.8,  752.12204753,  542.329779971,  1689.92
1571.01651211,  30722.1,  27580.7,  752.121280628,  542.330442151,  1689.05
1571.03694661,  31380.5,  28166.6,  752.121219074,  542.3311179,  1690.35
1571.05738101,  31888.5,  28615.8,  752.120935218,  542.331588139,  1688.62
1571.07781561,  32174.0,  28869.7,  752.12003343,  542.332516108,  1688.87
1571.09825012,  32158.8,  28857.3,  752.120390193,  542.332443762,  1689.6
1571.11868452,  31952.5,  28672.7,  752.120626983,  542.332004409,  1688.33
1571.13911912,  31563.8,  28328.6,  752.120833601,  542.331271341,  1686.74
1571.15955363,  31082.9,  27901.7,  752.121505238,  542.330237992,  1688.36
1571.17998813,  30591.3,  27464.9,  752.12130025,  542.329712411,  1687.64
1571.20042264,  30171.7,  27093.4,  752.122237349,  542.329135871,  1688.15
1571.22085714,  29815.5,  26776.7,  752.122325002,  542.328945066,  1688.94
1571.24129164,  29389.4,  26397.8,  752.122908258,  542.32739679,  1688.14
1571.26172615,  29073.7,  26119.4,  752.122885396,  542.327545798,  1688.21
1571.28216065,  28944.6,  26003.4,  752.122591566,  542.32708872,  1687.4
1571.30259516,  28894.0,  25958.9,  752.123290289,  542.327164403,  1687.48
1571.32302966,  28909.5,  25973.6,  752.123418654,  542.32673047,  1686.87
1571.34346427,  28985.9,  26039.9,  752.122719411,  542.326703082,  1688.2
1571.36389877,  29235.3,  26262.5,  752.12245514,  542.327385085,  1688.82
1571.38433318,  29576.1,  26564.9,  752.12228625,  542.327992598,  1689.73
1571.40476778,  29857.7,  26813.0,  752.122660319,  542.328703806,  1689.11
1571.42520229,  30224.2,  27140.4,  752.12251522,  542.328895437,  1689.47
1571.4456367,  30686.5,  27549.5,  752.121145209,  542.328561409,  1689.96
1571.4660713,  31151.1,  27961.0,  752.121859138,  542.330361654,  1690.59
1571.48650581,  31561.9,  28328.0,  752.121240727,  542.330712683,  1690.67
1571.50694021,  31807.1,  28543.3,  752.121406736,  542.330870922,  1689.04
1571.52737482,  31826.8,  28561.2,  752.121422542,  542.330609469,  1690.45
1571.54780933,  31593.1,  28354.9,  752.121063873,  542.330602148,  1688.93
1571.56824393,  31139.8,  27950.4,  752.121125527,  542.330240925,  1689.64
1571.58867834,  30518.7,  27400.8,  752.122240042,  542.329082129,  1689.75
1571.60911285,  29862.0,  26818.3,  752.122616781,  542.328436313,  1690.18
1571.62954746,  29208.8,  26236.6,  752.122472621,  542.32661994,  1691.41
1571.64998186,  28360.9,  25486.2,  752.123327212,  542.325572687,  1691.65
1571.67041637,  26594.8,  23918.1,  752.124445623,  542.322170796,  1691.81
1571.69085098,  25721.3,  23142.7,  752.125425119,  542.320657623,  1692.13
1571.71128539,  25566.2,  23006.5,  752.125669208,  542.31988673,  1691.62
1571.73171999,  25524.0,  22967.0,  752.125486054,  542.319712749,  1693.31
1571.7521545,  25628.8,  23061.3,  752.125595132,  542.320982106,  1691.13
1571.77258891,  26328.9,  23682.7,  752.12486247,  542.321300524,  1691.53
1571.79302352,  28165.8,  25311.5,  752.123879076,  542.325072835,  1692.63
1571.81345803,  29157.3,  26192.6,  752.123358304,  542.326370014,  1692.96
1571.83389244,  29823.3,  26783.3,  752.122071671,  542.327871404,  1692.24
1571.85432705,  30544.5,  27422.2,  752.122137497,  542.328517393,  1693.2
1571.87476155,  31216.0,  28020.2,  752.122117574,  542.328928815,  1692.63
1571.89519596,  31811.3,  28546.9,  752.120949967,  542.329620137,  1691.79
1571.91563057,  32095.2,  28798.8,  752.12142395,  542.330279516,  1691.11
1571.93606508,  32157.7,  28854.9,  752.121010715,  542.330536764,  1692.73
1571.95649969,  31959.6,  28678.1,  752.121170363,  542.329848378,  1691.61
1571.9769341,  31603.9,  28363.1,  752.121572503,  542.33006619,  1692.32
1571.99736861,  31128.9,  27942.5,  752.121593305,  542.329556658,  1691.51
1572.01780322,  30636.1,  27502.7,  752.122875875,  542.328009841,  1690.44
1572.03823763,  30241.8,  27154.4,  752.122958943,  542.327775721,  1692.48
1572.05867214,  29893.5,  26844.3,  752.123230813,  542.326681363,  1689.63
1572.07910675,  29502.8,  26497.6,  752.123210408,  542.32591096,  1690.95
1572.09954116,  29164.4,  26198.8,  752.12385581,  542.32546351,  1691.42
1572.11997578,  29050.7,  26096.5,  752.123789597,  542.325883519,  1689.42
1572.14041029,  29011.4,  26061.4,  752.124109615,  542.325304063,  1690.36
1572.1608447,  29023.3,  26072.7,  752.123825005,  542.325770979,  1690.62
1572.18127931,  29078.4,  26120.4,  752.123438684,  542.325670708,  1689.25
1572.20171382,  29307.6,  26324.3,  752.123499913,  542.325984103,  1689.1
1572.22214823,  29647.6,  26626.7,  752.123222147,  542.326413634,  1689.23
1572.24258284,  29937.5,  26882.2,  752.122540245,  542.326677775,  1689.26
1572.26301736,  30301.4,  27206.8,  752.123273546,  542.327136445,  1687.38
1572.28345187,  30764.9,  27617.1,  752.1229029,  542.328007539,  1689.3
1572.30388638,  31234.7,  28033.4,  752.12188488,  542.328801082,  1687.68
1572.32432089,  31676.7,  28427.5,  752.122269083,  542.328879887,  1687.98
1572.3447554,  31937.0,  28656.2,  752.121747929,  542.329093793,  1687.27
1572.36518992,  31963.6,  28680.2,  752.122326776,  542.328920579,  1688.21
1572.38562443,  31756.3,  28498.0,  752.122396238,  542.329031616,  1686.42
1572.40605894,  31312.0,  28101.5,  752.121886712,  542.328634486,  1685.03
1572.42649346,  30709.7,  27568.6,  752.122598854,  542.327908705,  1684.65
1572.44692797,  30035.9,  26970.1,  752.123275179,  542.326196864,  1684.54
1572.46736248,  29369.5,  26377.3,  752.123358191,  542.32578409,  1684.25
1572.487797,  28604.1,  25699.9,  752.124202308,  542.324404077,  1685.29
1572.50823161,  26929.4,  24212.2,  752.125138191,  542.321538915,  1683.49
1572.52866612,  25796.0,  23206.6,  752.126249861,  542.319658425,  1685.41
1572.54910054,  25581.3,  23017.6,  752.126831117,  542.318377426,  1684.8
1572.56953515,  25486.8,  22932.7,  752.126030813,  542.318361918,  1686.54
1572.58996967,  25581.0,  23015.9,  752.126468836,  542.318859411,  1687.04
1572.61040408,  26071.6,  23452.5,  752.126369003,  542.320288015,  1685.52
1572.6308387,  27845.8,  25024.6,  752.124299558,  542.323208147,  1685.02
1572.67170763,  29649.8,  26625.9,  752.123144199,  542.325916664,  1686.86
1572.69214224,  30374.3,  27266.8,  752.122397317,  542.326935478,  1685.26
1572.71257676,  31072.8,  27886.9,  752.121956587,  542.328524207,  1689.59
1572.73301137,  31667.5,  28413.7,  752.122125744,  542.328683731,  1688.21
1572.75344579,  32020.3,  28726.1,  752.121986453,  542.330026696,  1689.23
1572.7738803,  32134.1,  28828.2,  752.122216923,  542.329959624,  1691.8
1572.79431492,  32005.3,  28711.8,  752.122591224,  542.32968244,  1692.85
1572.81474933,  31691.8,  28433.9,  752.122703901,  542.329150255,  1696.07
1572.83518385,  31260.3,  28051.9,  752.123232845,  542.329040144,  1694.18
1572.85561847,  30786.8,  27629.7,  752.122689974,  542.328211119,  1695.36
1572.87605288,  30404.2,  27291.2,  752.123478088,  542.327342278,  1700.34
1572.8964875,  30031.8,  26960.3,  752.12362785,  542.326742026,  1702.8
1572.91692202,  29651.8,  26622.0,  752.124362829,  542.326406956,  1705.47
1572.93735643,  29300.5,  26310.8,  752.12427131,  542.326126483,  1703.22
1572.95779105,  29159.1,  26184.2,  752.124178348,  542.32529925,  1701.95
1572.97822557,  29105.8,  26137.0,  752.124538629,  542.325416054,  1703.42
1572.99866008,  29102.8,  26135.2,  752.123864439,  542.325598292,  1700.45
1573.0190946,  29160.6,  26184.4,  752.124384773,  542.325830024,  1695.52
1573.03952912,  29331.2,  26337.0,  752.123682199,  542.325349658,  1688.87
1573.05996354,  29681.4,  26647.9,  752.123996473,  542.326471107,  1684.64
1573.08039816,  29950.9,  26884.6,  752.123462083,  542.326999648,  1684.35
1573.10083267,  30293.9,  27190.7,  752.123875485,  542.32639647,  1683.6
1573.12126719,  30720.9,  27568.3,  752.123562688,  542.32795363,  1682.76
1573.14170171,  31205.8,  27998.0,  752.122765965,  542.328151368,  1682.91
1573.16213623,  31620.1,  28367.5,  752.122937358,  542.328953741,  1681.75
1573.18257085,  31894.1,  28608.1,  752.122352366,  542.32935261,  1683.24
1573.20300527,  31960.2,  28667.8,  752.122688498,  542.329388368,  1680.82
1573.22343978,  31788.2,  28516.1,  752.123405279,  542.328507607,  1681.73
1573.2438744,  31385.2,  28156.9,  752.122738222,  542.328447759,  1678.55
1573.26430882,  30792.6,  27632.1,  752.123634071,  542.327246732,  1679.53
1573.28474344,  30110.7,  27026.9,  752.123701107,  542.326617738,  1679.78
1573.30517796,  29398.5,  26393.2,  752.123963264,  542.325580555,  1680.35
1573.32561238,  28681.2,  25758.7,  752.125283808,  542.32431772,  1680.44
1573.346047,  27156.8,  24404.8,  752.126318972,  542.32191211,  1678.71
1573.36648152,  25814.1,  23212.7,  752.127518858,  542.319039975,  1675.46
1573.38691594,  25504.8,  22939.8,  752.127181758,  542.318380164,  1674.14
1573.40735056,  25394.7,  22840.1,  752.127114657,  542.3179319,  1675.15
1573.42778508,  25426.9,  22869.3,  752.127881475,  542.317809065,  1674.37
1573.4482195,  25773.2,  23177.4,  752.127688931,  542.319206164,  1671.89
1573.46865412,  27403.9,  24623.1,  752.126004904,  542.321718134,  1669.42
1573.48908864,  28750.7,  25819.7,  752.124941102,  542.324715956,  1668.11
1573.50952326,  29409.2,  26403.6,  752.124773056,  542.325728119,  1669.56
1573.52995768,  30122.2,  27036.1,  752.124005262,  542.326015104,  1668.39
1573.55039221,  30851.9,  27684.9,  752.123945696,  542.327487969,  1669.39
1573.57082683,  31480.4,  28241.2,  752.12344908,  542.327988621,  1667.5
1573.59126125,  31906.7,  28619.0,  752.122240233,  542.328630632,  1667.41
1573.61169577,  32083.3,  28777.6,  752.122727561,  542.328931474,  1664.27
1573.63213039,  32005.4,  28705.8,  752.123037003,  542.328704795,  1668.3
1573.65256491,  31730.9,  28463.8,  752.123021229,  542.328684506,  1667.2
1573.67299944,  31309.9,  28090.3,  752.123182788,  542.32788818,  1665.98
1573.69343396,  30881.6,  27708.8,  752.123834951,  542.327182473,  1665.99
1573.71386838,  30462.6,  27338.2,  752.124569973,  542.32628037,  1665.94
1573.734303,  30107.7,  27022.9,  752.124357806,  542.325858609,  1666.57
1573.75473752,  29794.8,  26744.7,  752.124307769,  542.325052031,  1664.63
1573.77517195,  29422.9,  26416.4,  752.124844348,  542.324643062,  1664.88
1573.79560657,  29261.3,  26271.2,  752.125482613,  542.323910836,  1664.73
1573.81604109,  29216.0,  26231.8,  752.124573322,  542.324414735,  1663.06
1573.83647552,  29192.1,  26211.6,  752.125097156,  542.324185509,  1664.0
1573.85691014,  29216.1,  26231.6,  752.124762563,  542.324171426,  1663.79
1573.87734466,  29353.5,  26354.4,  752.124833149,  542.323901807,  1661.58
1573.89777929,  29668.6,  26634.0,  752.125355587,  542.325332206,  1663.02
1573.91821371,  29959.0,  26890.5,  752.124738028,  542.325578428,  1664.76
1573.93864823,  30286.9,  27183.0,  752.12438283,  542.325491162,  1663.21
1573.95908286,  30717.8,  27564.6,  752.124565468,  542.32639916,  1661.84
1573.97951728,  31179.9,  27973.9,  752.124124851,  542.326773008,  1661.48
1573.99995181,  31604.3,  28351.6,  752.123880145,  542.327328657,  1661.44
1574.02038643,  31892.2,  28605.8,  752.123759653,  542.32701426,  1660.91
1574.04082086,  31981.0,  28685.2,  752.123664158,  542.327423207,  1660.31
1574.06125548,  31839.5,  28560.7,  752.123778143,  542.327569549,  1659.95
1574.08169001,  31456.3,  28219.1,  752.123486401,  542.327016837,  1662.18
1574.10212443,  30875.1,  27704.3,  752.124115296,  542.325830571,  1658.45
1574.12255906,  30195.4,  27101.3,  752.124699414,  542.325274672,  1659.63
1574.14299358,  29466.1,  26452.1,  752.124596544,  542.324208082,  1659.42
1574.16342811,  28775.2,  25841.1,  752.12529422,  542.322399687,  1659.62
1574.18386263,  27405.5,  24624.1,  752.126819974,  542.320464294,  1659.1
1574.20429716,  25871.3,  23263.3,  752.127484837,  542.31783493,  1658.6
1574.22473168,  25446.6,  22887.1,  752.128096512,  542.317288979,  1657.94
1574.24516621,  25306.3,  22760.8,  752.127905313,  542.31690382,  1659.01
1574.26560074,  25308.1,  22763.4,  752.128723306,  542.315518485,  1658.0
1574.28603526,  25553.6,  22981.6,  752.127872824,  542.317053623,  1658.0
1574.30646989,  26983.7,  24248.7,  752.126992039,  542.320199251,  1657.55
1574.32690431,  28528.1,  25621.5,  752.125722386,  542.322939233,  1656.81
1574.34733884,  29231.4,  26244.7,  752.126354908,  542.323515314,  1656.52
1574.36777337,  29943.6,  26875.7,  752.125007015,  542.324784758,  1657.0
1574.38820789,  30686.1,  27536.4,  752.124482349,  542.32530753,  1657.81
1574.40864252,  31385.6,  28155.9,  752.124392899,  542.326376685,  1654.62
1574.42907695,  31857.3,  28574.8,  752.123581791,  542.3272836,  1655.08
1574.44951158,  32087.4,  28780.0,  752.123636012,  542.327076361,  1656.01
1574.4699461,  32056.5,  28750.2,  752.123576007,  542.327503238,  1654.81
1574.49038053,  31836.0,  28556.4,  752.123900117,  542.327138659,  1654.55
1574.51081516,  31463.6,  28225.5,  752.123764172,  542.326648862,  1653.96
1574.53124969,  31029.7,  27839.1,  752.124273892,  542.326287363,  1655.88
1574.55168412,  30592.6,  27453.1,  752.124674859,  542.325318708,  1653.95
1574.57211874,  30241.8,  27140.2,  752.12513982,  542.324648508,  1653.13
1574.59255327,  29934.7,  26867.8,  752.125013419,  542.324183159,  1654.75
1574.6129879,  29552.1,  26529.1,  752.125902987,  542.323936197,  1653.47
1574.63342233,  29353.1,  26351.5,  752.124770183,  542.323717001,  1654.3
1574.65385686,  29281.5,  26288.3,  752.125595394,  542.323355067,  1652.49
1574.67429149,  29259.1,  26269.3,  752.12616437,  542.323095991,  1654.03
1574.69472592,  29260.4,  26268.1,  752.125310867,  542.323247056,  1652.7
1574.71516044,  29344.0,  26344.2,  752.125791799,  542.323224303,  1652.96
1574.73559507,  29671.3,  26633.4,  752.125792439,  542.323148002,  1653.07
1574.7560295,  29979.1,  26905.9,  752.125042799,  542.323817281,  1653.48
1574.77646403,  30291.7,  27184.8,  752.125143958,  542.324542882,  1653.25
1574.79689866,  30712.6,  27556.9,  752.124616183,  542.325236431,  1651.36
1574.81733319,  31190.0,  27981.1,  752.124618941,  542.325500963,  1651.15
1574.83776772,  31629.6,  28372.0,  752.123939579,  542.326426612,  1652.68
1574.85820225,  31935.1,  28641.2,  752.124385789,  542.326493775,  1650.72
1574.87863678,  32054.1,  28748.4,  752.124321373,  542.326271913,  1650.58
1574.89907131,  31930.9,  28638.7,  752.124293851,  542.326742382,  1651.22
1574.91950584,  31547.0,  28296.8,  752.124528414,  542.325729931,  1651.12
1574.93994037,  30989.2,  27803.1,  752.124385524,  542.32512831,  1651.47
1574.9603749,  30293.6,  27184.7,  752.125091253,  542.324701615,  1651.83
1574.98080944,  29560.1,  26533.3,  752.125930924,  542.323042952,  1649.43
1575.00124397,  28848.8,  25904.1,  752.126225532,  542.322100474,  1651.16
1575.0216785,  27654.0,  24841.1,  752.1271061,  542.320024147,  1650.13
1575.04211303,  25986.5,  23362.9,  752.127961984,  542.316182176,  1649.56
1575.06254766,  25458.4,  22894.2,  752.128531454,  542.315810543,  1650.01
1575.08298209,  25266.3,  22721.8,  752.129515187,  542.315995373,  1650.8
1575.10341662,  25257.9,  22716.1,  752.12886874,  542.315460394,  1650.82
1575.12385125,  25426.4,  22865.4,  752.128921569,  542.316304684,  1649.79
1575.14428569,  26636.3,  23937.2,  752.128059115,  542.318356443,  1648.46
1575.16472022,  28330.9,  25443.3,  752.126916045,  542.320599113,  1648.15
1575.18515485,  29114.1,  26136.8,  752.126625072,  542.322561744,  1648.53
1575.20558928,  29849.8,  26789.7,  752.125470812,  542.323185652,  1650.19
1575.22602392,  30606.9,  27462.8,  752.125481322,  542.324498603,  1647.74
1575.24645845,  31338.0,  28109.9,  752.124259878,  542.325669988,  1646.84
1575.26689288,  31881.6,  28592.7,  752.124850606,  542.326321514,  1649.76
1575.28732751,  32134.6,  28817.8,  752.12406173,  542.326849811,  1646.22
1575.30776205,  32135.8,  28817.7,  752.124615433,  542.326720309,  1646.28
1575.32819648,  31966.5,  28668.2,  752.124291726,  542.326372852,  1647.66
1575.34863111,  31608.0,  28350.1,  752.124547418,  542.325350086,  1645.3
1575.36906565,  31167.6,  27958.2,  752.124916567,  542.325242681,  1645.29
1575.38950028,  30734.4,  27574.7,  752.12513161,  542.324382988,  1646.08
1575.40993471,  30358.8,  27240.6,  752.124693332,  542.32368307,  1646.21
1575.43036925,  30048.1,  26964.4,  752.125351311,  542.323496366,  1645.01
1575.45080388,  29675.0,  26635.0,  752.126243469,  542.322875326,  1645.26
1575.47123842,  29429.2,  26414.9,  752.126696754,  542.321397321,  1645.26
1575.49167285,  29342.6,  26338.3,  752.126561599,  542.32285754,  1646.44
1575.51210748,  29308.5,  26309.0,  752.126353037,  542.322201943,  1644.06
1575.53254202,  29301.0,  26299.9,  752.126154722,  542.322546294,  1643.37
1575.55297645,  29373.3,  26365.7,  752.126358166,  542.321925151,  1645.53
1575.57341109,  29663.4,  26622.4,  752.126117401,  542.322690114,  1644.97
1575.59384562,  30005.6,  26925.3,  752.125747327,  542.323119572,  1643.56
1575.61428016,  30316.6,  27203.2,  752.125638822,  542.323358415,  1643.31
1575.65514913,  31214.2,  27997.6,  752.125226796,  542.325103054,  1645.67
1575.67558376,  31620.7,  28358.2,  752.12460987,  542.325248952,  1642.53
1575.6960183,  31936.9,  28636.3,  752.124143893,  542.325945675,  1642.98
1575.71645274,  32067.2,  28752.7,  752.12416111,  542.326145171,  1641.71
1575.73688737,  31965.2,  28661.5,  752.124574749,  542.325741692,  1641.57
1575.75732191,  31622.4,  28355.7,  752.124966996,  542.326439308,  1641.86
1575.77775654,  31044.0,  27844.5,  752.125050057,  542.32434472,  1640.11
1575.79819098,  30351.7,  27227.7,  752.125663491,  542.323965635,  1641.36
1575.81862552,  29610.7,  26569.9,  752.126296728,  542.323499864,  1641.33
1575.83906015,  28883.7,  25926.0,  752.126853229,  542.32187365,  1640.74
1575.85949459,  27866.2,  25021.0,  752.127409503,  542.320357309,  1640.28
1575.87992913,  26090.7,  23446.0,  752.129003042,  542.316439762,  1641.01
1575.90036376,  25424.7,  22855.1,  752.129086644,  542.315858022,  1641.63
1575.9207982,  25221.5,  22672.7,  752.129612095,  542.315674813,  1643.49
1575.94123274,  25178.8,  22636.4,  752.129503679,  542.315304734,  1640.29
1575.96166737,  25312.1,  22753.6,  752.12930464,  542.315469527,  1640.01
1575.98210181,  26261.8,  23595.8,  752.128938382,  542.31710323,  1638.81
1576.00253645,  28057.5,  25190.0,  752.127200995,  542.320278098,  1638.53
1576.02297099,  28950.1,  25981.1,  752.126753963,  542.322293897,  1639.85
1576.04340552,  29680.9,  26629.3,  752.12592622,  542.323429068,  1638.87
1576.06384006,  30473.4,  27333.8,  752.125455707,  542.324599515,  1638.47
1576.0842746,  31204.0,  27980.1,  752.125564731,  542.325559927,  1639.21
1576.10470914,  31772.0,  28484.8,  752.124708193,  542.325974859,  1638.17
1576.12514368,  32083.8,  28762.1,  752.125126199,  542.326188161,  1637.98
1576.14557821,  32177.6,  28843.6,  752.124621448,  542.326037733,  1637.53
1576.16601275,  32024.5,  28709.2,  752.124821659,  542.32633321,  1638.5
1576.18644739,  31718.8,  28436.7,  752.124721109,  542.326098706,  1638.51
1576.20688183,  31298.1,  28063.0,  752.125099777,  542.325193254,  1635.43
1576.22731647,  30848.3,  27665.5,  752.125684289,  542.324548884,  1636.73
1576.24775101,  30468.4,  27326.2,  752.125654819,  542.32428273,  1636.82
1576.26818545,  30186.1,  27075.9,  752.125547263,  542.323422281,  1638.51
1576.28862009,  29810.9,  26744.1,  752.126508855,  542.322856387,  1637.12
1576.30905453,  29536.8,  26499.2,  752.126630155,  542.322470886,  1636.1
1576.32948907,  29424.5,  26400.5,  752.126436968,  542.322121602,  1635.77
1576.34992371,  29359.5,  26343.0,  752.126173401,  542.322337049,  1636.64
1576.39079279,  29420.3,  26397.4,  752.126557834,  542.322098804,  1637.98
1576.41122733,  29683.5,  26629.8,  752.12689874,  542.323526428,  1634.77
1576.43166177,  30022.2,  26929.9,  752.126304946,  542.323586894,  1637.76
1576.45209641,  30330.2,  27204.8,  752.125971783,  542.323368873,  1634.81
1576.47253095,  30745.8,  27572.1,  752.125283556,  542.324405865,  1633.49
1576.49296539,  31182.5,  27960.4,  752.125818387,  542.324776916,  1635.65
1576.51340003,  31612.3,  28342.1,  752.124839985,  542.324985996,  1633.99
1576.53383457,  31957.5,  28646.9,  752.125280739,  542.325378974,  1634.66
1576.55426911,  32110.6,  28784.5,  752.124835314,  542.326122489,  1634.2
1576.57470365,  32048.9,  28728.8,  752.124856984,  542.325657182,  1635.47
1576.59513819,  31768.0,  28478.9,  752.125181714,  542.325047156,  1634.72
1576.61557283,  31211.1,  27986.3,  752.125709802,  542.324554812,  1633.7
1576.63600727,  30489.9,  27344.7,  752.125845661,  542.323264111,  1632.52
1576.65644182,  29751.7,  26690.0,  752.126640976,  542.322453554,  1633.48
1576.67687646,  29026.1,  26046.8,  752.127990352,  542.321313441,  1632.92
1576.697311,  28110.8,  25233.2,  752.128181313,  542.320094332,  1631.4
1576.71774544,  26341.9,  23664.6,  752.129133064,  542.316043345,  1633.7
1576.73818008,  25449.6,  22872.9,  752.129569348,  542.314676549,  1632.48
1576.75861463,  25220.4,  22667.8,  752.130241947,  542.314731477,  1634.27
1576.77904917,  25146.6,  22604.5,  752.130074824,  542.31420254,  1632.47
1576.79948371,  25235.9,  22682.0,  752.130491076,  542.314656187,  1631.53
1576.81991825,  25900.4,  23272.0,  752.129327845,  542.31567176,  1631.81
1576.8403529,  27746.9,  24912.1,  752.12827864,  542.319260492,  1631.55
1576.86078734,  28771.5,  25819.8,  752.127580281,  542.320933518,  1632.86
1576.88122188,  29533.3,  26496.8,  752.126924699,  542.322003188,  1632.49
1576.90165652,  30356.2,  27227.2,  752.127029492,  542.323358677,  1631.55
1576.92209097,  31114.0,  27898.8,  752.125754687,  542.323975694,  1632.02
1576.94252551,  31719.7,  28436.7,  752.126119468,  542.324522129,  1631.38
1576.96296005,  32113.8,  28786.5,  752.1255619,  542.325479733,  1629.86
1576.9833946,  32232.7,  28891.4,  752.125572696,  542.325637152,  1630.15
1577.00382924,  32141.8,  28811.7,  752.126102274,  542.324688222,  1631.38
1577.02426368,  31870.2,  28569.2,  752.125359298,  542.324985355,  1631.13
1577.04469823,  31460.8,  28206.8,  752.125935502,  542.324363745,  1629.98
1577.06513287,  31020.1,  27816.5,  752.126088943,  542.322633499,  1630.11
1577.08556732,  30643.9,  27481.2,  752.12682958,  542.323067888,  1629.54
1577.10600186,  30330.0,  27203.8,  752.126307471,  542.32266499,  1627.45
1577.12643651,  29990.1,  26902.0,  752.126976592,  542.322051977,  1630.88
1577.14687095,  29657.9,  26606.0,  752.127241064,  542.32116014,  1630.25
1577.16730559,  29517.9,  26483.5,  752.127542461,  542.320953178,  1629.38
1577.18774014,  29445.0,  26417.6,  752.127697272,  542.321409712,  1629.75
1577.20817458,  29440.0,  26412.9,  752.127683849,  542.321455917,  1630.42
1577.22860923,  29478.8,  26448.3,  752.12784602,  542.320942339,  1630.69
1577.24904377,  29695.5,  26639.4,  752.127450193,  542.321518882,  1629.15
1577.26947832,  30066.7,  26969.9,  752.127068904,  542.322162606,  1628.88
1577.28991287,  30382.5,  27250.6,  752.127248002,  542.322756418,  1628.0
1577.31034741,  30745.7,  27571.6,  752.126828565,  542.323357538,  1628.02
1577.33078196,  31157.9,  27938.3,  752.126500019,  542.323321359,  1628.31
1577.3512166,  31586.1,  28318.0,  752.125582812,  542.324011976,  1628.09
1577.37165105,  31924.9,  28617.7,  752.126177903,  542.324268628,  1627.74
1577.39208569,  32110.0,  28783.5,  752.126203078,  542.324117117,  1629.74
1577.41252024,  32099.1,  28772.5,  752.126124696,  542.324577059,  1628.1
1577.43295469,  31856.6,  28558.2,  752.126655625,  542.323539642,  1627.86
1577.45338933,  31309.6,  28073.0,  752.126222879,  542.323675054,  1627.13
1577.47382388,  30593.2,  27435.4,  752.126879932,  542.322581844,  1628.52
1577.49425833,  29825.4,  26755.8,  752.127548969,  542.321808167,  1627.72
1577.51469297,  29074.0,  26088.5,  752.127700248,  542.320239565,  1627.01
1577.53512752,  28278.4,  25381.1,  752.12851312,  542.319255392,  1627.11
1577.55556207,  26580.5,  23876.8,  752.129723559,  542.315191992,  1625.8
1577.57599661,  25453.8,  22875.2,  752.130681581,  542.314355541,  1625.42
1577.59643106,  25217.3,  22665.2,  752.130639832,  542.313660028,  1627.0
1577.61686571,  25115.1,  22575.3,  752.130656323,  542.31251128,  1626.0
1577.63730026,  25149.7,  22604.2,  752.131497684,  542.312979955,  1626.0
1577.6577347,  25657.9,  23056.6,  752.129470693,  542.314177863,  1625.69
1577.67816935,  27456.0,  24652.4,  752.129104442,  542.316945564,  1625.6
1577.6986039,  28669.1,  25727.8,  752.128301723,  542.318947913,  1625.36
1577.71903845,  29444.6,  26417.5,  752.126298827,  542.321000253,  1628.5
1577.73947299,  30217.6,  27102.7,  752.127402713,  542.321994793,  1623.49
1577.75990754,  30969.8,  27769.7,  752.126378799,  542.322977055,  1624.96
1577.78034219,  31629.4,  28356.1,  752.126359631,  542.323725034,  1622.52
1577.80077664,  32033.3,  28713.7,  752.125846756,  542.32402878,  1623.36
1577.82121119,  32209.5,  28869.7,  752.125742674,  542.324840005,  1623.57
1577.84164584,  32172.6,  28838.6,  752.12599426,  542.324212769,  1623.97
1577.86208039,  31910.3,  28603.4,  752.126738138,  542.323419101,  1623.28
1577.88251483,  31492.6,  28234.7,  752.126541315,  542.323532116,  1623.16
1577.90294948,  31056.8,  27847.4,  752.126312493,  542.322414838,  1622.89
1577.92338403,  30672.8,  27505.3,  752.126505034,  542.32181025,  1623.19
1577.94381858,  30372.8,  27240.4,  752.127087601,  542.321737961,  1623.04
1577.96425313,  30027.4,  26932.7,  752.127141742,  542.321201545,  1622.33
1577.98468768,  29670.8,  26616.6,  752.127921954,  542.32062785,  1622.99
1578.00512223,  29530.9,  26493.3,  752.12776488,  542.320669722,  1623.37
1578.02555678,  29463.3,  26431.6,  752.127742192,  542.319670744,  1622.48
1578.04599133,  29421.3,  26395.5,  752.128151901,  542.320035729,  1622.46
1578.06642598,  29485.9,  26453.4,  752.128216658,  542.320381756,  1632.41
1578.08686043,  29658.0,  26604.1,  752.127483802,  542.320250675,  1627.5
1578.10729498,  30036.4,  26941.9,  752.127369246,  542.320834226,  1622.45
1578.12772963,  30367.6,  27234.8,  752.127295838,  542.321032086,  1621.78
1578.14816408,  30697.0,  27526.2,  752.127327665,  542.321826294,  1622.45
1578.16859873,  31106.8,  27891.5,  752.126545028,  542.32243026,  1620.2
1578.18903328,  31521.5,  28258.4,  752.126811051,  542.322665516,  1620.13
1578.20946773,  31873.4,  28570.7,  752.126772695,  542.323536737,  1620.37
1578.22990238,  32082.4,  28757.1,  752.126532642,  542.323226484,  1621.19
1578.25033683,  32101.3,  28771.9,  752.126064877,  542.323889299,  1621.71
1578.27077139,  31851.2,  28551.7,  752.126962278,  542.323240939,  1620.36
1578.29120604,  31365.5,  28119.7,  752.126585086,  542.322757,  1620.47
1578.31164049,  30675.1,  27506.0,  752.127476456,  542.321705427,  1619.57
1578.33207514,  29901.9,  26821.4,  752.128012428,  542.320338258,  1621.0
1578.35250969,  29146.1,  26149.5,  752.128268409,  542.319559042,  1619.88
1578.37294414,  28377.9,  25467.9,  752.128990979,  542.317507952,  1621.53
1578.39337879,  26818.8,  24085.2,  752.129638,  542.315551363,  1620.87
1578.41381335,  25440.4,  22859.8,  752.130474479,  542.312452124,  1620.5
1578.4342479,  25171.3,  22622.2,  752.131902483,  542.312736332,  1620.24
1578.45468245,  25032.3,  22498.7,  752.131398641,  542.311953025,  1619.62
1578.475117,  25045.8,  22509.6,  752.131794942,  542.312100732,  1620.01
1578.49555156,  25414.4,  22838.1,  752.130915476,  542.313062303,  1621.58
1578.51598611,  27082.7,  24317.6,  752.130142028,  542.315456597,  1621.34
1578.53642066,  28478.1,  25555.9,  752.129171652,  542.318239263,  1619.2
1578.55685531,  29225.2,  26219.7,  752.128434213,  542.319198353,  1619.87
1578.57728987,  30013.3,  26918.0,  752.127901756,  542.32070382,  1619.21
1578.59772432,  30800.6,  27617.0,  752.127148371,  542.322064133,  1619.85
1578.63859353,  31934.2,  28621.1,  752.126471088,  542.32333901,  1619.28
1578.65902798,  32174.7,  28835.0,  752.126242129,  542.323851473,  1619.57
1578.67946263,  32162.7,  28823.1,  752.126311247,  542.32370237,  1620.08
1578.69989719,  31936.5,  28621.6,  752.126654954,  542.323605209,  1618.36
1578.72033164,  31555.7,  28284.9,  752.126650028,  542.323103944,  1619.51
1578.74076629,  31149.1,  27921.9,  752.127233927,  542.322173602,  1617.1
1578.76120085,  30774.9,  27589.6,  752.127321161,  542.322301669,  1618.94
1578.7816355,  30472.6,  27322.3,  752.128237471,  542.322004683,  1618.18
1578.80206995,  30161.6,  27044.5,  752.127930633,  542.321216093,  1618.45
1578.82250451,  29815.6,  26737.5,  752.128146534,  542.32089418,  1616.77
1578.84293916,  29626.8,  26570.5,  752.128670641,  542.320394506,  1617.42
1578.86337362,  29525.2,  26479.1,  752.128491655,  542.320659327,  1616.89
1578.88380817,  29497.3,  26455.5,  752.129043065,  542.320257024,  1617.97
1578.90424273,  29529.4,  26482.4,  752.127878057,  542.320563203,  1618.49
1578.92467728,  29687.6,  26622.5,  752.128124607,  542.320411025,  1616.33
1578.94511194,  30073.5,  26965.8,  752.127348565,  542.321451173,  1618.06
1578.96554639,  30375.6,  27232.3,  752.127882172,  542.321698743,  1616.23
1578.98598095,  30705.0,  27525.3,  752.128211142,  542.321989232,  1616.36
1579.0064156,  31070.1,  27849.2,  752.127328983,  542.322514514,  1616.08
1579.02685006,  31477.1,  28208.8,  752.126989432,  542.323057358,  1616.36
1579.04728461,  31859.9,  28550.1,  752.127331233,  542.323295698,  1615.09
1579.06771927,  32079.9,  28744.2,  752.127054897,  542.323891427,  1615.49
1579.08815382,  32126.8,  28785.2,  752.127833747,  542.322855933,  1614.44
1579.10858828,  31870.7,  28560.0,  752.126977094,  542.323058444,  1614.82
1579.12902294,  31405.8,  28146.1,  752.12743326,  542.322323068,  1614.59
1579.14945749,  30752.0,  27564.8,  752.127773395,  542.321315986,  1614.95
1579.16989205,  29954.8,  26858.7,  752.128266747,  542.321183462,  1614.55
1579.1903266,  29179.9,  26169.0,  752.128702333,  542.320220566,  1615.03
1579.21076116,  28428.8,  25504.0,  752.129449295,  542.318253744,  1614.27
1579.23119582,  27052.6,  24283.1,  752.130131858,  542.315755898,  1614.41
1579.25163027,  25483.0,  22888.4,  752.131409067,  542.314095287,  1615.08
1579.27206483,  25113.6,  22562.5,  752.132133642,  542.312296904,  1613.65
1579.29249949,  24978.5,  22441.0,  752.132258016,  542.311918836,  1612.85
1579.31293394,  24960.7,  22425.5,  752.132181135,  542.312227104,  1612.92
1579.3333686,  25213.4,  22650.9,  752.131768879,  542.312560434,  1613.3
1579.35380316,  26676.1,  23947.5,  752.130333965,  542.31510873,  1613.99
1579.37423762,  28270.6,  25363.1,  752.129446334,  542.318615091,  1612.1
1579.39467227,  29051.6,  26056.8,  752.12912799,  542.319492101,  1614.16
1579.41510683,  29844.6,  26758.4,  752.128182029,  542.320813865,  1612.65
1579.43554129,  30638.1,  27465.2,  752.128054098,  542.321408897,  1613.06
1579.45597595,  31347.0,  28093.2,  752.12787492,  542.322367114,  1612.46
1579.4764105,  31872.6,  28559.4,  752.127107543,  542.323325397,  1611.98
1579.49684496,  32176.7,  28830.3,  752.127506187,  542.323488661,  1612.51
1579.51727962,  32204.9,  28854.5,  752.127333757,  542.3229502,  1612.21
1579.53771408,  32014.4,  28685.1,  752.127486524,  542.323221083,  1613.8
1579.55814874,  31653.1,  28365.6,  752.127448272,  542.322316396,  1612.03
1579.57858329,  31250.4,  28007.2,  752.127737783,  542.322537511,  1612.23
1579.59901785,  30880.5,  27679.6,  752.128288716,  542.321571228,  1613.64
1579.61945241,  30565.6,  27400.2,  752.12781022,  542.320747273,  1612.35
1579.63988697,  30266.6,  27133.4,  752.12863891,  542.320559811,  1612.09
1579.66032153,  29904.0,  26813.8,  752.128555609,  542.32052677,  1612.09
1579.68075609,  29684.7,  26617.8,  752.129043729,  542.320096405,  1612.62
1579.70119065,  29594.0,  26536.8,  752.12873044,  542.319989405,  1610.88
1579.72162531,  29558.1,  26506.7,  752.129289231,  542.319472788,  1610.13
1579.74205986,  29592.6,  26535.3,  752.12904808,  542.319657615,  1611.73
1579.76249432,  29722.3,  26651.7,  752.129356488,  542.319381649,  1610.97
1579.78292898,  30068.9,  26959.7,  752.129101983,  542.319892961,  1609.58
1579.80336354,  30389.5,  27242.9,  752.128457646,  542.320841378,  1610.91
1579.823798,  30709.6,  27528.6,  752.12878548,  542.321046951,  1609.21
1579.84423266,  31059.4,  27838.2,  752.128381813,  542.321120671,  1609.38
1579.86466722,  31456.9,  28190.2,  752.127727177,  542.321886394,  1609.42
1579.88510168,  31825.6,  28519.3,  752.127969417,  542.322025545,  1610.55
1579.90553634,  32076.7,  28740.1,  752.127358888,  542.322924838,  1608.23
1579.9259709,  32123.6,  28782.6,  752.128264323,  542.32190339,  1607.81
1579.94640556,  31930.1,  28611.8,  752.127733608,  542.322387387,  1607.17
1579.96684002,  31513.9,  28240.5,  752.127721872,  542.321828827,  1609.54
1579.98727458,  30866.2,  27666.9,  752.128379298,  542.321209441,  1608.65
1580.00770924,  30093.1,  26981.2,  752.128623356,  542.31885607,  1608.58
1580.0281437,  29321.2,  26294.5,  752.129612487,  542.31894171,  1607.45
1580.04857827,  28568.8,  25629.3,  752.130493998,  542.317275633,  1607.59
1580.06901293,  27370.3,  24564.8,  752.131294649,  542.314962399,  1607.77
1580.08944739,  25645.1,  23033.4,  752.131924342,  542.312296867,  1607.39
1580.10988195,  25103.9,  22554.2,  752.13238736,  542.311205898,  1605.46
1580.13031661,  24960.0,  22425.7,  752.13269772,  542.311143666,  1606.21
1580.15075107,  24916.0,  22386.6,  752.133627712,  542.310486411,  1605.84
1580.17118573,  25082.9,  22535.5,  752.132877762,  542.311158794,  1607.86
1580.19162019,  26329.1,  23639.8,  752.131391657,  542.313278736,  1606.42
1580.21205476,  28068.1,  25184.7,  752.131241775,  542.316448616,  1605.66
1580.23248942,  28900.0,  25922.2,  752.130203377,  542.316912028,  1605.52
1580.25292388,  29695.0,  26626.7,  752.129308052,  542.319094768,  1606.04
1580.27335844,  30509.6,  27351.5,  752.129224404,  542.319870013,  1606.21
1580.2937931,  31258.7,  28015.4,  752.128785907,  542.321026881,  1605.36
1580.31422767,  31822.2,  28515.5,  752.127884241,  542.321630141,  1604.97
1580.33466223,  32144.5,  28802.3,  752.127952729,  542.322369494,  1604.42
1580.35509679,  32222.8,  28869.9,  752.128017593,  542.321730482,  1605.23
1580.37553135,  32066.1,  28732.5,  752.127686194,  542.32158517,  1602.92
1580.39596592,  31760.1,  28461.0,  752.127920448,  542.321537444,  1602.96
1580.41640048,  31381.0,  28122.9,  752.128163114,  542.321286012,  1602.78
1580.43683504,  31013.1,  27798.0,  752.128836219,  542.320671176,  1602.28
1580.4572697,  30694.8,  27514.9,  752.128757712,  542.320550569,  1604.5
1580.47770417,  30404.1,  27256.7,  752.12879234,  542.319766223,  1603.56
1580.49813873,  30052.6,  26945.7,  752.129054663,  542.3186948,  1601.7
1580.51857339,  29855.8,  26769.4,  752.12966753,  542.319164119,  1601.86
1580.53900786,  29719.5,  26649.6,  752.129373911,  542.318814312,  1602.9
1580.55944252,  29674.1,  26609.8,  752.130461472,  542.318926375,  1602.37
1580.57987708,  29690.3,  26622.2,  752.130426416,  542.317791921,  1602.46
1580.60031155,  29782.0,  26705.3,  752.129789567,  542.318213361,  1601.65
1580.62074621,  30094.7,  26982.8,  752.12939803,  542.318949056,  1600.48
1580.64118078,  30413.1,  27264.1,  752.129240999,  542.319684102,  1602.61
1580.66161524,  30672.6,  27496.5,  752.128850605,  542.319328388,  1602.35
1580.6820499,  30988.0,  27774.6,  752.129180792,  542.319421317,  1600.21
1580.70248447,  31374.7,  28118.1,  752.128259552,  542.320580678,  1599.96
1580.72291913,  31741.4,  28444.2,  752.128963687,  542.320934762,  1600.36
1580.7433536,  31999.2,  28671.6,  752.127984375,  542.321548147,  1599.53
1580.76378816,  32068.7,  28734.7,  752.12850672,  542.321292026,  1599.65
1580.78422282,  31917.6,  28600.6,  752.128263457,  542.321648202,  1599.05
1580.80465729,  31505.4,  28233.7,  752.12907472,  542.32045181,  1600.71
1580.82509185,  30886.3,  27685.6,  752.129116085,  542.319071044,  1600.14
1580.84552642,  30122.1,  27005.6,  752.129758594,  542.319177868,  1599.74
1580.86596098,  29351.8,  26323.0,  752.129871717,  542.317982933,  1598.78
1580.88639555,  28593.8,  25651.1,  752.13087183,  542.315963795,  1597.73
1580.90683011,  27559.0,  24731.2,  752.131863031,  542.314680282,  1597.54
1580.92726468,  25781.6,  23154.6,  752.133035637,  542.310932657,  1598.75
1580.94769935,  25047.4,  22503.8,  752.133464217,  542.309725347,  1598.47
1580.96813391,  24902.3,  22373.4,  752.133659564,  542.309402797,  1599.01
1580.98856838,  24835.4,  22315.6,  752.13393217,  542.310020457,  1598.12
1581.00900304,  24928.2,  22397.0,  752.133628781,  542.309388473,  1598.41
1581.02943761,  25900.6,  23259.1,  752.133358506,  542.311468688,  1598.37
1581.04987207,  27754.1,  24905.8,  752.131318291,  542.314995002,  1598.56
1581.07030674,  28705.1,  25747.9,  752.130804513,  542.316122566,  1597.5
1581.09074131,  29491.7,  26446.4,  752.129923418,  542.318162704,  1599.38
1581.11117597,  30354.7,  27213.6,  752.130040967,  542.318324949,  1597.8
1581.13161044,  31134.3,  27903.3,  752.129334103,  542.320029276,  1597.83
1581.152045,  31762.5,  28462.5,  752.128426485,  542.320299241,  1597.52
1581.17247967,  32162.7,  28817.1,  752.128819419,  542.320975814,  1596.11
1581.19291414,  32322.4,  28957.8,  752.128517832,  542.321325876,  1596.1
1581.2133487,  32210.4,  28859.8,  752.128775051,  542.321289601,  1596.23
1581.23378337,  31928.6,  28609.0,  752.128729786,  542.320688143,  1595.97
1581.25421784,  31570.0,  28290.8,  752.129395762,  542.320192621,  1594.04
1581.27465241,  31193.3,  27957.6,  752.129770155,  542.319395751,  1596.91
1581.29508707,  30853.0,  27653.9,  752.128856673,  542.318811726,  1596.83
1581.31552154,  30589.3,  27420.7,  752.129308215,  542.318724654,  1595.79
1581.33595621,  30235.7,  27107.2,  752.130118325,  542.317889228,  1594.92
1581.35639077,  29942.0,  26845.0,  752.129897528,  542.317720328,  1595.35
1581.37682534,  29820.3,  26739.0,  752.130650354,  542.316911723,  1594.8
1581.39725991,  29766.9,  26690.4,  752.130784442,  542.317618021,  1594.7
1581.41769448,  29783.6,  26705.2,  752.130497328,  542.317666081,  1594.95
1581.43812904,  29844.5,  26760.1,  752.130618856,  542.317158587,  1595.33
1581.45856361,  30099.6,  26984.8,  752.130285575,  542.317662167,  1595.94
1581.47899818,  30428.5,  27277.3,  752.130580352,  542.318095512,  1595.17
1581.49943275,  30655.4,  27479.3,  752.129077479,  542.318896794,  1595.01
1581.51986732,  30957.1,  27746.0,  752.129850853,  542.318970169,  1593.58
1581.54030189,  31321.5,  28070.3,  752.129757843,  542.319592743,  1596.02
1581.56073645,  31684.2,  28392.4,  752.128879643,  542.320058253,  1592.3
1581.58117102,  31969.0,  28643.2,  752.129309746,  542.320138641,  1594.7
1586.83285114,  24988.9,  22542.4,  752.142212504,  542.29960372,  1559.65
1586.85328583,  24649.5,  22242.1,  752.142922475,  542.300565972,  1558.48
1586.87372032,  24547.9,  22149.9,  752.142342229,  542.299855698,  1558.64
1586.89415501,  24705.1,  22289.3,  752.142496541,  542.299996373,  1559.25
1586.9145896,  25434.1,  22937.2,  752.142174099,  542.300925448,  1559.15
1586.93502409,  27321.1,  24609.3,  752.140239363,  542.305193854,  1558.27
1586.95545878,  28429.1,  25593.8,  752.140542203,  542.306313186,  1557.75
1586.97589337,  29303.3,  26368.6,  752.140066683,  542.307074216,  1560.93
1586.99632796,  30219.3,  27179.9,  752.138562565,  542.309176748,  1560.02
1587.01676255,  31103.2,  27965.2,  752.138281758,  542.309898795,  1558.58
1587.03719714,  31825.7,  28604.7,  752.138136903,  542.311559008,  1558.94
1587.05763183,  32329.1,  29051.0,  752.137642069,  542.312238621,  1557.71
1587.07806642,  32591.9,  29284.7,  752.137644074,  542.311636357,  1557.73
1587.09850091,  32613.1,  29301.3,  752.138048423,  542.312249388,  1557.23
1587.1189356,  32426.8,  29135.9,  752.13857418,  542.311735181,  1557.92
1587.13937019,  32116.4,  28860.1,  752.138183809,  542.311131573,  1557.88
1587.15980469,  31789.0,  28567.5,  752.137713312,  542.310529829,  1557.62
1587.18023938,  31488.6,  28301.3,  752.139044854,  542.310403893,  1556.57
1587.20067397,  31236.4,  28076.0,  752.138911869,  542.309957918,  1557.49
1587.22110856,  30892.7,  27770.1,  752.138901674,  542.309100718,  1557.6
1587.24154315,  30572.8,  27486.9,  752.139397867,  542.308261337,  1556.75
1587.26197764,  30436.4,  27363.6,  752.138948386,  542.308197494,  1555.95
1587.28241233,  30352.5,  27288.0,  752.13922249,  542.308291997,  1557.22
1587.30284692,  30274.4,  27219.8,  752.139428326,  542.308426227,  1557.3
1587.32328141,  30249.7,  27195.5,  752.139396813,  542.307969238,  1556.78
1587.34371611,  30368.9,  27299.9,  752.139177771,  542.307510336,  1560.62
1587.3641507,  30589.5,  27495.8,  752.139655161,  542.308023862,  1555.5
1587.38458539,  30753.5,  27638.7,  752.139426154,  542.308958596,  1558.14
1587.40501988,  30973.7,  27835.1,  752.13909235,  542.309023309,  1557.89
1587.42545447,  31269.8,  28096.5,  752.139049223,  542.309662841,  1556.42
1587.44588916,  31566.8,  28358.6,  752.138695477,  542.310336074,  1555.72
1587.46632366,  31809.0,  28574.3,  752.138975649,  542.31009945,  1555.63
1587.50719294,  31735.5,  28505.4,  752.138684378,  542.309494041,  1555.63
1587.52762743,  31370.7,  28181.9,  752.138755389,  542.309380853,  1556.28
1587.54806213,  30797.3,  27670.3,  752.139109494,  542.308282045,  1556.91
1587.56849672,  30063.1,  27019.1,  752.139928006,  542.308014326,  1556.05
1587.58893131,  29272.0,  26315.8,  752.140704209,  542.306130803,  1556.28
1587.6093659,  28489.1,  25619.4,  752.140538734,  542.305345696,  1556.34
1587.62980049,  27678.3,  24900.6,  752.14064549,  542.302905709,  1555.25
1587.65023509,  26109.8,  23506.7,  752.141827685,  542.300858408,  1555.5
1587.67066968,  25007.1,  22527.0,  752.142873361,  542.299278177,  1555.5
1587.69110427,  24717.5,  22271.1,  752.143772277,  542.297758988,  1555.28
1587.71153896,  24499.9,  22075.6,  752.142766459,  542.298431216,  1556.29
1587.73197346,  24590.1,  22155.3,  752.142397835,  542.298611952,  1557.59
1587.75240805,  25159.5,  22660.4,  752.142027898,  542.299178571,  1556.07
1587.77284274,  27013.5,  24303.3,  752.141130923,  542.302632257,  1555.87
1587.79327734,  28276.6,  25425.0,  752.140374534,  542.305150007,  1555.79
1587.81371183,  29147.5,  26196.5,  752.139292644,  542.306532382,  1556.05
1587.83414652,  30067.8,  27011.7,  752.138748461,  542.307754509,  1555.67
1587.85458101,  30950.2,  27795.8,  752.138287316,  542.309236723,  1557.6
1587.87501571,  31710.2,  28467.4,  752.137993433,  542.31024622,  1558.03
1587.8954503,  32307.4,  28996.5,  752.137598226,  542.311512147,  1555.4
1587.91588479,  32574.9,  29234.7,  752.137028087,  542.311969788,  1556.58
1587.93631949,  32624.6,  29276.5,  752.137037719,  542.311754958,  1555.7
1587.95675408,  32471.8,  29141.8,  752.13695309,  542.310734474,  1556.82
1587.97718857,  32205.1,  28903.9,  752.137075156,  542.311464512,  1554.17
1587.99762327,  31873.8,  28608.3,  752.1367887,  542.310927632,  1556.7
1588.01805786,  31563.8,  28333.4,  752.138078232,  542.310694426,  1556.23
1588.03849236,  31305.4,  28102.5,  752.137802383,  542.311224003,  1555.95
1588.05892705,  31011.5,  27841.0,  752.137112677,  542.309836506,  1554.1
1588.07936164,  30688.9,  27555.6,  752.137426176,  542.309208163,  1556.08
1588.09979634,  30525.9,  27407.6,  752.138198072,  542.309800729,  1554.86
1588.12023083,  30421.4,  27315.7,  752.137725547,  542.308928814,  1554.1
1588.14066542,  30318.3,  27223.8,  752.138186343,  542.309147061,  1552.25
1588.16110012,  30269.2,  27177.6,  752.138515617,  542.30915226,  1553.56
1588.18153461,  30349.4,  27250.2,  752.137935163,  542.308919549,  1553.89
1588.20196921,  30576.7,  27450.3,  752.136851155,  542.310125788,  1552.29
1588.2224039,  30723.4,  27578.7,  752.137817575,  542.310066872,  1553.53
1588.2428384,  30920.6,  27754.9,  752.137145237,  542.310469295,  1552.33
1588.26327309,  31194.1,  27995.7,  752.136400401,  542.311468684,  1551.68
1588.28370768,  31477.7,  28246.6,  752.136942986,  542.311375474,  1552.81
1588.30414228,  31706.9,  28450.5,  752.136643047,  542.311844863,  1552.54
1588.32457687,  31809.5,  28538.9,  752.136221888,  542.31185112,  1552.41
1588.34501147,  31697.4,  28440.2,  752.136923162,  542.312128729,  1552.04
1588.36544606,  31379.3,  28157.0,  752.137018847,  542.310796753,  1552.66
1588.38588066,  30840.7,  27677.1,  752.137053251,  542.31016181,  1551.01
1588.40631525,  30125.0,  27043.3,  752.138290285,  542.308987476,  1550.85
1588.42674985,  29324.7,  26331.3,  752.138517393,  542.308597868,  1550.32
1588.44718454,  28550.7,  25643.9,  752.13864139,  542.307272927,  1549.42
1588.46761904,  27773.1,  24954.3,  752.139426926,  542.30593647,  1549.82
1588.48805373,  26364.8,  23702.4,  752.140045031,  542.303277302,  1550.33
1588.50848823,  25065.0,  22549.2,  752.141420617,  542.301264736,  1550.0
1588.52892282,  24751.4,  22271.2,  752.141266794,  542.300431174,  1550.79
1588.54935752,  24539.2,  22080.5,  752.141491891,  542.300294632,  1550.54
1588.56979201,  24541.2,  22082.6,  752.141345058,  542.300311735,  1551.68
1588.59022661,  24942.4,  22438.0,  752.140617311,  542.301261454,  1549.45
1588.6106613,  26637.7,  23941.4,  752.139435325,  542.304596079,  1550.26
1588.6310958,  28100.9,  25240.8,  752.139069596,  542.307273588,  1550.33
1588.65153049,  28969.4,  26009.5,  752.138059834,  542.308487702,  1549.1
1588.67196509,  29877.7,  26815.6,  752.137718527,  542.309685126,  1548.4
1588.69239958,  30793.5,  27629.1,  752.137366786,  542.311029554,  1548.97
1588.71283428,  31614.2,  28355.2,  752.136051559,  542.312481122,  1547.16
1588.73326888,  32181.9,  28859.2,  752.135886209,  542.313190488,  1548.14
1588.75370337,  32556.5,  29192.1,  752.136349202,  542.313144531,  1548.22
1588.77413807,  32676.6,  29295.8,  752.135570737,  542.314067956,  1549.11
1588.79457266,  32571.5,  29203.7,  752.135897259,  542.31350742,  1546.75
1588.81500726,  32312.9,  28972.5,  752.136303353,  542.313554725,  1548.17
1588.83544186,  31992.7,  28688.2,  752.136037803,  542.312912747,  1547.47
1588.85587645,  31709.9,  28438.0,  752.135998617,  542.312539367,  1547.28
1588.87631115,  31443.4,  28199.5,  752.136644078,  542.312077705,  1547.31
1588.89674564,  31170.6,  27957.7,  752.136845425,  542.311806989,  1547.11
1588.91718024,  30830.1,  27655.3,  752.137323399,  542.311057176,  1546.41
1588.93761494,  30653.2,  27496.6,  752.136689175,  542.311030758,  1546.27
1588.95804953,  30507.8,  27369.0,  752.137057605,  542.311191117,  1545.87
1588.97848403,  30372.5,  27247.1,  752.13728689,  542.311012385,  1545.63
1588.99891872,  30295.6,  27178.0,  752.136673494,  542.310560123,  1545.57
1589.01935332,  30322.6,  27202.9,  752.137640817,  542.31029282,  1547.86
1589.03978782,  30512.5,  27369.9,  752.137283666,  542.311151391,  1548.32
1589.06022251,  30677.0,  27515.7,  752.136774409,  542.311435386,  1543.92
1589.08065711,  30872.0,  27689.3,  752.137442612,  542.311260567,  1545.16
1589.10109181,  31129.4,  27915.9,  752.136050249,  542.312418891,  1545.19
1589.1215263,  31458.8,  28208.8,  752.136572743,  542.312775916,  1544.41
1589.1419609,  31694.4,  28417.2,  752.136640983,  542.312775957,  1546.9
1589.1623955,  31796.7,  28506.5,  752.136084571,  542.312775625,  1545.7
1589.1828301,  31704.2,  28425.8,  752.13656455,  542.312974514,  1546.25
1589.20326459,  31408.0,  28160.8,  752.136327154,  542.3126142,  1544.22
1589.22369929,  30895.5,  27706.0,  752.137158672,  542.311936359,  1544.63
1589.24413389,  30225.5,  27112.1,  752.136773744,  542.311430142,  1544.89
1589.26456858,  29433.4,  26407.7,  752.137875449,  542.309543891,  1544.45
1589.28500308,  28618.3,  25684.5,  752.138201627,  542.308056022,  1543.66
1589.30543768,  27870.7,  25021.3,  752.139186597,  542.307011771,  1543.84
1589.32587238,  26591.1,  23883.5,  752.139862677,  542.305049286,  1544.83
1589.34630687,  25151.3,  22606.6,  752.140863968,  542.302070949,  1542.74
1589.36674147,  24759.4,  22258.2,  752.14148769,  542.301087763,  1543.61
1589.38717617,  24594.1,  22110.7,  752.141329976,  542.301280614,  1543.67
1589.40761066,  24511.2,  22037.9,  752.140903771,  542.300114539,  1543.24
1589.42804526,  24790.9,  22285.2,  752.141280247,  542.3014927,  1543.19
1589.44847996,  26296.8,  23621.0,  752.140035992,  542.303879198,  1542.76
1589.46891456,  27938.2,  25078.6,  752.139241136,  542.307677425,  1543.9
1589.48934916,  28799.9,  25841.1,  752.138867207,  542.308681169,  1543.25
1589.50978375,  29714.4,  26653.9,  752.137297702,  542.310663359,  1544.78
1589.53021835,  30645.1,  27478.8,  752.136862808,  542.311549335,  1543.5
1589.55065295,  31491.8,  28228.2,  752.136363596,  542.312704462,  1542.13
1589.57108755,  32142.6,  28807.8,  752.136059442,  542.31383905,  1542.03
1589.59152214,  32559.5,  29176.8,  752.135777986,  542.314167506,  1542.49
1589.61195684,  32720.2,  29319.0,  752.135673505,  542.3142973,  1541.84
1589.63239134,  32658.5,  29265.1,  752.135575964,  542.314656065,  1543.97
1589.65282594,  32414.0,  29046.2,  752.135992513,  542.313773866,  1542.81
1589.67326064,  32118.8,  28784.7,  752.135784039,  542.31422277,  1542.45
1589.69369514,  31803.9,  28505.8,  752.13666457,  542.313366844,  1542.37
1589.71412983,  31523.0,  28254.7,  752.13644803,  542.313352122,  1542.25
1589.73456443,  31277.6,  28038.3,  752.136692373,  542.312517237,  1540.21
1589.75499893,  30918.8,  27719.0,  752.13638892,  542.312316526,  1541.59
1589.77543363,  30698.4,  27521.7,  752.136461082,  542.311867114,  1541.26
1589.79586823,  30532.2,  27376.2,  752.137364481,  542.311480201,  1540.99
1589.81630273,  30390.1,  27247.7,  752.137343174,  542.31112814,  1541.18
1589.85717192,  30274.0,  27146.6,  752.136567314,  542.311628561,  1541.92
1589.87760662,  30439.0,  27290.3,  752.137170673,  542.31213295,  1542.43
1589.89804122,  30604.8,  27438.3,  752.136835672,  542.31181068,  1540.96
1589.91847572,  30755.2,  27572.0,  752.136637385,  542.311983259,  1541.01
1589.93891042,  30969.4,  27760.2,  752.136356177,  542.31271157,  1539.85
1589.95934502,  31264.1,  28023.4,  752.137127118,  542.312763994,  1539.08
1589.97977952,  31505.6,  28236.5,  752.13637899,  542.312863618,  1539.53
1590.00021422,  31635.3,  28350.9,  752.135796039,  542.313681088,  1540.79
1590.02064881,  31617.3,  28336.4,  752.136401404,  542.313022642,  1540.87
1590.04108341,  31376.8,  28120.7,  752.136442691,  542.313111617,  1539.97
1590.06151801,  30933.4,  27728.1,  752.136770062,  542.312233667,  1539.71
1590.08195261,  30327.7,  27191.5,  752.137264801,  542.311611636,  1539.81
1590.10238731,  29551.5,  26500.6,  752.137947393,  542.310518079,  1539.65
1590.12282181,  28743.6,  25784.1,  752.138354166,  542.308986045,  1539.67
1590.14325641,  27994.5,  25119.6,  752.138811823,  542.307869406,  1540.52
1590.16369111,  26867.6,  24117.9,  752.139277754,  542.306183243,  1539.28
1590.18412571,  25322.9,  22748.8,  752.141530107,  542.302487122,  1538.88
1590.20456021,  24784.9,  22270.0,  752.140534847,  542.301727381,  1539.22
1590.22499491,  24640.5,  22141.3,  752.141028576,  542.301687535,  1539.97
1590.24542951,  24545.5,  22058.6,  752.141481925,  542.300931558,  1539.33
1590.26586401,  24711.0,  22203.3,  752.141933505,  542.301808199,  1537.22
1590.28629871,  25987.6,  23337.2,  752.140080042,  542.30400959,  1539.02
1590.30673331,  27794.9,  24941.2,  752.139100418,  542.307257395,  1540.04
1590.32716801,  28720.0,  25760.4,  752.138281952,  542.308972098,  1539.69
1590.34760251,  29624.8,  26564.4,  752.137159384,  542.310505242,  1538.52
1590.36803711,  30529.3,  27366.1,  752.1372818,  542.311862121,  1537.77
1590.38847181,  31394.8,  28134.7,  752.136481184,  542.313092092,  1538.16
1590.40890631,  32075.7,  28739.9,  752.134944743,  542.314301976,  1539.78
1590.42934091,  32532.4,  29142.8,  752.135326851,  542.314814382,  1538.91
1590.44977551,  32723.2,  29312.6,  752.13588161,  542.314636613,  1540.07
1590.47021011,  32695.7,  29288.9,  752.136077899,  542.314925813,  1538.59
1590.49064481,  32498.8,  29111.9,  752.136174391,  542.314632307,  1539.86
1590.51107931,  32192.7,  28841.7,  752.136002801,  542.314077341,  1539.76
1590.53151391,  31897.8,  28579.8,  752.136440026,  542.313879511,  1539.03
1590.55194861,  31619.8,  28331.3,  752.136387009,  542.313758152,  1538.64
1590.57238311,  31414.7,  28150.8,  752.137494343,  542.312532391,  1539.31
1590.59281771,  30999.4,  27781.1,  752.136366067,  542.312946604,  1537.84
1590.61325241,  30727.8,  27540.1,  752.137498802,  542.311810301,  1538.79
1590.63368691,  30554.3,  27387.0,  752.136885401,  542.311787906,  1537.11
1590.65412151,  30401.5,  27249.1,  752.137069082,  542.311858712,  1537.84
1590.67455621,  30285.6,  27147.7,  752.136514177,  542.311856288,  1538.65
1590.69499081,  30226.2,  27094.9,  752.137058619,  542.310899102,  1535.97
1590.71542541,  30366.2,  27217.9,  752.136838084,  542.312061468,  1537.38
1590.73586001,  30526.3,  27361.1,  752.136900854,  542.312449446,  1537.01
1590.75629461,  30655.9,  27475.1,  752.136911836,  542.311945912,  1537.44
1590.77672921,  30855.3,  27651.7,  752.137760673,  542.311841016,  1538.9
1590.79716382,  31134.3,  27900.4,  752.136377147,  542.312802942,  1537.5
1590.81759842,  31406.7,  28140.2,  752.136045816,  542.313495823,  1535.88
1590.83803312,  31590.1,  28303.7,  752.137032192,  542.312953268,  1537.34
1590.85846762,  31603.3,  28316.2,  752.13647709,  542.313849536,  1536.6
1590.87890222,  31444.7,  28173.6,  752.136714171,  542.312964363,  1537.39
1590.89933692,  31059.1,  27832.7,  752.136341902,  542.312411764,  1538.06
1590.91977142,  30444.5,  27286.7,  752.136846267,  542.31221492,  1536.37
1590.94020612,  29704.7,  26628.9,  752.137695289,  542.310687219,  1536.23
1590.96064072,  28895.8,  25912.7,  752.138278625,  542.309667651,  1536.27
1590.98107523,  28142.8,  25235.8,  752.1397484,  542.307625639,  1534.48
1591.00150993,  27160.2,  24368.2,  752.139319507,  542.30623396,  1535.97
