Kepler I.D.-----Channel

[5728139]--------[73]

-TTYPE1--------TTYPE8------------TTYPE4-----------TTYPE15------------TTYPE17-----------TTYPE6

['TIME']---['PDCSAP_FLUX']---['SAP_FLUX']---['MOM_CENTR1']---['MOM_CENTR2']---['SAP_BKG']

['BJD - 2454833']--['e-/s']--------['e-/s']---------['pixel']---------['pixel']----------['e-/s']

CROWDSAP --- 0.9389

5728139

1559.24589664,  22118.6,  20619.4,  868.84058566,  997.161318812,  1991.07
1559.26633087,  22109.0,  20610.9,  868.840714592,  997.161656467,  1990.45
1559.28676521,  22130.9,  20630.2,  868.840439688,  997.161930908,  1990.64
1559.30719934,  22116.2,  20616.8,  868.84127839,  997.161792848,  1989.44
1559.32763357,  22125.0,  20625.4,  868.840605603,  997.161344936,  1988.69
1559.3480679,  22117.7,  20618.3,  868.840330117,  997.161094124,  1989.88
1559.36850204,  22119.1,  20619.8,  868.84091366,  997.16105264,  1989.66
1559.38893637,  22120.8,  20621.3,  868.84009321,  997.161507351,  1990.11
1559.40937061,  22117.6,  20618.2,  868.840524382,  997.160918547,  1989.41
1559.42980484,  22129.8,  20628.0,  868.840020593,  997.160450234,  1989.14
1559.45023907,  22179.7,  20671.8,  868.838149493,  997.163134306,  1989.23
1559.47067331,  22123.2,  20622.3,  868.839669435,  997.16037783,  1989.4
1559.49110754,  22115.2,  20615.5,  868.840447323,  997.160911287,  1987.94
1559.51154178,  22123.2,  20622.3,  868.839763016,  997.160541122,  1989.55
1559.53197602,  22119.6,  20618.8,  868.840420584,  997.160441994,  1987.44
1559.55241025,  22126.6,  20625.0,  868.84018234,  997.160459629,  1987.56
1559.57284449,  22109.4,  20609.6,  868.840006,  997.160010002,  1988.48
1559.59327872,  22121.0,  20619.6,  868.839789735,  997.16096819,  1988.21
1559.61371296,  22112.6,  20612.4,  868.839560543,  997.160078492,  1986.77
1559.6341472,  22126.4,  20624.5,  868.839470045,  997.160166737,  1985.92
1559.65458143,  22126.2,  20623.6,  868.839735873,  997.160252571,  1985.7
1559.67501577,  22126.4,  20624.1,  868.839570715,  997.160580855,  1986.57
1559.69544991,  22115.5,  20614.0,  868.840248368,  997.159456158,  1984.6
1559.71588415,  22120.8,  20619.0,  868.839578848,  997.159597728,  1982.44
1559.73631849,  22111.2,  20610.5,  868.839172281,  997.159883594,  1983.62
1559.75675262,  22115.5,  20613.8,  868.840094263,  997.16003934,  1983.33
1559.77718696,  22111.1,  20610.2,  868.839060274,  997.158996455,  1982.88
1559.7976212,  22108.2,  20607.3,  868.839874837,  997.159464309,  1983.97
1559.81805534,  22134.1,  20629.6,  868.840068213,  997.160478213,  1982.75
1559.83848968,  22121.1,  20618.8,  868.839564144,  997.158584115,  1982.96
1559.85892392,  22118.9,  20616.4,  868.83956414,  997.159932632,  1982.36
1559.87935806,  22115.3,  20612.8,  868.839254326,  997.159180085,  1981.91
1559.8997924,  22110.2,  20608.6,  868.839322996,  997.159265246,  1982.28
1559.92022664,  22116.2,  20613.7,  868.839226636,  997.158959207,  1980.94
1559.94066098,  22129.4,  20625.2,  868.839275396,  997.159340169,  1982.47
1559.96109512,  22114.0,  20611.5,  868.839400869,  997.159323408,  1983.32
1559.98152936,  22120.0,  20616.6,  868.8399059,  997.159278631,  1981.6
1560.00196371,  22114.3,  20612.1,  868.838795267,  997.158809806,  1981.6
1560.02239785,  22119.4,  20616.2,  868.839439393,  997.158359654,  1981.04
1560.04283209,  22122.4,  20618.4,  868.838547055,  997.15874443,  1980.75
1560.06326643,  22116.6,  20614.0,  868.8389737,  997.158923033,  1981.82
1560.08370057,  22123.0,  20619.0,  868.839444169,  997.15832183,  1979.97
1560.10413492,  22116.1,  20613.6,  868.838456771,  997.158560779,  1980.08
1560.12456916,  22117.5,  20614.5,  868.837976935,  997.158498672,  1980.41
1560.1450033,  22117.8,  20613.9,  868.839294558,  997.158610949,  1979.65
1560.16543765,  22098.3,  20597.7,  868.837826107,  997.158819819,  1979.54
1560.18587189,  22119.4,  20616.1,  868.838571547,  997.158767065,  1981.43
1560.20630604,  22127.5,  20623.3,  868.838159688,  997.157871847,  1978.82
1560.22674038,  22124.2,  20620.6,  868.838400711,  997.158246291,  1979.55
1560.24717463,  22113.9,  20610.9,  868.837695483,  997.158628088,  1980.52
1560.26760877,  22122.0,  20618.2,  868.837912754,  997.158594158,  1980.4
1560.28804312,  22110.5,  20608.0,  868.838262998,  997.158211527,  1979.73
1560.30847736,  22123.8,  20619.6,  868.839140353,  997.158263891,  1978.74
1560.32891161,  22120.2,  20616.8,  868.838173837,  997.158314502,  1978.46
1560.34934585,  22116.7,  20613.9,  868.839116558,  997.157848872,  1978.51
1560.3697801,  22115.1,  20612.1,  868.838899818,  997.158529303,  1978.32
1560.39021445,  22111.4,  20608.8,  868.837961038,  997.158275343,  1979.39
1560.41064859,  22114.5,  20611.4,  868.838888171,  997.158327825,  1977.24
1560.43108284,  22119.6,  20615.9,  868.838714912,  997.157776008,  1979.08
1560.45151719,  22110.8,  20608.6,  868.837807188,  997.158043727,  1978.49
1560.47195133,  22114.4,  20611.4,  868.838890261,  997.15800698,  1977.7
1560.49238568,  22112.6,  20610.0,  868.838481135,  997.157120897,  1977.84
1560.51281993,  22112.1,  20609.9,  868.837922994,  997.157677666,  1976.73
1560.53325408,  22109.6,  20607.4,  868.838549355,  997.157113069,  1977.05
1560.55368843,  22110.5,  20608.4,  868.838568309,  997.157550832,  1976.96
1560.57412268,  22108.7,  20606.9,  868.839119669,  997.156970845,  1977.41
1560.59455683,  22142.7,  20636.0,  868.838222047,  997.157150156,  1977.94
1560.61499118,  22118.3,  20615.3,  868.838606136,  997.157565514,  1976.95
1560.63542542,  22121.4,  20617.2,  868.838605263,  997.157584006,  1975.02
1560.65585967,  22120.4,  20616.7,  868.838465786,  997.157155477,  1975.47
1560.67629393,  22118.4,  20615.3,  868.837825277,  997.156933509,  1974.82
1560.69672818,  22122.9,  20618.9,  868.838481979,  997.157002055,  1975.71
1560.73759668,  22126.3,  20622.0,  868.838804153,  997.157507686,  1974.73
1560.75803093,  22119.2,  20615.6,  868.838390335,  997.157121831,  1974.34
1560.77846528,  22115.6,  20612.4,  868.838397695,  997.157313825,  1974.91
1560.79889943,  22126.6,  20622.2,  868.838832595,  997.156162617,  1973.77
1560.81933368,  22125.3,  20621.5,  868.838346855,  997.156306828,  1976.4
1560.83976804,  22110.4,  20608.6,  868.839412088,  997.155405591,  1993.54
1560.96237355,  22132.1,  20628.1,  868.838526449,  997.15522873,  2008.44
1560.98280771,  22124.4,  20623.0,  868.838339973,  997.156763841,  2009.67
1561.00324206,  22128.6,  20627.4,  868.838867064,  997.155594084,  2007.76
1561.02367632,  22100.6,  20601.6,  868.839364218,  997.157167471,  2006.0
1561.04411067,  22110.7,  20610.2,  868.838704571,  997.157588684,  2003.47
1561.06454483,  22118.1,  20617.0,  868.83926342,  997.156906374,  2003.08
1561.08497908,  22137.7,  20634.0,  868.838405822,  997.156400972,  1997.86
1561.10541344,  22125.9,  20622.4,  868.838320551,  997.156419603,  1998.14
1561.12584759,  22139.9,  20635.1,  868.839787743,  997.156867539,  1996.63
1561.14628185,  22116.5,  20614.4,  868.840482479,  997.156853731,  1994.94
1561.16671621,  22121.5,  20619.4,  868.839134141,  997.156441677,  1994.89
1561.18715036,  22126.1,  20623.7,  868.837676821,  997.156224669,  1990.2
1561.20758462,  22128.2,  20624.1,  868.838610999,  997.1566653,  1990.98
1561.22801898,  22116.3,  20614.1,  868.837719981,  997.156548244,  1986.85
1561.24845314,  22111.7,  20610.7,  868.837947964,  997.155710968,  1987.36
1561.26888749,  22121.2,  20618.4,  868.838630886,  997.155553939,  1985.5
1561.28932175,  22116.6,  20614.5,  868.838936357,  997.156226263,  1986.1
1561.30975601,  22124.7,  20621.1,  868.839112963,  997.155772562,  1984.67
1561.33019027,  22148.2,  20641.8,  868.838325172,  997.156518169,  1980.79
1561.35062453,  22147.7,  20641.0,  868.839735448,  997.154834587,  1981.35
1561.37105878,  22124.1,  20621.2,  868.837919574,  997.15604384,  1979.64
1561.39149304,  22101.5,  20601.4,  868.837684523,  997.155868005,  1977.78
1561.4119273,  22041.7,  20549.6,  868.838826506,  997.155823276,  1978.5
1561.43236166,  22027.4,  20535.9,  868.838169387,  997.156493981,  1977.2
1561.45279582,  22053.8,  20559.2,  868.839020523,  997.154318406,  1974.94
1561.47323008,  22019.5,  20529.4,  868.838295036,  997.1555916,  1975.62
1561.49366434,  22025.5,  20534.8,  868.838168024,  997.154978026,  1974.57
1561.5140986,  22019.8,  20529.4,  868.837656952,  997.155552845,  1976.34
1561.53453287,  22019.1,  20528.8,  868.838276079,  997.15516564,  1975.65
1561.55496723,  22039.9,  20546.9,  868.839034335,  997.154744998,  1972.28
1561.57540139,  22049.4,  20555.4,  868.837690861,  997.155017953,  1971.33
1561.59583565,  22037.7,  20544.8,  868.837515448,  997.155354178,  1974.52
1561.61627001,  22042.4,  20549.0,  868.837755913,  997.15586841,  1972.94
1561.63670417,  22101.2,  20600.6,  868.838356362,  997.15486375,  1971.57
1561.65713854,  22129.0,  20625.0,  868.838954029,  997.154187337,  1971.02
1561.6775728,  22130.2,  20626.1,  868.838027196,  997.154909958,  1969.48
1561.69800696,  22126.5,  20622.5,  868.838640319,  997.154742942,  1968.72
1561.71844133,  22132.8,  20628.2,  868.838171811,  997.155017909,  1970.4
1561.73887559,  22135.1,  20629.9,  868.83811266,  997.154637374,  1969.93
1561.75930975,  22146.6,  20639.9,  868.838492035,  997.154790129,  1970.97
1561.77974412,  22122.7,  20619.2,  868.837540616,  997.15568578,  1968.54
1561.80017838,  22136.3,  20631.3,  868.83841911,  997.155312706,  1968.22
1561.82061275,  22118.9,  20615.3,  868.838411899,  997.154402287,  1968.54
1561.84104691,  22134.0,  20629.2,  868.838181217,  997.154359933,  1965.98
1561.86148118,  22142.1,  20635.9,  868.839006139,  997.154161166,  1967.98
1561.88191554,  22127.6,  20623.6,  868.838091575,  997.154341935,  1966.43
1561.90234971,  22127.9,  20623.3,  868.83788236,  997.154257899,  1966.86
1561.92278397,  22127.2,  20622.6,  868.837188214,  997.153942071,  1965.34
1561.94321834,  22127.5,  20622.7,  868.837767541,  997.154494659,  1964.53
1561.9636525,  22130.6,  20625.7,  868.837182081,  997.15372433,  1964.56
1561.98408677,  22136.8,  20630.8,  868.837719578,  997.153752816,  1964.7
1562.00452114,  22136.6,  20631.1,  868.837763258,  997.153558387,  1963.7
1562.02495541,  22128.4,  20623.7,  868.837827365,  997.153716428,  1962.57
1562.04538967,  22125.1,  20620.7,  868.837913597,  997.153511601,  1961.95
1562.06582394,  22128.6,  20624.2,  868.837805005,  997.154102732,  1961.59
1562.08625811,  22143.8,  20637.4,  868.837600153,  997.153438222,  1961.56
1562.10669248,  22135.4,  20629.4,  868.836934282,  997.15390473,  1962.13
1562.12712674,  22132.8,  20627.6,  868.83786364,  997.153052497,  1962.26
1562.14756091,  22136.6,  20630.6,  868.83799975,  997.153649599,  1960.32
1562.16799528,  22132.8,  20627.5,  868.837580752,  997.154123632,  1960.85
1562.18842955,  22137.9,  20631.0,  868.837223757,  997.153148943,  1960.81
1562.20886392,  22134.6,  20628.6,  868.837625878,  997.153413021,  1959.8
1562.22929809,  22145.0,  20638.3,  868.837678601,  997.153917136,  1959.36
1562.24973236,  22132.6,  20627.6,  868.837544069,  997.153683626,  1960.39
1562.27016673,  22135.1,  20629.1,  868.837393385,  997.153698832,  1960.12
1562.2906009,  22144.5,  20637.9,  868.837590148,  997.152667897,  1958.82
1562.31103517,  22125.2,  20620.6,  868.83750674,  997.153091931,  1957.49
1562.33146954,  22139.8,  20633.2,  868.836788186,  997.153607371,  1958.52
1562.35190371,  22138.6,  20632.5,  868.837771173,  997.153514883,  1959.07
1562.37233808,  22120.1,  20615.9,  868.837802866,  997.15269144,  1957.65
1562.39277236,  22133.4,  20627.8,  868.837071784,  997.152633628,  1959.25
1562.41320653,  22133.4,  20628.1,  868.836884855,  997.153375505,  1958.3
1562.4336409,  22131.1,  20625.7,  868.837152936,  997.153353127,  1958.21
1562.45407517,  22127.0,  20621.9,  868.837747693,  997.153220266,  1957.31
1562.47450934,  22131.7,  20626.6,  868.836585675,  997.153710996,  1957.65
1562.49494372,  22126.6,  20622.2,  868.836885077,  997.152978167,  1957.15
1562.51537799,  22127.1,  20622.2,  868.837648777,  997.15340889,  1957.83
1562.53581226,  22121.6,  20617.2,  868.837824332,  997.153602601,  1955.65
1562.55624654,  22136.5,  20630.9,  868.836908543,  997.152477807,  1954.78
1562.57668081,  22140.2,  20634.0,  868.837781769,  997.152883211,  1956.16
1562.59711519,  22122.4,  20618.5,  868.837052201,  997.152828446,  1955.05
1562.61754936,  22135.7,  20629.7,  868.836677294,  997.153303169,  1956.17
1562.63798363,  22129.2,  20624.0,  868.83744648,  997.152626968,  1955.52
1562.65841801,  22126.4,  20622.0,  868.83685391,  997.152837166,  1955.91
1562.67885228,  22119.2,  20615.9,  868.836663485,  997.152255335,  1954.09
1562.69928646,  22130.3,  20625.5,  868.837202677,  997.152628285,  1955.39
1562.71972084,  22129.3,  20624.1,  868.836791817,  997.152052463,  1955.67
1562.74015501,  22126.6,  20622.0,  868.836664627,  997.152455272,  1955.53
1562.76058939,  22137.4,  20631.5,  868.836879862,  997.152833444,  1955.63
1562.78102366,  22124.1,  20619.6,  868.836836156,  997.152376977,  1954.45
1562.80145784,  22137.5,  20632.0,  868.836620818,  997.151878553,  1954.08
1562.82189222,  22132.3,  20627.1,  868.836739759,  997.15151253,  1953.55
1562.84232649,  22130.1,  20625.0,  868.836358656,  997.152253895,  1952.82
1562.86276067,  22134.4,  20628.9,  868.836986442,  997.152440859,  1955.15
1562.88319505,  22138.3,  20632.0,  868.836314329,  997.152061706,  1954.94
1562.90362933,  22132.0,  20626.9,  868.837077584,  997.151988902,  1954.16
1562.92406351,  22133.6,  20628.4,  868.836721556,  997.152590683,  1956.29
1562.94449788,  22145.7,  20638.3,  868.836449965,  997.152628763,  1953.37
1562.96493216,  22142.6,  20636.0,  868.836431541,  997.15272508,  1953.23
1562.98536654,  22147.3,  20641.1,  868.836640961,  997.151849444,  1953.83
1563.00580072,  22126.0,  20621.2,  868.836419557,  997.151612166,  1955.92
1563.026235,  22134.8,  20629.5,  868.837127564,  997.151914481,  1954.41
1563.04666938,  22144.3,  20638.1,  868.836050095,  997.152298569,  1952.24
1563.06710356,  22139.5,  20633.0,  868.837069504,  997.151749435,  1954.78
1563.08753784,  22120.0,  20616.8,  868.835916957,  997.151921247,  1954.36
1563.10797222,  22132.4,  20627.3,  868.836388429,  997.151641351,  1953.65
1563.1284064,  22137.9,  20632.2,  868.836775266,  997.151664576,  1957.01
1563.14884078,  22131.2,  20626.5,  868.836428492,  997.151139204,  1958.01
1563.16927506,  22140.1,  20633.7,  868.836383205,  997.151166889,  1959.6
1563.18970934,  22133.2,  20627.8,  868.835968677,  997.151907939,  1961.03
1563.21014362,  22127.4,  20622.8,  868.836733616,  997.151709767,  1961.38
1563.23057791,  22136.5,  20630.6,  868.836011353,  997.151851499,  1960.14
1563.25101219,  22137.6,  20632.1,  868.836623974,  997.151473782,  1960.14
1563.27144647,  22135.8,  20630.7,  868.836854463,  997.151840018,  1960.74
1563.29188075,  22128.6,  20624.1,  868.835980853,  997.151380658,  1961.97
1563.31231504,  22132.6,  20627.4,  868.836287819,  997.15196322,  1961.74
1563.33274942,  22138.2,  20632.3,  868.836042912,  997.15128052,  1962.58
1563.3531836,  22132.5,  20627.7,  868.836375555,  997.151545607,  1959.62
1563.37361789,  22138.3,  20632.8,  868.836226421,  997.151800628,  1960.32
1563.39405217,  22140.6,  20634.5,  868.83561355,  997.15104305,  1959.11
1563.41448645,  22136.6,  20631.1,  868.836090341,  997.151263434,  1957.44
1563.43492084,  22138.1,  20632.7,  868.836258039,  997.15152078,  1957.83
1563.45535502,  22137.8,  20631.9,  868.835685946,  997.151225851,  1956.68
1563.47578931,  22133.6,  20628.1,  868.835990929,  997.151459446,  1957.85
1563.49622369,  22141.2,  20635.1,  868.835995119,  997.150055189,  1954.97
1563.51665788,  22147.6,  20641.1,  868.835979408,  997.150688518,  1955.51
1563.53709226,  22137.4,  20631.8,  868.836053608,  997.151464053,  1954.26
1563.55752655,  22137.5,  20631.7,  868.835839559,  997.151233254,  1953.11
1563.57796074,  22140.4,  20634.5,  868.834978926,  997.151378597,  1954.11
1563.59839512,  22144.1,  20637.4,  868.835244566,  997.150513712,  1953.02
1563.61882941,  22134.1,  20629.1,  868.835744581,  997.150495455,  1952.21
1563.6392636,  22133.1,  20628.3,  868.836157086,  997.1508812,  1952.51
1563.65969798,  22132.3,  20627.4,  868.836332383,  997.151235304,  1951.16
1563.68013227,  22141.9,  20635.8,  868.835933347,  997.15086053,  1953.22
1563.72100084,  22138.6,  20633.3,  868.835973141,  997.150908602,  1950.24
1563.74143513,  22137.6,  20631.9,  868.835447853,  997.150842862,  1952.29
1563.76186952,  22138.8,  20633.1,  868.835235,  997.150378883,  1951.91
1563.78230371,  22130.2,  20625.7,  868.836689797,  997.150359621,  1952.51
1563.802738,  22143.4,  20636.8,  868.83545235,  997.150721242,  1953.86
1563.82317239,  22144.8,  20638.3,  868.836437189,  997.149717709,  1951.16
1563.84360668,  22129.5,  20624.2,  868.836675281,  997.150490086,  1953.38
1563.86404087,  22140.4,  20634.4,  868.836126835,  997.150673776,  1952.16
1563.88447526,  22137.3,  20631.3,  868.836043089,  997.150304452,  1952.78
1563.90490955,  22136.7,  20631.0,  868.83645416,  997.150555581,  1951.68
1563.92534384,  22143.6,  20637.6,  868.835407232,  997.150201253,  1952.7
1563.94577813,  22131.1,  20626.0,  868.836569043,  997.149953409,  1952.27
1563.96621242,  22132.7,  20627.7,  868.836546787,  997.150201752,  1953.39
1563.98664671,  22145.2,  20638.9,  868.836272963,  997.149673581,  1951.69
1564.007081,  22138.3,  20632.6,  868.83635173,  997.150469372,  1953.21
1564.02751529,  22143.4,  20637.3,  868.835914326,  997.149989362,  1952.44
1564.04794958,  22140.1,  20633.8,  868.836359861,  997.150071818,  1951.94
1564.06838387,  22140.5,  20634.5,  868.835933228,  997.150305855,  1951.35
1564.08881827,  22134.2,  20629.4,  868.836010796,  997.150331616,  1951.87
1564.10925246,  22130.9,  20626.3,  868.836159365,  997.149497053,  1951.54
1564.12968675,  22138.0,  20632.3,  868.835950899,  997.150316938,  1950.56
1564.15012114,  22145.8,  20639.4,  868.8358101,  997.150057812,  1951.29
1564.17055534,  22124.6,  20621.1,  868.836610606,  997.14963249,  1950.04
1564.19098963,  22141.7,  20635.7,  868.835889575,  997.149609918,  1949.23
1564.21142402,  22130.6,  20626.2,  868.83584942,  997.150060411,  1947.2
1564.23185822,  22142.1,  20635.3,  868.836425263,  997.149530052,  1948.46
1564.25229251,  22134.7,  20629.7,  868.835976795,  997.149949196,  1947.6
1564.27272691,  22136.4,  20631.3,  868.835761673,  997.149632544,  1946.24
1564.2931611,  22139.0,  20633.6,  868.835503775,  997.148635805,  1946.1
1564.3135955,  22142.2,  20636.4,  868.835825333,  997.149401479,  1945.55
1564.33402979,  22134.3,  20629.2,  868.836624587,  997.149088733,  1946.12
1564.35446399,  22139.9,  20633.7,  868.836337756,  997.149069536,  1945.56
1564.37489838,  22144.7,  20638.3,  868.836025109,  997.149344808,  1945.04
1564.39533268,  22140.0,  20634.5,  868.83581558,  997.149026751,  1944.77
1564.41576697,  22141.9,  20635.8,  868.836318277,  997.149220036,  1944.97
1564.43620127,  22132.0,  20627.6,  868.835856609,  997.149334705,  1942.37
1564.45663557,  22127.4,  20622.9,  868.835441801,  997.148741206,  1944.34
1564.47706996,  22137.9,  20632.7,  868.836396194,  997.149037144,  1942.55
1564.49750426,  22137.9,  20632.6,  868.835708337,  997.148942071,  1942.13
1564.51793846,  22139.6,  20634.0,  868.835842199,  997.148934039,  1942.37
1564.53837285,  22144.0,  20637.6,  868.836143775,  997.149288154,  1940.79
1564.55880715,  22145.0,  20638.7,  868.835587318,  997.149387163,  1938.2
1564.57924135,  22137.7,  20631.8,  868.836485622,  997.147989475,  1937.58
1564.59967575,  22142.5,  20636.2,  868.835333392,  997.148559935,  1938.59
1564.62011005,  22142.7,  20636.7,  868.835835133,  997.148630949,  1936.47
1564.64054425,  22141.6,  20635.1,  868.835716983,  997.147689989,  1935.16
1564.66097864,  22144.3,  20638.2,  868.835345156,  997.148312928,  1935.71
1564.68141284,  22138.7,  20632.7,  868.836082474,  997.148995956,  1936.23
1564.70184724,  22145.2,  20639.1,  868.835802621,  997.148449573,  1935.79
1564.72228154,  22135.2,  20629.9,  868.83578519,  997.148739827,  1934.57
1564.74271574,  22133.9,  20628.9,  868.835871983,  997.148544754,  1933.14
1564.76315014,  22131.0,  20626.3,  868.835755795,  997.149378671,  1933.84
1564.78358444,  22141.9,  20636.1,  868.836644821,  997.148396052,  1932.55
1564.80401864,  22138.3,  20632.7,  868.836089271,  997.148281468,  1932.62
1564.82445304,  22134.5,  20629.4,  868.83511365,  997.14819008,  1931.45
1564.84488735,  22141.5,  20635.5,  868.835891259,  997.148160973,  1929.79
1564.86532175,  22142.2,  20635.6,  868.835542784,  997.148299186,  1932.79
1564.88575595,  22134.9,  20630.1,  868.835821404,  997.148185681,  1931.49
1564.90619025,  22143.6,  20637.3,  868.83547331,  997.148536752,  1931.57
1564.92662465,  22145.1,  20638.6,  868.83532064,  997.148312991,  1930.72
1564.94705886,  22137.9,  20632.3,  868.835231779,  997.148026022,  1930.63
1564.96749316,  22146.3,  20639.5,  868.835176623,  997.147524083,  1932.71
1564.98792756,  22141.1,  20635.5,  868.835388398,  997.147919767,  1929.96
1565.00836176,  22147.9,  20640.6,  868.835493935,  997.147964363,  1930.39
1565.02879607,  22138.8,  20632.7,  868.835696313,  997.148077376,  1931.45
1565.04923047,  22151.5,  20644.1,  868.835884217,  997.14793698,  1928.74
1565.06966477,  22139.0,  20633.0,  868.835689558,  997.147540584,  1931.08
1565.09009908,  22140.7,  20634.5,  868.835710458,  997.147559156,  1929.74
1565.11053338,  22149.4,  20642.6,  868.835582673,  997.147477591,  1929.35
1565.13096769,  22137.2,  20631.3,  868.835617199,  997.14741981,  1930.24
1565.15140199,  22141.0,  20634.9,  868.835528866,  997.14681022,  1930.84
1565.1718363,  22142.0,  20636.0,  868.835204249,  997.147438506,  1929.64
1565.1922706,  22138.6,  20632.7,  868.835325338,  997.147205763,  1929.47
1565.21270501,  22147.5,  20640.4,  868.834717873,  997.148168489,  1929.13
1565.23313921,  22143.7,  20636.9,  868.835765519,  997.14729922,  1928.61
1565.25357362,  22133.5,  20628.0,  868.835563899,  997.147666228,  1929.39
1565.27400792,  22141.8,  20635.2,  868.834700673,  997.147855178,  1929.46
1565.29444213,  22132.8,  20627.6,  868.835107869,  997.147099738,  1929.5
1565.31487654,  22137.6,  20631.7,  868.835487439,  997.14692319,  1930.46
1565.33531074,  22139.3,  20632.9,  868.83465263,  997.147118458,  1930.4
1565.35574505,  22141.4,  20634.9,  868.834972797,  997.147319542,  1930.26
1565.37617946,  22148.9,  20641.1,  868.834692287,  997.146797593,  1928.32
1565.39661367,  22142.6,  20635.8,  868.835062848,  997.146832961,  1929.99
1565.41704797,  22147.0,  20639.7,  868.835088281,  997.14662875,  1927.27
1565.43748238,  22140.3,  20633.9,  868.835707576,  997.147153105,  1929.5
1565.45791659,  22134.6,  20628.9,  868.834926986,  997.14672469,  1929.16
1565.478351,  22142.7,  20635.8,  868.835100575,  997.146866461,  1930.32
1565.49878531,  22144.4,  20637.7,  868.834882848,  997.146669042,  1929.36
1565.51921952,  22135.7,  20629.9,  868.834982847,  997.146440185,  1929.17
1565.53965393,  22142.4,  20636.1,  868.834594975,  997.146919407,  1927.01
1565.56008824,  22139.1,  20632.3,  868.8347697,  997.146897377,  1928.91
1565.58052254,  22135.4,  20629.3,  868.835147708,  997.146543376,  1929.77
1565.60095685,  22127.7,  20622.9,  868.83471208,  997.146235694,  1928.24
1565.62139117,  22141.0,  20634.1,  868.834721325,  997.146933865,  1929.21
1565.64182558,  22137.6,  20631.3,  868.83491316,  997.146412596,  1927.66
1565.66225979,  22133.2,  20627.5,  868.834617538,  997.146115683,  1928.29
1565.6826941,  22135.5,  20629.1,  868.834981567,  997.146053144,  1928.0
1565.70312851,  22142.1,  20635.3,  868.834908792,  997.146510745,  1927.79
1565.72356282,  22143.4,  20636.3,  868.834388165,  997.146034959,  1927.41
1565.74399703,  22139.0,  20631.9,  868.834337279,  997.146302221,  1925.4
1565.76443144,  22144.0,  20636.7,  868.834534568,  997.146062828,  1925.93
1565.78486576,  22146.0,  20639.0,  868.834950304,  997.146198845,  1924.79
1565.80530007,  22139.8,  20632.7,  868.83472492,  997.146126423,  1925.22
1565.82573438,  22139.1,  20632.5,  868.833924062,  997.146523154,  1925.01
1565.84616869,  22134.2,  20627.8,  868.834534149,  997.145811563,  1924.2
1565.86660311,  22136.5,  20629.9,  868.834945783,  997.145632562,  1923.88
1565.88703732,  22136.6,  20630.2,  868.834543427,  997.145919121,  1923.54
1565.90747163,  22137.2,  20630.7,  868.834365492,  997.146020004,  1925.08
1565.92790605,  22138.3,  20631.9,  868.834402109,  997.146015293,  1922.11
1565.94834026,  22135.3,  20628.8,  868.834848928,  997.145428358,  1923.47
1565.96877457,  22137.4,  20631.0,  868.834406435,  997.145860174,  1922.23
1565.98920889,  22138.5,  20631.9,  868.834784987,  997.145374117,  1922.5
1566.0096432,  22129.3,  20624.2,  868.834488768,  997.145362376,  1922.73
1566.03007762,  22139.0,  20632.3,  868.834786602,  997.146093925,  1921.77
1566.05051183,  22130.0,  20624.4,  868.834036095,  997.145681388,  1921.27
1566.07094615,  22137.9,  20631.4,  868.835238532,  997.145320961,  1920.33
1566.09138056,  22124.8,  20619.7,  868.834004707,  997.145544364,  1920.71
1566.11181478,  22137.4,  20631.5,  868.834037014,  997.145511368,  1919.97
1566.1322491,  22133.5,  20627.5,  868.83447951,  997.145447704,  1920.44
1566.15268351,  22141.6,  20634.9,  868.833671942,  997.145455562,  1919.59
1566.17311773,  22131.7,  20626.2,  868.834526223,  997.145315133,  1919.39
1566.19355215,  22132.1,  20626.2,  868.834106019,  997.146040989,  1919.35
1566.21398646,  22141.7,  20634.5,  868.834399594,  997.145268277,  1917.94
1566.23442068,  22136.9,  20630.8,  868.83449811,  997.14447054,  1919.93
1566.2548551,  22133.7,  20627.6,  868.834648768,  997.145395579,  1918.79
1566.27528942,  22133.0,  20627.4,  868.834248326,  997.145423344,  1917.46
1566.29572373,  22134.6,  20628.9,  868.833890089,  997.145680306,  1918.32
1566.31615805,  22138.9,  20632.6,  868.834651536,  997.144928507,  1919.33
1566.33659237,  22138.7,  20632.4,  868.833701594,  997.144980459,  1916.73
1566.35702669,  22129.3,  20624.4,  868.833941375,  997.145246717,  1915.19
1566.37746111,  22135.8,  20629.5,  868.834017507,  997.144729983,  1918.22
1566.39789533,  22125.5,  20620.5,  868.833747125,  997.144747119,  1917.32
1566.41832975,  22135.1,  20629.6,  868.834299487,  997.145040101,  1915.21
1566.43876407,  22127.9,  20623.0,  868.833826899,  997.145386138,  1917.4
1566.45919828,  22132.9,  20627.4,  868.834109069,  997.144759916,  1916.14
1566.4796327,  22135.9,  20629.4,  868.833948564,  997.145094138,  1915.69
1566.50006703,  22143.1,  20636.1,  868.834057684,  997.144632642,  1914.42
1566.52050125,  22138.0,  20631.5,  868.833723389,  997.144584401,  1915.95
1566.54093567,  22109.9,  20606.8,  868.833335321,  997.144854766,  1914.84
1566.56136999,  22141.5,  20634.6,  868.833735555,  997.145259508,  1914.17
1566.58180431,  22130.4,  20624.8,  868.833897038,  997.145087862,  1914.9
1566.60223863,  22132.5,  20626.6,  868.833467319,  997.14436555,  1914.37
1566.62267285,  22135.1,  20629.4,  868.833541277,  997.144804077,  1913.95
1566.64310727,  22118.2,  20614.2,  868.833802674,  997.145098454,  1914.13
1566.6635416,  22128.1,  20623.3,  868.833459028,  997.144689743,  1913.43
1566.70441024,  22127.4,  20622.6,  868.834114873,  997.144846854,  1914.04
1566.72484456,  22115.7,  20612.6,  868.834047499,  997.143962335,  1912.07
1566.74527889,  22040.0,  20545.8,  868.834250324,  997.144833378,  1913.05
1566.76571321,  22036.0,  20542.1,  868.834245683,  997.144886457,  1913.16
1566.78614753,  22032.2,  20539.2,  868.834026386,  997.144447472,  1913.93
1566.80658196,  22034.0,  20540.4,  868.834191398,  997.144584149,  1911.95
1566.82701618,  22022.1,  20530.5,  868.833970405,  997.144568192,  1912.46
1566.84745051,  22028.2,  20535.6,  868.833998293,  997.144994266,  1912.07
1566.86788493,  22026.7,  20533.9,  868.834058879,  997.144606803,  1913.18
1566.88831925,  22022.2,  20529.9,  868.833943741,  997.144204998,  1912.97
1566.90875348,  22030.8,  20537.7,  868.834472434,  997.143942551,  1911.49
1566.9291879,  22033.5,  20539.1,  868.834529682,  997.144434993,  1911.33
1566.94962223,  22047.8,  20552.0,  868.834090938,  997.144198474,  1910.88
1566.97005656,  22087.5,  20587.6,  868.834264976,  997.144009395,  1909.08
1566.99049088,  22126.2,  20621.2,  868.835472542,  997.143914782,  1911.37
1567.01092521,  22136.7,  20630.5,  868.834025418,  997.143595606,  1910.01
1567.03135953,  22127.7,  20622.6,  868.834419253,  997.143515958,  1908.15
1567.05179386,  22138.3,  20631.8,  868.833832511,  997.143385975,  1908.93
1567.07222819,  22136.7,  20630.2,  868.834112073,  997.143764483,  1909.81
1567.09266261,  22131.1,  20625.4,  868.834240609,  997.143484058,  1909.73
1567.11309684,  22128.3,  20622.9,  868.834311629,  997.143734421,  1910.45
1567.13353127,  22141.2,  20634.0,  868.834432112,  997.143629001,  1910.41
1567.1539656,  22127.9,  20623.0,  868.834359801,  997.142911694,  1907.63
1567.17439982,  22126.3,  20621.5,  868.833729427,  997.143864786,  1909.41
1567.19483425,  22138.3,  20631.9,  868.834333167,  997.143698048,  1909.56
1567.21526858,  22126.4,  20620.9,  868.833920923,  997.143199688,  1907.14
1567.23570281,  22129.5,  20624.6,  868.834130826,  997.143376419,  1907.95
1567.25613724,  22126.6,  20621.6,  868.834307112,  997.143122074,  1908.49
1567.27657147,  22131.5,  20626.3,  868.834279532,  997.143237871,  1906.52
1567.2970058,  22129.7,  20624.7,  868.834106431,  997.143239167,  1907.72
1567.31744023,  22128.2,  20622.9,  868.833682417,  997.143313909,  1907.42
1567.33787446,  22119.2,  20615.4,  868.834820352,  997.143601197,  1907.18
1567.35830889,  22127.3,  20622.2,  868.834169717,  997.143470061,  1906.58
1567.37874322,  22121.3,  20617.1,  868.834075643,  997.143096155,  1908.94
1567.39917745,  22130.1,  20625.0,  868.833757862,  997.142936417,  1906.83
1567.41961188,  22120.6,  20616.5,  868.83464542,  997.143395429,  1905.93
1567.44004621,  22128.2,  20623.1,  868.834054354,  997.142701501,  1906.86
1567.46048054,  22115.0,  20611.5,  868.834426643,  997.142727948,  1906.11
1567.48091487,  22129.4,  20624.5,  868.834468006,  997.143188218,  1905.73
1567.5013492,  22113.3,  20610.3,  868.833569494,  997.143453471,  1906.75
1567.52178363,  22126.2,  20621.3,  868.834371717,  997.142978242,  1914.43
1567.54221787,  22116.5,  20612.9,  868.834416574,  997.14265742,  1905.74
1567.5626522,  22115.7,  20612.1,  868.834122074,  997.142820192,  1905.94
1567.58308663,  22123.0,  20618.5,  868.833695432,  997.142406431,  1906.85
1567.60352096,  22126.4,  20621.2,  868.833715017,  997.142456433,  1906.41
1567.6239552,  22123.3,  20618.6,  868.833767105,  997.142332605,  1904.48
1567.64438963,  22115.6,  20611.3,  868.833911522,  997.142760935,  1904.33
1567.66482396,  22112.1,  20608.7,  868.83407815,  997.142573607,  1905.44
1567.6852582,  22131.0,  20625.3,  868.833604286,  997.141872534,  1904.48
1567.70569263,  22123.5,  20618.4,  868.833630169,  997.142953683,  1903.38
1567.72612696,  22105.8,  20603.0,  868.833505216,  997.143139175,  1904.17
1567.7465614,  22126.9,  20622.0,  868.833912924,  997.143115342,  1903.84
1567.76699563,  22119.5,  20614.6,  868.833927566,  997.142350078,  1902.86
1567.78742997,  22109.6,  20606.5,  868.83275311,  997.142023292,  1903.46
1567.8078644,  22121.9,  20617.0,  868.833340894,  997.142502787,  1902.51
1567.82829864,  22115.2,  20611.5,  868.833564322,  997.142211941,  1901.48
1567.84873297,  22112.2,  20608.5,  868.834219275,  997.141677641,  1900.72
1567.86916741,  22116.0,  20612.0,  868.833717731,  997.142110921,  1901.85
1567.88960164,  22113.7,  20610.1,  868.833335412,  997.141770742,  1901.65
1567.91003608,  22124.7,  20619.4,  868.83305262,  997.142362977,  1902.82
1567.93047032,  22106.6,  20603.6,  868.833367069,  997.142116855,  1901.51
1567.95090465,  22122.7,  20617.8,  868.833285289,  997.141579827,  1900.64
1567.97133909,  22107.4,  20604.1,  868.833939079,  997.141978158,  1901.83
1567.99177333,  22123.0,  20617.5,  868.832997137,  997.141445253,  1900.95
1568.01220766,  22112.6,  20608.7,  868.83316026,  997.141694691,  1900.99
1568.0326421,  22111.5,  20607.9,  868.833406015,  997.142073306,  1900.23
1568.05307634,  22113.5,  20609.7,  868.833336278,  997.141785122,  1901.56
1568.07351068,  22109.0,  20605.9,  868.833194429,  997.141742743,  1900.16
1568.09394512,  22106.0,  20603.0,  868.833094533,  997.141703428,  1902.62
1568.11437945,  22116.2,  20612.1,  868.833247207,  997.141551132,  1903.3
1568.13481379,  22116.3,  20611.8,  868.832510105,  997.141332493,  1902.06
1568.15524813,  22115.7,  20611.0,  868.83301498,  997.140992489,  1902.18
1568.17568247,  22104.6,  20601.9,  868.833267762,  997.140863,  1900.94
1568.19611681,  22118.2,  20613.8,  868.833333815,  997.141164423,  1899.39
1568.21655115,  22118.9,  20613.8,  868.832446441,  997.141668854,  1901.63
1568.23698549,  22114.5,  20610.3,  868.833487258,  997.140867681,  1900.52
1568.25741993,  22113.5,  20609.5,  868.832960801,  997.141909767,  1900.99
1568.27785417,  22111.2,  20607.4,  868.832707807,  997.141100897,  1900.6
1568.29828861,  22130.8,  20624.5,  868.83414574,  997.14064573,  1898.98
1568.31872295,  22112.2,  20608.4,  868.832316834,  997.140741249,  1898.47
1568.33915719,  22109.5,  20606.1,  868.833113123,  997.141563486,  1899.43
1568.35959163,  22107.1,  20603.6,  868.833433339,  997.140752945,  1900.1
1568.38002597,  22108.9,  20605.5,  868.833603029,  997.141095191,  1899.29
1568.40046021,  22121.4,  20616.1,  868.832770088,  997.141239631,  1898.04
1568.42089466,  22125.6,  20619.8,  868.832707873,  997.140690125,  1898.08
1568.441329,  22111.7,  20607.7,  868.832979427,  997.141333667,  1898.66
1568.46176324,  22105.2,  20602.3,  868.832248487,  997.140971055,  1899.54
1568.48219768,  22105.6,  20602.3,  868.833029142,  997.140883676,  1896.58
1568.50263203,  22122.4,  20616.7,  868.832883815,  997.140665061,  1898.25
1568.52306647,  22102.1,  20599.5,  868.83230163,  997.140583431,  1898.74
1568.54350071,  22122.6,  20616.9,  868.83283589,  997.141284671,  1898.26
1568.56393495,  22108.6,  20604.5,  868.832644268,  997.140845621,  1898.01
1568.5843694,  22119.7,  20614.2,  868.833165237,  997.140645811,  1898.27
1568.60480374,  22127.5,  20620.8,  868.831571756,  997.140327085,  1897.09
1568.62523809,  22114.8,  20609.8,  868.832037372,  997.140672282,  1899.39
1568.64567243,  22115.5,  20611.1,  868.832233848,  997.140448016,  1897.68
1568.66610677,  22122.6,  20616.4,  868.833239821,  997.140383829,  1899.07
1568.68654122,  22121.6,  20616.6,  868.832054631,  997.140197546,  1898.73
1568.70697546,  22126.9,  20620.8,  868.832937793,  997.140209283,  1897.5
1568.72740981,  22131.3,  20624.6,  868.833093583,  997.140532699,  1899.98
1568.74784425,  22124.8,  20619.0,  868.832943852,  997.140439302,  1900.73
1568.7682786,  22120.6,  20615.1,  868.833013753,  997.14047786,  1900.37
1568.78871285,  22119.9,  20614.3,  868.832246703,  997.139498845,  1901.38
1568.80914729,  22141.9,  20633.9,  868.832936605,  997.139960561,  1901.59
1568.82958164,  22124.5,  20618.3,  868.832670402,  997.140250746,  1902.15
1568.85001598,  22123.7,  20618.2,  868.832539092,  997.139966832,  1902.31
1568.87045033,  22119.3,  20613.9,  868.832940777,  997.14000969,  1903.73
1568.89088468,  22134.7,  20627.3,  868.832947046,  997.140054577,  1903.78
1568.91131913,  22127.1,  20620.6,  868.832586135,  997.140158172,  1905.32
1568.93175337,  22123.7,  20618.2,  868.832039545,  997.139777506,  1903.04
1568.95218772,  22137.3,  20629.9,  868.832498279,  997.139578792,  1914.38
1568.97262217,  22125.4,  20619.8,  868.831440564,  997.139950677,  1903.0
1568.99305642,  22117.2,  20611.9,  868.832081675,  997.13947707,  1905.63
1569.01349076,  22137.0,  20629.7,  868.831979789,  997.139471665,  1903.51
1569.03392521,  22137.7,  20630.3,  868.831990075,  997.139622664,  1903.64
1569.05435946,  22143.0,  20634.4,  868.832380361,  997.139350467,  1903.14
1569.07479391,  22147.2,  20638.5,  868.832485515,  997.140833119,  1902.11
1569.09522826,  22129.1,  20622.2,  868.83234286,  997.139274001,  1901.8
1569.11566251,  22135.5,  20628.2,  868.831913047,  997.139383825,  1899.96
1569.13609696,  22137.3,  20629.8,  868.83177618,  997.140501472,  1900.9
1569.15653131,  22129.5,  20622.5,  868.832142746,  997.139250268,  1899.47
1569.17696556,  22129.5,  20622.7,  868.83202065,  997.140079865,  1899.0
1569.19740001,  22131.5,  20625.1,  868.832201593,  997.140065899,  1897.34
1569.21783426,  22131.5,  20624.5,  868.832073303,  997.139263186,  1897.45
1569.23826871,  22132.4,  20625.7,  868.831965215,  997.139388433,  1897.39
1569.25870306,  22131.9,  20625.2,  868.831917598,  997.139379992,  1898.19
1569.27913731,  22126.4,  20620.1,  868.832022967,  997.139655993,  1897.31
1569.29957176,  22129.3,  20623.2,  868.832312545,  997.13963623,  1895.63
1569.32000611,  22138.3,  20630.8,  868.832455771,  997.139795082,  1897.16
1569.34044046,  22141.3,  20633.1,  868.831590306,  997.138800549,  1894.43
1569.36087482,  22122.6,  20617.2,  868.831268341,  997.139175676,  1894.1
1569.38130917,  22127.2,  20620.7,  868.831790228,  997.139273645,  1894.21
1569.40174352,  22125.0,  20619.2,  868.832690971,  997.139032522,  1892.93
1569.42217787,  22128.0,  20622.2,  868.831643367,  997.139110313,  1892.81
1569.44261223,  22130.9,  20624.4,  868.831697769,  997.139592661,  1893.24
1569.46304668,  22119.7,  20614.7,  868.831855472,  997.139369842,  1891.23
1569.48348103,  22136.9,  20629.7,  868.832166443,  997.13937204,  1891.74
1569.50391529,  22137.9,  20630.5,  868.831330591,  997.138982937,  1890.39
1569.52434974,  22129.2,  20623.3,  868.831514343,  997.138798096,  1889.96
1569.54478409,  22131.9,  20625.1,  868.831710337,  997.139139792,  1890.42
1569.56521835,  22127.5,  20621.0,  868.831780974,  997.139279891,  1891.41
1569.5856528,  22130.6,  20623.9,  868.832252427,  997.138703762,  1888.97
1569.60608716,  22135.0,  20627.7,  868.832114871,  997.139069375,  1891.21
1569.62652161,  22135.3,  20628.3,  868.831737406,  997.138736403,  1889.55
1569.64695587,  22120.5,  20615.6,  868.831877952,  997.138734556,  1889.4
1569.68782468,  22117.2,  20612.1,  868.831547872,  997.138233095,  1888.65
1569.70825893,  22131.2,  20625.0,  868.832194037,  997.13865697,  1889.29
1569.72869329,  22126.8,  20620.6,  868.832530158,  997.138615393,  1889.36
1569.74912774,  22133.3,  20626.4,  868.832268531,  997.138262888,  1887.93
1569.769562,  22125.9,  20620.1,  868.832374213,  997.13863327,  1887.26
1569.78999636,  22132.6,  20625.2,  868.832327514,  997.138418328,  1888.89
1569.81043081,  22127.6,  20621.3,  868.832166571,  997.138510824,  1888.72
1569.83086507,  22128.9,  20622.5,  868.832271959,  997.138990985,  1887.65
1569.85129953,  22129.3,  20622.6,  868.831942306,  997.138526681,  1888.36
1569.87173379,  22115.5,  20610.7,  868.832034171,  997.138474169,  1888.95
1569.89216814,  22131.7,  20624.8,  868.83251805,  997.138191899,  1889.0
1569.9126026,  22127.6,  20621.4,  868.832129329,  997.138010231,  1887.91
1569.93303686,  22122.1,  20616.5,  868.832021373,  997.138555319,  1888.51
1569.95347122,  22135.7,  20628.0,  868.832516349,  997.137930573,  1888.09
1569.97390568,  22124.1,  20618.5,  868.832270969,  997.138039854,  1887.7
1569.99434003,  22131.1,  20624.2,  868.832509547,  997.137592137,  1887.21
1570.01477439,  22127.1,  20621.1,  868.832854051,  997.138344171,  1886.59
1570.03520875,  22123.7,  20617.8,  868.832321278,  997.13797632,  1887.43
1570.05564311,  22129.2,  20622.4,  868.832623716,  997.138502497,  1886.35
1570.07607747,  22120.3,  20614.8,  868.831753266,  997.138048959,  1886.4
1570.09651183,  22122.7,  20616.8,  868.832535325,  997.137751684,  1886.36
1570.11694619,  22122.9,  20617.4,  868.832288456,  997.138102615,  1886.11
1570.13738065,  22121.9,  20616.5,  868.832292849,  997.137367873,  1885.55
1570.15781491,  22119.1,  20614.0,  868.832809463,  997.137812589,  1884.51
1570.17824937,  22122.9,  20616.9,  868.832128034,  997.137433674,  1884.61
1570.19868373,  22125.1,  20619.8,  868.832317014,  997.137988321,  1883.77
1570.21911799,  22118.8,  20613.5,  868.83240899,  997.138068412,  1884.37
1570.23955246,  22118.3,  20613.4,  868.832146646,  997.138135853,  1884.72
1570.25998682,  22115.1,  20610.5,  868.832262789,  997.138114223,  1882.55
1570.28042108,  22121.3,  20616.0,  868.83240681,  997.137888744,  1882.08
1570.30085554,  22123.2,  20617.2,  868.832138039,  997.137018529,  1882.6
1570.3212899,  22125.9,  20619.5,  868.832644891,  997.137289582,  1882.47
1570.34172417,  22124.8,  20618.8,  868.831706913,  997.137276485,  1880.63
1570.36215863,  22130.2,  20623.3,  868.832073652,  997.137832862,  1882.06
1570.38259299,  22127.2,  20620.8,  868.832481899,  997.137819943,  1882.27
1570.40302735,  22119.0,  20613.6,  868.832314785,  997.136751663,  1879.12
1570.42346172,  22131.5,  20625.3,  868.83206254,  997.137416012,  1880.42
1570.44389608,  22116.9,  20611.9,  868.831886214,  997.137345287,  1879.91
1570.46433044,  22120.6,  20614.5,  868.831759204,  997.136879919,  1878.06
1570.48476481,  22122.4,  20616.2,  868.831932215,  997.137172796,  1878.03
1570.50519917,  22119.8,  20614.3,  868.832310623,  997.136946713,  1878.37
1570.52563354,  22120.0,  20614.7,  868.832307763,  997.137507186,  1880.46
1570.5460679,  22113.8,  20609.1,  868.832531014,  997.13726773,  1879.3
1570.56650237,  22119.1,  20613.9,  868.832504844,  997.137779937,  1879.04
1570.58693663,  22125.2,  20619.2,  868.831700594,  997.136695973,  1879.84
1570.607371,  22125.1,  20618.9,  868.831865109,  997.137096759,  1877.71
1570.62780546,  22124.1,  20617.8,  868.832107877,  997.136889434,  1877.81
1570.64823983,  22125.2,  20619.0,  868.831355862,  997.137090757,  1879.47
1570.66867409,  22125.3,  20618.8,  868.832276836,  997.13715685,  1878.79
1570.68910856,  22128.8,  20621.7,  868.831844962,  997.137220402,  1879.37
1570.70954292,  22120.6,  20614.9,  868.832151961,  997.136798124,  1877.57
1570.72997719,  22128.8,  20621.5,  868.831948757,  997.136392284,  1877.77
1570.75041166,  22123.7,  20617.3,  868.830496378,  997.136939039,  1877.69
1570.77084602,  22119.8,  20614.1,  868.831825349,  997.136996404,  1878.32
1570.79128049,  22133.7,  20625.3,  868.832579695,  997.137187671,  1877.77
1570.81171476,  22121.3,  20615.0,  868.831068594,  997.136960876,  1876.82
1570.83214913,  22127.6,  20620.6,  868.831464295,  997.136614168,  1876.59
1570.85258359,  22118.1,  20612.3,  868.832432475,  997.136565341,  1876.89
1570.87301786,  22117.0,  20611.8,  868.83106898,  997.136546867,  1876.34
1570.89345223,  22137.1,  20628.4,  868.831057584,  997.135996237,  1875.67
1570.9138867,  22117.0,  20611.4,  868.831034369,  997.136522381,  1876.04
1570.93432097,  22123.0,  20616.7,  868.831687922,  997.136796344,  1875.86
1570.95475544,  22125.6,  20617.9,  868.831182605,  997.136513656,  1877.44
1570.9751898,  22122.2,  20615.3,  868.832069855,  997.136147107,  1876.61
1570.99562407,  22124.7,  20617.8,  868.831639807,  997.136461452,  1876.92
1571.01605854,  22118.9,  20612.6,  868.831349468,  997.136897574,  1876.32
1571.03649291,  22121.1,  20614.9,  868.83187208,  997.135857676,  1875.57
1571.05692718,  22128.2,  20620.1,  868.831200757,  997.136323521,  1877.91
1571.07736165,  22111.9,  20606.5,  868.831383711,  997.136624558,  1878.13
1571.09779602,  22114.9,  20609.1,  868.831149778,  997.136430649,  1878.61
1571.11823029,  22138.5,  20629.5,  868.830927488,  997.13706353,  1878.31
1571.13866476,  22120.8,  20614.4,  868.831222097,  997.136232809,  1875.7
1571.15909913,  22121.4,  20615.4,  868.831630199,  997.135573514,  1877.29
1571.17953351,  22125.8,  20618.3,  868.832128763,  997.135704033,  1876.44
1571.19996788,  22127.4,  20620.0,  868.830908155,  997.136775925,  1876.67
1571.22040225,  22118.4,  20612.1,  868.831651429,  997.136102991,  1876.62
1571.24083662,  22117.0,  20610.1,  868.831365004,  997.13641646,  1875.5
1571.26127099,  22117.8,  20611.0,  868.831432173,  997.13632597,  1876.54
1571.28170536,  22136.8,  20627.7,  868.829888381,  997.135270993,  1876.57
1571.30213974,  22117.4,  20610.5,  868.830918585,  997.135658792,  1876.5
1571.32257411,  22114.2,  20608.2,  868.831319389,  997.135593487,  1877.76
1571.34300858,  22142.3,  20632.3,  868.831422334,  997.135467133,  1878.4
1571.36344295,  22126.6,  20618.8,  868.831139457,  997.135791064,  1877.68
1571.38387723,  22130.3,  20622.2,  868.831224692,  997.135204152,  1876.29
1571.4043117,  22118.9,  20611.9,  868.831868652,  997.135442728,  1877.03
1571.42474607,  22131.1,  20622.8,  868.830905699,  997.13607116,  1878.1
1571.44518035,  22128.3,  20620.1,  868.830638141,  997.135161021,  1877.72
1571.46561482,  22127.2,  20619.5,  868.831285606,  997.135292262,  1878.35
1571.4860492,  22123.7,  20616.1,  868.831226464,  997.13580977,  1878.33
1571.50648347,  22130.4,  20622.5,  868.831741809,  997.13500009,  1879.0
1571.52691795,  22131.0,  20622.5,  868.830856719,  997.135789902,  1879.89
1571.54735232,  22131.5,  20622.9,  868.830612263,  997.135308416,  1880.5
1571.5677868,  22132.4,  20623.6,  868.830704199,  997.135179053,  1879.52
1571.58822107,  22129.8,  20621.0,  868.830736914,  997.135383637,  1879.68
1571.60865545,  22133.2,  20624.6,  868.830719387,  997.13519811,  1880.32
1571.62908992,  22121.3,  20614.4,  868.831452115,  997.135596045,  1880.16
1571.6495242,  22119.4,  20612.8,  868.830532556,  997.135270906,  1880.55
1571.66995857,  22123.9,  20616.6,  868.830808774,  997.135038983,  1881.92
1571.69039305,  22121.4,  20614.7,  868.830469728,  997.134760012,  1880.51
1571.71082733,  22122.1,  20615.0,  868.8309957,  997.135791192,  1879.97
1571.7312618,  22126.8,  20618.5,  868.830583302,  997.135086882,  1880.74
1571.75169618,  22118.6,  20611.6,  868.83079511,  997.135352051,  1880.41
1571.77213046,  22122.5,  20615.4,  868.830896882,  997.135360359,  1880.05
1571.79256494,  22125.5,  20617.9,  868.830754298,  997.135062306,  1880.06
1571.81299931,  22132.7,  20623.9,  868.830605144,  997.134894257,  1879.89
1571.83343359,  22128.9,  20620.9,  868.831181505,  997.135183452,  1879.76
1571.85386807,  22125.3,  20617.7,  868.831131251,  997.134629386,  1877.47
1571.87430245,  22130.3,  20621.9,  868.830033255,  997.134898278,  1878.58
1571.89473673,  22130.0,  20621.7,  868.830776378,  997.134830468,  1876.93
1571.9151712,  22124.2,  20616.4,  868.830963944,  997.134846041,  1877.99
1571.93560558,  22130.2,  20622.1,  868.831067297,  997.135364008,  1877.93
1571.95604006,  22121.1,  20613.8,  868.830410107,  997.134545557,  1877.84
1571.97647434,  22133.4,  20624.5,  868.830770506,  997.13440718,  1876.33
1571.99690872,  22114.7,  20608.3,  868.830167115,  997.134948498,  1876.08
1572.0173432,  22120.4,  20613.1,  868.831038613,  997.134104768,  1874.78
1572.03777748,  22119.9,  20613.1,  868.830594153,  997.134556896,  1876.5
1572.05821186,  22114.0,  20607.6,  868.830592929,  997.134543039,  1874.0
1572.07864634,  22033.1,  20536.9,  868.829593018,  997.134706771,  1872.02
1572.09908062,  22036.8,  20540.2,  868.830110198,  997.134308674,  1869.79
1572.1195151,  22027.3,  20531.2,  868.830438651,  997.134841939,  1872.09
1572.13994948,  22010.2,  20516.8,  868.830456455,  997.134780396,  1870.02
1572.16038376,  22018.0,  20523.8,  868.829947468,  997.135402213,  1870.55
1572.18081824,  22012.2,  20519.0,  868.830401104,  997.13401224,  1868.3
1572.20125263,  22014.7,  20520.9,  868.830443468,  997.134777013,  1867.08
1572.22168691,  22007.8,  20514.2,  868.829272136,  997.134670356,  1868.65
1572.24212139,  22025.0,  20529.5,  868.83067767,  997.134652263,  1869.55
1572.26255577,  22029.5,  20533.7,  868.829336118,  997.134434635,  1868.67
1572.28299015,  22031.1,  20535.2,  868.830174054,  997.134773725,  1867.85
1572.30342454,  22087.1,  20584.2,  868.830503303,  997.133969298,  1868.96
1572.32385892,  22111.9,  20606.0,  868.830143844,  997.134325327,  1868.01
1572.3442933,  22109.7,  20603.8,  868.830715667,  997.13386154,  1867.0
1572.36472769,  22101.9,  20596.9,  868.830462406,  997.134235425,  1869.27
1572.38516207,  22122.1,  20615.1,  868.830259664,  997.13422437,  1868.84
1572.40559645,  22107.5,  20602.4,  868.830160372,  997.133709734,  1869.15
1572.42603084,  22110.9,  20605.0,  868.830573011,  997.134324469,  1869.5
1572.44646522,  22121.4,  20614.9,  868.830245597,  997.133978906,  1868.74
1572.4668996,  22098.0,  20593.5,  868.82983448,  997.134226621,  1869.53
1572.48733399,  22116.3,  20609.9,  868.829886391,  997.133935409,  1867.61
1572.50776847,  22103.5,  20598.9,  868.83049262,  997.13402502,  1869.06
1572.52820286,  22117.2,  20610.4,  868.830524453,  997.133504956,  1868.36
1572.54863714,  22111.9,  20606.0,  868.831146309,  997.1334595,  1868.9
1572.56907163,  22107.1,  20601.4,  868.830483533,  997.133600525,  1869.99
1572.58950601,  22108.7,  20603.3,  868.830655602,  997.134066035,  1870.07
1572.6099403,  22114.5,  20608.7,  868.830450771,  997.133796716,  1870.29
1572.63037478,  22107.3,  20602.0,  868.831248911,  997.133836364,  1868.61
1572.67124346,  22094.7,  20591.2,  868.829923212,  997.134085804,  1871.19
1572.69167794,  22120.8,  20613.5,  868.831204673,  997.13400601,  1870.77
1572.71211233,  22109.6,  20603.9,  868.830918267,  997.133283939,  1872.09
1572.73254682,  22103.7,  20598.9,  868.830748323,  997.133962211,  1872.67
1572.7529811,  22096.6,  20592.3,  868.831440366,  997.13361191,  1873.05
1572.77341549,  22104.8,  20599.5,  868.830168996,  997.133585434,  1874.1
1572.79384998,  22111.0,  20604.6,  868.830967341,  997.132810804,  1874.41
1572.81428427,  22109.2,  20602.9,  868.830744569,  997.133039866,  1875.63
1572.83471865,  22100.4,  20595.7,  868.830594213,  997.133431904,  1879.94
1572.85515314,  22103.6,  20598.4,  868.831224138,  997.133449479,  1883.51
1572.87558743,  22106.4,  20601.0,  868.831155962,  997.133110064,  1886.98
1572.89602192,  22095.1,  20591.4,  868.831188157,  997.133042432,  1885.0
1572.91645631,  22108.3,  20602.7,  868.831015713,  997.13370541,  1879.8
1572.9368906,  22105.5,  20600.5,  868.830361479,  997.132957642,  1871.19
1572.95732508,  22100.8,  20596.0,  868.83015147,  997.133241422,  1866.39
1572.97775947,  22106.0,  20600.8,  868.830913209,  997.13326361,  1864.21
1572.99819386,  22105.9,  20600.5,  868.831267505,  997.13300323,  1864.92
1573.01862825,  22106.0,  20601.0,  868.830846179,  997.132598076,  1864.42
1573.03906264,  22105.7,  20600.6,  868.831190324,  997.133023077,  1864.62
1573.05949693,  22107.5,  20602.2,  868.831136986,  997.133175251,  1865.77
1573.07993142,  22098.1,  20593.8,  868.831070809,  997.132902714,  1865.72
1573.10036581,  22107.9,  20603.1,  868.830599194,  997.132877288,  1863.87
1573.1208002,  22105.7,  20600.5,  868.830813214,  997.132835523,  1863.27
1573.1412346,  22104.3,  20600.2,  868.831451001,  997.132751929,  1862.61
1573.16166899,  22116.9,  20610.2,  868.831348713,  997.132704851,  1860.74
1573.18210348,  22111.6,  20606.0,  868.830668194,  997.133207748,  1861.14
1573.20253777,  22114.5,  20608.7,  868.830627474,  997.132888274,  1860.55
1573.22297216,  22114.7,  20608.7,  868.831212613,  997.132899404,  1860.63
1573.24340665,  22117.4,  20610.9,  868.83057537,  997.133061171,  1857.94
1573.26384094,  22114.0,  20608.2,  868.830653337,  997.132118156,  1857.45
1573.28427544,  22116.2,  20609.8,  868.830661204,  997.132029114,  1855.6
1573.30470983,  22109.8,  20604.7,  868.830903049,  997.132294744,  1854.99
1573.32514412,  22119.0,  20612.4,  868.830692678,  997.132578235,  1854.12
1573.34557861,  22112.8,  20607.2,  868.831364713,  997.132363521,  1852.27
1573.36601301,  22116.1,  20609.9,  868.830768166,  997.133069189,  1852.47
1573.3864473,  22121.1,  20614.3,  868.830885078,  997.132094236,  1850.6
1573.40688179,  22108.7,  20603.7,  868.830159411,  997.132785978,  1851.79
1573.42731619,  22116.7,  20610.5,  868.830363717,  997.132042597,  1849.85
1573.44775048,  22116.6,  20610.7,  868.830880049,  997.132262288,  1848.8
1573.46818498,  22107.8,  20602.7,  868.831176857,  997.132585813,  1849.55
1573.48861937,  22121.7,  20614.6,  868.831033911,  997.131794038,  1849.38
1573.50905386,  22121.1,  20614.1,  868.831046608,  997.13183176,  1849.01
1573.52948816,  22126.4,  20618.9,  868.831095937,  997.131641215,  1848.03
1573.54992255,  22122.2,  20615.2,  868.830472768,  997.132124115,  1848.0
1573.57035705,  22116.4,  20610.2,  868.830642629,  997.132850271,  1848.96
1573.59079134,  22120.5,  20613.2,  868.83091869,  997.13142887,  1848.48
1573.61122574,  22107.9,  20602.7,  868.830658253,  997.13163095,  1847.04
1573.63166024,  22126.5,  20618.8,  868.831590796,  997.131684899,  1847.15
1573.65209463,  22111.9,  20605.9,  868.830250818,  997.131734873,  1846.68
1573.67252903,  22124.1,  20616.8,  868.829948575,  997.132213415,  1847.78
1573.69296342,  22131.4,  20622.9,  868.83081479,  997.131493439,  1845.67
1573.71339772,  22115.8,  20609.2,  868.831004111,  997.131312167,  1845.64
1573.73383222,  22129.2,  20620.7,  868.831096424,  997.131505199,  1846.13
1573.75426661,  22130.2,  20621.3,  868.830457615,  997.131700779,  1844.07
1573.77470091,  22117.7,  20610.6,  868.83064898,  997.131818771,  1845.46
1573.79513541,  22114.4,  20607.6,  868.83039908,  997.131898684,  1845.83
1573.81556981,  22111.3,  20604.9,  868.830254106,  997.131421749,  1846.34
1573.8360041,  22125.4,  20617.8,  868.830484151,  997.131269324,  1844.32
1573.8564386,  22124.2,  20616.6,  868.83093996,  997.131076135,  1843.41
1573.876873,  22126.4,  20618.2,  868.830590426,  997.132017146,  1843.13
1573.8973075,  22133.1,  20624.0,  868.830242738,  997.131201945,  1844.65
1573.9177418,  22129.0,  20620.1,  868.831018183,  997.131201822,  1844.18
1573.93817619,  22133.7,  20624.2,  868.83104331,  997.131421158,  1844.3
1573.95861069,  22145.1,  20634.4,  868.83076589,  997.131499766,  1843.85
1573.97904499,  22129.1,  20620.5,  868.831122462,  997.131245923,  1842.36
1573.99947939,  22133.3,  20624.5,  868.830046174,  997.131093996,  1841.82
1574.01991389,  22129.5,  20621.0,  868.830161102,  997.131017852,  1843.2
1574.04034819,  22133.5,  20624.2,  868.830174324,  997.130513379,  1841.87
1574.06078269,  22126.2,  20618.0,  868.830508242,  997.131029505,  1841.77
1574.08121709,  22134.5,  20624.8,  868.830840633,  997.130333672,  1842.89
1574.10165139,  22124.8,  20616.6,  868.83189156,  997.130082872,  1840.6
1574.12208589,  22121.0,  20613.4,  868.831193806,  997.130895534,  1838.9
1574.14252029,  22128.0,  20619.6,  868.83154917,  997.130967864,  1840.09
1574.16295469,  22127.2,  20618.6,  868.831420202,  997.130728974,  1838.92
1574.18338909,  22124.3,  20616.2,  868.830941201,  997.130588654,  1840.42
1574.20382349,  22139.9,  20629.5,  868.830776734,  997.131168098,  1838.22
1574.2242579,  22132.6,  20623.2,  868.830556226,  997.131339159,  1838.74
1574.2446923,  22131.8,  20622.7,  868.830086677,  997.130799365,  1838.34
1574.2651267,  22129.0,  20619.8,  868.830242072,  997.130611598,  1838.38
1574.2855611,  22136.2,  20627.2,  868.829697353,  997.130334018,  1837.25
1574.3059956,  22129.0,  20619.7,  868.830422657,  997.130850125,  1839.0
1574.32642991,  22135.8,  20626.0,  868.829938788,  997.130807071,  1838.62
1574.34686431,  22129.5,  20620.6,  868.829882886,  997.130572354,  1837.09
1574.36729871,  22136.6,  20627.0,  868.830744766,  997.130562626,  1838.06
1574.38773311,  22135.4,  20625.7,  868.829705174,  997.130817356,  1836.37
1574.40816762,  22134.1,  20624.7,  868.830472431,  997.130342399,  1837.51
1574.42860192,  22130.4,  20621.4,  868.830723378,  997.130176289,  1837.36
1574.44903642,  22121.7,  20613.9,  868.830152304,  997.130265482,  1835.65
1574.46947083,  22142.3,  20631.6,  868.830430933,  997.129927155,  1837.28
1574.48990513,  22124.3,  20615.9,  868.830402567,  997.130264032,  1836.12
1574.51033964,  22127.8,  20618.5,  868.830096603,  997.130387016,  1836.03
1574.53077404,  22124.6,  20615.7,  868.829715855,  997.130313259,  1836.38
1574.55120834,  22125.9,  20617.3,  868.83065646,  997.130287181,  1835.1
1574.57164285,  22147.7,  20636.0,  868.829749619,  997.12986319,  1833.93
1574.59207725,  22125.1,  20616.3,  868.829687017,  997.130317985,  1833.97
1574.61251176,  22131.2,  20622.0,  868.830401562,  997.130494127,  1834.09
1574.63294606,  22129.4,  20620.3,  868.830176529,  997.130033692,  1833.7
1574.65338047,  22128.9,  20619.9,  868.830167815,  997.130182568,  1833.88
1574.67381498,  22121.9,  20614.0,  868.829749101,  997.130013815,  1833.77
1574.69424928,  22132.8,  20623.3,  868.829615222,  997.130078356,  1834.09
1574.71468369,  22126.3,  20617.5,  868.829422211,  997.130032477,  1833.74
1574.73511819,  22122.6,  20614.8,  868.829599363,  997.12997652,  1834.23
1574.7555525,  22134.9,  20624.8,  868.830795271,  997.128978398,  1833.73
1574.77598691,  22126.5,  20617.9,  868.830081717,  997.130521035,  1832.79
1574.79642141,  22130.6,  20622.1,  868.830099108,  997.130352327,  1831.48
1574.81685582,  22127.8,  20619.1,  868.829444077,  997.129680398,  1833.17
1574.83729023,  22125.8,  20617.6,  868.829573881,  997.130154381,  1831.45
1574.85772464,  22125.6,  20617.2,  868.829921296,  997.130083589,  1832.55
1574.87815904,  22114.2,  20607.0,  868.83014933,  997.130054955,  1831.58
1574.89859345,  22124.8,  20616.7,  868.829663955,  997.129886705,  1832.39
1574.91902786,  22132.0,  20622.7,  868.830391958,  997.129985163,  1832.46
1574.93946227,  22122.9,  20615.1,  868.829254265,  997.129781445,  1830.39
1574.95989668,  22129.8,  20621.3,  868.830014404,  997.129393189,  1830.56
1574.98033108,  22124.0,  20616.2,  868.829332426,  997.129551445,  1830.67
1575.00076549,  22128.1,  20619.1,  868.829096375,  997.130245255,  1831.37
1575.0211999,  22130.8,  20621.8,  868.830421921,  997.129282246,  1830.91
1575.04163431,  22123.3,  20615.2,  868.829978572,  997.129759147,  1830.68
1575.06206882,  22119.7,  20612.3,  868.830003886,  997.12958541,  1831.04
1575.08250313,  22117.2,  20610.1,  868.830145238,  997.129071323,  1829.8
1575.10293754,  22133.5,  20624.2,  868.829651964,  997.12916751,  1830.85
1575.12337205,  22124.7,  20616.5,  868.828920229,  997.129856978,  1830.79
1575.14380636,  22123.4,  20615.5,  868.830087066,  997.128954655,  1829.23
1575.16424077,  22121.6,  20614.4,  868.829179011,  997.129683152,  1829.02
1575.18467528,  22125.0,  20617.0,  868.830929223,  997.129671256,  1828.32
1575.20510959,  22114.1,  20607.2,  868.828828818,  997.129153159,  1830.58
1575.2255441,  22121.0,  20613.5,  868.829415522,  997.129448478,  1828.71
1575.24597851,  22122.0,  20614.4,  868.829687711,  997.128779468,  1828.31
1575.26641282,  22112.8,  20606.2,  868.829539183,  997.129185998,  1828.02
1575.28684734,  22131.4,  20622.6,  868.828761587,  997.129149648,  1828.06
1575.30728175,  22122.5,  20614.6,  868.829915431,  997.129340635,  1829.1
1575.32771606,  22125.7,  20618.0,  868.82899766,  997.129529253,  1827.73
1575.34815057,  22120.1,  20612.9,  868.829650113,  997.129034574,  1828.69
1575.36858498,  22123.3,  20615.6,  868.82989814,  997.129244136,  1826.62
1575.3890195,  22127.6,  20619.3,  868.829575903,  997.129649391,  1828.66
1575.40945381,  22123.3,  20615.7,  868.829593732,  997.129248392,  1827.72
1575.42988822,  22113.7,  20607.3,  868.829761616,  997.129005069,  1826.52
1575.45032273,  22123.1,  20615.6,  868.82990226,  997.130003048,  1827.56
1575.47075715,  22121.6,  20614.4,  868.829942785,  997.129510798,  1826.38
1575.49119146,  22125.1,  20617.3,  868.82980618,  997.129481745,  1825.94
1575.51162597,  22111.0,  20605.4,  868.829810083,  997.128730373,  1826.93
1575.53206039,  22132.8,  20624.2,  868.829471551,  997.128815926,  1825.0
1575.5524947,  22124.2,  20616.5,  868.829073687,  997.129024443,  1826.27
1575.57292922,  22115.4,  20609.2,  868.829828939,  997.129048217,  1826.79
1575.59336363,  22118.6,  20612.0,  868.829701287,  997.129104305,  1824.88
1575.61379804,  22121.5,  20614.5,  868.829802132,  997.129132499,  1825.69
1575.65466677,  22119.0,  20611.8,  868.829476996,  997.12900853,  1826.32
1575.67510129,  22115.7,  20609.3,  868.83027934,  997.129127532,  1824.84
1575.6955357,  22120.1,  20612.9,  868.830200123,  997.128878004,  1825.32
1575.71597002,  22117.0,  20610.2,  868.829345927,  997.128465751,  1824.12
1575.73640453,  22115.7,  20609.4,  868.829612865,  997.128759011,  1824.11
1575.75683895,  22112.8,  20606.4,  868.830007971,  997.129150809,  1824.82
1575.77727347,  22118.4,  20611.2,  868.829992391,  997.128701844,  1824.8
1575.79770778,  22114.7,  20608.2,  868.829661308,  997.128551996,  1823.91
1575.8181422,  22126.8,  20618.7,  868.829590895,  997.128702867,  1822.78
1575.83857672,  22104.1,  20599.2,  868.830163225,  997.128492071,  1824.03
1575.85901103,  22118.4,  20611.3,  868.830351657,  997.128278559,  1822.39
1575.87944545,  22117.7,  20611.0,  868.830236654,  997.128879965,  1823.67
1575.89987997,  22129.1,  20621.1,  868.830121891,  997.128591707,  1825.12
1575.92031428,  22119.2,  20612.0,  868.830690803,  997.127890633,  1824.55
1575.9407487,  22126.3,  20618.6,  868.830669803,  997.128246873,  1821.05
1575.96118322,  22125.5,  20618.0,  868.830150363,  997.127952872,  1820.9
1575.98161754,  22126.6,  20619.0,  868.83034833,  997.128458765,  1820.85
1576.00205205,  22124.7,  20617.6,  868.829979149,  997.127889296,  1821.56
1576.02248647,  22125.1,  20618.1,  868.830305389,  997.128681175,  1820.48
1576.04292089,  22138.7,  20629.2,  868.830035168,  997.128333437,  1822.47
1576.06335531,  22130.8,  20623.1,  868.829633658,  997.128903834,  1821.04
1576.08378973,  22130.8,  20623.2,  868.830373861,  997.128245135,  1820.37
1576.10422415,  22137.6,  20629.1,  868.82994228,  997.127628588,  1822.04
1576.12465857,  22114.7,  20609.1,  868.830005477,  997.128742163,  1819.69
1576.14509299,  22122.5,  20615.4,  868.830886035,  997.127829954,  1821.22
1576.16552741,  22118.5,  20611.6,  868.830008922,  997.128379971,  1820.98
1576.18596193,  22135.2,  20626.9,  868.830490926,  997.127627004,  1819.12
1576.20639625,  22129.7,  20621.7,  868.830426459,  997.127736019,  1819.76
1576.22683077,  22139.9,  20631.0,  868.829715519,  997.128229409,  1819.35
1576.24726519,  22133.0,  20625.1,  868.830111586,  997.127830158,  1818.82
1576.26769951,  22120.7,  20613.8,  868.829994818,  997.128369296,  1822.21
1576.28813403,  22138.7,  20629.7,  868.830371531,  997.12808352,  1819.78
1576.30856835,  22129.5,  20621.8,  868.830088765,  997.128109021,  1818.46
1576.32900277,  22127.2,  20619.9,  868.829717492,  997.12791797,  1819.54
1576.34943729,  22133.6,  20625.6,  868.82958039,  997.127170208,  1821.3
1576.36987161,  22152.4,  20658.2,  868.830169462,  997.127587799,  1827.5
1576.39030613,  22138.5,  20629.4,  868.829825747,  997.127717048,  1818.61
1576.41074055,  22137.1,  20628.0,  868.830048809,  997.12769449,  1819.11
1576.43117488,  22139.0,  20629.6,  868.830400888,  997.127980438,  1818.43
1576.4516094,  22139.8,  20630.9,  868.830600035,  997.127941727,  1817.03
1576.47204382,  22133.3,  20624.8,  868.830308494,  997.127766897,  1818.8
1576.49247814,  22137.1,  20628.2,  868.829841804,  997.127459456,  1817.65
1576.51291267,  22143.1,  20633.9,  868.829920796,  997.127188935,  1817.85
1576.53334709,  22143.7,  20634.0,  868.830228753,  997.127441203,  1817.42
1576.55378151,  22139.9,  20630.9,  868.829664266,  997.127954931,  1818.41
1576.57421594,  22134.3,  20625.5,  868.829753929,  997.127863997,  1816.77
1576.59465036,  22130.9,  20622.8,  868.829449609,  997.126604908,  1818.52
1576.61508488,  22132.1,  20623.4,  868.83046908,  997.127959453,  1816.81
1576.63551921,  22151.0,  20640.0,  868.829776885,  997.126729077,  1817.58
1576.65595363,  22131.4,  20623.0,  868.829376494,  997.126752864,  1816.27
1576.67638815,  22135.1,  20626.5,  868.830410238,  997.12744154,  1817.12
1576.69682258,  22146.6,  20636.5,  868.82932475,  997.12722492,  1817.32
1576.7172569,  22149.7,  20638.8,  868.829330493,  997.127012522,  1816.09
1576.73769143,  22143.4,  20633.4,  868.829894639,  997.127531392,  1815.94
1576.75812585,  22142.7,  20632.8,  868.829759168,  997.127662407,  1816.28
1576.77856028,  22148.6,  20638.0,  868.830715323,  997.12646326,  1816.59
1576.7989947,  22137.1,  20627.5,  868.829870578,  997.126897878,  1815.52
1576.81942913,  22134.3,  20625.5,  868.829296771,  997.127142148,  1813.97
1576.83986365,  22143.6,  20633.8,  868.829079343,  997.127034031,  1815.56
1576.86029798,  22134.4,  20625.3,  868.829747651,  997.126737278,  1816.27
1576.88073241,  22136.8,  20627.8,  868.829186559,  997.127059108,  1816.61
1576.90116693,  22137.3,  20627.7,  868.830341509,  997.127113183,  1813.23
1576.92160126,  22141.0,  20630.8,  868.829470643,  997.126975801,  1813.72
1576.94203569,  22131.1,  20622.1,  868.830586846,  997.127006679,  1814.95
1576.96247011,  22134.0,  20625.2,  868.829727863,  997.126392492,  1815.52
1576.98290454,  22149.7,  20638.7,  868.83024387,  997.126835832,  1814.36
1577.00333907,  22137.0,  20627.5,  868.829824142,  997.126494694,  1813.96
1577.02377339,  22136.9,  20627.5,  868.829774769,  997.126171195,  1814.34
1577.04420782,  22135.0,  20625.6,  868.829764979,  997.126139711,  1812.9
1577.06464235,  22151.4,  20639.9,  868.829627683,  997.126958441,  1814.7
1577.08507668,  22130.8,  20621.9,  868.829612876,  997.127053869,  1813.14
1577.1055111,  22138.6,  20628.7,  868.829371863,  997.126260243,  1812.94
1577.12594563,  22139.7,  20630.2,  868.82978754,  997.126870829,  1814.17
1577.14637996,  22130.8,  20621.3,  868.829609658,  997.126675293,  1814.71
1577.16681449,  22125.9,  20617.2,  868.829054753,  997.126617574,  1814.28
1577.18724892,  22137.4,  20627.5,  868.829410508,  997.126171794,  1813.7
1577.20768325,  22136.6,  20626.7,  868.829711399,  997.126778881,  1813.47
1577.22811778,  22127.8,  20619.3,  868.829833055,  997.126609125,  1814.0
1577.24855221,  22131.6,  20622.1,  868.829428492,  997.125844312,  1812.8
1577.26898663,  22145.4,  20634.7,  868.829851798,  997.12646564,  1812.85
1577.28942106,  22132.5,  20622.9,  868.829071808,  997.12635164,  1812.23
1577.30985549,  22125.2,  20616.3,  868.829427113,  997.126258469,  1812.4
1577.33028992,  22130.0,  20621.0,  868.829433677,  997.126335544,  1812.24
1577.35072445,  22124.9,  20616.6,  868.829692687,  997.126262449,  1812.37
1577.37115878,  22129.5,  20620.0,  868.829741971,  997.12680312,  1813.09
1577.39159332,  22108.1,  20601.7,  868.829280945,  997.126273118,  1812.56
1577.41202775,  22050.8,  20551.5,  868.828943359,  997.126573842,  1812.23
1577.43246208,  22028.9,  20532.5,  868.828999824,  997.126269555,  1813.21
1577.45289661,  22032.1,  20535.3,  868.82837168,  997.126455718,  1810.96
1577.47333104,  22015.8,  20520.6,  868.830066407,  997.126357769,  1811.94
1577.49376537,  22021.8,  20526.2,  868.828793397,  997.126065111,  1811.6
1577.5141999,  22013.7,  20519.5,  868.828582051,  997.125957718,  1811.34
1577.53463433,  22026.5,  20529.9,  868.828657305,  997.126720878,  1811.88
1577.55506877,  22021.5,  20526.0,  868.828336022,  997.125897686,  1810.05
1577.5755032,  22021.6,  20525.9,  868.829024135,  997.126894426,  1809.27
1577.59593753,  22026.8,  20530.5,  868.828628347,  997.12624124,  1809.05
1577.61637206,  22040.1,  20541.9,  868.828368636,  997.125984806,  1810.19
1577.6368065,  22075.6,  20573.3,  868.829313404,  997.12670567,  1810.92
1577.65724083,  22131.8,  20622.2,  868.829184618,  997.125969869,  1810.77
1577.67767536,  22126.5,  20617.8,  868.830338457,  997.126019534,  1810.74
1577.69810979,  22125.4,  20616.8,  868.829358034,  997.126085905,  1809.42
1577.71854423,  22124.4,  20615.8,  868.829435532,  997.125917927,  1812.45
1577.73897866,  22128.9,  20619.6,  868.82927657,  997.126350521,  1808.6
1577.7594131,  22125.1,  20616.4,  868.829183507,  997.126009423,  1808.24
1577.77984763,  22123.2,  20615.0,  868.828851866,  997.125930993,  1808.32
1577.80028196,  22129.5,  20620.0,  868.829044739,  997.125635032,  1809.14
1577.8207164,  22127.4,  20618.5,  868.828639509,  997.126066324,  1809.97
1577.84115093,  22130.6,  20621.5,  868.828539634,  997.125659216,  1807.67
1577.86158537,  22123.8,  20615.3,  868.829344081,  997.125411817,  1808.8
1577.8820197,  22131.3,  20622.2,  868.828693781,  997.125658396,  1807.38
1577.90245424,  22127.9,  20619.0,  868.828865899,  997.125767487,  1807.19
1577.92288867,  22135.4,  20625.4,  868.827989939,  997.126070296,  1810.41
1577.94332311,  22129.9,  20620.6,  868.829228791,  997.125367179,  1806.99
1577.96375754,  22127.9,  20618.8,  868.828955503,  997.126176194,  1807.74
1577.98419198,  22131.2,  20621.5,  868.828555556,  997.125708208,  1807.49
1578.00462641,  22136.7,  20627.0,  868.82888757,  997.125498431,  1807.46
1578.02506085,  22128.9,  20619.6,  868.828610072,  997.12595321,  1807.71
1578.04549529,  22124.1,  20616.0,  868.829600807,  997.125308514,  1806.49
1578.06592982,  22121.9,  20613.7,  868.828360733,  997.125826322,  1813.8
1578.08636416,  22130.4,  20620.9,  868.828559814,  997.125196341,  1811.05
1578.1067986,  22125.1,  20616.4,  868.828379675,  997.125035656,  1808.69
1578.12723313,  22140.2,  20629.9,  868.82821585,  997.125818297,  1806.92
1578.14766747,  22131.9,  20622.5,  868.828817205,  997.126166104,  1806.68
1578.16810201,  22126.1,  20617.3,  868.828951138,  997.12582197,  1805.75
1578.18853645,  22136.8,  20626.7,  868.828797646,  997.125521645,  1806.12
1578.20897078,  22141.5,  20631.2,  868.828579541,  997.125289786,  1806.34
1578.22940532,  22128.1,  20619.2,  868.828675183,  997.125216567,  1808.58
1578.24983966,  22145.7,  20634.6,  868.828985489,  997.124938418,  1807.21
1578.2702741,  22135.0,  20624.9,  868.829233436,  997.124916308,  1806.86
1578.29070864,  22136.2,  20626.0,  868.828475747,  997.125044425,  1806.03
1578.31114297,  22139.6,  20629.4,  868.828753369,  997.125480229,  1807.21
1578.33157751,  22124.9,  20616.9,  868.828732637,  997.12488265,  1806.77
1578.35201195,  22133.6,  20624.3,  868.829146603,  997.125351148,  1807.31
1578.37244629,  22141.9,  20630.9,  868.828405807,  997.124564534,  1805.99
1578.39288083,  22136.8,  20627.0,  868.828770347,  997.125296665,  1806.6
1578.41331527,  22128.9,  20619.9,  868.829215313,  997.126090648,  1806.76
1578.43374971,  22128.0,  20619.3,  868.828565611,  997.125121178,  1806.0
1578.45418415,  22141.3,  20631.6,  868.828530948,  997.125517806,  1806.29
1578.47461859,  22143.3,  20632.3,  868.829013859,  997.124688456,  1807.59
1578.49505303,  22133.6,  20624.3,  868.828890286,  997.124814714,  1805.66
1578.51548747,  22125.8,  20617.2,  868.829554325,  997.124757442,  1806.63
1578.53592191,  22126.9,  20618.2,  868.828217392,  997.125022139,  1805.27
1578.55635645,  22139.0,  20628.8,  868.829041019,  997.12454679,  1806.31
1578.57679089,  22127.5,  20618.8,  868.82896997,  997.125018967,  1806.08
1578.59722523,  22136.9,  20626.6,  868.829201374,  997.125104022,  1805.75
1578.63809421,  22136.7,  20626.9,  868.828717156,  997.124492411,  1805.62
1578.65852856,  22122.6,  20614.0,  868.829156035,  997.124522193,  1805.34
1578.6789631,  22136.6,  20626.6,  868.829080569,  997.124954757,  1803.45
1578.69939754,  22125.4,  20616.4,  868.8289178,  997.124517773,  1805.08
1578.71983188,  22130.7,  20621.1,  868.829054999,  997.124778702,  1803.4
1578.74026642,  22136.4,  20626.1,  868.829229215,  997.124490934,  1805.02
1578.76070087,  22129.7,  20620.6,  868.829632229,  997.123768585,  1803.42
1578.78113541,  22133.5,  20624.6,  868.828083854,  997.12508792,  1803.07
1578.80156975,  22128.8,  20619.5,  868.829447659,  997.124738244,  1804.67
1578.82200419,  22128.0,  20618.4,  868.829744362,  997.12463919,  1803.36
1578.84243874,  22135.5,  20625.3,  868.829164712,  997.12447365,  1804.49
1578.86287308,  22129.1,  20619.5,  868.829294674,  997.124564491,  1802.92
1578.88330752,  22125.6,  20617.0,  868.829248457,  997.124052284,  1804.02
1578.90374197,  22130.8,  20621.8,  868.829695677,  997.124191013,  1803.25
1578.92417641,  22129.1,  20619.6,  868.828974938,  997.124989635,  1802.63
1578.94461095,  22122.3,  20614.0,  868.829052893,  997.124073027,  1803.46
1578.9650453,  22129.5,  20620.7,  868.83006832,  997.124282103,  1803.01
1578.98547974,  22134.7,  20624.6,  868.828605104,  997.124638577,  1802.41
1579.00591429,  22130.4,  20621.2,  868.8295175,  997.124434816,  1803.06
1579.02634863,  22137.2,  20626.9,  868.829799119,  997.12350431,  1804.19
1579.04678308,  22124.7,  20616.3,  868.829681765,  997.125161838,  1802.29
1579.06721762,  22124.9,  20616.1,  868.829572246,  997.124059461,  1803.26
1579.08765207,  22128.4,  20619.4,  868.829088047,  997.124037063,  1801.54
1579.10808641,  22128.6,  20619.7,  868.829266849,  997.124028327,  1802.58
1579.12852096,  22130.2,  20621.3,  868.828930923,  997.123579485,  1802.01
1579.1489554,  22129.2,  20620.3,  868.829851243,  997.123574364,  1801.12
1579.16938985,  22122.0,  20614.2,  868.829100983,  997.124145163,  1801.78
1579.1898243,  22132.5,  20622.5,  868.829776427,  997.124148265,  1801.16
1579.21025874,  22124.0,  20615.8,  868.829906968,  997.124417293,  1801.74
1579.23069329,  22124.7,  20616.5,  868.829315855,  997.124252763,  1800.57
1579.25112763,  22127.1,  20618.1,  868.829630742,  997.124447178,  1802.93
1579.27156208,  22135.6,  20625.6,  868.829114306,  997.124131057,  1801.95
1579.29199663,  22128.9,  20619.8,  868.828929812,  997.12334425,  1799.26
1579.31243097,  22135.3,  20625.4,  868.829644492,  997.123850173,  1800.88
1579.33286552,  22126.7,  20618.0,  868.828945705,  997.123782118,  1801.83
1579.35329997,  22127.5,  20618.4,  868.829277616,  997.123687008,  1801.34
1579.37373432,  22132.3,  20623.0,  868.828566253,  997.12342823,  1800.31
1579.39416886,  22117.2,  20609.9,  868.829091598,  997.123280607,  1798.78
1579.41460331,  22130.9,  20621.7,  868.829805967,  997.123930212,  1800.66
1579.43503766,  22138.8,  20628.5,  868.828792652,  997.12366734,  1800.89
1579.45547221,  22125.0,  20616.1,  868.829383643,  997.123853776,  1800.12
1579.47590666,  22132.4,  20622.4,  868.828847003,  997.123303497,  1801.19
1579.49634101,  22126.2,  20617.2,  868.829371766,  997.123790195,  1799.48
1579.51677555,  22131.4,  20622.1,  868.829279967,  997.124087982,  1800.94
1579.5372099,  22132.4,  20622.4,  868.828883404,  997.123537519,  1798.67
1579.55764445,  22130.4,  20621.1,  868.828580221,  997.123502765,  1800.39
1579.5780789,  22132.9,  20623.2,  868.829221875,  997.123057534,  1800.39
1579.59851335,  22125.8,  20617.0,  868.829072013,  997.123455121,  1798.78
1579.6189478,  22133.2,  20623.3,  868.828995384,  997.123279963,  1801.13
1579.63938225,  22144.1,  20633.1,  868.82904001,  997.123046324,  1798.37
1579.6598167,  22129.5,  20619.8,  868.829477634,  997.123213968,  1799.25
1579.68025115,  22132.0,  20622.1,  868.829594783,  997.122999855,  1798.47
1579.7006856,  22128.9,  20619.3,  868.829317795,  997.123002427,  1799.54
1579.72112015,  22126.2,  20617.3,  868.829334071,  997.123178634,  1797.96
1579.7415546,  22132.5,  20622.2,  868.829043075,  997.123329848,  1799.23
1579.76198895,  22122.8,  20614.3,  868.829028345,  997.122950703,  1798.3
1579.7824235,  22133.6,  20623.4,  868.82876227,  997.123128982,  1797.07
1579.80285795,  22129.0,  20619.2,  868.828735861,  997.123099264,  1797.4
1579.8232923,  22126.3,  20617.0,  868.829023062,  997.122973027,  1797.77
1579.84372686,  22125.7,  20615.9,  868.82928392,  997.122423836,  1795.55
1579.86416131,  22122.8,  20614.1,  868.828998434,  997.122930832,  1795.7
1579.88459566,  22113.9,  20605.5,  868.829306281,  997.122838384,  1797.11
1579.90503021,  22128.4,  20619.0,  868.828684389,  997.122224176,  1796.23
1579.92546466,  22134.9,  20624.3,  868.8284626,  997.123025736,  1796.36
1579.94589922,  22126.7,  20617.4,  868.828884201,  997.123037165,  1796.32
1579.96633357,  22125.6,  20616.1,  868.82903318,  997.122784716,  1795.71
1579.98676802,  22131.9,  20621.7,  868.82944244,  997.123343985,  1794.74
1580.00720257,  22126.1,  20616.3,  868.828698293,  997.122267782,  1796.18
1580.02763693,  22119.7,  20610.5,  868.82796418,  997.122721842,  1794.73
1580.04807138,  22129.0,  20619.1,  868.828093214,  997.123003127,  1795.33
1580.06850593,  22117.2,  20608.6,  868.828932363,  997.122902588,  1794.93
1580.08894029,  22131.3,  20620.4,  868.828591446,  997.122383083,  1795.34
1580.10937474,  22132.1,  20621.4,  868.828820858,  997.122493219,  1793.26
1580.12980929,  22131.9,  20620.9,  868.828437421,  997.122740535,  1795.0
1580.15024365,  22131.0,  20620.4,  868.829189334,  997.122857117,  1793.85
1580.1706782,  22137.1,  20625.7,  868.829017409,  997.121779259,  1792.81
1580.19111256,  22134.5,  20622.4,  868.828768235,  997.122546046,  1794.38
1580.21154701,  22135.5,  20624.0,  868.82897999,  997.122503753,  1794.77
1580.23198156,  22121.6,  20611.7,  868.828184879,  997.122503287,  1793.51
1580.25241592,  22127.5,  20616.9,  868.829806771,  997.122517139,  1792.58
1580.27285037,  22131.0,  20620.6,  868.82876049,  997.122772761,  1791.86
1580.29328493,  22126.6,  20615.6,  868.828645804,  997.12310859,  1793.44
1580.31371938,  22132.3,  20621.3,  868.828618706,  997.122020243,  1792.61
1580.33415384,  22118.1,  20608.9,  868.82876638,  997.122439581,  1793.53
1580.3545883,  22132.0,  20620.8,  868.828897153,  997.122066855,  1790.78
1580.37502275,  22124.1,  20613.4,  868.828643252,  997.12286384,  1791.62
1580.39545721,  22131.2,  20619.9,  868.828764297,  997.122432908,  1790.76
1580.41589166,  22127.8,  20617.1,  868.828296811,  997.121862525,  1791.02
1580.43632612,  22131.6,  20620.3,  868.828804684,  997.122653718,  1792.25
1580.45676068,  22122.8,  20612.8,  868.828754368,  997.121904926,  1791.01
1580.47719503,  22131.9,  20620.1,  868.828824497,  997.122536917,  1791.05
1580.49762949,  22127.9,  20617.1,  868.827937232,  997.122394861,  1790.99
1580.51806405,  22125.1,  20614.1,  868.828753918,  997.121588367,  1792.21
1580.5384984,  22118.0,  20608.0,  868.828532812,  997.121666347,  1791.67
1580.55893296,  22129.2,  20618.0,  868.828833118,  997.121598459,  1791.25
1580.57936742,  22118.8,  20608.5,  868.8283429,  997.122471734,  1790.56
1580.59980178,  22119.3,  20609.2,  868.827965855,  997.1220389,  1789.46
1580.62023633,  22113.4,  20604.3,  868.828938549,  997.122066387,  1790.02
1580.64067079,  22115.9,  20605.8,  868.828473501,  997.121759505,  1790.41
1580.66110515,  22130.5,  20618.8,  868.828463005,  997.122126234,  1790.4
1580.68153971,  22126.5,  20615.2,  868.828730061,  997.122142823,  1788.17
1580.70197417,  22122.9,  20612.0,  868.827509941,  997.121655465,  1788.63
1580.72240872,  22123.4,  20612.9,  868.828748811,  997.122129827,  1790.18
1580.74284308,  22115.2,  20605.3,  868.828289657,  997.121572399,  1790.26
1580.76327754,  22121.0,  20610.3,  868.828071046,  997.121625445,  1789.23
1580.7837121,  22116.5,  20607.0,  868.827877643,  997.12095317,  1787.37
1580.80414646,  22122.6,  20612.3,  868.828170774,  997.121281593,  1786.85
1580.82458092,  22117.7,  20607.2,  868.828341125,  997.121603206,  1787.76
1580.84501538,  22122.2,  20611.6,  868.828795021,  997.121940252,  1787.28
1580.86544984,  22112.2,  20602.3,  868.828774365,  997.121832168,  1788.43
1580.8858843,  22123.8,  20613.2,  868.828153563,  997.121396913,  1787.89
1580.90631876,  22124.8,  20613.6,  868.828505482,  997.121704495,  1787.39
1580.92675322,  22119.2,  20608.7,  868.828791049,  997.121597807,  1788.04
1580.94718778,  22111.9,  20602.4,  868.828741104,  997.121303246,  1787.87
1580.96762224,  22113.8,  20603.8,  868.82839644,  997.121578475,  1788.52
1580.9880566,  22122.1,  20611.0,  868.828528734,  997.120660636,  1787.42
1581.00849116,  22108.5,  20599.3,  868.828630507,  997.121999394,  1787.38
1581.02892562,  22122.0,  20611.1,  868.828885183,  997.121186844,  1787.58
1581.04935998,  22113.1,  20603.4,  868.82857914,  997.121051722,  1786.57
1581.06979454,  22116.4,  20606.2,  868.828414134,  997.121117041,  1786.2
1581.090229,  22110.6,  20600.8,  868.828259977,  997.121438814,  1787.9
1581.11066357,  22119.8,  20608.6,  868.828484783,  997.120941153,  1786.06
1581.13109793,  22120.3,  20609.3,  868.828458798,  997.120892646,  1786.74
1581.15153239,  22121.5,  20610.7,  868.828149744,  997.121326369,  1785.7
1581.17196695,  22120.7,  20610.5,  868.827773696,  997.121214714,  1785.4
1581.19240131,  22118.9,  20608.5,  868.82828128,  997.121437524,  1785.73
1581.21283578,  22126.8,  20615.6,  868.827700596,  997.120733621,  1786.16
1581.23327034,  22115.1,  20604.8,  868.828551587,  997.121272306,  1786.08
1581.2537047,  22129.2,  20617.2,  868.827952563,  997.121482183,  1785.96
1581.27413917,  22120.9,  20610.0,  868.827883466,  997.120689471,  1785.05
1581.29457373,  22120.4,  20609.7,  868.827655147,  997.121064058,  1785.14
1581.31500809,  22125.1,  20613.8,  868.827650979,  997.121172534,  1784.01
1581.33544265,  22128.3,  20617.0,  868.828184338,  997.120612742,  1784.55
1581.35587712,  22120.5,  20609.5,  868.827487136,  997.12124728,  1785.21
1581.37631158,  22119.1,  20608.6,  868.82812413,  997.120660959,  1783.82
1581.39674605,  22110.3,  20600.7,  868.828228954,  997.12092526,  1785.07
1581.41718051,  22130.0,  20617.8,  868.82748983,  997.120355625,  1783.41
1581.43761497,  22122.6,  20611.7,  868.827654491,  997.121028793,  1784.33
1581.45804944,  22126.1,  20614.0,  868.828294882,  997.120661426,  1784.69
1581.4784839,  22122.1,  20610.8,  868.828727115,  997.120568999,  1783.82
1581.49891837,  22118.6,  20608.2,  868.828416361,  997.120778052,  1784.54
1581.51935283,  22141.3,  20627.2,  868.827927971,  997.120873702,  1783.47
1581.5397873,  22123.4,  20612.1,  868.828103977,  997.120912646,  1783.21
1581.56022176,  22133.1,  20620.5,  868.828219405,  997.121158964,  1782.72
1581.58065623,  22125.9,  20612.2,  868.828198471,  997.119987571,  1783.18
1586.83231187,  22117.1,  20555.1,  868.823509104,  997.112521925,  1747.28
1586.85274647,  22118.1,  20556.1,  868.823908188,  997.112339174,  1746.85
1586.87318087,  22118.5,  20556.0,  868.824426692,  997.112270804,  1748.0
1586.89361547,  22124.6,  20561.7,  868.823560587,  997.112047203,  1747.86
1586.91404998,  22124.2,  20561.0,  868.823261515,  997.112807723,  1747.17
1586.93448438,  22120.8,  20557.9,  868.824271353,  997.111797138,  1748.03
1586.95491898,  22123.7,  20560.8,  868.822941007,  997.112324332,  1747.7
1586.97535349,  22118.4,  20556.2,  868.823294923,  997.112451803,  1747.8
1586.99578799,  22126.0,  20562.3,  868.823232396,  997.111578115,  1747.22
1587.0162225,  22129.1,  20565.7,  868.822638964,  997.112064516,  1746.22
1587.036657,  22124.9,  20561.8,  868.822735122,  997.112099224,  1745.54
1587.0570916,  22122.1,  20559.2,  868.823107999,  997.111626068,  1746.14
1587.07752611,  22125.2,  20562.8,  868.82329225,  997.111716101,  1746.24
1587.09796051,  22127.4,  20564.1,  868.823736789,  997.111842943,  1745.81
1587.11839512,  22128.0,  20565.2,  868.822622436,  997.110585213,  1745.05
1587.13882962,  22131.6,  20568.7,  868.822653734,  997.111815788,  1745.88
1587.15926403,  22120.4,  20559.1,  868.823525915,  997.111617089,  1746.07
1587.17969863,  22120.4,  20559.2,  868.823099477,  997.111464866,  1746.13
1587.20013314,  22127.6,  20565.2,  868.823456428,  997.111226833,  1746.11
1587.22056764,  22132.0,  20569.8,  868.823556497,  997.111124972,  1747.7
1587.24100215,  22122.7,  20562.1,  868.823135656,  997.111010732,  1746.73
1587.26143655,  22131.3,  20570.0,  868.823650396,  997.110508164,  1745.73
1587.28187116,  22117.9,  20558.1,  868.823135008,  997.110173197,  1746.62
1587.30230566,  22131.5,  20570.5,  868.823245636,  997.110913054,  1745.22
1587.32274007,  22120.9,  20562.0,  868.823145986,  997.111261748,  1745.19
1587.34317467,  22128.8,  20568.2,  868.823907782,  997.110377377,  1747.06
1587.36360918,  22129.4,  20569.4,  868.823118663,  997.110252764,  1745.85
1587.38404379,  22123.8,  20564.8,  868.823581323,  997.110637313,  1746.13
1587.40447819,  22129.4,  20570.1,  868.823877228,  997.110596267,  1746.05
1587.4249127,  22133.2,  20574.3,  868.823717452,  997.110467977,  1744.6
1587.4453473,  22119.5,  20561.5,  868.823510698,  997.110510203,  1743.45
1587.46578171,  22125.0,  20567.1,  868.823593487,  997.10994906,  1745.43
1587.50665082,  22127.2,  20570.7,  868.823942421,  997.11021353,  1743.97
1587.52708523,  22118.7,  20563.3,  868.824144956,  997.110735278,  1744.65
1587.54751984,  22118.3,  20562.8,  868.823766346,  997.10993077,  1743.41
1587.56795435,  22126.6,  20570.6,  868.824203232,  997.109903015,  1743.03
1587.58838885,  22112.5,  20558.8,  868.824086103,  997.110392342,  1744.27
1587.60882336,  22129.7,  20573.8,  868.824054674,  997.109735279,  1743.09
1587.62925787,  22119.5,  20565.4,  868.824029614,  997.110038517,  1743.37
1587.64969238,  22131.6,  20576.1,  868.823833373,  997.110270795,  1742.51
1587.67012688,  22124.3,  20570.6,  868.824148485,  997.109766175,  1742.2
1587.69056139,  22129.5,  20575.3,  868.82380383,  997.110145173,  1742.2
1587.710996,  22119.8,  20567.5,  868.823864509,  997.109800632,  1743.28
1587.73143041,  22121.5,  20569.7,  868.824502164,  997.110626419,  1741.3
1587.75186492,  22131.5,  20578.5,  868.823252887,  997.110497268,  1741.7
1587.77229953,  22131.3,  20578.1,  868.824090125,  997.110320549,  1741.46
1587.79273403,  22121.7,  20570.6,  868.824100258,  997.110271423,  1740.69
1587.81316844,  22138.7,  20586.0,  868.823513134,  997.109750999,  1741.74
1587.83360305,  22129.1,  20577.6,  868.823960579,  997.110122182,  1741.51
1587.85403746,  22128.1,  20576.9,  868.823727448,  997.110489499,  1741.11
1587.87447207,  22110.6,  20561.9,  868.824009186,  997.109641922,  1741.57
1587.89490658,  22127.3,  20576.8,  868.824369366,  997.110787877,  1740.33
1587.91534099,  22127.1,  20577.2,  868.823922136,  997.109612342,  1738.95
1587.9357756,  22121.3,  20572.7,  868.823476697,  997.109428659,  1740.28
1587.95621011,  22127.0,  20577.9,  868.823143349,  997.109983676,  1739.54
1587.97664452,  22120.0,  20572.0,  868.823440229,  997.110106302,  1740.32
1587.99707913,  22115.2,  20568.3,  868.823378734,  997.110888641,  1739.85
1588.01751364,  22121.2,  20574.0,  868.823589706,  997.109946269,  1738.9
1588.03794805,  22124.8,  20577.1,  868.823550057,  997.110017939,  1739.6
1588.05838266,  22107.9,  20562.6,  868.823627696,  997.109779411,  1737.78
1588.07881717,  22044.9,  20508.5,  868.823722506,  997.110005946,  1738.53
1588.09925178,  22034.0,  20498.5,  868.823672694,  997.111004803,  1737.49
1588.11968619,  22015.9,  20483.4,  868.82331916,  997.110656369,  1736.98
1588.1401207,  22010.6,  20478.9,  868.823663381,  997.110414051,  1738.33
1588.16055531,  22018.0,  20485.6,  868.823156065,  997.110956746,  1739.01
1588.18098972,  22021.7,  20489.3,  868.82321904,  997.111293831,  1736.19
1588.20142423,  22018.6,  20487.2,  868.823005001,  997.110928314,  1736.38
1588.22185884,  22023.0,  20491.4,  868.824101617,  997.111237054,  1734.47
1588.24229326,  22025.0,  20493.5,  868.823078468,  997.110782015,  1736.48
1588.26272787,  22038.9,  20505.7,  868.823324063,  997.110060785,  1735.67
1588.28316238,  22039.9,  20506.7,  868.82360859,  997.110681628,  1737.4
1588.30359689,  22070.8,  20534.1,  868.823416049,  997.110555608,  1736.64
1588.3240314,  22127.0,  20583.2,  868.823986847,  997.110076901,  1735.72
1588.34446591,  22120.0,  20577.4,  868.823788649,  997.111061835,  1735.36
1588.36490043,  22129.0,  20585.4,  868.823540267,  997.110831603,  1734.16
1588.38533494,  22133.2,  20589.9,  868.824144066,  997.110492843,  1733.64
1588.40576945,  22138.1,  20593.9,  868.823167727,  997.110667356,  1733.98
1588.42620396,  22119.2,  20577.7,  868.823388235,  997.110040099,  1733.31
1588.44663858,  22135.2,  20592.8,  868.823412609,  997.110268441,  1734.2
1588.46707299,  22125.2,  20583.5,  868.824123784,  997.110326383,  1733.0
1588.4875076,  22119.6,  20579.2,  868.824168871,  997.110489723,  1732.93
1588.50794201,  22123.9,  20583.4,  868.824149571,  997.110214461,  1733.65
1588.52837653,  22128.9,  20588.1,  868.823086109,  997.110214337,  1732.91
1588.54881114,  22132.1,  20590.8,  868.824086302,  997.109684933,  1732.72
1588.56924555,  22136.2,  20594.5,  868.823555934,  997.111249988,  1733.24
1588.58968007,  22125.6,  20585.3,  868.823773208,  997.110482152,  1734.16
1588.61011468,  22123.5,  20583.4,  868.82384335,  997.110494464,  1734.25
1588.6305491,  22127.3,  20587.2,  868.824239547,  997.110571375,  1732.58
1588.65098371,  22126.5,  20587.2,  868.823913021,  997.109488105,  1731.88
1588.67141822,  22120.8,  20582.3,  868.824454975,  997.110117377,  1732.16
1588.69185264,  22126.9,  20588.2,  868.824275802,  997.110535642,  1732.48
1588.71228725,  22144.0,  20602.9,  868.8237631,  997.110278411,  1732.05
1588.73272177,  22127.1,  20588.3,  868.824082512,  997.110156105,  1732.6
1588.75315618,  22111.5,  20574.7,  868.824875814,  997.109584804,  1731.58
1588.77359079,  22128.5,  20589.9,  868.824643012,  997.109848666,  1731.97
1588.79402531,  22124.1,  20586.1,  868.824075137,  997.110570771,  1730.67
1588.81445982,  22145.1,  20604.7,  868.825003716,  997.109918593,  1731.37
1588.83489434,  22130.0,  20591.5,  868.823695584,  997.110223759,  1732.44
1588.85532885,  22120.5,  20583.4,  868.824518546,  997.110220718,  1732.01
1588.87576347,  22120.1,  20583.7,  868.82462906,  997.110236002,  1729.38
1588.89619788,  22134.6,  20595.9,  868.824378173,  997.11056224,  1730.03
1588.9166324,  22130.4,  20592.7,  868.824428604,  997.110149099,  1730.15
1588.93706702,  22133.2,  20595.4,  868.824795566,  997.110252931,  1731.57
1588.95750153,  22125.9,  20589.0,  868.824490718,  997.110523811,  1730.6
1588.97793595,  22138.2,  20600.1,  868.82395983,  997.110042486,  1729.21
1588.99837056,  22138.3,  20600.4,  868.825235836,  997.110149609,  1729.01
1589.01880508,  22132.7,  20596.0,  868.824622063,  997.11012281,  1728.01
1589.0392395,  22133.3,  20596.0,  868.824551427,  997.110442219,  1729.01
1589.05967411,  22130.3,  20593.3,  868.824602807,  997.109972971,  1731.97
1589.08010863,  22142.6,  20604.8,  868.824201561,  997.110056394,  1728.51
1589.10054324,  22139.8,  20602.3,  868.82430091,  997.109954426,  1728.06
1589.12097766,  22123.7,  20588.6,  868.82463905,  997.110121118,  1729.35
1589.14141218,  22145.5,  20607.9,  868.824353556,  997.110481239,  1727.3
1589.16184669,  22136.1,  20599.3,  868.824564578,  997.11001235,  1726.7
1589.18228121,  22136.8,  20600.7,  868.824659342,  997.109571987,  1727.78
1589.20271563,  22142.3,  20604.8,  868.825149075,  997.109889253,  1728.27
1589.22315025,  22127.3,  20592.6,  868.825253104,  997.110080061,  1726.49
1589.24358476,  22132.1,  20597.2,  868.824472304,  997.11026527,  1726.95
1589.26401938,  22136.9,  20600.7,  868.825187312,  997.110846036,  1727.96
1589.2844538,  22143.0,  20606.5,  868.825034483,  997.110052937,  1727.38
1589.30488832,  22162.9,  20624.0,  868.824416065,  997.109982599,  1727.39
1589.32532293,  22138.9,  20602.5,  868.824661743,  997.109971955,  1728.1
1589.34575735,  22157.6,  20619.9,  868.825171092,  997.110338697,  1727.44
1589.36619187,  22150.6,  20613.6,  868.8246289,  997.109794579,  1727.36
1589.38662649,  22151.5,  20614.4,  868.825063167,  997.1101112,  1727.34
1589.40706091,  22148.9,  20612.2,  868.824956308,  997.109656869,  1726.56
1589.42749542,  22145.2,  20609.6,  868.824620493,  997.110019783,  1725.89
1589.44793004,  22152.6,  20615.5,  868.825304731,  997.10974849,  1725.95
1589.46836456,  22155.0,  20618.5,  868.825227736,  997.109691715,  1725.55
1589.48879908,  22150.0,  20613.1,  868.824846039,  997.109637137,  1725.25
1589.5092336,  22148.5,  20612.0,  868.825504617,  997.110148259,  1725.37
1589.52966812,  22147.9,  20611.6,  868.825793065,  997.109833709,  1725.75
1589.55010264,  22156.0,  20617.8,  868.825534795,  997.11034816,  1724.97
1589.57053716,  22151.4,  20614.9,  868.824682374,  997.110260056,  1725.43
1589.59097168,  22166.2,  20628.1,  868.824888321,  997.109972922,  1726.01
1589.6114063,  22155.0,  20618.5,  868.825689762,  997.109625977,  1725.22
1589.63184072,  22151.8,  20615.8,  868.825249809,  997.109994117,  1726.38
1589.65227523,  22149.6,  20613.7,  868.825652365,  997.109350202,  1725.24
1589.67270985,  22161.1,  20624.2,  868.825228558,  997.110149666,  1723.72
1589.69314427,  22161.5,  20624.8,  868.826326667,  997.109514439,  1724.51
1589.71357889,  22151.2,  20615.7,  868.825431219,  997.109457507,  1723.78
1589.73401341,  22162.5,  20625.5,  868.82561304,  997.10938475,  1723.89
1589.75444783,  22156.2,  20620.2,  868.825456413,  997.109991073,  1723.98
1589.77488246,  22150.6,  20614.8,  868.825333415,  997.109471496,  1722.79
1589.79531698,  22154.9,  20619.1,  868.825281731,  997.109269334,  1723.42
1589.8157514,  22163.6,  20626.3,  868.824946975,  997.110518471,  1725.01
1589.85662044,  22155.2,  20619.6,  868.826201947,  997.109529658,  1721.25
1589.87705506,  22144.0,  20609.7,  868.826127152,  997.109320964,  1722.68
1589.89748958,  22163.7,  20627.0,  868.82584228,  997.109574726,  1724.53
1589.917924,  22149.2,  20614.1,  868.825495863,  997.108983677,  1722.87
1589.93835862,  22152.7,  20617.0,  868.825557546,  997.109312206,  1723.81
1589.95879314,  22156.3,  20620.1,  868.824938821,  997.109649535,  1722.52
1589.97922757,  22149.2,  20614.4,  868.826380035,  997.109783146,  1722.3
1589.99966219,  22154.8,  20618.9,  868.825832172,  997.109305996,  1723.34
1590.02009671,  22154.2,  20618.2,  868.82575194,  997.109872869,  1722.11
1590.04053123,  22152.0,  20617.0,  868.825543786,  997.109699897,  1722.13
1590.06096575,  22147.2,  20612.6,  868.825872633,  997.109482524,  1721.81
1590.08140027,  22157.4,  20621.5,  868.824940727,  997.109073206,  1720.87
1590.1018349,  22147.4,  20612.3,  868.825690091,  997.109516943,  1722.6
1590.12226932,  22155.8,  20620.3,  868.825374964,  997.109725786,  1722.37
1590.14270384,  22149.5,  20614.7,  868.825579488,  997.109607569,  1719.94
1590.16313846,  22148.2,  20613.3,  868.825637347,  997.109142964,  1721.18
1590.18357299,  22147.1,  20612.8,  868.825503321,  997.108572191,  1720.01
1590.20400741,  22158.1,  20622.2,  868.825641719,  997.10974692,  1720.45
1590.22444203,  22140.8,  20607.3,  868.825604716,  997.108804548,  1721.95
1590.24487656,  22138.5,  20605.4,  868.825817845,  997.108935679,  1720.61
1590.26531098,  22143.7,  20610.1,  868.825916126,  997.109285602,  1720.66
1590.2857456,  22154.4,  20619.1,  868.825443281,  997.109465268,  1719.88
1590.30618013,  22144.8,  20611.3,  868.825201447,  997.109231983,  1720.68
1590.32661475,  22135.6,  20602.9,  868.825922675,  997.109625984,  1721.21
1590.34704917,  22144.5,  20611.2,  868.825715285,  997.109704134,  1719.45
1590.3674837,  22147.2,  20613.4,  868.825446785,  997.109122193,  1719.86
1590.38791832,  22150.8,  20616.4,  868.825901011,  997.109506517,  1719.54
1590.40835274,  22137.6,  20604.7,  868.825811507,  997.109865644,  1719.65
1590.42878727,  22145.4,  20611.3,  868.825736235,  997.10892881,  1720.66
1590.44922179,  22143.4,  20609.4,  868.825509565,  997.108902088,  1720.01
1590.46965632,  22149.6,  20615.2,  868.826351016,  997.108732754,  1719.47
1590.49009094,  22142.9,  20609.1,  868.826122405,  997.109074014,  1720.0
1590.51052537,  22147.2,  20613.1,  868.825815235,  997.109640794,  1720.64
1590.53095989,  22135.4,  20603.2,  868.826475373,  997.109009294,  1718.04
1590.55139451,  22143.8,  20610.3,  868.82611288,  997.108616092,  1717.99
1590.57182894,  22138.8,  20606.5,  868.825860102,  997.109233401,  1717.78
1590.59226346,  22135.8,  20603.5,  868.825672829,  997.109283377,  1718.95
1590.61269809,  22138.6,  20606.3,  868.825840537,  997.108783582,  1719.15
1590.63313251,  22126.9,  20596.2,  868.826848549,  997.109719033,  1719.16
1590.65356704,  22138.6,  20605.8,  868.82575233,  997.10878915,  1717.61
1590.67400167,  22139.1,  20606.6,  868.826287829,  997.109654114,  1718.03
1590.69443619,  22132.1,  20600.7,  868.825895806,  997.108939145,  1718.39
1590.71487072,  22131.4,  20599.9,  868.826641919,  997.109139026,  1718.03
1590.73530524,  22127.1,  20596.2,  868.825765955,  997.109509491,  1717.94
1590.75573977,  22135.8,  20603.8,  868.826578129,  997.109708361,  1716.85
1590.77617429,  22125.1,  20594.6,  868.825939741,  997.108533466,  1717.7
1590.79660882,  22133.4,  20602.0,  868.825528395,  997.109173082,  1717.32
1590.81704335,  22124.7,  20594.4,  868.825738359,  997.109210971,  1717.35
1590.83747797,  22132.6,  20601.3,  868.825637411,  997.109228473,  1716.12
1590.8579124,  22130.0,  20599.7,  868.825656344,  997.108914283,  1715.86
1590.87834693,  22130.1,  20599.1,  868.826298868,  997.108716372,  1715.54
1590.89878155,  22116.7,  20587.8,  868.826802912,  997.109464508,  1717.01
1590.91921598,  22129.9,  20599.1,  868.825290112,  997.109359075,  1717.04
1590.93965061,  22132.2,  20600.9,  868.826900991,  997.1088094,  1717.81
1590.96008513,  22137.5,  20605.9,  868.825564057,  997.108898938,  1718.27
1590.98051956,  22129.0,  20592.0,  868.82752536,  997.108297438,  1716.2
1591.00095419,  22125.7,  20590.7,  868.825423045,  997.108722464,  1718.01
