Kepler I.D.-----Channel

[8429450]--------[44]

-TTYPE1--------TTYPE8------------TTYPE4-----------TTYPE15------------TTYPE17-----------TTYPE6

['TIME']---['PDCSAP_FLUX']---['SAP_FLUX']---['MOM_CENTR1']---['MOM_CENTR2']---['SAP_BKG']

['BJD - 2454833']--['e-/s']--------['e-/s']---------['pixel']---------['pixel']----------['e-/s']

CROWDSAP --- 0.9861

8429450

1559.24643292,  91589.7,  82366.0,  778.746161692,  823.66338695,  1931.43
1559.26686714,  91537.8,  82320.3,  778.746304816,  823.663207042,  1933.31
1559.28730145,  91541.7,  82319.4,  778.746468422,  823.663100391,  1932.09
1559.30773556,  91606.1,  82374.0,  778.746340781,  823.663060224,  1931.01
1559.32816977,  91573.4,  82345.0,  778.746252526,  823.663289202,  1933.15
1559.34860409,  91519.7,  82292.6,  778.746420649,  823.663202525,  1932.04
1559.3690382,  91690.0,  82441.6,  778.746343496,  823.662996204,  1932.83
1559.38947251,  91514.4,  82285.3,  778.746274466,  823.662982124,  1933.39
1559.40990673,  91582.8,  82339.6,  778.746402027,  823.663089299,  1932.88
1559.43034094,  91755.2,  82492.6,  778.746313046,  823.663073592,  1934.2
1559.45077516,  91532.4,  82292.4,  778.746272527,  823.663338356,  1931.0
1559.47120937,  91787.3,  82510.4,  778.746411658,  823.663229121,  1930.71
1559.49164359,  91760.4,  82488.4,  778.745827596,  823.663136956,  1931.61
1559.5120778,  91810.7,  82529.6,  778.746494095,  823.663189899,  1930.02
1559.53251201,  91901.4,  82605.2,  778.746319636,  823.662998389,  1929.73
1559.55294623,  91953.6,  82652.6,  778.746377273,  823.663007494,  1929.89
1559.57338045,  92001.1,  82688.3,  778.746203518,  823.662895227,  1929.78
1559.59381466,  92091.4,  82766.9,  778.746256733,  823.662918881,  1929.67
1559.61424888,  92152.4,  82821.2,  778.74632694,  823.663184525,  1929.46
1559.63468309,  92132.4,  82796.9,  778.746253093,  823.662934977,  1929.41
1559.65511731,  92261.0,  82913.1,  778.746463471,  823.662950678,  1927.62
1559.67555163,  92134.5,  82797.2,  778.746453473,  823.662755369,  1927.96
1559.69598574,  92241.2,  82890.1,  778.746149993,  823.66287084,  1927.16
1559.71641996,  92203.5,  82855.4,  778.746075931,  823.662805624,  1926.95
1559.73685428,  92142.5,  82796.9,  778.746379194,  823.662758179,  1925.75
1559.75728839,  92224.3,  82868.7,  778.746127797,  823.662754482,  1928.03
1559.77772271,  92046.4,  82710.6,  778.746411696,  823.662681347,  1928.22
1559.79815693,  92078.8,  82735.0,  778.746337653,  823.662637433,  1927.1
1559.81859105,  92035.2,  82694.6,  778.746071094,  823.662660458,  1927.9
1559.83902536,  91980.7,  82646.1,  778.746498227,  823.662806,  1927.39
1559.85945958,  91905.3,  82575.4,  778.746577959,  823.662773389,  1927.21
1559.8798937,  91968.4,  82631.6,  778.7463879,  823.662901298,  1926.3
1559.90032802,  91876.9,  82549.9,  778.746197581,  823.662816073,  1925.97
1559.92076224,  91768.8,  82450.8,  778.746217554,  823.662546093,  1924.39
1559.94119656,  91914.7,  82581.6,  778.746189987,  823.662574285,  1925.93
1559.96163068,  91674.4,  82367.1,  778.746288955,  823.66287715,  1925.33
1559.98206489,  91841.7,  82511.7,  778.746232702,  823.662657839,  1924.31
1560.00249921,  91738.3,  82420.5,  778.746251245,  823.662853953,  1925.84
1560.02293333,  91725.5,  82405.5,  778.746212901,  823.662814029,  1923.88
1560.04336755,  91827.2,  82494.7,  778.746258528,  823.662723218,  1924.19
1560.06380187,  91720.0,  82401.7,  778.746250024,  823.662648212,  1923.61
1560.08423599,  91816.7,  82484.0,  778.746399215,  823.662884432,  1922.64
1560.10467031,  91855.5,  82520.0,  778.746341891,  823.662746022,  1923.89
1560.12510454,  91883.6,  82542.9,  778.746705287,  823.662635104,  1923.06
1560.14553866,  91791.8,  82461.3,  778.746143698,  823.662499078,  1924.88
1560.16597298,  92023.7,  82666.9,  778.746717214,  823.662496164,  1923.29
1560.1864072,  91815.9,  82482.0,  778.746440858,  823.662754958,  1923.31
1560.20684132,  91942.4,  82591.1,  778.746080039,  823.662907948,  1922.31
1560.22727564,  91904.1,  82558.1,  778.746471235,  823.662713762,  1921.31
1560.24770986,  91414.6,  82122.4,  778.746497138,  823.66276349,  1922.13
1560.26814399,  87679.0,  78819.9,  778.747532842,  823.663380404,  1922.63
1560.28857831,  80802.8,  72737.2,  778.748558172,  823.664654712,  1922.87
1560.30901253,  72462.4,  65355.9,  778.750432194,  823.666203245,  1922.64
1560.32944675,  64223.4,  58070.9,  778.752383077,  823.668654515,  1921.81
1560.34988098,  58649.3,  53138.9,  778.754642353,  823.670840854,  1921.93
1560.3703152,  58353.4,  52875.4,  778.754826666,  823.670957777,  1920.53
1560.39074952,  64032.6,  57901.0,  778.752653812,  823.668739157,  1922.21
1560.41118365,  72041.7,  64984.5,  778.750155304,  823.666512428,  1920.51
1560.43161787,  80353.8,  72336.7,  778.74849984,  823.664719627,  1921.43
1560.45205219,  87301.2,  78482.6,  778.747536038,  823.663052969,  1920.43
1560.47248632,  91117.0,  81854.9,  778.746482985,  823.662948382,  1919.82
1560.49292064,  91570.7,  82258.0,  778.746240241,  823.662864027,  1919.97
1560.51335487,  91696.7,  82371.8,  778.746676552,  823.662900022,  1920.17
1560.53378899,  91704.1,  82373.8,  778.746471149,  823.662893888,  1920.65
1560.55422332,  91715.0,  82386.3,  778.746530205,  823.66291293,  1920.46
1560.57465754,  91888.3,  82539.2,  778.746557693,  823.662806235,  1918.46
1560.59509167,  91782.1,  82445.6,  778.746207723,  823.662982197,  1919.18
1560.61552599,  91965.0,  82607.6,  778.746588337,  823.662759708,  1919.12
1560.63596022,  91922.1,  82568.5,  778.746545792,  823.662958172,  1919.96
1560.65639444,  91992.9,  82630.8,  778.746284293,  823.66279496,  1919.51
1560.67682867,  92046.0,  82680.6,  778.746466055,  823.66264145,  1919.57
1560.6972629,  91985.7,  82624.4,  778.746451938,  823.66290659,  1918.75
1560.73813135,  92037.0,  82671.4,  778.746622994,  823.662767907,  1918.59
1560.75856558,  92046.5,  82677.6,  778.746432559,  823.662768288,  1917.96
1560.7789999,  92049.7,  82681.9,  778.746068123,  823.663073805,  1918.65
1560.79943403,  92036.7,  82671.9,  778.746221949,  823.662810697,  1918.1
1560.81986826,  91965.9,  82612.2,  778.746517284,  823.662896365,  1916.71
1560.84030258,  92084.1,  82719.4,  778.745777654,  823.662701529,  1927.06
1560.96290795,  92029.5,  82683.4,  778.746422114,  823.663891941,  1936.58
1560.98334208,  91949.0,  82609.8,  778.745927754,  823.662982677,  1937.77
1561.00377641,  91991.2,  82649.0,  778.746517169,  823.66276832,  1934.7
1561.02421064,  92056.1,  82706.5,  778.747018193,  823.662975909,  1929.39
1561.04464497,  92027.7,  82674.8,  778.746527998,  823.663929895,  1929.16
1561.0650791,  92075.8,  82720.8,  778.745783022,  823.662830735,  1931.72
1561.08551333,  92090.5,  82732.8,  778.746416619,  823.663145655,  1931.4
1561.10594766,  92033.4,  82684.9,  778.746241891,  823.662666008,  1929.72
1561.12638179,  92163.9,  82804.8,  778.745756257,  823.663703516,  1927.41
1561.14681602,  92032.1,  82683.2,  778.745754726,  823.662528628,  1926.68
1561.16725035,  92070.1,  82714.3,  778.746227166,  823.66332283,  1922.87
1561.18768448,  92161.0,  82798.1,  778.747208828,  823.662494358,  1924.46
1561.20811871,  91927.9,  82588.5,  778.746331535,  823.663528533,  1924.08
1561.22855304,  92061.8,  82710.0,  778.746181019,  823.663363329,  1922.34
1561.24898718,  91973.9,  82628.7,  778.745823171,  823.663281213,  1920.07
1561.26942151,  91814.0,  82487.4,  778.745724779,  823.66352771,  1921.67
1561.28985574,  91900.2,  82564.5,  778.746146707,  823.663111605,  1920.16
1561.31028997,  91686.1,  82371.2,  778.745772724,  823.663795965,  1918.46
1561.3307242,  91649.8,  82338.2,  778.746140335,  823.662931834,  1921.24
1561.35115844,  91663.9,  82351.4,  778.746276282,  823.663066638,  1918.07
1561.37159267,  91512.6,  82215.9,  778.746435807,  823.663206182,  1921.54
1561.3920269,  91377.7,  82093.9,  778.746323963,  823.663032746,  1918.11
1561.41246113,  91571.0,  82268.9,  778.74586145,  823.663543297,  1915.37
1561.43289547,  91299.2,  82023.2,  778.746025671,  823.663148817,  1915.75
1561.4533296,  91361.4,  82080.9,  778.746217989,  823.663279871,  1916.62
1561.47376383,  91489.3,  82193.8,  778.745944926,  823.662952591,  1915.0
1561.49419807,  91247.2,  81979.5,  778.746212528,  823.663063136,  1914.76
1561.5146323,  91475.2,  82179.7,  778.745762451,  823.663361268,  1914.08
1561.53506654,  91390.4,  82102.7,  778.746429146,  823.663241909,  1914.84
1561.55550087,  91317.6,  82040.8,  778.745814462,  823.663296012,  1911.97
1561.57593501,  91545.8,  82242.3,  778.746438406,  823.663062645,  1911.17
1561.59636924,  91260.5,  81984.5,  778.746714764,  823.663005282,  1913.02
1561.61680357,  89019.4,  80004.1,  778.746770337,  823.664059261,  1911.76
1561.63723771,  84233.0,  75771.4,  778.747230911,  823.664353765,  1913.55
1561.65767205,  77946.1,  70206.3,  778.749024367,  823.665577956,  1912.81
1561.67810628,  71727.8,  64708.7,  778.750281832,  823.667281906,  1911.69
1561.69854042,  67179.1,  60682.4,  778.75145889,  823.668784889,  1910.2
1561.71897475,  66125.3,  59748.8,  778.751962954,  823.669312158,  1910.42
1561.73940899,  69456.2,  62695.6,  778.751145528,  823.668132366,  1912.5
1561.75984312,  75343.7,  67901.2,  778.749456545,  823.666940568,  1910.03
1561.78027746,  81540.7,  73382.2,  778.748846459,  823.664746244,  1909.05
1561.8007117,  87094.1,  78298.3,  778.74731145,  823.663729703,  1910.33
1561.82114603,  90763.0,  81536.4,  778.746534102,  823.663438928,  1909.72
1561.84158017,  91188.1,  81914.1,  778.746270956,  823.663226516,  1908.4
1561.86201441,  91325.3,  82035.2,  778.746115267,  823.663266882,  1908.87
1561.88244875,  91292.9,  82005.0,  778.746606789,  823.663208353,  1906.39
1561.90288288,  91303.0,  82012.8,  778.746116769,  823.663239463,  1908.45
1561.92331712,  91317.6,  82026.2,  778.746393385,  823.663049971,  1907.55
1561.94375146,  91327.8,  82034.0,  778.746487212,  823.663271673,  1909.43
1561.9641856,  91300.3,  82009.8,  778.746391061,  823.663279074,  1910.0
1561.98461984,  91431.8,  82124.1,  778.746050323,  823.663294075,  1908.31
1562.00505417,  91357.2,  82060.4,  778.746440273,  823.663071801,  1907.49
1562.02548841,  91468.3,  82159.2,  778.747020181,  823.663207468,  1906.98
1562.04592265,  91614.9,  82284.3,  778.746150885,  823.663488954,  1907.83
1562.06635689,  91517.0,  82198.6,  778.746630081,  823.663187146,  1906.71
1562.08679103,  91711.5,  82368.9,  778.746214191,  823.663255066,  1908.09
1562.10722537,  91799.2,  82445.6,  778.746559305,  823.662948156,  1906.37
1562.12765961,  91726.3,  82383.3,  778.746076653,  823.663275325,  1905.68
1562.14809375,  91993.0,  82618.9,  778.746415073,  823.663182485,  1906.63
1562.16852809,  91852.9,  82493.7,  778.746276933,  823.662813929,  1905.41
1562.18896233,  92004.9,  82630.0,  778.746279542,  823.66334841,  1905.2
1562.20939667,  92027.0,  82644.9,  778.746323536,  823.66306469,  1907.87
1562.22983081,  91962.7,  82588.1,  778.746118655,  823.663082867,  1905.44
1562.25026505,  92022.4,  82641.7,  778.746612114,  823.662927525,  1904.81
1562.27069939,  92080.4,  82692.3,  778.746387893,  823.663358219,  1905.13
1562.29113353,  91873.0,  82509.4,  778.746355421,  823.663176411,  1902.87
1562.31156777,  92064.6,  82678.6,  778.745830347,  823.663114437,  1903.34
1562.33200212,  92041.1,  82655.7,  778.746341007,  823.663143605,  1903.01
1562.35243626,  91842.8,  82481.6,  778.746607879,  823.662900466,  1904.6
1562.3728706,  92116.4,  82723.4,  778.746185508,  823.663186213,  1903.45
1562.39330484,  91969.5,  82592.8,  778.746346571,  823.66306434,  1903.02
1562.41373898,  91940.1,  82569.1,  778.746476259,  823.663043447,  1901.5
1562.43417333,  92062.4,  82673.8,  778.746642502,  823.6630244,  1902.32
1562.45460757,  92018.7,  82636.9,  778.746166372,  823.6630809,  1902.74
1562.47504171,  92013.1,  82633.1,  778.746016893,  823.662940027,  1903.37
1562.49547605,  92111.9,  82718.2,  778.746253191,  823.663293982,  1901.77
1562.5159103,  92088.0,  82696.9,  778.746442957,  823.663380647,  1901.69
1562.53634454,  92070.0,  82683.6,  778.745939203,  823.663046988,  1901.18
1562.55677878,  92139.0,  82739.3,  778.746872151,  823.662992531,  1901.34
1562.57721303,  92088.2,  82697.7,  778.746261934,  823.662947392,  1900.96
1562.59764737,  92082.1,  82692.3,  778.746235648,  823.663202141,  1901.45
1562.61808152,  92087.3,  82695.7,  778.746270964,  823.66295715,  1900.46
1562.63851576,  92028.5,  82646.4,  778.746226142,  823.663276315,  1900.51
1562.6589501,  92082.0,  82690.1,  778.746484121,  823.663000541,  1899.82
1562.67938435,  91976.4,  82596.8,  778.746778285,  823.663340093,  1899.3
1562.69981849,  91921.4,  82551.5,  778.746341465,  823.663000368,  1899.59
1562.72025284,  91960.2,  82580.3,  778.746621905,  823.663411843,  1900.32
1562.74068698,  91795.1,  82437.9,  778.746527142,  823.662987019,  1899.01
1562.76112133,  91857.7,  82492.0,  778.746663383,  823.663302841,  1900.51
1562.78155558,  91752.8,  82397.0,  778.746692809,  823.663115115,  1900.96
1562.80198972,  91753.1,  82400.6,  778.746427697,  823.662783957,  1898.26
1562.82242407,  91709.5,  82359.9,  778.74640756,  823.663128713,  1897.55
1562.84285831,  91697.8,  82348.3,  778.747424138,  823.663424248,  1898.98
1562.86329246,  91640.5,  82300.0,  778.74642527,  823.663116082,  1899.42
1562.88372681,  91693.6,  82343.3,  778.746821154,  823.663181189,  1898.5
1562.90416105,  91660.9,  82316.7,  778.746873185,  823.662971191,  1899.19
1562.9245952,  91579.9,  82246.6,  778.746422237,  823.663203747,  1898.02
1562.94502955,  91724.4,  82369.5,  778.746826829,  823.663042311,  1899.96
1562.96546379,  89364.1,  80284.6,  778.746969934,  823.663394725,  1898.49
1562.98589814,  83543.1,  75135.1,  778.74828104,  823.664483149,  1899.76
1563.00633229,  75686.0,  68184.5,  778.749574354,  823.665866392,  1898.45
1563.02676654,  67226.8,  60701.9,  778.751366722,  823.668537087,  1900.55
1563.04720089,  60285.4,  54561.0,  778.753883777,  823.670370643,  1897.05
1563.06763503,  57834.4,  52391.0,  778.754447916,  823.671461828,  1897.4
1563.08806928,  61446.0,  55590.5,  778.75330583,  823.670258479,  1899.26
1563.10850363,  68963.7,  62234.9,  778.751285147,  823.667932804,  1898.45
1563.12893778,  77515.9,  69800.8,  778.74977591,  823.66575677,  1899.65
1563.14937213,  84943.8,  76372.8,  778.747961696,  823.66439483,  1897.88
1563.16980638,  90342.4,  81145.2,  778.746632054,  823.663300542,  1897.54
1563.19024063,  91798.6,  82436.6,  778.746736334,  823.662862227,  1898.12
1563.21067488,  91643.7,  82297.7,  778.746373768,  823.66303663,  1896.77
1563.23110913,  91838.7,  82469.1,  778.746723744,  823.663084843,  1897.54
1563.25154338,  91691.5,  82340.7,  778.746475546,  823.663053432,  1901.14
1563.27197763,  91719.2,  82364.0,  778.74642692,  823.663402831,  1906.11
1563.29241188,  91826.6,  82458.7,  778.746651492,  823.663139868,  1907.94
1563.31284613,  91678.4,  82330.5,  778.746806706,  823.663277883,  1908.72
1563.33328048,  91779.5,  82415.2,  778.746483488,  823.663134202,  1909.14
1563.35371463,  91872.5,  82500.7,  778.746360205,  823.663388206,  1907.02
1563.37414888,  91730.4,  82374.6,  778.746575167,  823.663204683,  1908.88
1563.39458313,  91929.0,  82548.1,  778.746729904,  823.663065239,  1906.54
1563.41501738,  91917.7,  82539.1,  778.746960708,  823.662905038,  1907.13
1563.43545173,  91917.1,  82539.4,  778.746790469,  823.66306312,  1907.49
1563.45588588,  92011.4,  82621.8,  778.746700595,  823.662987517,  1905.29
1563.47632014,  92018.6,  82629.1,  778.746932595,  823.662954366,  1906.25
1563.49675449,  92046.8,  82652.0,  778.746736506,  823.66314308,  1906.8
1563.51718864,  92148.9,  82742.2,  778.746927212,  823.663263508,  1905.05
1563.53762299,  92052.6,  82660.8,  778.746425219,  823.662596087,  1903.96
1563.55805725,  92120.5,  82716.6,  778.746468756,  823.663031092,  1902.17
1563.5784914,  92170.3,  82763.1,  778.747033447,  823.663079561,  1901.95
1563.59892575,  92042.3,  82649.8,  778.746868511,  823.663538988,  1901.94
1563.61936001,  92166.9,  82759.0,  778.746538959,  823.662965238,  1903.53
1563.63979416,  92097.1,  82699.2,  778.746775239,  823.663060517,  1901.09
1563.66022851,  92131.7,  82728.9,  778.746755914,  823.663286864,  1900.63
1563.68066277,  92066.4,  82669.2,  778.746733859,  823.663299447,  1901.09
1563.72153127,  92097.9,  82696.3,  778.746508304,  823.663105397,  1898.77
1563.74196553,  92041.2,  82647.8,  778.746687371,  823.662756116,  1898.83
1563.76239988,  92154.0,  82751.4,  778.74653742,  823.663197273,  1898.46
1563.78283404,  92047.8,  82654.5,  778.746312494,  823.663402766,  1898.21
1563.80326829,  92141.3,  82739.8,  778.74660398,  823.663013096,  1900.37
1563.82370265,  92042.7,  82653.0,  778.746537931,  823.663680542,  1899.14
1563.8441369,  92094.8,  82696.5,  778.746352723,  823.663376937,  1901.56
1563.86457106,  92009.3,  82625.8,  778.74664072,  823.663237058,  1899.59
1563.88500541,  91956.1,  82576.4,  778.746632808,  823.663171193,  1900.2
1563.90543967,  92033.2,  82644.2,  778.746511219,  823.663380962,  1900.36
1563.92587392,  91859.9,  82493.8,  778.746715265,  823.662998442,  1901.66
1563.94630818,  91939.8,  82561.7,  778.746837609,  823.663408043,  1902.26
1563.96674244,  91868.9,  82499.9,  778.746593488,  823.663476356,  1898.93
1563.98717669,  91773.8,  82420.5,  778.746769409,  823.663371277,  1901.35
1564.00761095,  91821.2,  82460.2,  778.746324091,  823.663583511,  1899.59
1564.02804521,  91746.4,  82394.1,  778.746656537,  823.663430666,  1900.89
1564.04847946,  91704.8,  82359.0,  778.746864047,  823.663300249,  1899.96
1564.06891372,  91681.6,  82337.3,  778.74644772,  823.663470353,  1900.96
1564.08934808,  91736.8,  82388.6,  778.746325361,  823.663392875,  1901.86
1564.10978224,  91562.2,  82232.1,  778.746736485,  823.663533923,  1901.11
1564.13021649,  91655.4,  82313.4,  778.746652721,  823.663491564,  1902.24
1564.15065085,  91624.0,  82289.3,  778.74676475,  823.66339859,  1901.21
1564.17108501,  91474.4,  82155.8,  778.746734488,  823.663425463,  1900.68
1564.19151927,  91603.0,  82267.7,  778.746465629,  823.663411171,  1901.31
1564.21195363,  91399.1,  82090.9,  778.746364977,  823.663847927,  1900.02
1564.23238778,  91412.7,  82099.9,  778.746612526,  823.663589882,  1899.15
1564.25282204,  91379.5,  82071.3,  778.74663509,  823.663457629,  1897.67
1564.2732564,  91314.4,  82012.1,  778.74674717,  823.663216546,  1899.52
1564.29369056,  91257.5,  81962.4,  778.746659113,  823.663306888,  1896.93
1564.31412492,  90209.0,  81036.5,  778.747011476,  823.663471645,  1895.93
1564.33455918,  85926.8,  77247.2,  778.747885797,  823.664601723,  1899.99
1564.35499334,  80249.3,  72225.0,  778.748654482,  823.665464369,  1895.72
1564.3754277,  73892.3,  66604.2,  778.750056585,  823.667180174,  1896.23
1564.39586196,  68283.8,  61640.0,  778.751578671,  823.668580407,  1894.66
1564.41629622,  65866.1,  59501.1,  778.752045687,  823.669423328,  1895.91
1564.43673048,  67622.5,  61056.7,  778.751835963,  823.668680915,  1892.85
1564.45716474,  72725.0,  65567.2,  778.750484626,  823.667534978,  1894.47
1564.4775991,  79177.3,  71274.8,  778.749029913,  823.665933638,  1893.65
1564.49803336,  85095.7,  76509.3,  778.747907992,  823.66432423,  1891.69
1564.51846752,  89639.6,  80527.9,  778.74718464,  823.663843419,  1893.29
1564.53890189,  91399.5,  82086.5,  778.746381432,  823.663586432,  1893.79
1564.55933615,  91331.6,  82025.1,  778.747095918,  823.66344035,  1889.98
1564.57977031,  91459.9,  82136.7,  778.746616176,  823.663497543,  1891.23
1564.60020467,  91477.0,  82153.0,  778.746292411,  823.663640149,  1890.78
1564.62063893,  91426.7,  82107.0,  778.746784743,  823.66335362,  1888.43
1564.6410731,  91564.5,  82227.8,  778.74656074,  823.66353784,  1886.73
1564.66150746,  91471.7,  82147.9,  778.746404367,  823.663557543,  1887.53
1564.68194162,  91580.3,  82240.3,  778.7465949,  823.663392721,  1885.67
1564.70237598,  91537.3,  82205.1,  778.746544789,  823.663625402,  1886.26
1564.72281025,  91627.5,  82281.1,  778.746272648,  823.663350635,  1883.04
1564.74324441,  91575.3,  82234.0,  778.746602226,  823.66347991,  1883.04
1564.76367877,  91673.8,  82322.7,  778.746456878,  823.663436266,  1883.93
1564.78411304,  91663.4,  82311.9,  778.746405003,  823.663404949,  1883.51
1564.8045472,  91630.2,  82281.0,  778.746376803,  823.663671114,  1881.45
1564.82498156,  91767.4,  82404.6,  778.74646001,  823.663715426,  1881.82
1564.84541583,  91666.1,  82311.3,  778.746587656,  823.663461794,  1880.93
1564.86585019,  91732.3,  82370.5,  778.746514749,  823.663350596,  1880.1
1564.88628436,  91803.5,  82433.4,  778.746398664,  823.66334413,  1881.16
1564.90671862,  91755.8,  82389.0,  778.746773329,  823.663212526,  1880.84
1564.92715298,  91828.9,  82455.2,  778.74650242,  823.663497756,  1880.1
1564.94758715,  91924.9,  82539.2,  778.746519976,  823.663588852,  1881.43
1564.96802141,  91830.7,  82452.7,  778.746292263,  823.663712749,  1880.19
1564.98845578,  91959.3,  82569.0,  778.746645903,  823.66329347,  1877.57
1565.00888995,  91973.1,  82580.1,  778.746440143,  823.663557095,  1880.14
1565.02932421,  91901.8,  82513.6,  778.746774006,  823.663497504,  1880.73
1565.04975858,  92154.7,  82740.8,  778.746538207,  823.663494075,  1877.33
1565.07019284,  91957.0,  82563.2,  778.74643117,  823.663466734,  1878.91
1565.09062711,  92154.4,  82737.4,  778.746728617,  823.66375804,  1879.14
1565.11106137,  92150.1,  82736.1,  778.746202366,  823.663427343,  1880.36
1565.13149564,  92106.8,  82695.0,  778.746423054,  823.66361214,  1879.28
1565.15192991,  92223.2,  82797.9,  778.746203442,  823.663698239,  1880.51
1565.17236417,  92151.1,  82732.3,  778.746750195,  823.663345256,  1877.3
1565.19279844,  92211.6,  82785.1,  778.746309937,  823.663547502,  1878.31
1565.21323281,  92184.7,  82763.4,  778.746291358,  823.663357699,  1879.7
1565.23366698,  92140.2,  82723.3,  778.746735604,  823.66365224,  1877.37
1565.25410134,  92084.4,  82671.2,  778.746489825,  823.66351799,  1876.69
1565.27453561,  92158.0,  82739.6,  778.746631738,  823.663405542,  1877.96
1565.29496978,  91943.3,  82544.9,  778.746614773,  823.663623653,  1877.96
1565.31540415,  91996.6,  82593.7,  778.746359427,  823.66327016,  1877.85
1565.33583832,  92005.7,  82602.4,  778.746758619,  823.663577527,  1877.49
1565.35627258,  91805.9,  82422.8,  778.746747987,  823.66346059,  1878.26
1565.37670695,  91994.5,  82590.5,  778.746710804,  823.66333966,  1878.78
1565.39714112,  91824.6,  82441.5,  778.74675215,  823.663453395,  1877.11
1565.41757539,  91844.2,  82455.2,  778.746566806,  823.663442136,  1879.0
1565.43800976,  91835.7,  82450.2,  778.746612729,  823.663543068,  1878.02
1565.45844393,  91834.0,  82446.6,  778.746588269,  823.663646356,  1876.49
1565.4788783,  91801.2,  82417.2,  778.746418586,  823.663559224,  1880.1
1565.49931257,  91787.2,  82407.4,  778.746733111,  823.663527898,  1879.78
1565.51974674,  91874.2,  82481.0,  778.746437888,  823.663557588,  1879.46
1565.54018111,  91621.2,  82258.1,  778.747886492,  823.663197374,  1878.6
1565.56061538,  91801.3,  82418.9,  778.746431751,  823.66351403,  1879.11
1565.58104965,  91757.9,  82375.9,  778.746595048,  823.663262295,  1878.92
1565.60148392,  91683.8,  82313.0,  778.746886276,  823.663425145,  1878.06
1565.62191819,  91746.7,  82367.0,  778.746454061,  823.663453741,  1878.97
1565.64235256,  91712.7,  82335.4,  778.746796822,  823.663256808,  1878.75
1565.66278673,  90865.0,  81587.2,  778.746621708,  823.663502657,  1878.25
1565.683221,  86158.4,  77422.1,  778.747742521,  823.664201574,  1878.13
1565.70365537,  78916.2,  71015.9,  778.748955576,  823.66596803,  1876.48
1565.72408964,  70440.5,  63518.9,  778.750975385,  823.668013668,  1876.42
1565.74452382,  62639.6,  56618.5,  778.753428322,  823.670088346,  1876.75
1565.76495819,  57968.4,  52487.1,  778.754754671,  823.671540295,  1876.11
1565.78539246,  59445.1,  53792.0,  778.754291702,  823.671210798,  1877.15
1565.80582673,  65817.9,  59427.2,  778.752587224,  823.669223779,  1877.24
1565.82626101,  74132.0,  66784.6,  778.750569366,  823.666930514,  1875.02
1565.84669528,  82320.4,  74025.9,  778.748516948,  823.665089929,  1874.45
1565.86712965,  88533.4,  79519.8,  778.747362147,  823.663652267,  1874.32
1565.88756382,  91556.9,  82196.8,  778.746469422,  823.663448985,  1874.2
1565.9079981,  91711.0,  82331.4,  778.747062918,  823.663770272,  1874.85
1565.92843247,  91590.6,  82224.0,  778.746686609,  823.663393484,  1874.0
1565.94886664,  91691.9,  82316.9,  778.746757172,  823.663619141,  1875.36
1565.96930092,  91761.9,  82374.6,  778.746875651,  823.663797955,  1875.28
1565.98973519,  91574.1,  82211.2,  778.74670039,  823.663294351,  1873.06
1566.01016946,  91824.0,  82432.7,  778.746611466,  823.663368275,  1873.94
1566.03060384,  91741.3,  82357.5,  778.746691888,  823.663594011,  1872.19
1566.05103801,  91757.1,  82372.9,  778.746775708,  823.663349744,  1873.74
1566.07147229,  91951.6,  82543.7,  778.746852141,  823.663580018,  1872.4
1566.09190666,  91811.9,  82419.2,  778.74671043,  823.663551897,  1872.86
1566.11234084,  92013.8,  82599.4,  778.746632655,  823.663312905,  1870.1
1566.13277511,  91995.6,  82580.3,  778.746669109,  823.663665059,  1870.58
1566.15320949,  91989.9,  82574.7,  778.746937318,  823.66328943,  1870.52
1566.17364366,  92124.4,  82697.6,  778.746786526,  823.663385602,  1871.47
1566.19407804,  92134.9,  82701.7,  778.746922013,  823.663471567,  1872.6
1566.21451231,  92051.7,  82630.8,  778.746839946,  823.663708698,  1872.4
1566.23494649,  92213.3,  82774.7,  778.747099699,  823.663480847,  1870.05
1566.25538087,  92128.0,  82696.9,  778.746757711,  823.6634718,  1870.05
1566.27581514,  92012.3,  82596.6,  778.746979395,  823.663430012,  1868.86
1566.29624942,  92243.2,  82800.7,  778.746499954,  823.663482311,  1869.52
1566.31668369,  91981.6,  82568.3,  778.746704319,  823.663639592,  1868.73
1566.33711797,  92054.0,  82634.3,  778.746736103,  823.663380633,  1868.03
1566.35755225,  92083.6,  82658.2,  778.746735952,  823.663464593,  1867.32
1566.37798663,  91953.0,  82542.6,  778.74656908,  823.663381455,  1868.62
1566.3984208,  91986.8,  82574.9,  778.746393595,  823.663289988,  1868.99
1566.41885518,  92013.4,  82595.8,  778.74656115,  823.663441863,  1865.53
1566.43928946,  91956.2,  82545.0,  778.746840607,  823.663467881,  1867.12
1566.45972364,  91935.7,  82528.6,  778.747109396,  823.66375327,  1865.55
1566.48015801,  92043.4,  82621.8,  778.74653905,  823.663366704,  1866.38
1566.50059229,  91861.8,  82463.9,  778.746724853,  823.663594636,  1867.18
1566.52102647,  92071.0,  82644.9,  778.746572649,  823.663637597,  1869.15
1566.54146085,  91953.6,  82541.6,  778.74687464,  823.663549089,  1867.09
1566.56189513,  91931.1,  82524.6,  778.746837386,  823.662979152,  1866.66
1566.58232941,  92016.7,  82598.2,  778.746980537,  823.663587418,  1865.87
1566.60276368,  91906.8,  82501.0,  778.746660328,  823.663384013,  1867.66
1566.62319786,  91983.2,  82571.4,  778.74694389,  823.66391897,  1866.14
1566.64363224,  91977.1,  82562.9,  778.746617778,  823.663484683,  1864.6
1566.66406652,  91970.8,  82558.9,  778.74690399,  823.66340495,  1867.22
1566.70493508,  91969.6,  82556.4,  778.746726262,  823.663455496,  1866.65
1566.72536936,  91861.6,  82462.8,  778.746904738,  823.663568216,  1866.68
1566.74580364,  91831.9,  82434.9,  778.746670395,  823.663481478,  1866.35
1566.76623792,  91859.2,  82459.0,  778.746522553,  823.663506836,  1867.51
1566.7866722,  91716.0,  82336.4,  778.746600762,  823.663883146,  1865.4
1566.80710658,  91779.6,  82388.6,  778.746631257,  823.663676551,  1865.96
1566.82754076,  91603.8,  82235.5,  778.746493688,  823.663704342,  1865.82
1566.84797504,  91602.8,  82234.8,  778.746511591,  823.663771247,  1865.02
1566.86840943,  91526.7,  82165.8,  778.746554676,  823.663664548,  1866.55
1566.88884371,  91410.7,  82066.3,  778.746595532,  823.663698752,  1865.07
1566.90927789,  91418.9,  82074.0,  778.7463739,  823.664050674,  1864.87
1566.92971227,  91316.4,  81981.2,  778.746615524,  823.663810624,  1864.53
1566.95014655,  91264.3,  81937.5,  778.746469497,  823.664338472,  1864.29
1566.97058083,  91270.6,  81942.6,  778.746473431,  823.66394089,  1863.89
1566.99101512,  91278.7,  81949.8,  778.746459332,  823.664038976,  1864.29
1567.0114494,  90802.8,  81531.3,  778.746676462,  823.663911142,  1862.56
1567.03188368,  87914.7,  78974.6,  778.747198052,  823.664546052,  1864.22
1567.05231796,  82623.5,  74295.0,  778.748863471,  823.665819218,  1864.2
1567.07275225,  76299.5,  68702.8,  778.749980005,  823.666859351,  1863.48
1567.09318663,  70387.8,  63472.6,  778.750968949,  823.668630906,  1861.49
1567.11362081,  66411.0,  59957.7,  778.752260138,  823.669953478,  1861.67
1567.1340552,  66582.6,  60107.4,  778.751988894,  823.669651316,  1864.41
1567.15448948,  70690.1,  63740.2,  778.750472311,  823.668949587,  1861.91
1567.17492366,  76773.5,  69123.0,  778.749503154,  823.66665606,  1863.83
1567.19535805,  82993.3,  74622.1,  778.748189636,  823.665312833,  1862.61
1567.21579233,  88233.9,  79258.6,  778.747172834,  823.664240007,  1861.7
1567.23622652,  91046.6,  81747.6,  778.746255584,  823.664108341,  1861.82
1567.2566609,  91423.8,  82079.1,  778.746165113,  823.664041249,  1861.95
1567.27709508,  91309.0,  81978.8,  778.746724757,  823.663927495,  1860.79
1567.29752937,  91370.3,  82033.1,  778.746865545,  823.663677817,  1860.17
1567.31796375,  91442.0,  82094.0,  778.746658961,  823.663929639,  1861.35
1567.33839794,  91329.7,  81997.2,  778.746785848,  823.663859009,  1862.54
1567.35883232,  91470.2,  82122.4,  778.746919966,  823.663925214,  1861.68
1567.37926661,  91449.4,  82100.5,  778.746669534,  823.663920184,  1861.14
1567.39970079,  91443.6,  82098.4,  778.746800424,  823.663836598,  1859.83
1567.42013518,  91548.6,  82188.4,  778.746341285,  823.663896469,  1860.54
1567.44056947,  91628.2,  82258.2,  778.746722556,  823.663912588,  1860.26
1567.46100375,  91503.6,  82152.6,  778.746740378,  823.663915148,  1858.72
1567.48143804,  91710.8,  82330.0,  778.746464652,  823.664012536,  1861.23
1567.50187232,  91725.6,  82343.2,  778.746579628,  823.663824885,  1861.01
1567.52230671,  91712.1,  82333.2,  778.746460809,  823.667161786,  1873.61
1567.5427409,  91826.4,  82432.0,  778.746520137,  823.663453904,  1859.68
1567.56317518,  91756.8,  82371.4,  778.746711149,  823.663648788,  1859.3
1567.58360957,  91771.6,  82384.0,  778.746534676,  823.663534712,  1859.3
1567.60404386,  91871.2,  82469.2,  778.746799643,  823.663307726,  1859.01
1567.62447805,  91862.4,  82464.2,  778.746303053,  823.663741435,  1858.39
1567.64491243,  91845.6,  82445.6,  778.746311204,  823.663616532,  1860.19
1567.66534672,  91954.7,  82541.2,  778.746478309,  823.663635514,  1860.28
1567.68578091,  91918.5,  82510.9,  778.746552041,  823.663829265,  1858.25
1567.7062153,  91942.1,  82529.2,  778.746442222,  823.663680871,  1859.77
1567.72664959,  92101.1,  82671.9,  778.746365875,  823.663680501,  1858.88
1567.74708397,  91923.1,  82515.0,  778.74638589,  823.663527159,  1857.59
1567.76751816,  92130.7,  82693.9,  778.746602012,  823.663880231,  1858.2
1567.78795245,  92043.8,  82618.6,  778.746646896,  823.663429603,  1857.66
1567.80838684,  92010.4,  82589.3,  778.746489798,  823.663480617,  1856.48
1567.82882103,  92122.1,  82685.4,  778.746787167,  823.663536318,  1858.19
1567.84925532,  92040.9,  82616.4,  778.746609469,  823.663732984,  1857.07
1567.86968971,  92082.3,  82648.9,  778.746694371,  823.663701026,  1858.31
1567.8901239,  92090.2,  82655.9,  778.746539946,  823.66370408,  1857.1
1567.91055829,  92093.4,  82660.6,  778.746577066,  823.663612984,  1856.19
1567.93099248,  91978.6,  82557.4,  778.746552415,  823.66349729,  1857.89
1567.95142677,  92146.3,  82705.4,  778.746468662,  823.663503454,  1857.37
1567.97186116,  91959.2,  82541.5,  778.746629433,  823.66355586,  1857.06
1567.99229535,  92040.3,  82609.5,  778.746575178,  823.66379527,  1858.05
1568.01272964,  92053.6,  82624.0,  778.746660455,  823.663419001,  1856.65
1568.03316403,  91895.0,  82482.0,  778.746515942,  823.663514946,  1858.09
1568.05359822,  92039.9,  82607.2,  778.746694265,  823.663485288,  1858.51
1568.07403251,  91835.9,  82429.7,  778.746351156,  823.663660834,  1858.74
1568.0944669,  91983.0,  82558.1,  778.746407297,  823.66379558,  1856.47
1568.11490119,  91831.5,  82423.2,  778.746553808,  823.663810461,  1857.38
1568.13533548,  91876.2,  82463.7,  778.746598584,  823.663673272,  1857.21
1568.15576977,  91867.6,  82453.6,  778.746484006,  823.663753437,  1857.36
1568.17620407,  91779.7,  82374.8,  778.746704087,  823.663695037,  1857.87
1568.19663836,  91790.4,  82386.2,  778.746920763,  823.663694969,  1857.3
1568.21707265,  91723.5,  82324.2,  778.746733253,  823.663490862,  1857.3
1568.23750694,  91785.0,  82381.7,  778.746648852,  823.663673322,  1855.47
1568.25794133,  91602.0,  82216.2,  778.746592425,  823.663763044,  1857.6
1568.27837553,  91764.4,  82360.8,  778.746757775,  823.663779703,  1857.41
1568.29880992,  91627.1,  82239.9,  778.746645084,  823.663526766,  1856.49
1568.31924421,  91669.0,  82276.2,  778.746669501,  823.663750893,  1855.79
1568.33967841,  91736.3,  82334.9,  778.746746187,  823.663725176,  1856.48
1568.3601128,  91441.1,  82075.3,  778.746898759,  823.663639577,  1858.82
1568.38054709,  88409.4,  79389.9,  778.747333919,  823.664164466,  1858.27
1568.40098129,  81850.0,  73589.2,  778.7488908,  823.665175928,  1856.57
1568.42141568,  73742.1,  66417.9,  778.750072173,  823.667248678,  1856.3
1568.44184997,  65371.4,  59013.0,  778.752557168,  823.669277596,  1857.79
1568.46228417,  59207.8,  53562.3,  778.754230323,  823.671272455,  1854.97
1568.48271856,  58114.6,  52592.1,  778.75470262,  823.671775689,  1857.61
1568.50315286,  62949.7,  56869.6,  778.752797542,  823.667987495,  1857.41
1568.52358725,  70835.0,  63846.9,  778.750984717,  823.667674562,  1855.92
1568.54402145,  79281.6,  71312.2,  778.749600198,  823.664591118,  1856.79
1568.56445564,  86545.4,  77740.3,  778.74798396,  823.664356748,  1856.31
1568.58489004,  90912.8,  81604.2,  778.746875231,  823.663659121,  1857.95
1568.60532433,  91692.2,  82291.3,  778.746825416,  823.663676739,  1856.43
1568.62575863,  91747.3,  82340.8,  778.747085577,  823.663449575,  1856.28
1568.64619292,  91653.9,  82257.7,  778.746734823,  823.663599442,  1856.07
1568.66662722,  91658.2,  82259.9,  778.746535725,  823.663477606,  1855.66
1568.68706161,  91860.6,  82440.9,  778.746583367,  823.663450529,  1856.64
1568.70749581,  91562.7,  82176.8,  778.74677022,  823.663801405,  1858.0
1568.72793011,  91878.5,  82455.6,  778.746584843,  823.663338034,  1856.12
1568.7483645,  91800.0,  82388.8,  778.74667738,  823.663570269,  1857.51
1568.7687988,  91682.8,  82281.4,  778.746800725,  823.663558561,  1857.16
1568.78923299,  92022.0,  82581.9,  778.746686095,  823.663593069,  1856.44
1568.80966739,  91796.2,  82383.8,  778.746591122,  823.663751521,  1857.24
1568.83010169,  91904.7,  82475.9,  778.746616917,  823.663532014,  1858.27
1568.85053599,  92048.5,  82606.2,  778.746473489,  823.663536786,  1857.96
1568.87097028,  91964.5,  82532.0,  778.746535527,  823.663842813,  1860.75
1568.89140458,  91897.3,  82471.4,  778.746592566,  823.663502102,  1862.74
1568.91183898,  92221.3,  82757.9,  778.746724208,  823.663819853,  1861.75
1568.93227318,  91972.4,  82536.2,  778.746864598,  823.663649151,  1864.1
1568.95270747,  92060.3,  82614.8,  778.746803217,  823.6636027,  1878.0
1568.97314187,  92295.5,  82824.6,  778.746539571,  823.663750225,  1864.71
1568.99357607,  92022.7,  82579.8,  778.746862056,  823.663623069,  1863.7
1569.01401037,  92324.0,  82849.5,  778.746584029,  823.663441803,  1861.59
1569.03444477,  92152.3,  82696.7,  778.7469684,  823.663606759,  1862.07
1569.05487897,  92201.2,  82737.5,  778.746799186,  823.663693128,  1861.34
1569.07531336,  92212.0,  82749.0,  778.746595213,  823.663509436,  1861.95
1569.09574766,  92168.5,  82710.5,  778.746846819,  823.663755805,  1863.21
1569.11618186,  92120.3,  82666.9,  778.746859323,  823.663616549,  1859.58
1569.13661626,  92140.7,  82686.4,  778.746794632,  823.663683652,  1859.37
1569.15705056,  92052.5,  82607.0,  778.746685475,  823.663665297,  1858.99
1569.17748476,  92009.9,  82568.9,  778.746452352,  823.663686802,  1858.48
1569.19791916,  92046.7,  82604.7,  778.74676333,  823.663440102,  1859.08
1569.21835336,  91831.6,  82410.8,  778.746592654,  823.663525934,  1858.01
1569.23878776,  91996.9,  82559.4,  778.746895088,  823.663657679,  1860.09
1569.25922206,  91851.2,  82431.0,  778.746740187,  823.663899294,  1858.45
1569.27965626,  91795.6,  82378.2,  778.746814856,  823.663682685,  1859.18
1569.30009066,  91943.8,  82513.1,  778.746993229,  823.663854078,  1858.01
1569.32052496,  91801.5,  82385.3,  778.746801903,  823.663361792,  1857.26
1569.34095926,  91837.2,  82414.9,  778.747019969,  823.663752285,  1857.48
1569.36139357,  91903.5,  82477.3,  778.746860971,  823.663443355,  1857.19
1569.38182787,  91848.5,  82425.7,  778.746500732,  823.663535528,  1855.92
1569.40226217,  91797.8,  82381.6,  778.747006492,  823.663776258,  1858.01
1569.42269647,  92004.5,  82566.8,  778.74663975,  823.66360927,  1858.29
1569.44313077,  91758.3,  82346.7,  778.747057442,  823.663709499,  1857.6
1569.46356517,  91809.0,  82393.7,  778.746992411,  823.663732981,  1856.5
1569.48399948,  91910.7,  82484.1,  778.746947024,  823.663602139,  1855.48
1569.50443368,  91621.1,  82224.4,  778.747049234,  823.663894233,  1855.66
1569.52486808,  91773.4,  82359.8,  778.746953419,  823.663473495,  1856.18
1569.54530238,  91615.2,  82220.5,  778.7471228,  823.664059284,  1853.12
1569.56573659,  91548.0,  82159.2,  778.746790162,  823.663548311,  1853.29
1569.58617099,  91503.9,  82124.8,  778.746950518,  823.664020012,  1852.94
1569.60660529,  91442.1,  82067.4,  778.747251374,  823.663559086,  1853.35
1569.62703969,  91316.0,  81953.9,  778.747066662,  823.663610292,  1851.59
1569.6474739,  91338.2,  81976.6,  778.747102871,  823.663776533,  1851.06
1569.6883426,  91135.6,  81798.1,  778.747101789,  823.663744276,  1851.84
1569.70877681,  91225.8,  81877.6,  778.746822863,  823.663902624,  1849.38
1569.72921111,  89254.9,  80132.5,  778.746966672,  823.664320656,  1849.22
1569.74964552,  84807.7,  76200.8,  778.748204695,  823.664970898,  1851.44
1569.77007972,  78660.7,  70762.9,  778.74945303,  823.666439018,  1849.93
1569.79051403,  72474.0,  65289.9,  778.750794188,  823.667880284,  1850.29
1569.81094843,  67442.6,  60843.8,  778.752135092,  823.669346514,  1849.9
1569.83138263,  65871.9,  59451.3,  778.752260543,  823.670159291,  1849.94
1569.85181704,  68676.1,  61933.7,  778.751459311,  823.669142479,  1850.04
1569.87225124,  74296.7,  66908.0,  778.750135688,  823.6677533,  1846.82
1569.89268555,  80654.5,  72529.7,  778.748648988,  823.666065238,  1850.51
1569.91311996,  86421.0,  77634.8,  778.747984083,  823.664697736,  1849.5
1569.93355416,  90497.7,  81239.8,  778.747090826,  823.664152602,  1849.26
1569.95398847,  91557.3,  82176.2,  778.745250877,  823.664596421,  1849.52
1569.97442287,  91488.5,  82118.0,  778.746649288,  823.663914596,  1850.98
1569.99485718,  91522.4,  82148.0,  778.746486052,  823.664224665,  1850.27
1570.01529148,  91476.8,  82109.1,  778.746412595,  823.664179566,  1848.26
1570.03572579,  91519.6,  82149.2,  778.746784242,  823.663915368,  1848.38
1570.0561601,  91546.9,  82169.3,  778.746428418,  823.664283593,  1849.39
1570.0765944,  91509.6,  82137.7,  778.746475205,  823.664076795,  1845.89
1570.09702871,  91435.9,  82074.1,  778.746776293,  823.66415964,  1848.92
1570.11746302,  91586.9,  82204.3,  778.746770394,  823.664370533,  1847.86
1570.13789742,  91386.3,  82030.5,  778.746835196,  823.663989719,  1847.46
1570.15833163,  91515.4,  82144.8,  778.746707565,  823.664302663,  1847.4
1570.17876604,  91436.9,  82074.3,  778.746607364,  823.664248347,  1848.28
1570.19920035,  91470.2,  82106.7,  778.746590712,  823.663926548,  1847.3
1570.21963455,  91588.4,  82208.7,  778.746788152,  823.664031715,  1847.28
1570.24006896,  91451.9,  82086.1,  778.747186659,  823.663717733,  1847.44
1570.26050327,  91644.7,  82261.6,  778.746665307,  823.663856391,  1847.87
1570.28093748,  91666.4,  82276.9,  778.746942309,  823.664071588,  1847.9
1570.30137189,  91692.5,  82301.5,  778.746860819,  823.664079715,  1845.69
1570.32180619,  91768.3,  82369.1,  778.746448847,  823.664301843,  1846.32
1570.3422404,  91996.1,  82567.6,  778.74657751,  823.664114171,  1847.18
1570.36267481,  91866.4,  82454.0,  778.746701169,  823.66405848,  1845.78
1570.38310912,  92153.4,  82707.9,  778.746674953,  823.66413152,  1845.73
1570.40354343,  92151.9,  82702.9,  778.746650688,  823.664167418,  1844.4
1570.42397774,  92100.6,  82660.5,  778.746472124,  823.664191756,  1844.26
1570.44441205,  92376.8,  82902.2,  778.746347747,  823.664021467,  1844.46
1570.46484636,  92166.0,  82714.9,  778.746584884,  823.663945427,  1844.59
1570.48528067,  92297.6,  82833.4,  778.746638627,  823.664014227,  1843.72
1570.50571498,  92296.4,  82828.3,  778.746335338,  823.664172297,  1844.88
1570.52614929,  92188.9,  82733.5,  778.746758201,  823.66411202,  1843.14
1570.5465836,  92164.6,  82714.4,  778.746599023,  823.664210526,  1842.28
1570.56701801,  92217.4,  82758.4,  778.746751777,  823.663966784,  1843.43
1570.58745222,  91985.2,  82554.8,  778.746924667,  823.664107599,  1842.03
1570.60788653,  92070.1,  82629.2,  778.746863631,  823.66410025,  1841.1
1570.62832094,  92066.5,  82622.7,  778.746649039,  823.664351334,  1844.65
1570.64875525,  91841.1,  82426.8,  778.746657458,  823.663783065,  1841.58
1570.66918946,  91998.2,  82562.7,  778.746492459,  823.664080675,  1842.2
1570.68962387,  91838.6,  82419.1,  778.746807673,  823.664019736,  1842.69
1570.71005818,  91862.0,  82442.5,  778.74686907,  823.664085821,  1842.43
1570.7304924,  91981.9,  82543.0,  778.746822697,  823.663835867,  1842.87
1570.75092681,  91777.8,  82365.3,  778.74692978,  823.663932316,  1842.14
1570.77136112,  91912.8,  82485.4,  778.746695186,  823.664127413,  1841.1
1570.79179553,  91906.8,  82475.9,  778.746841336,  823.664050027,  1841.64
1570.81222974,  91801.6,  82386.2,  778.746714976,  823.664119306,  1842.13
1570.83266406,  91863.1,  82437.7,  778.746919717,  823.663762173,  1840.96
1570.85309847,  91906.8,  82475.0,  778.746872994,  823.664168975,  1841.12
1570.87353268,  91805.1,  82388.8,  778.747024219,  823.664064149,  1841.26
1570.89396699,  91828.4,  82405.8,  778.746972141,  823.664133148,  1840.99
1570.91440141,  91889.7,  82459.4,  778.746911224,  823.663785081,  1841.06
1570.93483562,  91760.7,  82347.3,  778.746752001,  823.664088582,  1840.11
1570.95527003,  91916.4,  82481.9,  778.746643118,  823.664279059,  1839.46
1570.97570435,  91813.1,  82391.1,  778.746936956,  823.664157727,  1839.34
1570.99613856,  91784.4,  82365.4,  778.746821886,  823.664043836,  1838.44
1571.01657297,  91876.1,  82445.8,  778.74679638,  823.663883875,  1839.59
1571.03700729,  91793.0,  82373.4,  778.746779769,  823.664002464,  1840.35
1571.0574415,  91678.9,  82270.2,  778.747042791,  823.664050099,  1840.65
1571.07787591,  90238.5,  80993.9,  778.747281954,  823.664193628,  1840.25
1571.09831023,  84615.1,  76024.4,  778.748361213,  823.664856833,  1839.8
1571.11874444,  76942.1,  69233.4,  778.749892899,  823.666740924,  1839.41
1571.13917886,  68541.3,  61802.7,  778.751752934,  823.668579901,  1841.94
1571.15961317,  61129.6,  55248.0,  778.753973559,  823.671203161,  1841.34
1571.18004749,  57720.9,  52229.1,  778.755030562,  823.672313452,  1840.94
1571.2004818,  60526.5,  54711.5,  778.754477973,  823.671371687,  1842.15
1571.22091612,  67718.5,  61074.3,  778.751869956,  823.668767258,  1839.72
1571.24135043,  76045.7,  68436.1,  778.749763907,  823.666912786,  1841.39
1571.26178475,  83958.7,  75438.4,  778.748644396,  823.665075139,  1841.18
1571.28221906,  89600.8,  80429.2,  778.747260877,  823.664482599,  1839.68
1571.30265338,  91644.1,  82234.6,  778.7467264,  823.663961795,  1844.11
1571.3230877,  91651.6,  82244.5,  778.747093978,  823.663984508,  1843.61
1571.34352211,  91750.6,  82327.2,  778.746907766,  823.664152701,  1843.66
1571.36395643,  91792.4,  82365.5,  778.746902674,  823.66398341,  1843.85
1571.38439064,  91764.7,  82343.4,  778.747029563,  823.664021892,  1844.9
1571.40482506,  91990.1,  82537.2,  778.746550395,  823.663784108,  1845.39
1571.42525938,  91814.6,  82384.1,  778.747183776,  823.663897776,  1844.89
1571.44569359,  91944.8,  82499.4,  778.747367828,  823.663919759,  1845.03
1571.46612801,  92007.5,  82553.1,  778.746568352,  823.663670233,  1846.47
1571.48656233,  91917.1,  82476.4,  778.746903497,  823.663957624,  1846.57
1571.50699655,  92070.0,  82609.4,  778.746589561,  823.663747425,  1847.85
1571.52743096,  91971.7,  82521.9,  778.747026709,  823.663685336,  1846.27
1571.54786528,  92013.6,  82559.1,  778.746785714,  823.66386826,  1847.42
1571.5682997,  91976.3,  82525.8,  778.746905603,  823.663823717,  1847.04
1571.58873392,  92083.9,  82621.2,  778.746912809,  823.663976984,  1847.16
1571.60916823,  91915.7,  82472.6,  778.747132617,  823.663756857,  1848.01
1571.62960265,  92103.8,  82637.4,  778.746532811,  823.663969102,  1848.34
1571.65003687,  92031.2,  82575.4,  778.746743987,  823.663790049,  1848.45
1571.67047119,  91890.5,  82451.5,  778.7467433,  823.663871718,  1847.58
1571.69090561,  92165.7,  82690.7,  778.747193705,  823.663935138,  1849.79
1571.71133983,  91941.2,  82494.9,  778.746945422,  823.663771339,  1849.48
1571.73177424,  92068.3,  82604.0,  778.747030573,  823.664089618,  1849.65
1571.75220856,  92109.9,  82641.6,  778.746806807,  823.663572937,  1847.51
1571.77264278,  92098.5,  82633.8,  778.746970096,  823.663773487,  1848.65
1571.7930772,  92067.0,  82602.7,  778.747217229,  823.663983705,  1847.77
1571.81351152,  92198.8,  82720.1,  778.746927373,  823.664103085,  1847.65
1571.83394574,  92032.8,  82574.9,  778.746987664,  823.66399795,  1846.31
1571.85438016,  92135.9,  82663.8,  778.747096999,  823.664296807,  1847.63
1571.87481448,  92179.9,  82705.9,  778.746898757,  823.663956651,  1846.57
1571.8952487,  92010.5,  82554.0,  778.746582333,  823.663907602,  1847.34
1571.91568312,  92179.1,  82701.1,  778.746834356,  823.663893326,  1845.39
1571.93611744,  92112.9,  82645.2,  778.746690704,  823.663831862,  1845.43
1571.95655186,  92059.5,  82595.6,  778.74700623,  823.664244256,  1845.87
1571.97698608,  92121.9,  82650.7,  778.746879078,  823.664098915,  1847.68
1571.9974204,  92001.7,  82547.4,  778.747105862,  823.663849612,  1846.13
1572.01785482,  92011.9,  82553.5,  778.746998175,  823.664266933,  1846.5
1572.03828905,  92070.6,  82604.7,  778.747119824,  823.663914779,  1846.06
1572.05872337,  91961.8,  82510.5,  778.746906823,  823.664168606,  1846.31
1572.07915779,  91883.9,  82439.0,  778.747108649,  823.663889825,  1844.19
1572.09959201,  91966.2,  82516.2,  778.746931903,  823.664114382,  1843.4
1572.12002643,  91737.7,  82312.0,  778.747469239,  823.664068817,  1842.95
1572.14046075,  91777.2,  82346.2,  778.746471897,  823.664273493,  1844.2
1572.16089497,  91713.9,  82291.3,  778.747390781,  823.663970162,  1841.35
1572.1813294,  91561.4,  82154.1,  778.747080905,  823.66410765,  1842.66
1572.20176372,  91641.9,  82227.3,  778.746990282,  823.664011411,  1840.38
1572.22219794,  91486.9,  82089.9,  778.747310078,  823.66400133,  1840.82
1572.24263236,  91492.6,  82093.0,  778.746896349,  823.664209305,  1838.26
1572.26306669,  91473.1,  82077.6,  778.746889597,  823.664310915,  1838.71
1572.28350101,  91432.4,  82043.9,  778.746924646,  823.663791872,  1838.03
1572.30393533,  91365.1,  81980.6,  778.747131701,  823.663966304,  1839.43
1572.32436966,  91487.7,  82090.2,  778.747404184,  823.664010868,  1838.53
1572.34480398,  91351.4,  81968.4,  778.747030717,  823.664110446,  1838.06
1572.3652383,  91406.1,  82017.6,  778.747130889,  823.664373591,  1839.08
1572.38567263,  91458.2,  82066.3,  778.747462532,  823.663801574,  1838.66
1572.40610695,  91331.1,  81950.5,  778.747401087,  823.664414837,  1839.37
1572.42654127,  90718.3,  81409.8,  778.747357569,  823.66378369,  1838.64
1572.4469756,  86933.3,  78063.0,  778.74821242,  823.66497917,  1839.13
1572.46740992,  81275.1,  73055.7,  778.74939373,  823.666049173,  1838.54
1572.48784425,  75014.6,  67519.9,  778.750446793,  823.667540085,  1837.53
1572.50827867,  69154.9,  62336.4,  778.752009896,  823.669002078,  1838.96
1572.52871299,  65990.0,  59534.8,  778.752792662,  823.670317312,  1839.6
1572.54914722,  67254.0,  60655.6,  778.752445729,  823.669842793,  1839.21
1572.56958164,  71821.8,  64695.5,  778.751131304,  823.668384721,  1838.66
1572.59001597,  78177.6,  70317.2,  778.747959046,  823.667697788,  1839.59
1572.61045019,  83170.0,  74735.1,  778.745408491,  823.669254668,  1837.84
1572.63088462,  88985.3,  79878.0,  778.747654528,  823.664450161,  1838.44
1572.67175317,  91269.5,  81900.5,  778.746887889,  823.664002739,  1838.6
1572.6921876,  91270.8,  81900.2,  778.747152163,  823.664278945,  1841.1
1572.71262192,  91343.6,  81966.0,  778.747215157,  823.664112084,  1841.48
1572.73305635,  91411.8,  82027.0,  778.746939741,  823.664493672,  1841.51
1572.75349057,  91371.5,  81989.3,  778.746919541,  823.664145424,  1842.1
1572.7739249,  91449.1,  82062.5,  778.747032937,  823.664272127,  1841.15
1572.79435933,  91521.4,  82125.7,  778.746806491,  823.664194841,  1841.66
1572.81479355,  91453.2,  82066.9,  778.74718584,  823.664107004,  1842.65
1572.83522788,  91589.3,  82190.0,  778.746988791,  823.66428732,  1844.48
1572.85566231,  91557.7,  82159.7,  778.746871711,  823.664314855,  1847.89
1572.87609653,  91618.1,  82215.5,  778.747102787,  823.664362887,  1850.99
1572.89653096,  91635.3,  82232.1,  778.746889704,  823.664126677,  1856.34
1572.91696529,  91649.0,  82242.9,  778.747171372,  823.664287202,  1853.46
1572.93739952,  91784.5,  82366.7,  778.746840425,  823.664423754,  1854.61
1572.95783394,  91692.3,  82283.7,  778.746642617,  823.664616272,  1852.41
1572.97826827,  91816.1,  82393.7,  778.74710026,  823.66438106,  1846.33
1572.9987026,  91812.7,  82392.4,  778.746876427,  823.664455035,  1838.26
1573.01913693,  91860.6,  82434.7,  778.746817589,  823.664674009,  1835.77
1573.03957126,  91804.9,  82385.7,  778.746720783,  823.664849472,  1836.51
1573.06000548,  92012.3,  82570.2,  778.746640929,  823.664448745,  1834.81
1573.08043991,  91861.4,  82433.8,  778.746894753,  823.664400356,  1835.28
1573.10087424,  91921.2,  82491.0,  778.746847272,  823.664654692,  1834.02
1573.12130857,  92084.9,  82636.1,  778.746681789,  823.664823972,  1833.98
1573.1417429,  91804.1,  82385.1,  778.746685,  823.664484071,  1833.44
1573.16217723,  92107.8,  82657.5,  778.746756393,  823.664460414,  1830.84
1573.18261166,  91956.3,  82522.4,  778.746932508,  823.664555249,  1830.77
1573.20304589,  92021.4,  82579.3,  778.746655797,  823.664252808,  1828.61
1573.22348022,  92086.8,  82637.7,  778.746898516,  823.664504133,  1829.92
1573.24391465,  92012.8,  82571.6,  778.746793287,  823.664467383,  1829.52
1573.26434887,  91977.5,  82540.1,  778.746589142,  823.664872273,  1829.33
1573.2847833,  92128.2,  82676.0,  778.747237056,  823.664654928,  1828.31
1573.30521763,  91997.0,  82557.8,  778.746660578,  823.664794545,  1826.74
1573.32565186,  91995.6,  82557.9,  778.746909943,  823.664568617,  1826.91
1573.3460863,  92218.6,  82753.6,  778.746917734,  823.664484353,  1827.46
1573.36652063,  91869.3,  82442.1,  778.74691496,  823.664670601,  1825.85
1573.38695486,  92105.9,  82654.4,  778.746784107,  823.664678309,  1823.39
1573.40738929,  92120.6,  82665.1,  778.746822,  823.664492051,  1824.04
1573.42782362,  91888.8,  82461.0,  778.747005766,  823.664569514,  1823.77
1573.44825785,  92069.3,  82622.2,  778.747001207,  823.664573362,  1820.03
1573.46869228,  92027.3,  82581.7,  778.74697483,  823.664706456,  1820.14
1573.48912661,  91889.4,  82460.6,  778.746666497,  823.664492981,  1820.56
1573.50956104,  91980.3,  82538.5,  778.746928333,  823.664873147,  1820.33
1573.52999527,  91995.9,  82552.2,  778.746615153,  823.66474699,  1819.73
1573.55042961,  91826.1,  82402.6,  778.746948359,  823.664643763,  1818.9
1573.57086404,  91939.4,  82502.4,  778.746959433,  823.664560062,  1820.59
1573.59129827,  91864.8,  82434.8,  778.746776928,  823.664580354,  1819.85
1573.6117326,  91813.8,  82392.7,  778.746903886,  823.664528533,  1819.92
1573.63216703,  91849.2,  82422.0,  778.747110775,  823.664879107,  1819.19
1573.65260137,  91754.4,  82336.3,  778.746944806,  823.664654978,  1819.35
1573.6730357,  91807.2,  82383.9,  778.746874665,  823.664806301,  1818.09
1573.69347003,  91768.2,  82345.8,  778.74684391,  823.664765347,  1816.94
1573.71390426,  91684.5,  82274.3,  778.746713562,  823.664635927,  1818.35
1573.7343387,  91776.0,  82354.8,  778.746995469,  823.664739975,  1817.46
1573.75477303,  91728.2,  82309.5,  778.746970531,  823.664540851,  1816.26
1573.77520726,  91037.6,  81700.7,  778.747209351,  823.664612196,  1816.12
1573.7956417,  87157.6,  78267.3,  778.74772552,  823.665438341,  1815.59
1573.81607603,  80019.0,  71949.1,  778.749249959,  823.666461043,  1816.56
1573.83651026,  71754.5,  64642.3,  778.75092002,  823.668363531,  1817.23
1573.8569447,  63669.6,  57487.0,  778.753408699,  823.670807877,  1816.72
1573.87737903,  58372.9,  52801.1,  778.755147957,  823.672388581,  1815.31
1573.89781347,  58830.8,  53208.6,  778.754678945,  823.672618049,  1814.52
1573.9182477,  64692.2,  58390.3,  778.752930489,  823.670492612,  1813.5
1573.93868203,  72912.1,  65661.7,  778.75064765,  823.668018677,  1816.12
1573.95911647,  81120.2,  72922.4,  778.748980197,  823.666701186,  1813.78
1573.9795507,  87952.9,  78964.7,  778.747777641,  823.665065619,  1814.25
1573.99998504,  91396.2,  82013.5,  778.747070561,  823.664736736,  1813.18
1574.02041947,  91838.6,  82399.9,  778.74681521,  823.664791844,  1815.63
1574.04085371,  91775.3,  82346.1,  778.746982635,  823.664789951,  1813.09
1574.06128814,  91837.0,  82402.3,  778.746848526,  823.664673876,  1813.02
1574.08172248,  91913.2,  82465.7,  778.746668439,  823.664956291,  1815.93
1574.10215671,  91753.1,  82325.6,  778.746677438,  823.664660715,  1813.87
1574.12259115,  91946.7,  82497.2,  778.746971761,  823.664555372,  1812.52
1574.14302548,  91801.8,  82366.9,  778.746966606,  823.664807873,  1813.32
1574.16345982,  91827.6,  82391.9,  778.747248114,  823.664384059,  1812.05
1574.18389416,  91877.4,  82434.2,  778.746738713,  823.664648883,  1810.18
1574.20432849,  91821.4,  82382.6,  778.747528813,  823.667482646,  1812.22
1574.22476283,  91840.6,  82403.6,  778.746740405,  823.664536079,  1812.27
1574.24519717,  91848.7,  82406.9,  778.747284961,  823.664642722,  1810.91
1574.2656315,  91881.0,  82434.7,  778.746913633,  823.664633788,  1812.93
1574.28606584,  91877.8,  82435.1,  778.74665703,  823.664655202,  1810.88
1574.30650028,  92105.9,  82632.8,  778.747152473,  823.663785216,  1811.79
1574.32693451,  91941.5,  82488.9,  778.747332445,  823.664652604,  1809.07
1574.34736885,  92030.8,  82568.7,  778.746814575,  823.664589343,  1810.5
1574.36780319,  92146.1,  82667.6,  778.746987641,  823.664732097,  1810.28
1574.38823752,  92015.7,  82556.2,  778.746987108,  823.664519043,  1809.64
1574.40867196,  92215.5,  82732.2,  778.74683489,  823.664613737,  1809.06
1574.4291062,  92133.2,  82655.2,  778.746913269,  823.664592078,  1809.21
1574.44954064,  92125.9,  82654.7,  778.746891267,  823.664588874,  1807.33
1574.46997497,  92220.5,  82732.9,  778.746761833,  823.664410074,  1808.74
1574.49040921,  92124.1,  82648.8,  778.746802453,  823.664485136,  1808.3
1574.51084365,  92149.5,  82673.5,  778.7470897,  823.664779256,  1807.56
1574.53127799,  92200.9,  82716.6,  778.746793965,  823.664506858,  1806.91
1574.55171223,  92089.7,  82618.6,  778.746804025,  823.664864727,  1808.55
1574.57214667,  92055.5,  82587.6,  778.746782095,  823.664703087,  1805.56
1574.592581,  92167.3,  82685.9,  778.746818273,  823.664854778,  1806.0
1574.61301544,  91938.5,  82486.2,  778.746923908,  823.664540906,  1806.47
1574.63344968,  92089.4,  82617.8,  778.747148839,  823.664428863,  1806.61
1574.65388402,  92007.7,  82546.2,  778.747202377,  823.665207077,  1806.48
1574.67431846,  91851.7,  82410.1,  778.747066035,  823.664559417,  1806.1
1574.6947527,  92024.9,  82559.6,  778.74732001,  823.664586833,  1806.19
1574.71518704,  91849.4,  82405.2,  778.746901168,  823.664541501,  1806.57
1574.73562148,  91746.2,  82315.3,  778.746933408,  823.664818606,  1806.65
1574.75605572,  91937.8,  82482.7,  778.74725256,  823.66478804,  1804.52
1574.77649006,  91757.4,  82325.2,  778.746510968,  823.664589526,  1805.26
1574.7969245,  91679.5,  82258.1,  778.747103587,  823.664801802,  1804.69
1574.81735884,  91874.4,  82428.5,  778.747090358,  823.66479528,  1805.7
1574.83779318,  91664.5,  82246.0,  778.747108054,  823.664628506,  1803.18
1574.85822752,  91672.5,  82250.4,  778.746513127,  823.66455465,  1803.27
1574.87866186,  91816.9,  82379.1,  778.747190588,  823.664693466,  1802.28
1574.8990962,  91618.0,  82205.2,  778.747199154,  823.664741949,  1803.76
1574.91953054,  91738.1,  82307.1,  778.747009852,  823.664515272,  1804.75
1574.93996488,  91730.1,  82302.6,  778.747413316,  823.664813323,  1804.39
1574.96039922,  91612.2,  82198.3,  778.747041299,  823.664901303,  1802.51
1574.98083357,  91690.7,  82267.1,  778.747113804,  823.665038113,  1803.52
1575.00126791,  91629.0,  82215.9,  778.747360194,  823.664773608,  1803.12
1575.02170225,  91522.9,  82120.5,  778.747192946,  823.664818992,  1802.24
1575.04213659,  91600.0,  82186.5,  778.747234681,  823.664998816,  1802.05
1575.06257103,  91516.7,  82116.7,  778.747213647,  823.665217899,  1801.03
1575.08300527,  91358.4,  81973.3,  778.746867753,  823.664716148,  1802.13
1575.10343962,  91497.0,  82097.7,  778.747003949,  823.665101828,  1802.29
1575.12387406,  91099.8,  81748.0,  778.747183451,  823.664747286,  1800.63
1575.1443083,  88556.9,  79495.5,  778.747621125,  823.66521757,  1802.72
1575.16474264,  83577.6,  75093.3,  778.748874704,  823.666385842,  1800.01
1575.18517709,  77159.2,  69416.2,  778.750052584,  823.667649579,  1798.83
1575.20561133,  71122.6,  64075.9,  778.751088318,  823.669520264,  1801.75
1575.22604577,  66677.6,  60146.3,  778.752636057,  823.67056256,  1800.72
1575.24648011,  66009.2,  59553.6,  778.753130095,  823.671058133,  1798.78
1575.26691436,  69740.9,  62853.9,  778.751742029,  823.669716803,  1800.42
1575.2873488,  75632.6,  68068.3,  778.750552352,  823.667956675,  1798.66
1575.30778314,  81850.1,  73565.4,  778.750149103,  823.665076887,  1800.06
1575.32821739,  87459.2,  78528.7,  778.748320408,  823.665416683,  1801.02
1575.34865183,  90715.7,  81411.6,  778.747313776,  823.665250606,  1799.04
1575.36908617,  91317.2,  81941.8,  778.746715457,  823.664825064,  1799.22
1575.38952062,  91349.4,  81970.6,  778.747185365,  823.665097931,  1797.89
1575.40995486,  91379.9,  81998.5,  778.747258534,  823.664727221,  1799.17
1575.43038921,  91427.3,  82039.9,  778.747163016,  823.665108496,  1798.21
1575.45082365,  91487.9,  82097.1,  778.746959733,  823.66465291,  1798.37
1575.471258,  91414.0,  82028.5,  778.747506695,  823.66509096,  1797.62
1575.49169224,  91593.4,  82189.7,  778.746816631,  823.664807205,  1797.09
1575.51212668,  91525.9,  82129.7,  778.74736587,  823.665020417,  1798.8
1575.53256103,  91498.1,  82105.2,  778.746957997,  823.664838871,  1796.83
1575.55299527,  91714.6,  82298.1,  778.747148614,  823.664759201,  1798.8
1575.57342972,  91550.4,  82155.0,  778.747052119,  823.665118591,  1795.63
1575.59386406,  91671.8,  82259.6,  778.747005343,  823.66542379,  1795.39
1575.61429841,  91727.3,  82311.5,  778.747241858,  823.66508277,  1797.38
1575.655167,  91757.5,  82337.3,  778.746920043,  823.664920217,  1796.69
1575.67560145,  91760.6,  82342.8,  778.746954902,  823.66499443,  1796.48
1575.69603579,  91801.8,  82376.6,  778.746674987,  823.665155774,  1798.08
1575.71647004,  91770.1,  82351.1,  778.74676714,  823.665087918,  1795.28
1575.73690448,  91897.3,  82464.8,  778.746906145,  823.665176784,  1794.48
1575.75733883,  91819.5,  82395.2,  778.746798535,  823.665048034,  1795.38
1575.77777328,  91894.4,  82465.1,  778.747011973,  823.665065639,  1794.51
1575.79820752,  91966.8,  82527.9,  778.747096334,  823.665014155,  1792.9
1575.81864187,  91869.0,  82441.0,  778.746975933,  823.665178367,  1795.84
1575.83907632,  92037.4,  82592.7,  778.746811927,  823.664949676,  1793.23
1575.85951056,  91969.4,  82532.8,  778.74665035,  823.665299517,  1793.58
1575.87994491,  92018.8,  82577.9,  778.746709662,  823.665324211,  1793.97
1575.90037936,  92102.2,  82656.5,  778.746920014,  823.665153969,  1792.55
1575.92081361,  92040.0,  82597.3,  778.746853152,  823.665091669,  1795.63
1575.94124795,  92139.2,  82689.1,  778.746958823,  823.66515889,  1792.78
1575.9616824,  92124.6,  82677.1,  778.746831333,  823.665212951,  1794.48
1575.98211665,  92130.2,  82681.2,  778.747086985,  823.66526907,  1792.21
1576.0025511,  92161.0,  82711.6,  778.746554009,  823.665157982,  1792.64
1576.02298544,  92230.0,  82772.0,  778.746991374,  823.665372313,  1791.02
1576.04341979,  92061.9,  82623.0,  778.746845385,  823.665276427,  1789.83
1576.06385414,  92176.2,  82728.6,  778.746824154,  823.665291219,  1792.54
1576.08428849,  92091.6,  82650.4,  778.746905249,  823.665381682,  1792.27
1576.10472284,  91938.9,  82517.2,  778.746924776,  823.665345591,  1790.79
1576.12515719,  92100.2,  82660.1,  778.746835104,  823.665345117,  1792.02
1576.14559153,  91878.3,  82463.8,  778.746760027,  823.665435623,  1790.4
1576.16602588,  91890.3,  82476.0,  778.746780372,  823.665360441,  1790.93
1576.18646033,  91887.7,  82473.5,  778.746966382,  823.665404604,  1790.48
1576.20689458,  91773.2,  82369.1,  778.747042596,  823.665447756,  1790.96
1576.22732903,  91767.2,  82367.7,  778.746599855,  823.665652646,  1790.44
1576.24776338,  91825.9,  82417.8,  778.747166135,  823.665393914,  1790.95
1576.26819763,  91729.6,  82331.9,  778.746641907,  823.665503257,  1790.68
1576.28863208,  91770.2,  82371.1,  778.746806398,  823.66532601,  1788.96
1576.30906633,  91822.5,  82413.9,  778.746745486,  823.665303537,  1792.45
1576.32950068,  91692.0,  82299.8,  778.746806131,  823.665624368,  1790.86
1576.34993513,  91820.6,  82416.0,  778.747086508,  823.665297334,  1791.07
1576.39080383,  91716.3,  82321.2,  778.747065899,  823.665259898,  1789.78
1576.41123818,  91842.8,  82433.0,  778.746879894,  823.665574709,  1788.78
1576.43167243,  91747.0,  82347.4,  778.746696755,  823.665279365,  1790.02
1576.45210688,  91735.1,  82338.2,  778.746951524,  823.665392537,  1789.29
1576.47254123,  91764.1,  82361.1,  778.746931622,  823.665353015,  1788.29
1576.49297548,  89118.8,  80022.6,  778.747358304,  823.665884999,  1787.56
1576.51340993,  83005.8,  74616.6,  778.748692614,  823.667043622,  1788.49
1576.53384428,  75084.8,  67606.4,  778.750334169,  823.668634301,  1788.47
1576.55427864,  66560.3,  60068.2,  778.752223094,  823.670879821,  1788.67
1576.57471299,  59911.5,  54184.7,  778.754571784,  823.672660145,  1787.39
1576.59514734,  57839.7,  52349.8,  778.755092263,  823.673566401,  1788.78
1576.61558179,  62020.5,  56052.2,  778.753725895,  823.672093941,  1787.04
1576.63601604,  69539.0,  62701.2,  778.751793667,  823.669942012,  1787.28
1576.65645039,  78058.6,  70235.0,  778.749640847,  823.667759242,  1786.89
1576.67688485,  85439.9,  76767.3,  778.748595307,  823.666492396,  1786.28
1576.6973192,  90482.9,  81224.7,  778.747155205,  823.665679078,  1787.07
1576.71775345,  91606.5,  82217.8,  778.74700329,  823.665325039,  1787.79
1576.7381879,  91671.7,  82278.2,  778.746988952,  823.665504885,  1786.61
1576.75862226,  91676.2,  82279.0,  778.746966913,  823.665389196,  1785.78
1576.77905661,  91638.4,  82246.7,  778.746921186,  823.665464375,  1785.76
1576.79949096,  91830.3,  82414.5,  778.74696288,  823.665611298,  1786.63
1576.81992531,  91719.6,  82316.4,  778.746918859,  823.665417074,  1785.5
1576.84035977,  91765.1,  82358.3,  778.747026528,  823.665463694,  1784.25
1576.86079402,  91923.2,  82494.9,  778.746931432,  823.665509175,  1784.37
1576.88122837,  91882.2,  82458.3,  778.746959294,  823.665532488,  1785.83
1576.90166283,  91872.9,  82453.7,  778.746465895,  823.665390618,  1785.57
1576.92209708,  92097.3,  82645.7,  778.747145307,  823.665379507,  1785.81
1576.94253143,  91997.2,  82560.9,  778.747217347,  823.665466596,  1784.35
1576.96296579,  91985.0,  82549.1,  778.74688383,  823.665425532,  1784.85
1576.98340014,  92217.1,  82751.9,  778.747227666,  823.665293238,  1785.78
1577.0038346,  91983.5,  82547.8,  778.746954167,  823.665409825,  1783.62
1577.02426885,  92129.2,  82675.0,  778.746935555,  823.66569164,  1784.59
1577.0447032,  92142.1,  82684.3,  778.74683023,  823.665410892,  1783.85
1577.06513766,  92001.6,  82562.3,  778.746919362,  823.665211007,  1783.54
1577.08557191,  92109.1,  82655.2,  778.746771171,  823.665394634,  1784.75
1577.10600627,  92084.4,  82634.1,  778.747047348,  823.665750837,  1782.44
1577.12644072,  91995.0,  82555.6,  778.74684792,  823.665396682,  1783.55
1577.14687498,  92069.2,  82618.7,  778.74693465,  823.665301062,  1782.36
1577.16730943,  92008.8,  82566.0,  778.746798345,  823.665414196,  1783.7
1577.18774379,  92002.1,  82561.8,  778.746907877,  823.665552711,  1782.57
1577.20817804,  92040.2,  82592.0,  778.747152805,  823.665427837,  1781.59
1577.2286125,  91997.7,  82557.2,  778.746905379,  823.665300909,  1782.39
1577.24904685,  92030.8,  82584.1,  778.747249991,  823.665439025,  1780.02
1577.26948121,  92118.0,  82659.8,  778.747104526,  823.665462796,  1782.39
1577.28991556,  91983.7,  82543.7,  778.747118375,  823.665382976,  1780.97
1577.31034992,  92166.4,  82701.7,  778.746822161,  823.665255217,  1782.21
1577.33078428,  92072.3,  82620.1,  778.74704174,  823.665514607,  1780.72
1577.35121873,  92019.4,  82573.4,  778.746951817,  823.66524716,  1781.08
1577.37165299,  92190.7,  82721.8,  778.746900249,  823.665390622,  1779.77
1577.39208745,  92004.6,  82561.8,  778.74694543,  823.665477547,  1780.36
1577.4125218,  92048.5,  82598.1,  778.746983367,  823.665314835,  1781.07
1577.43295606,  92060.8,  82608.5,  778.747144778,  823.665135325,  1781.03
1577.45339052,  91947.5,  82511.4,  778.747031,  823.665348488,  1780.03
1577.47382487,  91873.8,  82444.5,  778.746700801,  823.66540518,  1782.41
1577.49425913,  91945.8,  82507.8,  778.746720903,  823.665388099,  1779.83
1577.51469359,  91659.3,  82256.0,  778.747260836,  823.665335234,  1779.38
1577.53512794,  91793.0,  82371.8,  778.746954596,  823.66522486,  1779.06
1577.5555623,  91711.7,  82301.3,  778.747158999,  823.665226421,  1779.88
1577.57599666,  91506.6,  82118.9,  778.747198444,  823.665461712,  1779.95
1577.59643092,  91740.5,  82323.1,  778.747080256,  823.665364052,  1779.05
1577.61686537,  91516.5,  82128.7,  778.747087416,  823.665540789,  1779.44
1577.63729973,  91569.9,  82173.2,  778.747134118,  823.665334077,  1780.05
1577.65773399,  91616.2,  82214.4,  778.74734573,  823.665282319,  1778.84
1577.67816845,  91485.4,  82101.3,  778.746830344,  823.665606442,  1777.19
1577.69860281,  91530.5,  82138.3,  778.747288774,  823.665461242,  1778.88
1577.71903716,  91543.1,  82150.3,  778.74700274,  823.665397529,  1781.51
1577.73947152,  91466.6,  82084.5,  778.746922439,  823.665300996,  1777.22
1577.75990588,  91441.2,  82059.2,  778.747034683,  823.665513028,  1777.46
1577.78034034,  91510.9,  82123.0,  778.74729259,  823.665591543,  1777.55
1577.8007746,  91288.9,  81923.6,  778.747417904,  823.665539531,  1776.21
1577.82120896,  91422.3,  82041.4,  778.747274833,  823.66525161,  1777.81
1577.84164342,  89986.6,  80775.8,  778.747681115,  823.66540524,  1777.11
1577.86207778,  85591.5,  76883.7,  778.748313451,  823.666491154,  1778.53
1577.88251203,  79887.4,  71840.1,  778.749715356,  823.667414526,  1776.64
1577.90294649,  73353.4,  66062.7,  778.750995902,  823.669202274,  1777.31
1577.92338085,  68073.1,  61387.9,  778.75244247,  823.671006307,  1775.54
1577.94381521,  65922.7,  59490.9,  778.75299497,  823.671444233,  1774.86
1577.96424957,  67964.0,  61294.5,  778.752494633,  823.670680427,  1776.71
1577.98468393,  73310.9,  66020.9,  778.751015972,  823.669597928,  1775.34
1578.00511829,  79709.0,  71685.3,  778.749420474,  823.667874508,  1774.72
1578.02555265,  85444.4,  76756.5,  778.748829936,  823.666668462,  1774.33
1578.04598701,  89854.5,  80655.4,  778.74736779,  823.665712616,  1776.0
1578.06642147,  91259.7,  81903.1,  778.747295755,  823.665352553,  1784.05
1578.08685573,  91199.8,  81847.2,  778.747136,  823.665578924,  1776.93
1578.1072901,  91324.2,  81958.9,  778.747449637,  823.66540783,  1777.05
1578.12772456,  91332.8,  81966.5,  778.74754692,  823.665263371,  1774.97
1578.14815882,  91257.9,  81897.8,  778.747114063,  823.665433297,  1774.8
1578.16859328,  91459.9,  82080.5,  778.747299048,  823.665275167,  1774.54
1578.18902764,  91398.8,  82026.2,  778.747152437,  823.665348041,  1775.29
1578.2094619,  91351.8,  81982.1,  778.747431307,  823.665320849,  1774.79
1578.22989636,  91696.3,  82289.4,  778.747234867,  823.665396694,  1775.63
1578.25033062,  91394.6,  82020.0,  778.747406957,  823.665577164,  1773.89
1578.27076498,  91646.6,  82245.6,  778.747077111,  823.665238093,  1774.38
1578.29119945,  91678.7,  82275.5,  778.747139619,  823.665389721,  1775.22
1578.31163371,  91594.7,  82198.6,  778.747368207,  823.665243341,  1774.93
1578.33206817,  91713.1,  82305.6,  778.747429781,  823.665293157,  1774.72
1578.35250253,  91740.5,  82328.2,  778.747885255,  823.66519298,  1775.82
1578.37293679,  91702.0,  82292.1,  778.747246594,  823.665260726,  1774.88
1578.39337126,  91716.3,  82309.4,  778.74725967,  823.665475891,  1774.5
1578.41380562,  91843.9,  82418.5,  778.747166586,  823.665429468,  1774.56
1578.43423998,  91662.0,  82260.8,  778.747273922,  823.665364105,  1774.29
1578.45467434,  91832.9,  82412.6,  778.747152615,  823.665436181,  1774.78
1578.47510871,  91849.5,  82424.3,  778.747357511,  823.665462775,  1774.22
1578.49554307,  91756.0,  82346.0,  778.747059825,  823.665364721,  1774.05
1578.51597743,  91942.1,  82509.9,  778.747318551,  823.66535354,  1774.26
1578.5364118,  91901.0,  82472.8,  778.747606066,  823.665597925,  1773.49
1578.55684626,  91974.6,  82540.2,  778.747088039,  823.665389058,  1773.73
1578.57728062,  91937.9,  82504.2,  778.747272737,  823.665744721,  1774.54
1578.59771489,  92218.7,  82752.6,  778.745875253,  823.664689801,  1774.69
1578.63858371,  92140.6,  82683.5,  778.746960131,  823.665676627,  1771.83
1578.65901798,  92178.1,  82719.1,  778.747130631,  823.66557667,  1770.95
1578.67945244,  92169.6,  82713.3,  778.747227881,  823.665472867,  1773.05
1578.6998868,  92185.8,  82726.2,  778.746987684,  823.665370389,  1770.44
1578.72032107,  92180.5,  82724.7,  778.747176528,  823.665520991,  1772.45
1578.74075553,  92254.0,  82790.1,  778.746985378,  823.665666858,  1770.84
1578.7611899,  92146.5,  82694.1,  778.746817562,  823.665658327,  1769.88
1578.78162436,  92199.2,  82745.5,  778.747231178,  823.665578862,  1769.59
1578.80205863,  92147.0,  82696.2,  778.747319188,  823.66548187,  1771.52
1578.82249299,  92043.9,  82607.5,  778.746591848,  823.665735849,  1769.22
1578.84292746,  92074.2,  82636.9,  778.746915834,  823.665786499,  1771.11
1578.86336172,  91953.7,  82526.9,  778.747110538,  823.665839761,  1771.0
1578.88379609,  91911.3,  82494.0,  778.746797295,  823.665753904,  1771.77
1578.90423045,  91945.0,  82523.8,  778.746763137,  823.665681804,  1770.94
1578.92466482,  91814.1,  82408.1,  778.746896575,  823.665850206,  1770.7
1578.94509928,  91762.7,  82366.0,  778.747129846,  823.665902139,  1768.66
1578.96553355,  91847.1,  82438.3,  778.747026665,  823.665717541,  1769.27
1578.98596791,  91666.2,  82280.3,  778.746956848,  823.66601359,  1769.46
1579.00640238,  91710.9,  82323.0,  778.746893349,  823.665887754,  1768.81
1579.02683664,  91754.0,  82359.1,  778.747032143,  823.66585133,  1768.15
1579.04727101,  91621.1,  82243.0,  778.746841078,  823.665961995,  1769.56
1579.06770548,  91716.8,  82327.4,  778.747027182,  823.666032016,  1769.76
1579.08813984,  91663.8,  82280.4,  778.746728341,  823.666093174,  1768.08
1579.10857411,  91662.1,  82281.4,  778.74699708,  823.665849488,  1770.76
1579.12900858,  91677.1,  82293.0,  778.747012948,  823.666112851,  1769.41
1579.14944294,  91715.4,  82326.7,  778.74689174,  823.665974767,  1767.93
1579.16987731,  91652.5,  82272.8,  778.747039062,  823.665833548,  1767.22
1579.19031168,  90633.2,  81368.9,  778.747065965,  823.666115918,  1767.51
1579.21074604,  85700.1,  77007.1,  778.748080628,  823.667183563,  1767.73
1579.23118051,  78107.3,  70293.1,  778.749418739,  823.668391368,  1768.46
1579.25161478,  69884.1,  63014.0,  778.751186766,  823.670327879,  1768.37
1579.27204914,  61967.1,  56014.6,  778.753848497,  823.672328967,  1767.21
1579.29248361,  57929.8,  52442.9,  778.755043806,  823.673788377,  1766.81
1579.31291788,  59802.2,  54096.2,  778.754424628,  823.673487442,  1767.66
1579.33335235,  66525.5,  60046.9,  778.752352105,  823.671252233,  1766.09
1579.35378671,  74886.0,  67440.1,  778.750117853,  823.669198972,  1767.4
1579.37422098,  82864.8,  74496.2,  778.749314031,  823.666316413,  1768.22
1579.39465545,  89016.5,  79939.8,  778.74747863,  823.666098228,  1767.98
1579.41508982,  91586.1,  82210.0,  778.746896252,  823.666000877,  1767.44
1579.43552409,  91671.8,  82288.4,  778.7470547,  823.665974619,  1766.06
1579.45595856,  91549.5,  82178.5,  778.747077328,  823.666022262,  1767.62
1579.47639292,  91747.4,  82350.9,  778.74706868,  823.665784019,  1767.18
1579.49682719,  91512.8,  82146.4,  778.747171096,  823.666047336,  1768.07
1579.51726166,  91650.3,  82265.0,  778.747073374,  823.666153307,  1767.15
1579.53769593,  91704.3,  82312.0,  778.746916299,  823.66601227,  1768.45
1579.5581304,  91646.1,  82262.7,  778.746947894,  823.666072461,  1766.62
1579.57856477,  91755.8,  82355.1,  778.746960421,  823.665590502,  1767.56
1579.59899914,  91855.4,  82445.4,  778.747177376,  823.665903099,  1767.93
1579.61943351,  91838.1,  82429.7,  778.746769412,  823.665976171,  1768.45
1579.63986787,  91917.4,  82497.9,  778.746990442,  823.666100232,  1765.47
1579.66030224,  92086.4,  82648.9,  778.746980938,  823.665741642,  1764.62
1579.68073661,  91907.6,  82489.0,  778.747064908,  823.665707931,  1764.7
1579.70117098,  92233.1,  82777.5,  778.747246535,  823.665657211,  1765.03
1579.72160545,  92035.9,  82605.5,  778.747043803,  823.665958216,  1765.49
1579.74203982,  92197.7,  82744.9,  778.746953954,  823.665987038,  1763.03
1579.76247409,  92265.9,  82803.1,  778.747196472,  823.665698442,  1763.3
1579.78290856,  92075.9,  82638.0,  778.746828551,  823.665888106,  1764.98
1579.80334293,  92288.4,  82821.4,  778.746978795,  823.666099711,  1764.59
1579.8237772,  92146.5,  82698.2,  778.747012553,  823.665965434,  1763.68
1579.84421167,  92172.6,  82720.0,  778.747045195,  823.665838511,  1763.29
1579.86464604,  92113.9,  82666.6,  778.747475852,  823.665701958,  1763.86
1579.88508032,  92208.0,  82753.2,  778.74676313,  823.665969662,  1761.88
1579.90551479,  92021.5,  82584.1,  778.74656673,  823.666173261,  1761.51
1579.92594916,  92132.0,  82680.0,  778.747013745,  823.66565377,  1763.97
1579.94638363,  91994.5,  82560.7,  778.747069811,  823.665933996,  1764.22
1579.9668179,  91928.1,  82499.1,  778.747011754,  823.665857844,  1761.6
1579.98725227,  92040.8,  82599.7,  778.747214536,  823.665859655,  1762.23
1580.00768674,  91822.3,  82407.3,  778.747089412,  823.666014856,  1760.85
1580.02812101,  92007.3,  82567.4,  778.747093503,  823.665893791,  1761.11
1580.04855538,  91875.4,  82451.0,  778.747084604,  823.665783972,  1762.3
1580.06898986,  91866.9,  82442.7,  778.747107658,  823.665916023,  1762.75
1580.08942413,  91946.0,  82510.5,  778.747040273,  823.665958661,  1762.06
1580.1098585,  91906.6,  82479.8,  778.746883302,  823.665801684,  1760.6
1580.13029297,  91878.9,  82453.1,  778.747061592,  823.66576397,  1759.74
1580.15072724,  91988.8,  82548.5,  778.74717885,  823.665980529,  1758.12
1580.17116172,  91938.3,  82506.4,  778.747282861,  823.665458177,  1760.61
1580.19159599,  91904.6,  82471.8,  778.747239156,  823.665864507,  1759.79
1580.21203036,  92056.6,  82609.3,  778.747000122,  823.665796832,  1757.75
1580.23246483,  91879.2,  82451.3,  778.746903145,  823.665786333,  1759.35
1580.25289911,  91925.0,  82489.7,  778.747048433,  823.665657743,  1759.52
1580.27333348,  91955.3,  82520.4,  778.747017902,  823.665868076,  1757.65
1580.29376795,  91763.1,  82347.0,  778.74742967,  823.665616277,  1757.55
1580.31420232,  91838.5,  82414.2,  778.747105622,  823.665982711,  1758.6
1580.3346367,  91721.6,  82312.8,  778.747071394,  823.665672316,  1757.8
1580.35507107,  91630.8,  82229.7,  778.747034328,  823.665709257,  1758.08
1580.37550544,  91572.0,  82176.9,  778.747145152,  823.665776195,  1757.39
1580.39593982,  91540.3,  82150.5,  778.74720846,  823.665867013,  1756.7
1580.41637419,  91371.6,  81996.8,  778.74701895,  823.665957892,  1758.68
1580.43680856,  91404.5,  82027.9,  778.746982189,  823.665827285,  1757.21
1580.45724304,  91325.1,  81957.7,  778.747006088,  823.665684136,  1755.55
1580.47767731,  91208.4,  81852.1,  778.746930089,  823.665992742,  1754.73
1580.49811169,  91274.5,  81912.9,  778.747472771,  823.665860789,  1755.62
1580.51854616,  91160.2,  81809.3,  778.74717899,  823.665854876,  1757.3
1580.53898043,  90754.3,  81450.8,  778.747602837,  823.665811313,  1756.48
1580.55941491,  87486.5,  78562.3,  778.747969867,  823.666587746,  1756.99
1580.57984928,  82053.6,  73752.6,  778.74908556,  823.66831906,  1754.99
1580.60028356,  75836.5,  68255.9,  778.750515174,  823.669237609,  1754.11
1580.62071803,  69903.1,  63008.4,  778.751675292,  823.670621927,  1752.38
1580.64115241,  66233.7,  59759.4,  778.752629236,  823.671633805,  1753.47
1580.66158668,  66877.1,  60330.8,  778.752955168,  823.671633264,  1754.01
1580.68202116,  71126.4,  64089.4,  778.751528491,  823.670720281,  1754.87
1580.70245553,  77307.0,  69553.9,  778.750234177,  823.669054564,  1754.36
1580.72289001,  83675.8,  75189.1,  778.748601818,  823.667022654,  1755.87
1580.74332428,  88545.0,  79494.5,  778.747841497,  823.666574368,  1754.14
1580.76375866,  91265.5,  81901.8,  778.747063217,  823.665817721,  1753.64
1580.78419313,  91481.7,  82093.9,  778.747052468,  823.665743629,  1753.22
1580.80462741,  91400.1,  82018.3,  778.746884882,  823.66628684,  1754.19
1580.82506178,  91375.2,  81998.9,  778.747459981,  823.665849344,  1753.59
1580.84549616,  91566.2,  82167.7,  778.746626448,  823.666053699,  1752.64
1580.86593054,  91299.2,  81930.0,  778.747342888,  823.665898008,  1754.07
1580.88636491,  91413.3,  82033.8,  778.747225416,  823.665886554,  1754.21
1580.90679929,  91550.5,  82151.2,  778.747079764,  823.665756248,  1753.68
1580.92723366,  91254.5,  81889.8,  778.747415316,  823.666079974,  1751.58
1580.94766814,  91607.7,  82206.4,  778.747340784,  823.665855082,  1751.97
1580.96810252,  91467.3,  82077.6,  778.747154491,  823.665955859,  1751.97
1580.98853679,  91460.7,  82072.8,  778.747099796,  823.666186176,  1753.26
1581.00897127,  91637.2,  82229.7,  778.746833569,  823.665813736,  1751.15
1581.02940565,  91542.1,  82142.8,  778.747039253,  823.666178263,  1751.66
1581.04983992,  91580.2,  82178.9,  778.747231255,  823.665847768,  1751.36
1581.0702744,  91725.9,  82305.1,  778.747157225,  823.665808693,  1750.49
1581.09070878,  91682.2,  82266.6,  778.747386266,  823.66530738,  1751.14
1581.11114326,  91576.3,  82177.5,  778.747140691,  823.66621407,  1751.13
1581.13157753,  91983.8,  82532.6,  778.746887298,  823.665811576,  1752.14
1581.15201191,  91613.8,  82207.1,  778.747167001,  823.665757976,  1751.35
1581.17244639,  91885.2,  82447.9,  778.747246446,  823.665741718,  1750.43
1581.19288066,  91983.0,  82532.1,  778.747367921,  823.665864995,  1750.5
1581.21331504,  91799.6,  82373.5,  778.747138143,  823.665727041,  1750.19
1581.23374952,  92139.4,  82671.8,  778.746996901,  823.665867937,  1750.5
1581.2541838,  91992.9,  82539.8,  778.747101011,  823.666166227,  1749.88
1581.27461818,  92102.4,  82639.7,  778.747498239,  823.666399428,  1749.95
1581.29505265,  92137.5,  82667.4,  778.747070262,  823.665920778,  1751.3
1581.31548693,  92140.0,  82671.7,  778.747387343,  823.665727172,  1750.35
1581.33592141,  92087.1,  82626.2,  778.746986291,  823.666053147,  1750.3
1581.35635579,  92208.9,  82731.1,  778.747054839,  823.665765705,  1748.13
1581.37679017,  92083.4,  82622.4,  778.747129296,  823.665948433,  1749.88
1581.39722455,  92053.6,  82596.0,  778.746986218,  823.665969182,  1748.22
1581.41765893,  92136.6,  82666.3,  778.747478261,  823.666072603,  1748.6
1581.4380933,  91976.3,  82527.3,  778.747143981,  823.665664003,  1749.88
1581.45852768,  92051.9,  82593.4,  778.746729777,  823.666218548,  1749.48
1581.47896206,  91962.2,  82511.5,  778.747300895,  823.665853799,  1748.41
1581.49939644,  91950.2,  82503.8,  778.747135576,  823.665690647,  1748.05
1581.51983082,  91951.8,  82503.4,  778.747295764,  823.665822101,  1748.58
1581.5402652,  91933.1,  82486.6,  778.747188472,  823.665785557,  1747.73
1581.56069958,  91913.1,  82468.0,  778.747194426,  823.665960431,  1747.31
1581.58113396,  91907.9,  82467.5,  778.747008853,  823.666129298,  1747.71
1586.83276578,  92103.1,  81989.9,  778.74574967,  823.661352646,  1717.15
1586.85320028,  92268.4,  82136.4,  778.74577462,  823.661100926,  1717.09
1586.87363459,  92110.8,  81997.6,  778.745800097,  823.661190788,  1716.17
1586.89406909,  92106.1,  81992.4,  778.746026815,  823.660832315,  1715.16
1586.91450349,  92187.3,  82067.6,  778.746216033,  823.660934225,  1714.24
1586.9349378,  91982.8,  81883.9,  778.746291251,  823.660532169,  1717.08
1586.9553723,  92104.0,  81991.4,  778.746466591,  823.660370579,  1716.49
1586.97580671,  91983.5,  81889.0,  778.746279981,  823.660845851,  1718.19
1586.99624111,  91921.3,  81832.1,  778.746520779,  823.660605671,  1718.76
1587.01667551,  91936.3,  81851.2,  778.746100429,  823.660389549,  1717.12
1587.03710992,  91903.3,  81822.6,  778.746408305,  823.660812306,  1718.13
1587.05754442,  91848.3,  81774.2,  778.746013644,  823.660747056,  1717.2
1587.07797882,  91849.3,  81779.4,  778.746345883,  823.660594577,  1716.05
1587.09841313,  91923.9,  81844.9,  778.746328768,  823.660783505,  1715.54
1587.11884763,  91766.5,  81708.1,  778.746274164,  823.661014142,  1717.83
1587.13928204,  91934.6,  81864.2,  778.746476898,  823.660994943,  1715.84
1587.15971634,  91843.8,  81783.1,  778.746180036,  823.661083064,  1715.66
1587.18015085,  91809.5,  81757.0,  778.746449471,  823.661027542,  1715.97
1587.20058525,  91853.2,  81801.5,  778.746167431,  823.661003955,  1715.57
1587.22101966,  91805.5,  81760.8,  778.746281175,  823.661303159,  1715.83
1587.24145406,  91802.5,  81763.0,  778.746501495,  823.66134763,  1715.46
1587.26188836,  91785.4,  81752.1,  778.746269958,  823.661430679,  1717.14
1587.28232287,  91742.6,  81717.5,  778.746316044,  823.66164929,  1716.31
1587.30275727,  90943.1,  81014.4,  778.746279633,  823.661594133,  1714.0
1587.32319158,  86682.9,  77248.7,  778.747444939,  823.662188271,  1715.38
1587.34362608,  79392.1,  70805.6,  778.748383843,  823.663753434,  1718.02
1587.36406049,  71191.5,  63559.7,  778.75032385,  823.665691376,  1716.1
1587.38449499,  63261.4,  56547.3,  778.752708412,  823.668099827,  1715.28
1587.4049293,  58336.8,  52196.6,  778.754326232,  823.669511756,  1716.12
1587.42536371,  59417.7,  53156.0,  778.7535825,  823.669486103,  1716.64
1587.44579821,  65536.9,  58571.7,  778.752097333,  823.66773134,  1715.43
1587.46623252,  73765.9,  65859.3,  778.749376516,  823.665619934,  1714.0
1587.50710143,  88371.2,  78785.4,  778.746792428,  823.662537376,  1713.71
1587.52753573,  91569.4,  81621.4,  778.745966411,  823.662329591,  1714.12
1587.54797024,  91863.3,  81883.2,  778.746100507,  823.662537591,  1714.72
1587.56840465,  91814.8,  81845.7,  778.746013759,  823.662386618,  1714.45
1587.58883905,  91861.4,  81892.6,  778.746143772,  823.662762326,  1715.89
1587.60927346,  91898.9,  81926.9,  778.746224815,  823.662026808,  1714.35
1587.62970786,  91888.7,  81923.6,  778.746165349,  823.662603026,  1714.43
1587.65014227,  91825.1,  81872.3,  778.746251811,  823.662882135,  1714.12
1587.67057668,  91929.5,  81968.6,  778.746298912,  823.662850507,  1713.72
1587.69101108,  91783.3,  81845.9,  778.746470294,  823.662751254,  1713.01
1587.71144559,  91907.7,  81957.0,  778.746182467,  823.662904314,  1715.65
1587.7318799,  91800.5,  81867.7,  778.746333461,  823.662718419,  1713.42
1587.7523143,  91833.1,  81904.6,  778.746889271,  823.662640621,  1713.94
1587.77274881,  91905.2,  81968.5,  778.746472927,  823.662933787,  1713.49
1587.79318322,  91773.7,  81859.0,  778.746457242,  823.662907674,  1714.67
1587.81361752,  91904.7,  81980.0,  778.746354179,  823.66309685,  1712.7
1587.83405203,  91870.7,  81951.6,  778.746554096,  823.663019227,  1714.65
1587.85448634,  91946.6,  82025.2,  778.746754473,  823.662774177,  1713.28
1587.87492084,  91916.2,  82003.1,  778.746787191,  823.663599667,  1712.9
1587.89535525,  92081.4,  82150.6,  778.746505383,  823.663201646,  1714.67
1587.91578956,  92044.9,  82129.6,  778.746472392,  823.663079772,  1713.1
1587.93622407,  92029.6,  82116.0,  778.746748359,  823.662987571,  1712.18
1587.95665847,  92194.7,  82266.5,  778.747176507,  823.6630494,  1712.11
1587.97709278,  92036.7,  82133.9,  778.746598484,  823.663169403,  1713.79
1587.99752729,  92198.4,  82277.2,  778.747021465,  823.663137046,  1713.02
1588.01796169,  92139.3,  82231.8,  778.746677283,  823.6631633,  1712.83
1588.038396,  92143.6,  82238.6,  778.746881311,  823.663406214,  1713.49
1588.05883051,  92224.9,  82314.1,  778.746796471,  823.663355696,  1710.38
1588.07926492,  92082.6,  82194.7,  778.747184888,  823.663297413,  1712.4
1588.09969943,  92183.0,  82286.2,  778.746687422,  823.663480961,  1710.98
1588.12013373,  92073.3,  82192.9,  778.746876894,  823.663373547,  1710.6
1588.14056814,  92096.7,  82222.2,  778.746963932,  823.663458651,  1711.55
1588.16100265,  92039.6,  82172.0,  778.746953629,  823.66338096,  1709.56
1588.18143696,  92064.4,  82198.7,  778.747204667,  823.66343583,  1710.46
1588.20187137,  91963.1,  82115.1,  778.74703634,  823.663474689,  1709.56
1588.22230587,  91963.1,  82115.4,  778.74666781,  823.663708289,  1710.93
1588.24274018,  91950.1,  82113.0,  778.747214873,  823.663316668,  1709.29
1588.26317469,  91800.3,  81981.6,  778.746901566,  823.663743552,  1709.76
1588.2836091,  91923.7,  82091.6,  778.746999212,  823.663754197,  1708.99
1588.30404351,  91733.4,  81930.1,  778.74733532,  823.66341907,  1708.37
1588.32447792,  91729.6,  81928.7,  778.747418734,  823.663652515,  1708.95
1588.34491233,  91791.1,  81987.8,  778.746958748,  823.663642905,  1707.28
1588.36534673,  91627.3,  81848.6,  778.747096528,  823.663430527,  1706.89
1588.38578114,  91699.4,  81912.2,  778.747431824,  823.66362616,  1708.0
1588.40621555,  91727.7,  81941.7,  778.746981894,  823.66361229,  1708.63
1588.42664996,  91594.9,  81828.6,  778.747291461,  823.663706778,  1707.11
1588.44708447,  91689.0,  81912.2,  778.747173703,  823.663868407,  1708.55
1588.46751878,  91682.2,  81912.6,  778.747266881,  823.663885915,  1707.18
1588.48795329,  91564.5,  81809.4,  778.747270537,  823.663993109,  1707.14
1588.5083876,  91757.6,  81983.8,  778.747216731,  823.663821699,  1705.68
1588.52882201,  91648.4,  81891.6,  778.747232539,  823.663892712,  1708.25
1588.54925652,  91525.3,  81782.6,  778.74741713,  823.663885693,  1705.88
1588.56969083,  91730.0,  81968.2,  778.747274199,  823.663877699,  1706.74
1588.59012524,  91486.7,  81756.5,  778.747311612,  823.664358049,  1706.59
1588.61055975,  91453.4,  81729.4,  778.747651794,  823.664092674,  1706.51
1588.63099406,  91511.2,  81785.5,  778.74753157,  823.664045087,  1706.73
1588.65142857,  90991.5,  81328.0,  778.747237326,  823.664080457,  1706.94
1588.67186298,  88325.4,  78971.3,  778.747957485,  823.664706403,  1706.21
1588.69229729,  83084.3,  74339.5,  778.748988357,  823.665647055,  1704.99
1588.7127318,  76739.2,  68726.9,  778.750199433,  823.667175448,  1706.4
1588.73316621,  70813.4,  63492.1,  778.751493146,  823.668710956,  1703.36
1588.75360052,  66534.6,  59709.5,  778.752957154,  823.670278636,  1704.42
1588.77403503,  66340.5,  59537.8,  778.752659302,  823.670370813,  1704.29
1588.79446944,  70462.7,  63188.1,  778.751843976,  823.669057827,  1703.31
1588.81490385,  76189.3,  68256.2,  778.750179118,  823.667498645,  1704.23
1588.83533826,  82581.1,  73911.1,  778.749582366,  823.666085258,  1702.79
1588.85577267,  87973.0,  78686.1,  778.748176931,  823.665074621,  1703.04
1588.87620718,  90906.6,  81280.4,  778.74754752,  823.664620493,  1702.78
1588.89664149,  91404.0,  81722.8,  778.747309486,  823.664745074,  1703.96
1588.9170759,  91449.3,  81768.2,  778.747363776,  823.664749865,  1703.98
1588.93751041,  91367.5,  81694.9,  778.747383736,  823.664729856,  1703.52
1588.95794482,  91549.2,  81860.1,  778.747310895,  823.664569406,  1701.15
1588.97837913,  91491.7,  81811.2,  778.747289002,  823.664618302,  1702.49
1588.99881364,  91501.5,  81821.4,  778.74762647,  823.664415394,  1702.46
1589.01924805,  91673.6,  81977.1,  778.747150912,  823.664635284,  1702.24
1589.03968237,  91525.3,  81848.3,  778.747255018,  823.664728652,  1702.37
1589.06011688,  91668.5,  81976.6,  778.74729268,  823.664868718,  1700.85
1589.08055129,  91660.2,  81973.0,  778.747215436,  823.664898976,  1702.75
1589.1009858,  91698.6,  82006.9,  778.747459881,  823.665024993,  1701.5
1589.12142011,  91644.0,  81961.3,  778.747181251,  823.664840941,  1700.4
1589.14185452,  91827.8,  82127.1,  778.747191637,  823.6646879,  1700.11
1589.16228893,  91620.6,  81942.2,  778.746772319,  823.665059943,  1701.76
1589.18272335,  91724.7,  82040.9,  778.747216234,  823.664620189,  1700.79
1589.20315766,  91799.1,  82106.3,  778.747121344,  823.665102958,  1700.92
1589.22359217,  91594.8,  81928.4,  778.747159041,  823.665250747,  1699.98
1589.24402658,  91864.1,  82170.2,  778.747392676,  823.664811818,  1699.78
1589.26446109,  91656.7,  81986.5,  778.747091926,  823.664992201,  1699.32
1589.28489541,  91778.3,  82095.7,  778.747228085,  823.66495743,  1699.82
1589.30532982,  91804.0,  82123.4,  778.747427401,  823.664891584,  1699.16
1589.32576433,  91788.6,  82108.7,  778.74710635,  823.665110546,  1700.37
1589.34619864,  91795.8,  82117.9,  778.747055219,  823.665222039,  1700.18
1589.36663305,  91899.5,  82212.4,  778.747117545,  823.665230568,  1699.55
1589.38706757,  91918.9,  82228.1,  778.747185203,  823.665026162,  1698.23
1589.40750188,  91891.2,  82206.6,  778.747090943,  823.665101619,  1699.53
1589.42793629,  92145.7,  82432.3,  778.747137809,  823.665061969,  1699.06
1589.4483708,  91911.4,  82225.7,  778.746950155,  823.665297918,  1699.97
1589.46880522,  92248.7,  82528.6,  778.7466214,  823.66451401,  1700.13
1589.48923963,  92171.5,  82457.6,  778.746882294,  823.665276342,  1699.49
1589.50967404,  92079.4,  82377.7,  778.747430564,  823.665482741,  1699.03
1589.53010845,  92381.5,  82649.6,  778.746866737,  823.665200138,  1698.68
1589.55054287,  92106.8,  82401.3,  778.747102808,  823.665482757,  1698.52
1589.57097728,  92308.9,  82583.5,  778.74699696,  823.66523689,  1698.03
1589.59141169,  92236.8,  82522.9,  778.746998466,  823.665434934,  1698.38
1589.61184621,  92169.2,  82463.0,  778.747130592,  823.665389237,  1697.96
1589.63228052,  92158.6,  82459.7,  778.747296661,  823.665109102,  1698.87
1589.65271493,  92222.0,  82514.2,  778.747110755,  823.665156042,  1696.9
1589.67314945,  91970.7,  82292.0,  778.747039446,  823.66509283,  1698.46
1589.69358376,  92061.0,  82378.1,  778.746941419,  823.665326424,  1697.26
1589.71401827,  91983.3,  82305.0,  778.74704771,  823.665681633,  1697.44
1589.73445269,  91792.7,  82139.0,  778.746998675,  823.66523911,  1698.64
1589.754887,  91937.9,  82269.7,  778.747337611,  823.665458841,  1693.92
1589.77532151,  91753.9,  82106.3,  778.746693316,  823.665719295,  1697.57
1589.79575593,  91728.5,  82086.4,  778.74671834,  823.665502608,  1698.64
1589.81619024,  91822.0,  82171.2,  778.747038169,  823.66561264,  1696.59
1589.85705907,  91740.1,  82100.4,  778.747463037,  823.665432687,  1698.01
1589.87749358,  91751.0,  82105.5,  778.747182767,  823.665603665,  1699.51
1589.897928,  91638.3,  82009.5,  778.747292369,  823.665695846,  1697.01
1589.91836231,  91767.7,  82125.5,  778.746993061,  823.665609549,  1695.25
1589.93879682,  91690.7,  82054.0,  778.74700673,  823.66577822,  1696.48
1589.95923124,  91667.9,  82037.3,  778.74729764,  823.665392427,  1698.01
1589.97966555,  91750.9,  82111.8,  778.747063202,  823.665685827,  1697.26
1590.00010007,  91592.5,  81969.6,  778.746942559,  823.665726524,  1695.81
1590.02053448,  88680.8,  79397.5,  778.747834838,  823.66591388,  1698.23
1590.0409689,  82493.9,  73922.1,  778.749080949,  823.667341906,  1695.54
1590.06140331,  74290.5,  66664.9,  778.750273328,  823.669230104,  1697.86
1590.08183772,  65993.4,  59330.2,  778.753251395,  823.671240535,  1694.73
1590.10227224,  59613.7,  53684.0,  778.754794147,  823.673193605,  1693.72
1590.12270655,  58082.2,  52332.0,  778.75517822,  823.67379495,  1695.29
1590.14314097,  62704.2,  56422.2,  778.753865961,  823.672041421,  1695.08
1590.16357548,  70458.0,  63279.2,  778.751372038,  823.669726289,  1695.8
1590.1840099,  78817.3,  70676.0,  778.749281148,  823.668232536,  1698.01
1590.20444421,  86155.6,  77167.2,  778.748403165,  823.666385214,  1695.02
1590.22487873,  90848.3,  81318.3,  778.74716077,  823.665993721,  1694.27
1590.24531314,  91674.7,  82054.0,  778.747179462,  823.665631442,  1695.64
1590.26574746,  91688.5,  82061.8,  778.746826238,  823.665743792,  1695.95
1590.28618197,  91683.9,  82061.2,  778.74734884,  823.665708274,  1695.38
1590.30661639,  91667.7,  82049.1,  778.747102311,  823.665848266,  1696.1
1590.3270509,  91681.4,  82057.9,  778.747318327,  823.665610282,  1695.1
1590.34748522,  91721.7,  82096.8,  778.747032185,  823.665815361,  1694.69
1590.36791964,  91711.3,  82088.6,  778.747174215,  823.665726736,  1693.71
1590.38835415,  91845.2,  82205.6,  778.747071634,  823.665787225,  1694.36
1590.40878847,  91807.2,  82175.7,  778.747229201,  823.665741718,  1693.82
1590.42922288,  91913.6,  82269.0,  778.74709838,  823.665838361,  1694.53
1590.4496573,  91982.9,  82332.0,  778.746995778,  823.665942747,  1694.26
1590.47009171,  91954.1,  82307.6,  778.746945922,  823.665834876,  1695.24
1590.49052623,  92144.3,  82475.5,  778.747078341,  823.665951405,  1693.34
1590.51096055,  92066.4,  82408.0,  778.747094861,  823.666101737,  1693.97
1590.53139496,  92142.6,  82476.6,  778.747128671,  823.665895674,  1691.47
1590.55182948,  92162.8,  82494.3,  778.746952163,  823.666076133,  1693.93
1590.57226379,  92191.9,  82522.6,  778.746870116,  823.665989628,  1692.56
1590.59269821,  92169.8,  82502.6,  778.746909696,  823.665750528,  1694.04
1590.61313273,  92252.1,  82574.6,  778.746834627,  823.666052166,  1693.74
1590.63356704,  92190.3,  82524.9,  778.747071251,  823.666009688,  1691.08
1590.65400146,  92082.5,  82426.6,  778.747141549,  823.665972397,  1693.73
1590.67443597,  92301.1,  82620.6,  778.747210341,  823.665906708,  1694.56
1590.69487039,  91935.5,  82301.5,  778.746961699,  823.666056362,  1691.59
1590.71530481,  92186.3,  82520.0,  778.747011344,  823.666157262,  1693.59
1590.73573922,  92112.6,  82456.5,  778.747102372,  823.666042012,  1693.13
1590.75617364,  92004.0,  82362.2,  778.746675982,  823.666145409,  1693.26
1590.77660806,  92167.6,  82506.5,  778.747006536,  823.666395419,  1692.66
1590.79704247,  92016.4,  82374.0,  778.74717379,  823.665835798,  1693.59
1590.81747689,  92052.3,  82403.4,  778.747122225,  823.66585427,  1691.74
1590.83791141,  91994.1,  82353.3,  778.746767057,  823.666130509,  1692.75
1590.85834572,  92056.1,  82411.5,  778.747185254,  823.665915989,  1690.64
1590.87878014,  91913.7,  82283.9,  778.74689407,  823.666124282,  1693.36
1590.89921466,  92022.6,  82382.4,  778.747173514,  823.6660396,  1692.5
1590.91964898,  91958.1,  82326.7,  778.747179859,  823.665815965,  1691.45
1590.94008349,  91915.7,  82285.9,  778.746779392,  823.666100406,  1692.27
1590.96051791,  91963.5,  82333.0,  778.747067863,  823.666052895,  1691.75
1590.98095223,  91843.8,  82210.4,  778.745388227,  823.666940558,  1691.2
1591.00138675,  91948.5,  82309.1,  778.746663104,  823.666176701,  1690.39
