Kepler I.D.-----Channel

[6523216]--------[61]

-TTYPE1--------TTYPE8------------TTYPE4-----------TTYPE15------------TTYPE17-----------TTYPE6

['TIME']---['PDCSAP_FLUX']---['SAP_FLUX']---['MOM_CENTR1']---['MOM_CENTR2']---['SAP_BKG']

['BJD - 2454833']--['e-/s']--------['e-/s']---------['pixel']---------['pixel']----------['e-/s']

CROWDSAP --- 0.9956

6523216

1559.2463105,  70807.3,  65927.9,  640.983934881,  972.909737589,  1521.36
1559.26674478,  70822.3,  65941.5,  640.983961341,  972.909994735,  1521.14
1559.28717916,  70819.9,  65937.5,  640.983851735,  972.909763379,  1520.07
1559.30761334,  70826.4,  65943.3,  640.984123775,  972.909913785,  1519.62
1559.32804761,  70822.6,  65941.2,  640.984289871,  972.909568434,  1519.32
1559.34848199,  70819.0,  65935.2,  640.984168531,  972.909678693,  1518.82
1559.36891617,  70813.7,  65928.9,  640.984314234,  972.909693303,  1518.92
1559.38935055,  70830.4,  65944.7,  640.984394755,  972.909748958,  1519.63
1559.40978483,  70821.4,  65936.0,  640.984319169,  972.909627513,  1517.57
1559.43021911,  70824.4,  65936.1,  640.98432032,  972.909349999,  1518.87
1559.45065339,  70824.9,  65935.6,  640.984251478,  972.909514019,  1519.53
1559.47108767,  70812.4,  65924.0,  640.984262188,  972.909270312,  1517.77
1559.49152195,  70830.8,  65940.6,  640.984284882,  972.909374529,  1518.85
1559.51195623,  70814.7,  65924.8,  640.984417871,  972.90939582,  1518.93
1559.53239051,  70819.8,  65928.0,  640.984775732,  972.909421323,  1519.3
1559.5528248,  70814.4,  65923.2,  640.984398207,  972.909519974,  1517.46
1559.57325908,  70809.7,  65916.6,  640.984318009,  972.90909018,  1517.89
1559.59369336,  70831.8,  65936.3,  640.984421322,  972.90917709,  1518.94
1559.61412764,  70820.3,  65925.7,  640.984716597,  972.909293865,  1519.11
1559.63456192,  70817.6,  65922.3,  640.984597378,  972.90909288,  1517.14
1559.65499621,  70812.1,  65915.5,  640.984534759,  972.909256555,  1517.87
1559.67543059,  70819.2,  65921.2,  640.984324805,  972.909179196,  1516.68
1559.69586477,  70825.1,  65927.1,  640.984380693,  972.909108772,  1516.2
1559.71629905,  70834.8,  65935.9,  640.984730687,  972.909124556,  1516.59
1559.73673344,  70822.6,  65925.5,  640.984618103,  972.909027944,  1516.56
1559.75716762,  70818.6,  65918.0,  640.984522864,  972.908951255,  1516.66
1559.777602,  70822.4,  65921.6,  640.984467892,  972.908854899,  1516.09
1559.79803629,  70812.9,  65913.4,  640.984725002,  972.908745642,  1516.87
1559.81847047,  70824.5,  65923.1,  640.98467244,  972.908901402,  1515.9
1559.83890486,  70817.5,  65915.7,  640.984393493,  972.908918872,  1516.37
1559.85933914,  70828.8,  65926.7,  640.984658192,  972.908700733,  1516.29
1559.87977332,  70830.9,  65927.2,  640.984470818,  972.908588819,  1515.68
1559.90020771,  70833.2,  65929.6,  640.984927884,  972.908833434,  1515.47
1559.92064199,  70812.5,  65909.0,  640.984851601,  972.908761451,  1515.96
1559.94107638,  70815.7,  65911.2,  640.98480124,  972.908878249,  1515.76
1559.96151057,  70798.0,  65895.6,  640.984595486,  972.908720845,  1512.32
1559.98194485,  70800.7,  65898.4,  640.984616134,  972.908543435,  1513.72
1560.00237924,  70827.7,  65921.9,  640.984636621,  972.908399685,  1513.1
1560.02281342,  70820.8,  65915.5,  640.98472025,  972.908607866,  1513.91
1560.04324771,  70809.3,  65903.7,  640.984582692,  972.908613885,  1514.27
1560.0636821,  70813.4,  65907.8,  640.984615719,  972.908686483,  1512.62
1560.08411628,  70816.0,  65907.7,  640.984777867,  972.908591557,  1513.99
1560.10455067,  70794.2,  65887.8,  640.984377083,  972.908494847,  1514.45
1560.12498496,  70808.1,  65902.0,  640.984700331,  972.908204665,  1511.79
1560.14541914,  70818.5,  65909.7,  640.984930927,  972.908525562,  1513.21
1560.16585353,  70802.3,  65895.6,  640.984609875,  972.908333193,  1512.69
1560.18628782,  70812.7,  65904.9,  640.984645293,  972.90842879,  1512.79
1560.20672201,  70821.8,  65912.3,  640.984690131,  972.908081688,  1512.8
1560.2271564,  70817.1,  65907.4,  640.984598359,  972.908331336,  1512.65
1560.24759069,  70811.6,  65904.0,  640.984598763,  972.908242924,  1511.67
1560.26802487,  70813.5,  65904.5,  640.984663667,  972.908225023,  1512.31
1560.28845926,  70801.5,  65894.2,  640.984785949,  972.908261435,  1510.41
1560.30889355,  70804.8,  65896.2,  640.984804115,  972.90844829,  1512.53
1560.32932784,  70811.0,  65902.2,  640.984726846,  972.908134483,  1512.5
1560.34976213,  70804.1,  65895.1,  640.984797715,  972.907901305,  1510.66
1560.37019642,  70798.0,  65890.3,  640.984811212,  972.908022744,  1509.94
1560.39063081,  70818.0,  65907.7,  640.984857052,  972.908113432,  1510.02
1560.411065,  70820.9,  65911.3,  640.98481017,  972.908468653,  1511.54
1560.43149929,  70814.6,  65905.4,  640.984757606,  972.908052811,  1510.38
1560.45193368,  70811.1,  65901.2,  640.98450991,  972.908211748,  1510.29
1560.47236787,  70808.1,  65898.1,  640.984798195,  972.907956646,  1510.65
1560.49280226,  70824.7,  65914.1,  640.984821392,  972.908158399,  1511.04
1560.51323655,  70817.8,  65908.6,  640.984735676,  972.907968754,  1510.52
1560.53367075,  70818.0,  65909.0,  640.984903315,  972.907963042,  1509.52
1560.55410514,  70808.1,  65899.4,  640.984767482,  972.907993686,  1509.14
1560.57453943,  70822.1,  65913.4,  640.984699481,  972.907720537,  1509.36
1560.59497362,  70815.8,  65906.6,  640.984980622,  972.907828485,  1510.56
1560.61540801,  70820.7,  65911.8,  640.984930195,  972.90773756,  1507.86
1560.63584231,  70805.5,  65896.9,  640.984911528,  972.907815715,  1508.66
1560.6562766,  70804.5,  65895.5,  640.985011703,  972.907849292,  1509.63
1560.67671089,  70837.3,  65925.3,  640.984726264,  972.907898063,  1508.72
1560.69714519,  70858.5,  65945.5,  640.985282613,  972.907719856,  1507.54
1560.73801377,  70812.6,  65903.6,  640.985191059,  972.907644813,  1508.54
1560.75844807,  70815.5,  65906.1,  640.984924888,  972.907578561,  1508.56
1560.77888246,  70820.3,  65911.7,  640.98544855,  972.907538706,  1507.49
1560.79931665,  70817.0,  65907.7,  640.985227411,  972.907729956,  1507.78
1560.81975095,  70804.1,  65896.3,  640.984997914,  972.907503358,  1508.11
1560.84018534,  70844.8,  65936.5,  640.985561104,  972.907690096,  1509.38
1560.96279112,  70802.0,  65904.8,  640.985807518,  972.907759686,  1512.05
1560.98322531,  70802.1,  65904.7,  640.985870752,  972.907202573,  1516.18
1561.00365971,  70819.2,  65920.8,  640.985056198,  972.907422022,  1516.61
1561.024094,  70819.9,  65920.3,  640.985686076,  972.907468588,  1513.12
1561.0445284,  70804.7,  65906.1,  640.984741538,  972.907363181,  1513.4
1561.0649626,  70821.1,  65923.0,  640.985290349,  972.907577715,  1512.11
1561.0853969,  70831.6,  65930.6,  640.985454384,  972.907460469,  1511.73
1561.10583129,  70806.6,  65905.2,  640.985289153,  972.907297941,  1513.55
1561.12626549,  70822.0,  65921.5,  640.985763958,  972.907314031,  1512.35
1561.14669979,  70809.3,  65910.1,  640.985228836,  972.907138061,  1512.0
1561.16713419,  70801.6,  65902.8,  640.985341931,  972.907141457,  1512.66
1561.18756838,  70821.2,  65919.9,  640.984809853,  972.907601992,  1509.52
1561.20800268,  70836.6,  65933.6,  640.985531999,  972.907478999,  1509.24
1561.22843708,  70812.7,  65911.8,  640.985700501,  972.906957299,  1508.31
1561.24887128,  70835.0,  65932.1,  640.985448442,  972.907090629,  1507.11
1561.26930568,  70805.0,  65904.7,  640.984998094,  972.907016977,  1506.32
1561.28973998,  70814.7,  65911.0,  640.98562607,  972.906707409,  1507.64
1561.31017428,  70796.0,  65894.8,  640.985275698,  972.907205498,  1507.43
1561.33060858,  70806.6,  65905.0,  640.985628094,  972.907149734,  1507.11
1561.35104288,  70819.4,  65916.6,  640.985227368,  972.907141679,  1507.29
1561.37147718,  70815.5,  65911.9,  640.985404034,  972.906806043,  1506.72
1561.39191148,  70816.5,  65914.0,  640.985212138,  972.907227049,  1503.53
1561.41234578,  70803.4,  65900.7,  640.985599134,  972.906929236,  1504.63
1561.43278018,  70820.3,  65916.5,  640.985666266,  972.907084381,  1503.99
1561.45321438,  70805.1,  65903.2,  640.985206517,  972.906790462,  1502.75
1561.47364868,  70796.1,  65893.2,  640.985694492,  972.906826778,  1505.42
1561.49408298,  70817.8,  65912.9,  640.985610183,  972.906957646,  1503.54
1561.51451728,  70819.0,  65915.1,  640.985707354,  972.906904832,  1504.38
1561.53495158,  70793.9,  65890.2,  640.985201102,  972.906689601,  1503.31
1561.55538599,  70819.1,  65912.9,  640.985504676,  972.906568351,  1503.42
1561.57582019,  70794.9,  65889.8,  640.985450963,  972.907030042,  1502.09
1561.59625449,  70806.8,  65900.8,  640.98537716,  972.90672485,  1501.85
1561.61668889,  70808.6,  65902.6,  640.985568181,  972.90689954,  1500.95
1561.6371231,  70815.6,  65909.7,  640.985612547,  972.906629314,  1502.43
1561.6575575,  70806.3,  65899.7,  640.985623693,  972.906703172,  1500.75
1561.6779918,  70813.2,  65908.4,  640.985442673,  972.906681756,  1500.13
1561.69842601,  70806.2,  65901.3,  640.985405243,  972.906665699,  1501.19
1561.71886041,  70818.5,  65910.8,  640.985827448,  972.906547834,  1502.29
1561.73929471,  70827.2,  65918.3,  640.985537666,  972.906748672,  1503.23
1561.75972892,  70806.9,  65900.2,  640.985453863,  972.906615233,  1499.81
1561.78016332,  70804.1,  65896.9,  640.985588383,  972.906782131,  1499.6
1561.80059763,  70816.0,  65907.5,  640.985205478,  972.906667135,  1499.23
1561.82103203,  70803.9,  65897.8,  640.985617666,  972.906476526,  1500.5
1561.84146623,  70807.9,  65900.4,  640.985866018,  972.906452605,  1499.92
1561.86190054,  70801.2,  65894.0,  640.985684829,  972.906226767,  1500.86
1561.88233494,  70819.6,  65908.9,  640.985373222,  972.906507589,  1499.95
1561.90276915,  70805.9,  65898.8,  640.985980645,  972.906542678,  1499.32
1561.92320346,  70784.8,  65876.5,  640.985597165,  972.906536519,  1498.86
1561.94363786,  70806.9,  65897.9,  640.985431654,  972.906396782,  1499.52
1561.96407207,  70805.2,  65895.6,  640.98554212,  972.906318755,  1499.73
1561.98450637,  70811.2,  65901.6,  640.985664003,  972.906316854,  1498.28
1562.00494078,  70800.6,  65891.6,  640.985448903,  972.906237779,  1498.12
1562.02537509,  70813.8,  65904.2,  640.985659377,  972.906512161,  1497.18
1562.04580939,  70801.1,  65891.8,  640.985732883,  972.906327719,  1496.78
1562.0662437,  70788.9,  65879.9,  640.985751285,  972.906119097,  1498.28
1562.08667791,  70803.7,  65896.1,  640.985696487,  972.906432773,  1500.09
1562.10711232,  70796.2,  65886.8,  640.985495772,  972.906371832,  1497.23
1562.12754662,  70807.2,  65896.9,  640.985991096,  972.906096083,  1498.54
1562.14798083,  70822.1,  65911.2,  640.985646572,  972.90630733,  1496.65
1562.16841524,  70815.2,  65903.3,  640.985481849,  972.906404011,  1496.11
1562.18884955,  70828.1,  65917.2,  640.985844258,  972.906083674,  1495.28
1562.20928396,  70823.7,  65912.6,  640.985649912,  972.906036433,  1496.36
1562.22971816,  70808.4,  65897.4,  640.985919,  972.905884809,  1496.12
1562.25015247,  70809.6,  65898.7,  640.985658617,  972.906283531,  1495.15
1562.27058688,  70808.9,  65898.4,  640.985852511,  972.906074446,  1495.74
1562.29102109,  70805.7,  65895.3,  640.985738428,  972.905912389,  1495.21
1562.3114554,  70786.0,  65877.2,  640.985857133,  972.905952181,  1495.11
1562.33188981,  70791.0,  65880.4,  640.985648617,  972.906077392,  1495.32
1562.35232402,  70809.6,  65898.7,  640.985620996,  972.905920029,  1494.54
1562.37275843,  70813.5,  65902.7,  640.985658293,  972.90597514,  1494.87
1562.39319274,  70790.7,  65881.4,  640.985688986,  972.905997764,  1492.24
1562.41362695,  70793.5,  65882.2,  640.985519268,  972.905850041,  1493.36
1562.43406136,  70800.2,  65888.5,  640.985950936,  972.905783451,  1494.06
1562.45449567,  70796.2,  65885.3,  640.985940781,  972.905740141,  1494.26
1562.47492988,  70808.9,  65897.3,  640.985440125,  972.905717381,  1494.25
1562.4953643,  70802.2,  65889.4,  640.985511627,  972.905747366,  1493.82
1562.51579861,  70787.8,  65877.8,  640.985843443,  972.905838305,  1493.75
1562.53623292,  70808.4,  65897.3,  640.985751247,  972.905754226,  1492.25
1562.55666723,  70787.4,  65876.4,  640.985427685,  972.905917249,  1491.07
1562.57710154,  70801.0,  65890.9,  640.985836401,  972.90573127,  1491.68
1562.59753596,  70773.6,  65863.2,  640.985762479,  972.905626387,  1491.58
1562.61797017,  70759.2,  65849.3,  640.985696054,  972.905670475,  1492.09
1562.63840448,  70746.0,  65839.3,  640.986008623,  972.905901351,  1491.42
1562.65883889,  70725.4,  65819.5,  640.985684004,  972.90556804,  1490.12
1562.67927321,  70735.1,  65827.5,  640.98575578,  972.905649523,  1490.07
1562.69970742,  70751.1,  65842.6,  640.985756364,  972.905652068,  1492.28
1562.72014183,  70744.9,  65837.8,  640.985706034,  972.905498189,  1491.31
1562.74057605,  70738.3,  65831.0,  640.985621802,  972.905680128,  1492.13
1562.76101046,  70740.8,  65833.1,  640.985698295,  972.905353746,  1490.88
1562.78144478,  70741.2,  65832.9,  640.985891473,  972.905389295,  1490.57
1562.80187899,  70742.2,  65833.5,  640.985682388,  972.905683856,  1490.65
1562.8223134,  70726.5,  65819.6,  640.985925518,  972.90533298,  1489.79
1562.84274772,  70736.5,  65828.4,  640.985556146,  972.90548035,  1491.46
1562.86318193,  70746.1,  65837.9,  640.985821865,  972.90540036,  1491.17
1562.88361635,  70731.6,  65823.7,  640.985801366,  972.905342966,  1490.78
1562.90405066,  70723.9,  65816.9,  640.985302584,  972.905551921,  1489.9
1562.92448488,  70742.9,  65835.1,  640.98579645,  972.905418615,  1489.08
1562.9449193,  70733.8,  65826.3,  640.985887198,  972.905531489,  1491.16
1562.96535361,  70743.7,  65835.2,  640.985928045,  972.905244783,  1488.7
1562.98578803,  70788.8,  65876.7,  640.985754089,  972.905441393,  1490.29
1563.00622224,  70796.8,  65883.0,  640.986043258,  972.905333165,  1490.34
1563.02665656,  70807.6,  65895.5,  640.985703321,  972.905270807,  1490.4
1563.04709098,  70817.0,  65903.0,  640.985812665,  972.905086265,  1489.72
1563.06752519,  70813.5,  65898.3,  640.985803943,  972.90504291,  1489.84
1563.08795951,  70806.3,  65892.4,  640.985737225,  972.905430087,  1490.12
1563.10839393,  70801.2,  65888.0,  640.985835828,  972.905188188,  1489.7
1563.12882815,  70802.8,  65889.6,  640.985631744,  972.905304102,  1488.41
1563.14926256,  70791.7,  65880.6,  640.985877332,  972.905295185,  1488.66
1563.16969688,  70807.7,  65892.8,  640.986015461,  972.905172714,  1488.41
1563.1901312,  70798.9,  65884.7,  640.985715641,  972.905349848,  1489.63
1563.21056552,  70802.4,  65889.3,  640.985674134,  972.905232357,  1490.7
1563.23099984,  70814.6,  65900.0,  640.985607061,  972.905129035,  1492.79
1563.25143416,  70796.8,  65882.8,  640.985846128,  972.905141283,  1496.09
1563.27186847,  70798.4,  65884.9,  640.985942108,  972.904896959,  1496.24
1563.29230279,  70801.0,  65887.7,  640.985929048,  972.90518945,  1496.75
1563.31273711,  70814.2,  65900.0,  640.98575142,  972.905012182,  1496.0
1563.33317153,  70788.3,  65875.8,  640.985704417,  972.905189857,  1496.58
1563.35360575,  70807.4,  65893.1,  640.985806658,  972.905162039,  1496.99
1563.37404007,  70791.6,  65879.6,  640.985724399,  972.905199396,  1496.25
1563.39447439,  70810.7,  65895.9,  640.985838166,  972.904915303,  1496.74
1563.41490871,  70816.1,  65901.5,  640.985615793,  972.905055862,  1498.15
1563.43534313,  70799.8,  65887.1,  640.985950075,  972.90500892,  1497.53
1563.45577735,  70811.5,  65896.2,  640.985729456,  972.905067002,  1498.05
1563.47621167,  70796.2,  65884.0,  640.986001038,  972.905235563,  1496.63
1563.4966461,  70802.8,  65889.7,  640.985867342,  972.905178948,  1496.23
1563.51708032,  70803.6,  65889.5,  640.985669855,  972.904883689,  1495.86
1563.53751474,  70802.9,  65889.0,  640.985954935,  972.904998532,  1494.76
1563.55794906,  70800.8,  65887.2,  640.985832846,  972.90477191,  1494.61
1563.57838328,  70799.0,  65885.4,  640.985412193,  972.904918391,  1495.51
1563.5988177,  70800.0,  65884.7,  640.985516526,  972.904611565,  1494.28
1563.61925203,  70797.5,  65883.4,  640.98585384,  972.904845537,  1492.63
1563.63968625,  70810.1,  65894.3,  640.986031677,  972.904700706,  1491.92
1563.66012067,  70800.4,  65887.1,  640.985695585,  972.904650255,  1491.15
1563.68055499,  70808.1,  65893.9,  640.985937697,  972.904444337,  1489.05
1563.72142364,  70795.5,  65881.7,  640.986160614,  972.904773091,  1489.21
1563.74185796,  70808.1,  65893.3,  640.985788765,  972.90479522,  1490.05
1563.76229239,  70805.1,  65891.6,  640.986034868,  972.904798553,  1489.13
1563.78272661,  70797.2,  65885.2,  640.98621986,  972.904829705,  1489.62
1563.80316094,  70801.4,  65889.4,  640.986063596,  972.904770184,  1488.9
1563.82359536,  70798.7,  65888.1,  640.985732693,  972.904464114,  1489.35
1563.84402968,  70803.5,  65891.4,  640.98631769,  972.90472525,  1489.76
1563.86446391,  70807.5,  65896.4,  640.986066554,  972.904710023,  1489.49
1563.88489833,  70816.1,  65903.5,  640.985869883,  972.904601955,  1489.55
1563.90533266,  70799.2,  65888.2,  640.986117237,  972.904474617,  1489.63
1563.92576698,  70802.3,  65889.9,  640.986244866,  972.904834362,  1489.53
1563.94620131,  70815.3,  65903.6,  640.986230628,  972.904268507,  1490.81
1563.96663564,  70804.8,  65894.3,  640.986479573,  972.904264491,  1489.37
1563.98706996,  70800.3,  65889.5,  640.985878011,  972.904511886,  1489.21
1564.00750429,  70778.3,  65868.7,  640.986273383,  972.904414119,  1489.54
1564.02793861,  70802.2,  65891.4,  640.986088131,  972.904661944,  1489.95
1564.04837294,  70791.8,  65882.0,  640.986306691,  972.904514635,  1490.81
1564.06880727,  70796.0,  65886.1,  640.986380149,  972.904533028,  1490.08
1564.08924169,  70809.8,  65900.0,  640.986203833,  972.904444724,  1489.21
1564.10967592,  70804.4,  65895.2,  640.98644235,  972.904472292,  1489.93
1564.13011025,  70804.4,  65892.9,  640.986342389,  972.904247966,  1490.82
1564.15054468,  70800.9,  65891.4,  640.986237628,  972.90446457,  1488.65
1564.1709789,  70808.9,  65899.0,  640.986257975,  972.904279659,  1487.03
1564.19141323,  70811.6,  65899.3,  640.986328891,  972.904330539,  1489.58
1564.21184766,  70805.2,  65895.3,  640.986682095,  972.904200901,  1488.18
1564.23228189,  70792.1,  65882.6,  640.986217216,  972.904119182,  1485.72
1564.25271622,  70804.0,  65895.1,  640.98625263,  972.904520592,  1485.81
1564.27315064,  70815.2,  65904.4,  640.986394265,  972.90436839,  1485.82
1564.29358487,  70811.7,  65901.2,  640.986570447,  972.904028243,  1484.49
1564.3140193,  70817.7,  65906.5,  640.986196698,  972.904347879,  1483.99
1564.33445363,  70808.6,  65898.6,  640.985945888,  972.903978676,  1488.21
1564.35488786,  70800.9,  65890.3,  640.986331797,  972.904025419,  1481.94
1564.37532229,  70789.3,  65882.0,  640.986445658,  972.904263743,  1484.54
1564.39575662,  70791.1,  65881.6,  640.986331657,  972.904123699,  1482.36
1564.41619095,  70785.2,  65876.2,  640.986471757,  972.90395284,  1484.81
1564.43662528,  70802.6,  65892.4,  640.986339758,  972.904206455,  1484.48
1564.45705961,  70805.7,  65896.0,  640.986353565,  972.904115864,  1482.89
1564.47749404,  70794.0,  65884.4,  640.986411306,  972.903943702,  1481.4
1564.49792837,  70810.3,  65898.8,  640.986280624,  972.90410828,  1483.13
1564.5183626,  70797.1,  65885.8,  640.986220856,  972.903925188,  1482.03
1564.53879703,  70801.6,  65891.2,  640.986517649,  972.90397194,  1481.09
1564.55923136,  70791.4,  65881.8,  640.986132047,  972.904102144,  1481.71
1564.5796656,  70817.5,  65905.3,  640.986472569,  972.903818843,  1480.96
1564.60010003,  70797.8,  65888.1,  640.986425114,  972.903990998,  1479.15
1564.62053436,  70799.3,  65887.2,  640.986458222,  972.903972381,  1479.01
1564.64096859,  70801.6,  65890.6,  640.986498321,  972.903904808,  1477.87
1564.66140302,  70796.4,  65885.3,  640.986286749,  972.903767062,  1476.22
1564.68183726,  70801.3,  65888.5,  640.986637719,  972.903967285,  1475.96
1564.70227169,  70803.8,  65891.8,  640.98646081,  972.90377579,  1476.36
1564.72270602,  70811.1,  65898.0,  640.986432558,  972.903818774,  1476.55
1564.74314025,  70816.1,  65901.5,  640.986570732,  972.903534246,  1476.88
1564.76357469,  70811.3,  65897.6,  640.986366376,  972.903788763,  1475.12
1564.78400902,  70800.5,  65886.8,  640.986653907,  972.903393118,  1474.31
1564.80444325,  70792.2,  65879.3,  640.986624663,  972.903561767,  1474.65
1564.82487769,  70800.7,  65888.1,  640.986397707,  972.903579895,  1473.39
1564.84531202,  70809.4,  65895.2,  640.986513912,  972.903818761,  1472.93
1564.86574646,  70793.5,  65880.4,  640.986295761,  972.903714849,  1473.54
1564.88618069,  70797.2,  65884.2,  640.986401027,  972.903619436,  1474.13
1564.90661503,  70812.5,  65897.6,  640.986436729,  972.903429375,  1473.72
1564.92704946,  70800.2,  65887.3,  640.986557376,  972.903665842,  1472.62
1564.94748369,  70804.7,  65890.1,  640.986292997,  972.90357064,  1472.44
1564.96791803,  70806.3,  65892.7,  640.986578237,  972.9033825,  1471.24
1564.98835247,  70799.5,  65885.4,  640.98676632,  972.90353788,  1472.54
1565.0087867,  70810.8,  65895.9,  640.98655202,  972.903265389,  1472.47
1565.02922104,  70812.2,  65896.3,  640.986603792,  972.903465613,  1471.76
1565.04965547,  70807.4,  65892.5,  640.986577013,  972.903361317,  1472.69
1565.07008981,  70827.4,  65910.4,  640.986480672,  972.903226853,  1470.93
1565.09052414,  70800.1,  65885.9,  640.986643381,  972.903284196,  1471.05
1565.11095848,  70812.8,  65897.5,  640.986601718,  972.903364354,  1472.17
1565.13139282,  70807.8,  65892.7,  640.986781994,  972.903138696,  1472.14
1565.15182715,  70807.3,  65892.3,  640.986936127,  972.903363313,  1472.02
1565.17226149,  70808.5,  65892.3,  640.986548424,  972.903216991,  1471.67
1565.19269583,  70804.8,  65888.1,  640.986797337,  972.903200425,  1470.92
1565.21313027,  70804.4,  65887.7,  640.986527519,  972.903274226,  1471.76
1565.2335645,  70804.0,  65888.2,  640.986581304,  972.903076844,  1471.94
1565.25399894,  70808.7,  65892.2,  640.986683847,  972.903133187,  1470.41
1565.27443328,  70809.4,  65893.8,  640.986632363,  972.903186858,  1470.83
1565.29486752,  70803.8,  65887.9,  640.986712592,  972.903066225,  1471.05
1565.31530196,  70813.8,  65896.2,  640.986878047,  972.903161124,  1471.7
1565.33573619,  70807.2,  65891.3,  640.986536306,  972.903194704,  1470.84
1565.35617053,  70803.8,  65887.7,  640.986684998,  972.903050878,  1471.66
1565.37660497,  70814.2,  65897.0,  640.986520327,  972.903235601,  1470.31
1565.39703921,  70817.1,  65898.9,  640.986603576,  972.903031305,  1469.81
1565.41747355,  70814.3,  65897.4,  640.986849224,  972.902858006,  1470.94
1565.43790799,  70839.8,  65919.4,  640.986549004,  972.902997398,  1471.94
1565.45834223,  70805.8,  65889.8,  640.986807835,  972.902989194,  1471.78
1565.47877667,  70804.1,  65887.6,  640.986644388,  972.902826179,  1469.71
1565.49921101,  70802.1,  65885.3,  640.986866276,  972.902781228,  1471.26
1565.51964525,  70817.9,  65899.5,  640.986976445,  972.903017231,  1470.13
1565.54007969,  70794.2,  65877.1,  640.986469575,  972.903017159,  1469.69
1565.56051403,  70808.2,  65890.3,  640.986718562,  972.902953573,  1470.8
1565.58094837,  70818.1,  65898.5,  640.986825179,  972.903056236,  1468.49
1565.60138271,  70806.9,  65889.7,  640.986613714,  972.903019649,  1470.23
1565.62181705,  70814.4,  65896.7,  640.986851434,  972.902732565,  1468.59
1565.6422515,  70803.5,  65885.4,  640.986763243,  972.902747572,  1469.34
1565.66268574,  70805.0,  65886.0,  640.986595337,  972.902993961,  1469.12
1565.68312008,  70821.7,  65902.5,  640.986860674,  972.902857354,  1469.59
1565.70355452,  70799.0,  65880.9,  640.986896836,  972.902737877,  1469.31
1565.72398886,  70812.7,  65895.0,  640.986933795,  972.902880791,  1468.57
1565.74442311,  70816.1,  65895.4,  640.986715384,  972.902940434,  1470.64
1565.76485755,  70816.6,  65897.2,  640.986824194,  972.902925153,  1469.76
1565.78529189,  70816.7,  65896.4,  640.986739285,  972.902601004,  1467.48
1565.80572623,  70811.8,  65892.0,  640.986860249,  972.902654415,  1467.42
1565.82616058,  70800.8,  65881.5,  640.986759475,  972.902593724,  1467.18
1565.84659492,  70808.0,  65888.0,  640.986903213,  972.902447297,  1467.96
1565.86702936,  70804.7,  65883.8,  640.986636286,  972.902744656,  1468.34
1565.88746361,  70815.4,  65895.2,  640.98694342,  972.902700631,  1467.04
1565.90789795,  70811.4,  65891.2,  640.986655905,  972.902747656,  1467.4
1565.92833239,  70817.8,  65897.5,  640.986950289,  972.902614335,  1466.13
1565.94876664,  70813.6,  65894.1,  640.986960063,  972.902684816,  1466.19
1565.96920098,  70800.2,  65882.3,  640.986902039,  972.902383224,  1464.91
1565.98963533,  70813.0,  65893.3,  640.986768421,  972.90239146,  1463.02
1566.01006967,  70817.0,  65898.1,  640.986830936,  972.902718396,  1463.79
1566.03050412,  70809.5,  65890.7,  640.986754252,  972.902480453,  1464.61
1566.05093836,  70803.7,  65884.4,  640.986492616,  972.902688609,  1464.38
1566.07137271,  70812.9,  65892.5,  640.986635315,  972.90235577,  1464.57
1566.09180715,  70801.7,  65883.2,  640.986681036,  972.902199344,  1463.74
1566.1122414,  70805.6,  65884.9,  640.986755309,  972.902610097,  1464.57
1566.13267574,  70812.9,  65892.8,  640.986900822,  972.90233312,  1464.0
1566.15311019,  70812.2,  65891.4,  640.986567976,  972.902263438,  1463.34
1566.17354444,  70819.6,  65899.8,  640.986876677,  972.902314954,  1462.79
1566.19397888,  70830.0,  65907.9,  640.986856851,  972.902264837,  1462.5
1566.21441323,  70825.0,  65902.9,  640.986698043,  972.902299259,  1462.81
1566.23484748,  70817.1,  65897.2,  640.986799997,  972.902481369,  1463.2
1566.25528192,  70812.3,  65892.8,  640.986798143,  972.902428941,  1462.47
1566.27571627,  70813.5,  65894.5,  640.986865279,  972.902288021,  1460.7
1566.29615062,  70818.7,  65898.8,  640.986961429,  972.90234757,  1461.39
1566.31658497,  70806.8,  65886.6,  640.986700302,  972.902211483,  1462.03
1566.33701931,  70807.0,  65887.8,  640.986806001,  972.902344316,  1461.09
1566.35745366,  70813.0,  65892.6,  640.986883292,  972.90219007,  1461.88
1566.37788811,  70808.3,  65889.1,  640.987159713,  972.902133673,  1460.28
1566.39832236,  70802.2,  65881.5,  640.986854913,  972.902074157,  1460.42
1566.41875681,  70819.0,  65898.0,  640.986935741,  972.902070346,  1461.28
1566.43919115,  70823.9,  65902.3,  640.986966397,  972.902220243,  1459.82
1566.4596254,  70801.8,  65882.5,  640.986943396,  972.90212816,  1461.65
1566.48005985,  70820.8,  65900.3,  640.987070613,  972.902024671,  1460.01
1566.5004942,  70810.8,  65891.9,  640.986891985,  972.90218232,  1459.53
1566.52092845,  70816.4,  65895.7,  640.987018565,  972.901985652,  1457.69
1566.5413629,  70801.9,  65882.3,  640.986909172,  972.902154426,  1459.26
1566.56179725,  70803.0,  65884.3,  640.986835344,  972.902300767,  1460.67
1566.5822316,  70815.8,  65896.2,  640.986921379,  972.901948045,  1459.49
1566.60266595,  70810.1,  65889.8,  640.986996363,  972.901879726,  1457.57
1566.6231002,  70805.9,  65887.1,  640.986817314,  972.901790057,  1459.57
1566.64353465,  70811.3,  65892.2,  640.987119569,  972.901884047,  1460.82
1566.663969,  70810.2,  65890.4,  640.986723427,  972.901994058,  1458.9
1566.7048377,  70809.6,  65891.4,  640.986994111,  972.90190402,  1458.36
1566.72527205,  70823.8,  65904.5,  640.987212858,  972.901803469,  1458.02
1566.74570641,  70813.6,  65894.6,  640.987429189,  972.902062873,  1457.75
1566.76614076,  70815.6,  65897.7,  640.987198444,  972.901385548,  1458.55
1566.78657511,  70822.9,  65905.1,  640.987283229,  972.901756675,  1457.93
1566.80700956,  70820.9,  65902.0,  640.987181464,  972.901649072,  1458.28
1566.82744381,  70809.2,  65891.9,  640.987504536,  972.901753245,  1456.75
1566.84787817,  70827.2,  65907.6,  640.987218549,  972.901568779,  1456.71
1566.86831262,  70806.7,  65888.2,  640.987241489,  972.901685057,  1457.89
1566.88874697,  70815.2,  65897.0,  640.987182606,  972.90173623,  1458.16
1566.90918122,  70805.2,  65889.7,  640.987556233,  972.901697831,  1456.9
1566.92961568,  70831.4,  65913.0,  640.987250421,  972.901604209,  1457.18
1566.95005003,  70818.6,  65901.7,  640.987380077,  972.901704968,  1457.16
1566.97048438,  70811.7,  65895.5,  640.987421485,  972.901569235,  1457.83
1566.99091874,  70825.9,  65908.9,  640.987684804,  972.901638419,  1456.24
1567.01135309,  70803.3,  65888.0,  640.987252256,  972.901546387,  1457.42
1567.03178744,  70812.9,  65896.3,  640.987500376,  972.901835784,  1456.44
1567.0522218,  70817.3,  65900.5,  640.987624284,  972.901552142,  1456.24
1567.07265615,  70809.8,  65894.5,  640.98734291,  972.901451758,  1456.33
1567.09309061,  70823.6,  65905.7,  640.987352259,  972.901559877,  1454.73
1567.11352486,  70797.1,  65883.5,  640.987727141,  972.901447979,  1455.53
1567.13395932,  70824.1,  65907.7,  640.987539726,  972.901476397,  1453.59
1567.15439367,  70810.5,  65895.8,  640.987490032,  972.901228579,  1454.65
1567.17482793,  70816.0,  65899.4,  640.987174992,  972.901508621,  1454.87
1567.19526238,  70823.9,  65906.9,  640.987396163,  972.901321244,  1454.38
1567.21569674,  70812.7,  65896.8,  640.987506641,  972.901325447,  1455.17
1567.23613099,  70810.6,  65895.1,  640.987490102,  972.901512641,  1456.64
1567.25656545,  70816.5,  65900.0,  640.987534832,  972.901155384,  1453.68
1567.27699971,  70850.4,  65931.8,  640.986957726,  972.901278797,  1454.62
1567.29743406,  70826.2,  65909.0,  640.987558004,  972.901348896,  1456.2
1567.31786852,  70808.9,  65894.7,  640.987544482,  972.901296007,  1453.78
1567.33830277,  70809.3,  65893.3,  640.987339033,  972.901482182,  1453.57
1567.35873723,  70817.4,  65902.1,  640.987517558,  972.90116605,  1454.88
1567.37917159,  70824.4,  65907.0,  640.987633665,  972.901234947,  1454.7
1567.39960585,  70824.4,  65907.3,  640.98747588,  972.901175439,  1452.51
1567.4200403,  70821.1,  65905.9,  640.987461801,  972.901008994,  1453.16
1567.44047466,  70817.6,  65901.7,  640.987465149,  972.90102061,  1454.06
1567.46090902,  70814.9,  65897.8,  640.987612852,  972.901189296,  1454.29
1567.48134338,  70819.6,  65903.4,  640.987544254,  972.901111688,  1452.91
1567.50177773,  70808.2,  65891.3,  640.987496687,  972.901188644,  1453.32
1567.52221219,  70811.3,  65895.2,  640.987412796,  972.901218421,  1461.99
1567.54264645,  70821.8,  65905.0,  640.987673738,  972.900964781,  1454.36
1567.56308081,  70811.0,  65893.7,  640.987532682,  972.9011917,  1454.56
1567.58351527,  70818.5,  65900.2,  640.987526569,  972.901063047,  1453.58
1567.60394963,  70823.7,  65904.7,  640.987714891,  972.901092316,  1453.15
1567.62438389,  70823.7,  65906.4,  640.987542374,  972.90085494,  1452.72
1567.64481835,  70804.5,  65887.1,  640.987702243,  972.900984827,  1452.92
1567.66525271,  70836.9,  65917.0,  640.987916592,  972.900658242,  1452.09
1567.68568697,  70827.3,  65907.7,  640.987437161,  972.900926388,  1451.7
1567.70612143,  70821.3,  65902.4,  640.987589404,  972.90066357,  1451.83
1567.72655579,  70811.2,  65892.7,  640.987420884,  972.901043772,  1451.49
1567.74699025,  70806.2,  65889.5,  640.987687893,  972.900913619,  1451.15
1567.76742451,  70806.6,  65887.9,  640.987895517,  972.900685991,  1449.92
1567.78785887,  70811.1,  65891.9,  640.987614489,  972.901014546,  1450.22
1567.80829333,  70814.0,  65895.1,  640.987614564,  972.900809888,  1450.55
1567.82872759,  70798.1,  65878.7,  640.987637129,  972.900941729,  1451.38
1567.84916195,  70811.5,  65893.7,  640.987573103,  972.900845541,  1451.41
1567.86959641,  70812.1,  65893.1,  640.987881979,  972.90069887,  1450.59
1567.89003067,  70810.6,  65891.7,  640.987641085,  972.900820443,  1450.06
1567.91046513,  70820.2,  65900.8,  640.987739035,  972.900844115,  1450.06
1567.9308994,  70815.5,  65895.5,  640.987984705,  972.900728626,  1451.24
1567.95133376,  70806.9,  65887.2,  640.987717839,  972.900768611,  1449.13
1567.97176822,  70809.2,  65889.3,  640.987590177,  972.90065886,  1450.53
1567.99220248,  70817.3,  65896.4,  640.987694702,  972.900527244,  1449.33
1568.01263684,  70817.1,  65895.7,  640.98759801,  972.900759946,  1451.1
1568.03307131,  70814.1,  65893.6,  640.987791722,  972.90068203,  1451.38
1568.05350557,  70799.9,  65880.0,  640.987533921,  972.900396656,  1450.88
1568.07393993,  70807.2,  65888.0,  640.987714723,  972.90054244,  1448.87
1568.0943744,  70819.4,  65897.0,  640.987884631,  972.900479595,  1451.17
1568.11480876,  70806.3,  65885.7,  640.987508567,  972.900384821,  1449.98
1568.13524312,  70819.2,  65899.0,  640.987776236,  972.900293907,  1448.9
1568.15567749,  70816.7,  65894.9,  640.98778662,  972.9005598,  1449.75
1568.17611185,  70826.2,  65904.8,  640.987550847,  972.900531661,  1448.5
1568.19654622,  70807.0,  65886.9,  640.987795324,  972.900114611,  1449.72
1568.21698058,  70804.0,  65883.4,  640.987790823,  972.900495619,  1450.26
1568.23741494,  70806.3,  65886.4,  640.987960493,  972.900146794,  1448.32
1568.25784941,  70810.4,  65889.5,  640.987517336,  972.900261315,  1449.35
1568.27828367,  70819.1,  65896.8,  640.987679439,  972.900328797,  1448.0
1568.29871814,  70825.8,  65904.2,  640.987848321,  972.900369628,  1448.6
1568.3191525,  70806.4,  65885.3,  640.987653727,  972.900360651,  1448.0
1568.33958677,  70815.7,  65893.4,  640.987705612,  972.900201866,  1447.99
1568.36002123,  70805.4,  65885.2,  640.987860138,  972.900457649,  1447.4
1568.3804556,  70813.8,  65892.3,  640.987854262,  972.900344974,  1447.85
1568.40088987,  70804.7,  65883.1,  640.987885787,  972.900210907,  1448.51
1568.42132433,  70799.8,  65879.8,  640.987800369,  972.900212948,  1447.28
1568.4417587,  70815.2,  65892.4,  640.987491148,  972.900153304,  1448.19
1568.46219296,  70819.1,  65895.9,  640.987866923,  972.900352276,  1447.78
1568.48262743,  70815.8,  65894.7,  640.987686571,  972.900100802,  1447.75
1568.5030618,  70804.5,  65883.3,  640.987945923,  972.900089325,  1446.93
1568.52349626,  70802.0,  65880.8,  640.987697281,  972.900257841,  1447.28
1568.54393053,  70816.5,  65893.8,  640.987719204,  972.899855106,  1448.4
1568.5643648,  70813.4,  65890.1,  640.987760474,  972.900269274,  1446.72
1568.58479927,  70809.3,  65887.3,  640.987911785,  972.899978003,  1448.39
1568.60523363,  70812.4,  65889.8,  640.987510949,  972.900044641,  1448.16
1568.625668,  70813.4,  65889.4,  640.987532085,  972.900160687,  1445.54
1568.64610237,  70813.1,  65890.5,  640.988009899,  972.899920149,  1447.69
1568.66653674,  70805.4,  65881.8,  640.987662639,  972.899863661,  1448.11
1568.68697121,  70809.8,  65887.4,  640.987649132,  972.899981555,  1448.23
1568.70740547,  70799.0,  65877.8,  640.987601205,  972.90001245,  1448.69
1568.72783984,  70796.9,  65874.5,  640.987481618,  972.900277241,  1447.03
1568.74827431,  70807.6,  65885.3,  640.987634193,  972.900254926,  1447.97
1568.76870868,  70790.9,  65869.5,  640.987955906,  972.899943633,  1447.37
1568.78914295,  70799.2,  65876.4,  640.987783635,  972.900026174,  1446.98
1568.80957742,  70809.0,  65886.7,  640.987636913,  972.899711556,  1447.38
1568.83001179,  70811.5,  65888.0,  640.98787521,  972.899892964,  1447.32
1568.85044616,  70807.6,  65883.9,  640.987743359,  972.89992411,  1448.31
1568.87088053,  70810.6,  65886.3,  640.987844802,  972.899883218,  1446.17
1568.8913149,  70802.8,  65880.5,  640.987917683,  972.899827985,  1447.85
1568.91174937,  70807.9,  65885.5,  640.987805281,  972.899890358,  1448.17
1568.93218364,  70817.9,  65893.6,  640.987526051,  972.899687263,  1449.11
1568.95261801,  70819.5,  65896.2,  640.987836344,  972.899943107,  1460.12
1568.97305248,  70802.2,  65880.1,  640.987839006,  972.899738895,  1450.4
1568.99348675,  70812.2,  65890.0,  640.987735877,  972.899823405,  1450.23
1569.01392112,  70814.9,  65892.6,  640.987532644,  972.899751323,  1450.15
1569.03435559,  70810.5,  65889.8,  640.987883121,  972.899682824,  1451.49
1569.05478987,  70822.4,  65900.0,  640.988036505,  972.899761914,  1451.28
1569.07522434,  70820.1,  65897.4,  640.988058111,  972.899783844,  1452.47
1569.09565871,  70813.4,  65890.5,  640.987857741,  972.899662769,  1450.91
1569.11609298,  70800.8,  65878.9,  640.98806441,  972.899621539,  1453.71
1569.13652745,  70802.1,  65879.1,  640.987952055,  972.899704422,  1452.42
1569.15696183,  70819.1,  65895.9,  640.987982086,  972.899522787,  1453.05
1569.1773961,  70812.7,  65889.9,  640.987908867,  972.899356932,  1450.99
1569.19783057,  70815.5,  65893.0,  640.987875219,  972.899802227,  1450.23
1569.21826484,  70809.7,  65887.4,  640.98788215,  972.89983528,  1453.7
1569.23869932,  70809.9,  65886.9,  640.988252489,  972.899557648,  1455.84
1569.25913369,  70823.7,  65900.8,  640.987872816,  972.899371564,  1454.41
1569.27956796,  70816.7,  65893.5,  640.9880565,  972.899493682,  1452.85
1569.30000244,  70819.4,  65896.9,  640.987645731,  972.89952012,  1451.03
1569.32043681,  70820.2,  65897.6,  640.987900326,  972.899571672,  1449.32
1569.34087118,  70798.7,  65876.8,  640.987798321,  972.899597898,  1447.5
1569.36130556,  70649.9,  65739.6,  640.987835193,  972.899564334,  1448.1
1569.38173993,  70058.0,  65192.7,  640.988025781,  972.899255902,  1448.87
1569.40217431,  69599.0,  64765.0,  640.987850942,  972.89926924,  1447.58
1569.42260868,  69466.8,  64643.5,  640.987688773,  972.899164613,  1447.9
1569.44304306,  69392.6,  64575.5,  640.987819929,  972.899143327,  1445.7
1569.46347753,  69350.6,  64536.8,  640.98782931,  972.899009785,  1446.14
1569.48391191,  69313.9,  64501.7,  640.987762974,  972.899426328,  1447.29
1569.50434618,  69268.0,  64460.4,  640.987705661,  972.899007054,  1446.62
1569.52478066,  69267.1,  64457.8,  640.987884123,  972.899198399,  1446.5
1569.54521503,  69256.8,  64449.6,  640.98784515,  972.898952152,  1445.42
1569.56564931,  69280.1,  64471.2,  640.987867401,  972.899266096,  1443.61
1569.58608378,  69290.9,  64481.5,  640.987835647,  972.898846414,  1443.8
1569.60651816,  69332.9,  64519.4,  640.987809448,  972.899039911,  1444.06
1569.62695263,  69385.5,  64569.1,  640.987919153,  972.899091894,  1441.95
1569.64738691,  69448.5,  64628.0,  640.987814501,  972.899241662,  1442.09
1569.68825576,  69977.0,  65117.9,  640.988069678,  972.89915296,  1443.09
1569.70869004,  70576.2,  65673.8,  640.987948536,  972.899160247,  1441.79
1569.72912442,  70794.6,  65876.1,  640.988208646,  972.899076266,  1441.45
1569.7495589,  70838.3,  65916.5,  640.988311792,  972.899144235,  1440.46
1569.76999317,  70827.2,  65906.2,  640.988221922,  972.899084423,  1443.03
1569.79042755,  70831.0,  65909.2,  640.988178096,  972.898922987,  1441.29
1569.81086203,  70822.0,  65902.2,  640.988260875,  972.899116907,  1441.56
1569.83129631,  70811.6,  65891.9,  640.988343378,  972.899009076,  1443.25
1569.85173078,  70818.7,  65898.8,  640.988193748,  972.899169563,  1442.55
1569.87216506,  70818.8,  65899.3,  640.988172909,  972.89909351,  1442.03
1569.89259944,  70813.7,  65894.5,  640.98852862,  972.899005975,  1441.9
1569.91303392,  70831.7,  65911.9,  640.988211668,  972.899208391,  1441.09
1569.9334682,  70829.9,  65911.5,  640.988468939,  972.898885645,  1441.0
1569.95390258,  70821.6,  65903.4,  640.988507914,  972.899063212,  1441.12
1569.97433706,  70825.5,  65907.6,  640.988299922,  972.898902942,  1441.18
1569.99477144,  70839.6,  65920.6,  640.98827439,  972.898892163,  1440.53
1570.01520581,  70827.2,  65908.8,  640.988531888,  972.89877426,  1440.88
1570.03564019,  70822.9,  65906.8,  640.988308559,  972.898873374,  1440.14
1570.05607457,  70822.3,  65905.0,  640.988638937,  972.898968882,  1439.63
1570.07650895,  70825.1,  65907.8,  640.988353843,  972.898857915,  1440.18
1570.09694333,  70824.4,  65908.3,  640.988461935,  972.898994605,  1440.67
1570.11737771,  70835.3,  65918.5,  640.988355293,  972.898928343,  1439.83
1570.13781219,  70832.2,  65915.4,  640.988095001,  972.898716466,  1439.33
1570.15824647,  70835.2,  65918.0,  640.988668829,  972.898763658,  1438.72
1570.17868096,  70832.3,  65915.7,  640.988434821,  972.8989234,  1440.66
1570.19911534,  70823.2,  65906.0,  640.988428229,  972.898766443,  1440.36
1570.21954962,  70825.5,  65909.7,  640.988606357,  972.898779462,  1440.08
1570.2399841,  70821.5,  65906.3,  640.988382965,  972.898763183,  1439.4
1570.26041848,  70826.5,  65910.8,  640.988290003,  972.898716617,  1438.6
1570.28085276,  70817.9,  65902.2,  640.988608718,  972.898930823,  1439.86
1570.30128724,  70823.3,  65906.5,  640.988576384,  972.898562275,  1439.27
1570.32172163,  70821.0,  65904.8,  640.988502782,  972.898469648,  1438.47
1570.34215591,  70839.4,  65921.7,  640.988292428,  972.898531776,  1439.84
1570.36259039,  70817.1,  65900.4,  640.988634545,  972.898660666,  1439.65
1570.38302477,  70818.2,  65903.1,  640.988405473,  972.898537853,  1438.89
1570.40345915,  70833.5,  65915.7,  640.988557428,  972.898475475,  1437.93
1570.42389354,  70819.9,  65903.0,  640.988621818,  972.898758135,  1438.26
1570.44432792,  70829.5,  65910.9,  640.98835817,  972.898683363,  1437.35
1570.4647623,  70837.8,  65917.9,  640.988599989,  972.898513366,  1437.82
1570.48519669,  70836.8,  65919.3,  640.988471123,  972.898620372,  1436.94
1570.50563107,  70845.2,  65926.8,  640.988393654,  972.898548645,  1436.93
1570.52606545,  70828.3,  65910.9,  640.988318544,  972.898513789,  1436.84
1570.54649984,  70836.2,  65918.9,  640.988696534,  972.898362563,  1435.52
1570.56693432,  70845.6,  65926.6,  640.988647706,  972.89855355,  1435.84
1570.58736861,  70829.4,  65911.0,  640.988558779,  972.898632068,  1436.43
1570.60780299,  70819.6,  65902.2,  640.988537487,  972.898359027,  1434.72
1570.62823747,  70828.2,  65909.5,  640.988591004,  972.898349955,  1434.44
1570.64867186,  70830.9,  65912.7,  640.988240509,  972.898548196,  1435.14
1570.66910614,  70826.4,  65908.4,  640.988338512,  972.898236834,  1435.56
1570.68954063,  70827.9,  65908.1,  640.988280836,  972.898514466,  1434.62
1570.70997501,  70838.1,  65918.3,  640.988758246,  972.89829319,  1435.07
1570.7304093,  70845.0,  65924.5,  640.988638823,  972.898217001,  1434.67
1570.75084378,  70829.1,  65909.2,  640.988296101,  972.898278399,  1436.76
1570.77127817,  70816.6,  65899.2,  640.988553457,  972.89823268,  1435.52
1570.79171265,  70837.3,  65917.4,  640.988546037,  972.898201763,  1435.55
1570.81214694,  70845.2,  65924.0,  640.98853934,  972.89835009,  1435.92
1570.83258133,  70842.5,  65922.8,  640.988503517,  972.898264237,  1434.86
1570.85301581,  70837.8,  65915.6,  640.988644205,  972.898290519,  1434.81
1570.8734501,  70835.6,  65913.8,  640.988512874,  972.898364664,  1434.74
1570.89388449,  70837.2,  65914.9,  640.988252565,  972.898153135,  1434.02
1570.91431897,  70833.1,  65910.0,  640.98854822,  972.898191265,  1434.41
1570.93475326,  70830.9,  65909.9,  640.988435653,  972.898372284,  1434.38
1570.95518775,  70857.1,  65932.1,  640.988656792,  972.898043639,  1435.76
1570.97562213,  70842.4,  65918.5,  640.988737711,  972.898149597,  1433.69
1570.99605642,  70839.1,  65916.6,  640.988547371,  972.898354843,  1434.38
1571.01649091,  70855.7,  65932.0,  640.988586445,  972.898065185,  1434.08
1571.0369253,  70853.3,  65929.5,  640.988706573,  972.897942619,  1433.7
1571.05735958,  70842.5,  65920.6,  640.98866043,  972.897932012,  1433.79
1571.07779407,  70850.5,  65925.8,  640.98856492,  972.898232352,  1434.86
1571.09822846,  70844.6,  65921.8,  640.988299685,  972.89836626,  1433.28
1571.11866275,  70835.0,  65912.6,  640.988651275,  972.898140696,  1434.26
1571.13909724,  70845.1,  65921.8,  640.988415833,  972.898029759,  1432.97
1571.15953162,  70844.9,  65921.7,  640.988524437,  972.897968615,  1434.21
1571.17996601,  70846.5,  65920.8,  640.988755474,  972.897872418,  1434.25
1571.2004004,  70847.8,  65922.9,  640.988478616,  972.897889814,  1433.82
1571.22083479,  70847.3,  65923.0,  640.988569472,  972.898203872,  1434.35
1571.24126918,  70854.7,  65930.5,  640.988775258,  972.897701534,  1433.57
1571.26170357,  70851.0,  65927.4,  640.988337668,  972.898188427,  1433.6
1571.28213796,  70850.9,  65926.3,  640.988461377,  972.898007875,  1434.6
1571.30257235,  70854.8,  65929.4,  640.988814641,  972.897965151,  1434.03
1571.32300674,  70833.6,  65911.0,  640.988559275,  972.897898825,  1435.17
1571.34344123,  70852.8,  65928.2,  640.988530109,  972.897749774,  1434.4
1571.36387562,  70851.8,  65926.2,  640.988669594,  972.897835212,  1434.39
1571.38430991,  70847.6,  65923.5,  640.988514216,  972.897898174,  1436.52
1571.4047444,  70854.5,  65929.3,  640.988672032,  972.897961394,  1436.32
1571.42517879,  70850.1,  65925.6,  640.988371344,  972.898002729,  1436.54
1571.44561308,  70859.0,  65933.0,  640.98851882,  972.897794865,  1436.0
1571.46604757,  70856.0,  65929.7,  640.988862867,  972.897768712,  1436.7
1571.48648196,  70858.1,  65932.2,  640.988535445,  972.897726358,  1439.03
1571.50691626,  70860.7,  65935.1,  640.988622311,  972.897999334,  1436.13
1571.52735075,  70862.9,  65937.3,  640.988516759,  972.897849602,  1438.06
1571.54778514,  70860.8,  65935.1,  640.988633707,  972.897661575,  1438.83
1571.56821963,  70834.1,  65909.5,  640.988718134,  972.897754285,  1439.76
1571.58865392,  70869.8,  65942.2,  640.988644284,  972.897759561,  1438.25
1571.60908831,  70864.6,  65938.7,  640.988864874,  972.897712556,  1438.15
1571.62952281,  70853.5,  65928.6,  640.988882233,  972.89742151,  1438.27
1571.6499571,  70853.4,  65927.9,  640.98868034,  972.897736176,  1438.99
1571.67039149,  70859.4,  65933.6,  640.988700192,  972.897929714,  1439.9
1571.69082598,  70868.8,  65942.8,  640.988616274,  972.89750481,  1438.61
1571.71126028,  70839.2,  65915.0,  640.988356412,  972.897663513,  1440.3
1571.73169477,  70866.6,  65940.6,  640.988472901,  972.897554134,  1440.46
1571.75212916,  70851.7,  65925.3,  640.988654707,  972.897671626,  1439.91
1571.77256346,  70854.2,  65929.5,  640.988738749,  972.897548423,  1439.9
1571.79299795,  70859.0,  65930.9,  640.988462098,  972.8976911,  1439.61
1571.81343234,  70853.2,  65926.3,  640.988530081,  972.897284643,  1438.14
1571.83386664,  70867.7,  65941.6,  640.988585872,  972.897438729,  1438.72
1571.85430113,  70864.8,  65939.1,  640.988785234,  972.897347691,  1436.82
1571.87473553,  70839.8,  65915.7,  640.98882414,  972.897302777,  1437.69
1571.89516982,  70876.6,  65950.2,  640.988602429,  972.897546695,  1439.08
1571.91560432,  70866.7,  65939.7,  640.98889,  972.897232527,  1437.71
1571.93603871,  70852.7,  65927.5,  640.988879697,  972.897389696,  1438.37
1571.95647321,  70860.5,  65934.3,  640.988841003,  972.897249196,  1436.71
1571.9769075,  70860.5,  65934.6,  640.988909431,  972.897422972,  1437.81
1571.9973419,  70846.5,  65921.1,  640.988600658,  972.897420345,  1438.21
1572.01777639,  70869.9,  65942.6,  640.988694034,  972.897281468,  1437.59
1572.03821069,  70871.7,  65944.8,  640.988822619,  972.897489915,  1438.62
1572.05864508,  70857.3,  65931.4,  640.988876097,  972.897045889,  1438.33
1572.07907958,  70866.0,  65939.1,  640.988464791,  972.897249995,  1437.54
1572.09951387,  70856.5,  65930.0,  640.988710705,  972.897278803,  1438.55
1572.11994837,  70861.5,  65935.6,  640.98868207,  972.897307984,  1437.08
1572.14038277,  70865.0,  65939.6,  640.989059462,  972.89698298,  1435.15
1572.16081706,  70848.2,  65922.7,  640.988553239,  972.897316316,  1434.77
1572.18125156,  70868.6,  65942.7,  640.988926326,  972.897061235,  1434.53
1572.20168596,  70859.0,  65933.6,  640.988566673,  972.897393809,  1434.1
1572.22212025,  70879.9,  65953.7,  640.988817946,  972.897286571,  1432.68
1572.24255475,  70860.4,  65935.5,  640.989012887,  972.897124504,  1432.25
1572.26298915,  70853.6,  65928.8,  640.988384113,  972.897234633,  1433.1
1572.28342354,  70858.3,  65934.0,  640.989001149,  972.897139522,  1431.17
1572.30385794,  70863.9,  65937.7,  640.988754651,  972.897102558,  1430.98
1572.32429234,  70863.8,  65938.7,  640.988513834,  972.897130326,  1430.77
1572.34472674,  70858.6,  65933.8,  640.988731241,  972.897123079,  1431.05
1572.36516114,  70857.6,  65933.1,  640.988912594,  972.89685617,  1431.18
1572.38559553,  70867.6,  65941.0,  640.988602015,  972.897247522,  1429.8
1572.40602993,  70855.5,  65930.9,  640.988592652,  972.89694643,  1430.84
1572.42646433,  70869.1,  65943.2,  640.988782431,  972.897068839,  1430.87
1572.44689873,  70879.1,  65953.3,  640.988795108,  972.897347071,  1430.28
1572.46733313,  70855.3,  65931.8,  640.988827786,  972.897041345,  1432.33
1572.48776753,  70864.4,  65939.3,  640.988828401,  972.896886865,  1431.76
1572.50820203,  70856.1,  65931.3,  640.988871543,  972.897201648,  1432.83
1572.52863642,  70858.5,  65932.6,  640.98871567,  972.896906651,  1430.7
1572.54907072,  70884.7,  65957.6,  640.988672019,  972.897017268,  1432.49
1572.56950522,  70853.2,  65929.2,  640.98879857,  972.896904126,  1432.8
1572.58993962,  70869.7,  65944.8,  640.988963419,  972.896937517,  1432.49
1572.61037392,  70858.3,  65934.7,  640.988691986,  972.896877928,  1430.6
1572.63080842,  70867.2,  65942.0,  640.988756037,  972.896994109,  1433.55
1572.67167712,  70867.2,  65943.1,  640.988963215,  972.896916948,  1434.56
1572.69211162,  70856.9,  65933.0,  640.989088639,  972.896871675,  1433.08
1572.71254602,  70864.7,  65940.8,  640.988869566,  972.89677187,  1432.75
1572.73298053,  70872.9,  65950.6,  640.988884808,  972.896707045,  1435.39
1572.75341483,  70865.8,  65944.4,  640.98922902,  972.896762888,  1435.0
1572.77384923,  70870.7,  65949.2,  640.988766894,  972.896863484,  1435.15
1572.79428373,  70862.4,  65940.9,  640.989061038,  972.896800221,  1434.07
1572.81471803,  70870.8,  65949.0,  640.988983936,  972.896768151,  1435.66
1572.83515243,  70868.3,  65948.3,  640.989025502,  972.896638684,  1436.84
1572.85558693,  70863.2,  65943.0,  640.989131358,  972.896810747,  1439.64
1572.87602124,  70856.7,  65936.9,  640.989086587,  972.896769342,  1440.74
1572.89645574,  70888.7,  65967.0,  640.988901353,  972.896531655,  1445.71
1572.91689014,  70873.8,  65953.4,  640.989086658,  972.89661896,  1443.48
1572.93732444,  70886.3,  65964.9,  640.989018596,  972.896710966,  1445.66
1572.95775894,  70867.2,  65947.7,  640.988860906,  972.896691543,  1445.73
1572.97819335,  70864.6,  65945.9,  640.989210933,  972.896651222,  1440.33
1572.99862775,  70871.1,  65952.9,  640.989114996,  972.896471632,  1435.13
1573.01906215,  70874.4,  65955.9,  640.989244118,  972.896449918,  1431.86
1573.03949656,  70874.4,  65955.9,  640.989408466,  972.896509432,  1429.03
1573.05993086,  70879.2,  65961.4,  640.989335144,  972.896732733,  1429.89
1573.08036536,  70867.1,  65951.0,  640.989173914,  972.896277136,  1429.64
1573.10079977,  70864.7,  65947.1,  640.989218154,  972.896441672,  1428.02
1573.12123417,  70857.6,  65941.8,  640.989238535,  972.896383166,  1428.34
1573.14166857,  70874.2,  65956.0,  640.989302552,  972.896392477,  1428.27
1573.16210298,  70874.6,  65958.5,  640.989298962,  972.896524048,  1425.58
1573.18253748,  70877.2,  65959.9,  640.989346359,  972.896279364,  1426.61
1573.20297179,  70878.4,  65959.2,  640.989397841,  972.896172503,  1426.73
1573.22340619,  70871.1,  65954.7,  640.989314095,  972.896320502,  1426.04
1573.24384069,  70871.4,  65954.4,  640.98919639,  972.896006658,  1424.64
1573.264275,  70857.6,  65942.7,  640.989360488,  972.896318476,  1424.84
1573.2847095,  70869.9,  65953.2,  640.989269963,  972.896344809,  1424.18
1573.30514391,  70857.1,  65941.5,  640.989507604,  972.896005021,  1424.26
1573.32557821,  70870.8,  65953.9,  640.989439863,  972.896235455,  1423.28
1573.34601272,  70861.0,  65942.8,  640.989267051,  972.896155922,  1421.13
1573.36644713,  70880.8,  65963.1,  640.989623695,  972.896083507,  1421.3
1573.38688143,  70861.0,  65945.5,  640.989305837,  972.896184192,  1420.64
1573.40731594,  70858.6,  65941.9,  640.989395241,  972.896096344,  1420.88
1573.42775034,  70855.6,  65940.3,  640.989433319,  972.896092127,  1419.74
1573.44818465,  70857.6,  65941.6,  640.989057536,  972.896315434,  1419.55
1573.46861916,  70875.0,  65958.2,  640.989180089,  972.896186392,  1418.3
1573.48905356,  70860.2,  65943.4,  640.98952689,  972.896309665,  1417.89
1573.50948807,  70864.6,  65948.0,  640.989423866,  972.896183473,  1417.36
1573.52992237,  70866.6,  65948.9,  640.989525384,  972.895863669,  1417.81
1573.55035678,  70877.7,  65959.7,  640.989374829,  972.896112949,  1417.1
1573.57079129,  70871.4,  65952.2,  640.989403637,  972.896021121,  1417.44
1573.5912256,  70851.5,  65934.9,  640.989449455,  972.89611625,  1416.65
1573.61166,  70843.9,  65927.2,  640.989161945,  972.896281031,  1416.26
1573.63209451,  70880.7,  65961.5,  640.989374164,  972.895696005,  1415.81
1573.65252892,  70866.9,  65948.9,  640.989357427,  972.895768748,  1416.66
1573.67296333,  70870.5,  65952.7,  640.989393111,  972.89590525,  1414.45
1573.69339773,  70871.2,  65952.6,  640.989514903,  972.895797455,  1415.03
1573.71383204,  70872.3,  65952.1,  640.989288474,  972.895882902,  1415.96
1573.73426655,  70858.7,  65940.5,  640.989284499,  972.895844005,  1414.97
1573.75470096,  70873.7,  65953.7,  640.989244006,  972.895585484,  1416.59
1573.77513527,  70871.6,  65951.7,  640.989399019,  972.895902856,  1415.4
1573.79556978,  70870.1,  65950.5,  640.989451122,  972.895862311,  1413.46
1573.81600418,  70861.9,  65942.0,  640.989401848,  972.896030564,  1415.04
1573.83643849,  70873.8,  65954.0,  640.989480814,  972.895809564,  1413.51
1573.856873,  70865.1,  65945.0,  640.989351589,  972.895558092,  1413.82
1573.87730741,  70870.0,  65948.4,  640.989565291,  972.895747373,  1413.0
1573.89774192,  70863.6,  65942.9,  640.98946416,  972.895777912,  1413.82
1573.91817623,  70861.8,  65940.9,  640.989308963,  972.895743197,  1413.22
1573.93861064,  70869.0,  65948.2,  640.989605937,  972.89585283,  1413.21
1573.95904515,  70865.0,  65945.2,  640.989663016,  972.895684276,  1414.01
1573.97947946,  70857.1,  65937.1,  640.989251098,  972.895641169,  1411.47
1573.99991387,  70874.9,  65953.8,  640.989542788,  972.895829004,  1413.29
1574.02034838,  70872.1,  65951.1,  640.989758325,  972.895715204,  1413.2
1574.04078269,  70881.3,  65959.6,  640.989704111,  972.895698327,  1411.62
1574.0612172,  70858.8,  65939.6,  640.989643458,  972.895676681,  1411.61
1574.08165161,  70861.5,  65940.4,  640.989455659,  972.895555816,  1412.95
1574.10208592,  70871.3,  65949.7,  640.98981448,  972.895723925,  1411.58
1574.12252043,  70864.2,  65942.7,  640.98925378,  972.895597266,  1410.31
1574.14295485,  70873.1,  65951.2,  640.989560581,  972.89549201,  1411.75
1574.16338926,  70862.8,  65941.7,  640.989604117,  972.895661471,  1410.53
1574.18382367,  70862.9,  65942.0,  640.989602567,  972.895477415,  1411.11
1574.20425808,  70862.9,  65940.7,  640.989406283,  972.895466389,  1411.92
1574.22469249,  70862.3,  65941.9,  640.989801001,  972.895707474,  1410.29
1574.2451269,  70876.6,  65953.4,  640.989288186,  972.895283385,  1410.79
1574.26556132,  70873.4,  65950.6,  640.989714402,  972.895486942,  1410.55
1574.28599573,  70871.5,  65949.9,  640.989604204,  972.895612586,  1409.15
1574.30643024,  70877.4,  65954.0,  640.989667961,  972.895294027,  1409.1
1574.32686455,  70846.7,  65926.4,  640.989518164,  972.895477142,  1410.02
1574.34729897,  70859.3,  65936.6,  640.989399636,  972.89530656,  1411.06
1574.36773338,  70872.0,  65949.2,  640.989843535,  972.895412909,  1411.17
1574.38816779,  70857.9,  65937.5,  640.989646707,  972.895347555,  1408.19
1574.4086023,  70871.8,  65949.1,  640.989809515,  972.894973235,  1410.42
1574.42903662,  70865.6,  65944.1,  640.989421295,  972.895369137,  1408.42
1574.44947113,  70872.3,  65950.2,  640.989933642,  972.895184761,  1407.93
1574.46990554,  70859.2,  65936.1,  640.989638751,  972.895236201,  1407.79
1574.49033986,  70872.0,  65949.2,  640.989542806,  972.895298152,  1408.32
1574.51077437,  70872.5,  65950.6,  640.989536526,  972.89522711,  1405.04
1574.53120879,  70885.7,  65960.2,  640.989597015,  972.895168589,  1406.47
1574.5516431,  70863.4,  65940.2,  640.989443989,  972.89526633,  1406.99
1574.57207761,  70865.8,  65943.1,  640.989505567,  972.895052707,  1406.65
1574.59251203,  70848.7,  65926.7,  640.989717316,  972.895186946,  1405.49
1574.61294654,  70864.9,  65943.3,  640.989677475,  972.895228199,  1406.91
1574.63338086,  70856.3,  65934.8,  640.989328388,  972.895320353,  1406.49
1574.65381527,  70857.8,  65935.7,  640.989776624,  972.895081517,  1407.42
1574.67424979,  70857.1,  65936.1,  640.989592885,  972.89553772,  1406.68
1574.6946841,  70846.0,  65925.8,  640.989504062,  972.895078868,  1406.91
1574.71511852,  70856.6,  65935.1,  640.989525476,  972.895203242,  1403.88
1574.73555303,  70877.4,  65954.4,  640.989767425,  972.895127528,  1405.43
1574.75598735,  70859.7,  65936.8,  640.989375949,  972.894966876,  1405.29
1574.77642176,  70862.1,  65941.4,  640.989882956,  972.895211039,  1405.71
1574.79685628,  70880.6,  65956.9,  640.989278709,  972.894985744,  1404.9
1574.8172907,  70858.6,  65937.6,  640.989592555,  972.895029291,  1404.73
1574.83772511,  70871.0,  65948.7,  640.989421567,  972.894941688,  1404.46
1574.85815953,  70858.1,  65937.3,  640.989840364,  972.894948082,  1404.22
1574.87859394,  70846.8,  65925.5,  640.989729853,  972.895101399,  1405.3
1574.89902836,  70857.3,  65937.0,  640.989531017,  972.895074812,  1406.39
1574.91946278,  70863.5,  65942.4,  640.98964135,  972.895112444,  1404.35
1574.9398972,  70861.2,  65939.2,  640.989400073,  972.895227407,  1404.61
1574.96033161,  70859.4,  65939.2,  640.989544485,  972.894803499,  1403.8
1574.98076603,  70849.8,  65929.5,  640.989545891,  972.894895946,  1403.86
1575.00120045,  70858.5,  65938.3,  640.989311084,  972.895007115,  1403.17
1575.02163486,  70848.8,  65930.3,  640.989907469,  972.894812597,  1404.07
1575.04206928,  70867.5,  65946.6,  640.989779913,  972.894916671,  1402.85
1575.0625038,  70861.7,  65942.3,  640.989635002,  972.894540965,  1402.75
1575.08293812,  70842.8,  65924.0,  640.989489846,  972.894835662,  1402.86
1575.10337253,  70841.6,  65923.1,  640.989688365,  972.894737908,  1401.62
1575.12380705,  70858.8,  65939.1,  640.989672485,  972.89462718,  1401.99
1575.14424137,  70862.6,  65942.5,  640.989860056,  972.894750303,  1403.49
1575.16467579,  70844.1,  65925.9,  640.989649165,  972.894956213,  1403.23
1575.18511031,  70857.6,  65939.1,  640.989714849,  972.894755666,  1401.5
1575.20554463,  70872.6,  65952.3,  640.989627815,  972.894532765,  1404.15
1575.22597915,  70863.3,  65944.8,  640.98960218,  972.894795589,  1403.0
1575.24641356,  70859.5,  65940.4,  640.989677799,  972.894627536,  1401.44
1575.26684788,  70866.2,  65947.9,  640.989865213,  972.89468861,  1401.03
1575.2872824,  70882.0,  65963.0,  640.989404803,  972.894754226,  1401.47
1575.30771682,  70861.8,  65942.7,  640.989641809,  972.89461692,  1402.14
1575.32815114,  70864.3,  65945.3,  640.989455273,  972.894738318,  1401.64
1575.34858566,  70858.8,  65941.6,  640.989620836,  972.894688019,  1401.54
1575.36902008,  70864.7,  65946.6,  640.989964333,  972.894617063,  1401.46
1575.3894546,  70856.0,  65938.1,  640.989706735,  972.894574193,  1401.87
1575.40988892,  70853.8,  65937.1,  640.989653602,  972.894748153,  1401.19
1575.43032334,  70861.9,  65943.7,  640.989701827,  972.894679314,  1400.94
1575.45075786,  70868.1,  65948.9,  640.989803627,  972.895030523,  1399.89
1575.47119228,  70876.5,  65957.4,  640.989575349,  972.894419778,  1400.17
1575.4916266,  70858.9,  65942.3,  640.989887798,  972.894733925,  1399.39
1575.51206112,  70850.6,  65934.6,  640.989642629,  972.894759804,  1401.23
1575.53249555,  70855.4,  65938.3,  640.989640574,  972.894716121,  1399.11
1575.55292987,  70873.0,  65955.7,  640.98971921,  972.894665241,  1400.12
1575.57336439,  70854.9,  65938.2,  640.990080816,  972.894478687,  1399.31
1575.59379881,  70858.7,  65942.3,  640.989790366,  972.894427177,  1399.13
1575.61423323,  70862.7,  65946.1,  640.989772298,  972.894552757,  1398.03
1575.65510197,  70874.8,  65957.1,  640.989926151,  972.894530609,  1399.54
1575.6755365,  70866.8,  65950.3,  640.989779931,  972.894564695,  1397.6
1575.69597092,  70856.2,  65942.8,  640.989794111,  972.894398855,  1397.65
1575.71640524,  70850.9,  65937.7,  640.990138628,  972.894500453,  1398.03
1575.73683976,  70860.7,  65947.4,  640.989704788,  972.894546783,  1397.15
1575.75727419,  70845.6,  65932.9,  640.989911466,  972.894277691,  1397.76
1575.77770871,  70845.6,  65934.4,  640.990214748,  972.894468039,  1398.16
1575.79814303,  70850.1,  65937.0,  640.990054825,  972.894476178,  1395.98
1575.81857745,  70856.7,  65944.5,  640.989948777,  972.89423485,  1397.16
1575.83901198,  70839.3,  65930.1,  640.990245661,  972.89463456,  1396.24
1575.8594463,  70870.5,  65958.4,  640.990226395,  972.894081365,  1396.84
1575.87988072,  70846.6,  65935.2,  640.990273158,  972.894344632,  1396.42
1575.90031525,  70847.3,  65938.7,  640.990087719,  972.89428385,  1398.02
1575.92074957,  70844.2,  65935.5,  640.990085683,  972.894325127,  1396.29
1575.94118399,  70841.8,  65931.9,  640.990099164,  972.894283647,  1396.27
1575.96161852,  70862.2,  65952.4,  640.99012278,  972.89428761,  1396.62
1575.98205284,  70838.6,  65930.7,  640.990084881,  972.894258531,  1395.97
1576.00248737,  70864.8,  65956.3,  640.990166454,  972.894177341,  1395.83
1576.02292179,  70854.7,  65947.0,  640.989933785,  972.894300835,  1396.69
1576.04335621,  70865.2,  65955.2,  640.990228029,  972.894195433,  1395.21
1576.06379064,  70861.7,  65953.0,  640.990135315,  972.894107167,  1396.18
1576.08422506,  70839.4,  65931.7,  640.989807496,  972.894133739,  1396.67
1576.10465949,  70862.2,  65953.6,  640.990194252,  972.894358223,  1395.39
1576.12509391,  70855.0,  65948.6,  640.990054272,  972.894223622,  1394.99
1576.14552834,  70860.8,  65953.5,  640.99012937,  972.894010708,  1394.37
1576.16596276,  70853.5,  65947.5,  640.989965467,  972.894127725,  1394.12
1576.18639729,  70849.9,  65942.9,  640.990269223,  972.894079186,  1394.51
1576.20683162,  70860.9,  65953.4,  640.99049242,  972.894028022,  1394.16
1576.22726614,  70861.0,  65954.0,  640.990256677,  972.894074063,  1394.56
1576.24770057,  70853.7,  65946.2,  640.989919916,  972.89402052,  1393.35
1576.26813489,  70843.2,  65936.7,  640.990429216,  972.893958717,  1393.71
1576.28856942,  70856.9,  65949.8,  640.989992206,  972.893977445,  1393.79
1576.30900374,  70848.1,  65940.7,  640.990092857,  972.89415485,  1393.65
1576.32943817,  70871.3,  65963.4,  640.990584067,  972.893950072,  1393.02
1576.3498727,  70845.5,  65938.7,  640.989937126,  972.894004901,  1393.2
1576.39074155,  70861.7,  65955.6,  640.990371183,  972.894003857,  1393.38
1576.41117598,  70847.9,  65941.4,  640.99012901,  972.894028374,  1394.05
1576.43161031,  70851.2,  65943.5,  640.990284668,  972.893966429,  1393.46
1576.45204483,  70852.4,  65944.6,  640.990345363,  972.89396059,  1391.76
1576.47247926,  70858.0,  65950.3,  640.990194486,  972.89378037,  1392.15
1576.49291359,  70851.0,  65944.3,  640.990304757,  972.893816109,  1391.87
1576.51334811,  70838.6,  65932.2,  640.990188815,  972.893876833,  1392.91
1576.53378254,  70845.5,  65937.9,  640.990155756,  972.893901291,  1391.87
1576.55421697,  70857.7,  65948.8,  640.990132732,  972.894068707,  1392.03
1576.5746514,  70857.5,  65949.4,  640.990055294,  972.893943552,  1391.93
1576.59508583,  70836.4,  65929.4,  640.990217149,  972.893712045,  1392.66
1576.61552035,  70852.6,  65945.1,  640.990349917,  972.894070752,  1392.73
1576.63595468,  70859.7,  65950.4,  640.989965482,  972.893688077,  1392.81
1576.65638911,  70845.4,  65937.1,  640.990148933,  972.893693075,  1392.09
1576.67682364,  70846.4,  65938.7,  640.990562031,  972.89382407,  1391.57
1576.69725807,  70855.3,  65947.2,  640.990216758,  972.893633896,  1391.76
1576.7176924,  70849.3,  65939.3,  640.990167876,  972.893786132,  1391.32
1576.73812693,  70849.3,  65941.0,  640.990212127,  972.893985974,  1390.96
1576.75856136,  70848.3,  65941.3,  640.990488713,  972.893735801,  1389.92
1576.77899579,  70856.2,  65947.4,  640.99033129,  972.893619177,  1390.42
1576.79943021,  70861.1,  65951.0,  640.990323214,  972.893601511,  1390.38
1576.81986464,  70858.8,  65949.0,  640.99026418,  972.893828641,  1390.6
1576.84029917,  70859.7,  65949.7,  640.990153924,  972.893817058,  1390.88
1576.8607335,  70854.6,  65944.6,  640.990424903,  972.893836827,  1389.83
1576.88116793,  70836.5,  65928.7,  640.9904827,  972.893703471,  1389.95
1576.90160246,  70829.5,  65923.7,  640.990367961,  972.893586001,  1389.21
1576.92203679,  70808.5,  65901.6,  640.990228429,  972.893594039,  1387.95
1576.94247122,  70782.4,  65877.8,  640.990318638,  972.893512226,  1388.23
1576.96290566,  70768.3,  65864.6,  640.990433191,  972.893511812,  1388.02
1576.98334009,  70780.3,  65875.8,  640.990192163,  972.893556415,  1388.18
1577.00377462,  70778.8,  65875.0,  640.990322443,  972.893606658,  1388.94
1577.02420895,  70791.0,  65886.2,  640.99051043,  972.893574467,  1389.42
1577.04464338,  70770.9,  65867.8,  640.990209602,  972.893304771,  1388.37
1577.06507791,  70772.9,  65868.6,  640.990211135,  972.893405935,  1387.8
1577.08551224,  70778.7,  65873.0,  640.99040597,  972.893526188,  1388.86
1577.10594667,  70790.1,  65882.8,  640.990117688,  972.893648138,  1387.68
1577.1263812,  70786.7,  65881.7,  640.99023592,  972.893192808,  1387.83
1577.14681554,  70784.8,  65879.2,  640.990474969,  972.893421265,  1388.5
1577.16725007,  70791.6,  65885.2,  640.990307822,  972.893399921,  1388.82
1577.1876845,  70784.8,  65878.9,  640.990263415,  972.8932256,  1387.45
1577.20811883,  70765.2,  65860.0,  640.990498784,  972.893376851,  1390.01
1577.22855336,  70786.3,  65880.3,  640.990402468,  972.893349407,  1387.6
1577.2489878,  70790.6,  65884.7,  640.990475326,  972.893236706,  1386.55
1577.26942223,  70791.2,  65885.4,  640.990330503,  972.893493369,  1387.07
1577.28985666,  70807.4,  65900.2,  640.990568096,  972.893447068,  1385.88
1577.3102911,  70853.3,  65941.7,  640.990597521,  972.893205039,  1387.7
1577.33072553,  70846.0,  65934.6,  640.990078897,  972.893344787,  1386.41
1577.35116006,  70857.3,  65945.7,  640.990177357,  972.893491602,  1385.46
1577.37159439,  70840.8,  65931.0,  640.990503261,  972.893279204,  1385.49
1577.39202893,  70833.0,  65923.4,  640.990181423,  972.893435239,  1385.75
1577.41246336,  70847.9,  65936.5,  640.990405913,  972.893434581,  1386.03
1577.43289769,  70843.7,  65932.8,  640.990277774,  972.893024155,  1385.69
1577.45333223,  70846.6,  65936.0,  640.990191904,  972.893394778,  1386.54
1577.47376666,  70842.3,  65931.1,  640.990401815,  972.893270665,  1386.73
1577.494201,  70844.6,  65934.3,  640.990583273,  972.893186671,  1385.82
1577.51463553,  70855.3,  65943.9,  640.990270359,  972.893288332,  1384.11
1577.53506996,  70861.0,  65948.4,  640.990313189,  972.893155916,  1385.08
1577.5555044,  70850.6,  65939.4,  640.990520326,  972.893207873,  1385.66
1577.57593883,  70846.4,  65935.6,  640.990351056,  972.893188485,  1383.69
1577.59637317,  70880.2,  65965.6,  640.990324369,  972.893197467,  1384.05
1577.6168077,  70847.7,  65936.0,  640.990339839,  972.893055717,  1385.36
1577.63724214,  70864.6,  65951.5,  640.987681152,  972.890250845,  1383.08
1577.65767647,  70850.1,  65937.7,  640.990022768,  972.893169965,  1385.24
1577.67811101,  70856.6,  65945.2,  640.990529054,  972.893152131,  1384.94
1577.69854544,  70850.6,  65939.1,  640.990223186,  972.893092196,  1383.3
1577.71897988,  70832.4,  65922.5,  640.990328856,  972.893105989,  1387.29
1577.73941431,  70853.9,  65941.1,  640.990416924,  972.892916478,  1384.98
1577.75984875,  70855.3,  65942.1,  640.990289202,  972.893077549,  1384.72
1577.78028329,  70846.0,  65933.9,  640.990422769,  972.893142363,  1384.11
1577.80071762,  70856.1,  65943.2,  640.990154115,  972.893181218,  1382.2
1577.82115206,  70844.5,  65931.3,  640.990029537,  972.893250269,  1383.96
1577.84158659,  70855.8,  65944.4,  640.990291214,  972.893302345,  1381.53
1577.86202103,  70839.9,  65929.3,  640.990452414,  972.892692033,  1382.97
1577.88245537,  70850.5,  65938.5,  640.990385174,  972.893112314,  1382.89
1577.9028899,  70849.0,  65937.6,  640.990325027,  972.892971588,  1382.09
1577.92332434,  70834.3,  65923.0,  640.990204804,  972.892897631,  1382.7
1577.94375878,  70866.2,  65953.0,  640.989786055,  972.89310444,  1381.77
1577.96419321,  70838.1,  65927.2,  640.990553937,  972.893068512,  1382.5
1577.98462765,  70846.6,  65935.4,  640.990349929,  972.892851854,  1381.44
1578.00506209,  70847.6,  65937.8,  640.99018568,  972.893010019,  1382.03
1578.02549653,  70865.6,  65952.4,  640.990074778,  972.893047647,  1380.99
1578.04593096,  70850.8,  65939.4,  640.990353518,  972.893068791,  1380.97
1578.0663655,  70857.6,  65946.6,  640.990259951,  972.893175471,  1387.39
1578.08679984,  70850.4,  65939.4,  640.990463662,  972.892858686,  1381.75
1578.10723428,  70849.8,  65939.1,  640.990003743,  972.893100069,  1380.84
1578.12766881,  70832.4,  65922.8,  640.990254015,  972.893218868,  1381.46
1578.14810315,  70848.8,  65939.3,  640.990317056,  972.892817165,  1379.72
1578.16853769,  70846.6,  65936.6,  640.990182757,  972.892831794,  1381.08
1578.18897213,  70843.0,  65932.8,  640.9906508,  972.893001703,  1380.8
1578.20940647,  70825.8,  65916.7,  640.990256598,  972.892884771,  1382.37
1578.22984101,  70837.8,  65928.3,  640.990237873,  972.893084025,  1380.62
1578.25027534,  70855.0,  65943.4,  640.990185264,  972.89288528,  1380.35
1578.27070978,  70858.7,  65948.1,  640.990412064,  972.893093056,  1380.7
1578.29114432,  70840.4,  65931.5,  640.99046572,  972.892727582,  1380.66
1578.31157866,  70860.4,  65948.7,  640.990474735,  972.892769867,  1381.43
1578.3320132,  70838.6,  65930.1,  640.990253456,  972.893060724,  1381.64
1578.35244764,  70845.1,  65935.4,  640.990594418,  972.892960259,  1381.22
1578.37288198,  70843.2,  65933.9,  640.990265834,  972.89276195,  1379.95
1578.39331652,  70849.6,  65940.7,  640.990440813,  972.892828864,  1379.15
1578.41375096,  70857.4,  65946.2,  640.990440665,  972.892862733,  1380.08
1578.4341854,  70846.5,  65937.5,  640.990399594,  972.892737716,  1378.47
1578.45461984,  70838.0,  65929.9,  640.990337879,  972.892875151,  1380.12
1578.47505428,  70847.6,  65938.3,  640.990368665,  972.892593379,  1379.19
1578.49548872,  70848.6,  65940.3,  640.990512573,  972.892789093,  1379.12
1578.51592316,  70856.5,  65947.4,  640.990268715,  972.892759578,  1379.64
1578.5363576,  70852.8,  65943.7,  640.990237242,  972.892725313,  1378.18
1578.55679214,  70848.9,  65938.6,  640.990480531,  972.892748215,  1379.02
1578.57722658,  70846.3,  65938.2,  640.990513045,  972.892597216,  1378.84
1578.59766092,  70839.9,  65931.2,  640.99034059,  972.892804305,  1377.57
1578.6385299,  70847.6,  65938.8,  640.990524161,  972.892498536,  1379.07
1578.65896425,  70862.1,  65951.8,  640.99055221,  972.89263289,  1378.53
1578.67939879,  70838.9,  65931.4,  640.990626767,  972.892647861,  1378.53
1578.69983323,  70848.3,  65940.5,  640.990551419,  972.892571081,  1379.11
1578.72026757,  70852.8,  65946.1,  640.990497568,  972.892626947,  1378.03
1578.74070211,  70856.7,  65949.4,  640.990740983,  972.892412344,  1377.18
1578.76113655,  70854.3,  65946.3,  640.990642013,  972.892350905,  1377.84
1578.7815711,  70844.3,  65937.1,  640.990703667,  972.892700266,  1378.33
1578.80200544,  70846.3,  65939.2,  640.990678423,  972.892409185,  1379.13
1578.82243988,  70867.2,  65960.2,  640.990964415,  972.892489279,  1376.25
1578.84287442,  70852.8,  65948.8,  640.990667208,  972.892363156,  1375.78
1578.86330877,  70849.3,  65943.2,  640.99065534,  972.892511109,  1377.33
1578.88374321,  70852.9,  65948.9,  640.990719717,  972.892545534,  1377.17
1578.90417765,  70846.1,  65942.1,  640.990917467,  972.892419933,  1376.77
1578.92461209,  70850.0,  65945.1,  640.990727895,  972.892448584,  1375.97
1578.94504664,  70858.5,  65954.7,  640.990547005,  972.892464637,  1376.71
1578.96548098,  70851.5,  65947.4,  640.990813096,  972.892182781,  1376.24
1578.98591542,  70846.5,  65943.4,  640.990713639,  972.892294214,  1375.27
1579.00634997,  70837.9,  65937.0,  640.990682731,  972.892338833,  1374.95
1579.02678431,  70863.9,  65959.9,  640.990913247,  972.892253175,  1375.23
1579.04721875,  70838.1,  65935.8,  640.99074726,  972.892268828,  1376.47
1579.0676533,  70850.2,  65948.5,  640.990915923,  972.892337286,  1375.92
1579.08808774,  70859.2,  65956.4,  640.990928949,  972.892240427,  1374.02
1579.10852208,  70853.0,  65951.9,  640.99074477,  972.892506523,  1375.82
1579.12895663,  70851.8,  65950.2,  640.990995973,  972.892247149,  1374.1
1579.14939107,  70865.1,  65962.8,  640.991157767,  972.892137648,  1374.99
1579.16982552,  70856.4,  65954.1,  640.991095762,  972.89213624,  1375.35
1579.19025996,  70854.9,  65953.4,  640.990980813,  972.891999888,  1373.97
1579.21069441,  70842.8,  65940.9,  640.990801539,  972.892031329,  1374.24
1579.23112895,  70852.8,  65950.0,  640.990753714,  972.892384056,  1373.31
1579.2515633,  70844.8,  65943.1,  640.990952734,  972.892148859,  1373.66
1579.27199774,  70852.0,  65950.1,  640.990791309,  972.892377119,  1373.44
1579.29243229,  70860.3,  65958.2,  640.990880213,  972.892380948,  1374.2
1579.31286663,  70829.6,  65930.8,  640.990972299,  972.892254222,  1373.97
1579.33330118,  70845.6,  65944.0,  640.990968822,  972.892199541,  1373.58
1579.35373562,  70851.1,  65949.5,  640.991042524,  972.891976292,  1374.66
1579.37416997,  70864.6,  65960.4,  640.990644153,  972.892176848,  1373.16
1579.39460451,  70855.4,  65953.2,  640.990968806,  972.892263861,  1372.87
1579.41503896,  70851.4,  65948.3,  640.99113617,  972.892084833,  1373.68
1579.43547331,  70852.5,  65950.1,  640.99091967,  972.892192466,  1372.96
1579.45590785,  70840.6,  65937.7,  640.991010638,  972.892203264,  1374.31
1579.4763423,  70859.4,  65955.8,  640.990851119,  972.892356233,  1375.53
1579.49677664,  70842.7,  65940.6,  640.990974323,  972.892126887,  1374.49
1579.51721119,  70863.6,  65958.9,  640.991008026,  972.892051551,  1374.88
1579.53764554,  70846.9,  65943.3,  640.991016774,  972.892057979,  1374.07
1579.55808008,  70852.0,  65950.0,  640.990899078,  972.892214915,  1371.71
1579.57851453,  70846.8,  65943.8,  640.991056949,  972.891971632,  1371.65
1579.59894898,  70849.6,  65945.7,  640.990635307,  972.892038978,  1373.05
1579.61938342,  70856.3,  65953.6,  640.991092081,  972.892110325,  1372.8
1579.63981787,  70853.0,  65949.9,  640.991073498,  972.891822341,  1372.52
1579.66025232,  70849.7,  65945.6,  640.99104581,  972.891837837,  1373.95
1579.68068677,  70853.6,  65949.7,  640.990842027,  972.891939584,  1373.15
1579.70112121,  70862.5,  65958.4,  640.99076273,  972.891917371,  1372.91
1579.72155576,  70870.5,  65964.2,  640.990970084,  972.892059967,  1372.24
1579.74199021,  70842.6,  65939.4,  640.990994556,  972.891946574,  1370.92
1579.76242456,  70844.2,  65939.7,  640.991088116,  972.891982301,  1370.71
1579.7828591,  70852.2,  65948.6,  640.991434351,  972.892034797,  1371.2
1579.80329355,  70848.1,  65943.6,  640.99090404,  972.89174844,  1370.03
1579.8237279,  70853.9,  65947.2,  640.990936327,  972.892076131,  1369.43
1579.84416245,  70856.6,  65951.3,  640.991011928,  972.891798322,  1370.21
1579.8645969,  70861.7,  65955.8,  640.990833802,  972.891671923,  1369.03
1579.88503125,  70868.1,  65962.3,  640.991078263,  972.891742022,  1367.4
1579.90546579,  70851.5,  65946.3,  640.990990076,  972.891632759,  1368.27
1579.92590024,  70854.3,  65948.3,  640.991128534,  972.891848228,  1368.14
1579.94633479,  70856.9,  65951.7,  640.991124658,  972.891624744,  1367.97
1579.96676914,  70840.9,  65935.2,  640.991165645,  972.891493283,  1367.52
1579.98720359,  70855.1,  65948.2,  640.991179049,  972.891646919,  1368.03
1580.00763814,  70852.6,  65946.4,  640.991085154,  972.891623331,  1367.72
1580.02807249,  70857.2,  65948.8,  640.991003617,  972.891561154,  1368.28
1580.04850694,  70876.7,  65966.6,  640.990983223,  972.891807036,  1368.73
1580.06894149,  70864.8,  65956.8,  640.991060313,  972.891732664,  1367.83
1580.08937584,  70847.4,  65940.5,  640.991197847,  972.891617014,  1367.73
1580.10981029,  70858.4,  65952.4,  640.991090059,  972.891707273,  1366.4
1580.13024484,  70861.3,  65952.6,  640.990948417,  972.891555483,  1366.89
1580.15067919,  70861.9,  65953.1,  640.990998341,  972.89165816,  1365.52
1580.17111374,  70851.9,  65944.5,  640.990846597,  972.891808285,  1366.98
1580.19154809,  70868.9,  65959.1,  640.99115043,  972.891433829,  1366.16
1580.21198254,  70853.5,  65944.6,  640.991011343,  972.891493381,  1366.51
1580.23241709,  70849.0,  65941.3,  640.991081574,  972.891430948,  1367.29
1580.25285144,  70848.0,  65939.9,  640.991190187,  972.891604085,  1367.52
1580.27328589,  70864.3,  65954.5,  640.991090334,  972.891493497,  1366.35
1580.29372044,  70874.6,  65963.8,  640.990688921,  972.891587376,  1364.75
1580.31415489,  70876.9,  65966.4,  640.991360099,  972.891579852,  1366.06
1580.33458934,  70861.8,  65951.7,  640.991130983,  972.891549341,  1364.47
1580.3550238,  70848.7,  65938.8,  640.991079222,  972.891243691,  1366.05
1580.37545825,  70843.3,  65933.6,  640.991044362,  972.891548729,  1365.66
1580.3958927,  70851.4,  65942.4,  640.991012337,  972.891348603,  1365.22
1580.41632715,  70856.1,  65946.4,  640.991270623,  972.891170826,  1364.82
1580.4367616,  70862.7,  65952.5,  640.991128435,  972.89132866,  1364.96
1580.45719615,  70857.3,  65947.0,  640.990998394,  972.89156356,  1364.72
1580.47763051,  70843.5,  65932.6,  640.991395601,  972.891364718,  1363.86
1580.49806496,  70842.7,  65933.4,  640.990729057,  972.891469028,  1363.75
1580.51849951,  70860.0,  65949.5,  640.991208038,  972.891360393,  1363.14
1580.53893386,  70851.5,  65939.6,  640.99100311,  972.89159698,  1363.69
1580.55936842,  70864.1,  65952.5,  640.990951479,  972.891451981,  1363.0
1580.57980287,  70863.4,  65951.1,  640.990992592,  972.891316263,  1363.91
1580.60023722,  70849.7,  65939.9,  640.991167667,  972.891495869,  1364.03
1580.62067177,  70866.2,  65954.9,  640.990979276,  972.891203177,  1363.66
1580.64110623,  70870.6,  65958.7,  640.991134916,  972.891214386,  1362.8
1580.66154058,  70851.4,  65939.2,  640.990477798,  972.891369143,  1362.93
1580.68197513,  70872.6,  65959.9,  640.991045172,  972.891202014,  1362.46
1580.70240959,  70854.1,  65942.4,  640.991017724,  972.891479464,  1361.87
1580.72284414,  70861.2,  65950.4,  640.991430688,  972.891327045,  1361.93
1580.74327849,  70848.7,  65939.2,  640.991093966,  972.891066239,  1362.1
1580.76371295,  70854.8,  65943.4,  640.991067908,  972.89145283,  1361.55
1580.7841475,  70831.0,  65921.8,  640.991003511,  972.891423853,  1361.56
1580.80458185,  70863.3,  65950.4,  640.991094588,  972.891061647,  1362.46
1580.82501631,  70841.8,  65931.1,  640.991131206,  972.891190484,  1361.98
1580.84545076,  70868.0,  65957.3,  640.991252181,  972.891358632,  1361.6
1580.86588522,  70844.0,  65933.2,  640.991353228,  972.891101645,  1362.53
1580.88631967,  70854.8,  65944.6,  640.991164214,  972.8913106,  1361.61
1580.90675412,  70866.8,  65953.1,  640.991467307,  972.89120399,  1361.49
1580.92718858,  70842.1,  65931.5,  640.991039433,  972.891221491,  1360.84
1580.94762313,  70854.7,  65943.3,  640.991022501,  972.891115409,  1360.43
1580.96805759,  70872.8,  65960.9,  640.991214166,  972.891039142,  1360.77
1580.98849194,  70842.8,  65932.5,  640.991128448,  972.891271695,  1361.09
1581.0089265,  70848.3,  65938.3,  640.991162043,  972.891122335,  1360.18
1581.02936095,  70868.5,  65956.7,  640.991151989,  972.890865364,  1359.4
1581.04979531,  70854.4,  65942.3,  640.991129338,  972.891129658,  1360.62
1581.07022986,  70848.9,  65938.2,  640.991257155,  972.890964519,  1359.96
1581.09066432,  70849.9,  65937.2,  640.990770776,  972.891043298,  1359.0
1581.11109887,  70857.5,  65946.4,  640.991179776,  972.891004974,  1360.42
1581.13153323,  70861.5,  65948.1,  640.99135411,  972.891132183,  1360.89
1581.15196769,  70867.0,  65955.4,  640.991447282,  972.891079717,  1361.05
1581.17240224,  70858.9,  65948.0,  640.991051039,  972.8907366,  1359.43
1581.1928366,  70853.2,  65941.5,  640.991140138,  972.891106348,  1359.35
1581.21327105,  70858.9,  65948.1,  640.990926999,  972.891115507,  1358.62
1581.23370561,  70856.0,  65945.4,  640.991183858,  972.890878664,  1357.66
1581.25413997,  70877.0,  65963.0,  640.991439403,  972.890827697,  1358.92
1581.27457442,  70862.1,  65951.7,  640.991039407,  972.890783367,  1358.9
1581.29500898,  70852.4,  65940.9,  640.991114872,  972.89075906,  1358.68
1581.31544334,  70855.7,  65943.5,  640.991203842,  972.89084505,  1358.66
1581.33587789,  70846.6,  65935.4,  640.991397489,  972.890962287,  1358.02
1581.35631235,  70853.6,  65942.1,  640.991050232,  972.890825993,  1358.12
1581.37674681,  70852.5,  65941.1,  640.991236499,  972.890861782,  1357.88
1581.39718126,  70855.1,  65944.1,  640.991137287,  972.890931974,  1357.8
1581.41761572,  70858.5,  65946.2,  640.991331256,  972.890889853,  1357.6
1581.43805018,  70865.9,  65953.9,  640.991069835,  972.890807842,  1356.91
1581.45848464,  70857.4,  65946.3,  640.991678096,  972.890742837,  1356.69
1581.47891909,  70853.6,  65942.4,  640.991237936,  972.890812597,  1356.83
1581.49935355,  70844.6,  65934.6,  640.991050566,  972.890982854,  1356.64
1581.51978801,  70861.0,  65948.5,  640.991300067,  972.890761032,  1358.03
1581.54022247,  70881.0,  65966.5,  640.991218564,  972.890740965,  1356.32
1581.56065692,  70858.1,  65946.6,  640.991209084,  972.89075906,  1356.13
1581.58109138,  70842.9,  65932.1,  640.991552059,  972.890687061,  1357.73
1586.83274357,  70861.3,  65705.5,  640.993714913,  972.888870664,  1329.99
1586.85317816,  70845.7,  65696.4,  640.993795919,  972.889080349,  1327.27
1586.87361254,  70872.4,  65719.9,  640.994115493,  972.888508111,  1328.87
1586.89404712,  70870.6,  65717.2,  640.993675331,  972.88879211,  1327.8
1586.91448161,  70841.8,  65692.0,  640.993791843,  972.888780532,  1328.05
1586.93491599,  70855.5,  65705.1,  640.993595753,  972.888787006,  1327.38
1586.95535057,  70860.9,  65709.4,  640.993622646,  972.88902243,  1326.87
1586.97578506,  70854.1,  65705.9,  640.993705627,  972.888615542,  1326.37
1586.99621954,  70859.3,  65709.4,  640.993736246,  972.888693954,  1327.96
1587.01665402,  70852.7,  65705.4,  640.993737241,  972.888694611,  1326.7
1587.03708851,  70850.1,  65701.9,  640.993469965,  972.888560975,  1328.2
1587.05752309,  70849.8,  65702.6,  640.993605792,  972.888422173,  1327.27
1587.07795758,  70848.8,  65704.7,  640.993784865,  972.888534882,  1326.99
1587.09839196,  70855.3,  65710.0,  640.993613858,  972.888291571,  1327.04
1587.11882654,  70850.6,  65708.1,  640.993657308,  972.888414022,  1327.58
1587.13926103,  70859.0,  65717.6,  640.993776951,  972.888126066,  1326.0
1587.15969541,  70858.2,  65717.5,  640.993964529,  972.888246934,  1327.63
1587.18013,  70866.3,  65727.0,  640.993890333,  972.888364543,  1325.3
1587.20056448,  70855.1,  65716.9,  640.994032905,  972.88802509,  1327.01
1587.22099897,  70850.6,  65714.1,  640.994023405,  972.888118082,  1327.13
1587.24143345,  70864.0,  65729.2,  640.99410657,  972.888177269,  1326.73
1587.26186784,  70853.0,  65720.2,  640.994093563,  972.887917738,  1327.69
1587.28230242,  70857.5,  65727.0,  640.994065387,  972.887733425,  1328.45
1587.3027369,  70872.4,  65741.0,  640.994253062,  972.888002857,  1326.76
1587.32317129,  70871.1,  65740.2,  640.993821711,  972.887733285,  1325.71
1587.34360587,  70848.0,  65722.5,  640.994353158,  972.887806988,  1328.52
1587.36404036,  70869.2,  65744.1,  640.994462726,  972.887610486,  1327.29
1587.38447495,  70866.9,  65744.5,  640.994154273,  972.887490778,  1327.65
1587.40490933,  70859.6,  65739.2,  640.994180234,  972.887600562,  1326.77
1587.42534382,  70865.3,  65747.2,  640.994338765,  972.887558005,  1326.14
1587.4457784,  70860.5,  65743.6,  640.994272057,  972.887595578,  1326.02
1587.46621279,  70888.4,  65773.2,  640.99440834,  972.887534143,  1325.41
1587.50708186,  70862.7,  65752.0,  640.994293214,  972.887390258,  1326.48
1587.52751624,  70866.7,  65758.5,  640.994525471,  972.887439716,  1325.76
1587.54795083,  70862.1,  65754.7,  640.99438863,  972.887253665,  1324.99
1587.56838532,  70857.5,  65752.9,  640.994374995,  972.887116723,  1324.36
1587.5888198,  70877.3,  65772.3,  640.994402765,  972.887182043,  1326.15
1587.60925429,  70869.0,  65765.5,  640.994091963,  972.887102744,  1325.65
1587.62968877,  70863.7,  65763.5,  640.994525531,  972.887222382,  1326.46
1587.65012326,  70875.2,  65775.8,  640.994264369,  972.887027335,  1326.08
1587.67055775,  70880.4,  65782.1,  640.994405383,  972.887016984,  1326.22
1587.69099223,  70870.9,  65776.2,  640.993931051,  972.887394017,  1325.06
1587.71142682,  70874.6,  65779.8,  640.994012667,  972.886934116,  1326.28
1587.73186121,  70874.6,  65782.2,  640.994216835,  972.887057469,  1327.07
1587.75229569,  70857.2,  65769.2,  640.993701122,  972.88726299,  1324.7
1587.77273028,  70869.7,  65781.4,  640.994194262,  972.8870185,  1325.46
1587.79316477,  70862.4,  65777.2,  640.993843856,  972.886961342,  1325.12
1587.81359915,  70881.0,  65796.7,  640.994468273,  972.887213577,  1324.88
1587.83403374,  70883.6,  65798.8,  640.994170196,  972.886946963,  1326.75
1587.85446813,  70875.0,  65792.4,  640.993525895,  972.887113938,  1326.45
1587.87490272,  70885.0,  65804.7,  640.994206505,  972.887048725,  1324.89
1587.8953372,  70873.6,  65795.3,  640.99422427,  972.88689728,  1325.15
1587.91577159,  70885.2,  65807.5,  640.993792453,  972.887069492,  1326.08
1587.93620618,  70888.4,  65812.0,  640.993588295,  972.887014672,  1325.47
1587.95664066,  70877.3,  65804.0,  640.99356963,  972.886929714,  1324.56
1587.97707505,  70890.6,  65818.7,  640.993862468,  972.886947092,  1325.61
1587.99750964,  70870.7,  65800.0,  640.993569177,  972.887092926,  1323.97
1588.01794413,  70886.8,  65818.5,  640.993973095,  972.886891116,  1323.77
1588.03837852,  70877.6,  65812.1,  640.993473931,  972.887179478,  1324.58
1588.0588131,  70861.0,  65797.4,  640.993577884,  972.887115015,  1325.49
1588.07924759,  70871.5,  65807.7,  640.993555129,  972.886992101,  1324.6
1588.09968218,  70872.1,  65811.8,  640.993709256,  972.886855826,  1322.84
1588.12011657,  70876.6,  65814.8,  640.993602047,  972.887094693,  1323.73
1588.14055106,  70866.2,  65808.9,  640.993541619,  972.887001754,  1323.29
1588.16098564,  70884.5,  65827.6,  640.993323908,  972.88703454,  1322.4
1588.18142003,  70886.0,  65829.3,  640.993263162,  972.887153041,  1322.5
1588.20185452,  70874.2,  65819.7,  640.993301134,  972.887049093,  1322.23
1588.22228911,  70869.3,  65817.7,  640.993743996,  972.886981229,  1321.92
1588.2427235,  70894.4,  65841.6,  640.993156547,  972.88737086,  1323.44
1588.26315809,  70871.6,  65823.6,  640.993547791,  972.887103495,  1321.83
1588.28359257,  70879.2,  65831.1,  640.993585355,  972.887123205,  1323.56
1588.30402706,  70868.3,  65821.6,  640.993312232,  972.8870153,  1321.16
1588.32446155,  70868.2,  65823.3,  640.99336833,  972.887032295,  1322.2
1588.34489604,  70870.4,  65826.5,  640.993430712,  972.887266733,  1321.97
1588.36533053,  70872.1,  65829.7,  640.992883938,  972.887251731,  1322.49
1588.38576502,  70877.2,  65836.4,  640.993335169,  972.887225172,  1322.73
1588.40619951,  70862.0,  65822.8,  640.993404519,  972.887119244,  1321.88
1588.426634,  70871.6,  65833.0,  640.993205048,  972.887163947,  1322.81
1588.44706859,  70866.9,  65830.5,  640.993403671,  972.887064792,  1319.59
1588.46750298,  70864.7,  65829.5,  640.993167148,  972.887011703,  1320.36
1588.48793757,  70882.5,  65846.5,  640.993516301,  972.886994067,  1321.08
1588.50837196,  70892.1,  65856.1,  640.993420881,  972.886932136,  1320.8
1588.52880645,  70900.9,  65865.5,  640.99321632,  972.886916026,  1321.87
1588.54924103,  70890.9,  65857.4,  640.993429218,  972.886824835,  1321.1
1588.56967542,  70894.0,  65861.7,  640.993562568,  972.887012002,  1320.19
1588.59010991,  70892.9,  65863.3,  640.993292544,  972.887059922,  1320.09
1588.6105445,  70885.8,  65857.0,  640.993352006,  972.886937993,  1319.18
1588.63097889,  70876.5,  65851.0,  640.993314249,  972.887088644,  1319.01
1588.65141348,  70875.2,  65848.0,  640.993263042,  972.886915743,  1320.35
1588.67184797,  70881.9,  65855.6,  640.993258984,  972.886931977,  1319.03
1588.69228236,  70888.4,  65864.9,  640.993156969,  972.887053228,  1318.19
1588.71271696,  70880.0,  65857.0,  640.993282315,  972.886757483,  1317.03
1588.73315145,  70878.5,  65855.6,  640.993553637,  972.886843264,  1318.0
1588.75358584,  70886.1,  65865.4,  640.993173154,  972.886872123,  1319.34
1588.77402043,  70885.3,  65865.1,  640.993495723,  972.886909656,  1318.46
1588.79445492,  70879.2,  65860.0,  640.993115253,  972.886882911,  1317.64
1588.81488941,  70874.9,  65858.9,  640.993342902,  972.886796163,  1317.03
1588.8353239,  70878.6,  65861.4,  640.993389143,  972.886874672,  1318.37
1588.85575839,  70875.1,  65860.4,  640.993325477,  972.886744709,  1318.28
1588.87619298,  70872.0,  65858.1,  640.993196374,  972.88667201,  1318.82
1588.89662737,  70878.6,  65866.1,  640.993498507,  972.886800615,  1317.56
1588.91706186,  70875.7,  65864.0,  640.993356133,  972.88675159,  1316.96
1588.93749645,  70883.2,  65871.6,  640.993298427,  972.88682073,  1316.22
1588.95793094,  70878.7,  65867.9,  640.993204063,  972.887067115,  1317.44
1588.97836534,  70899.9,  65887.5,  640.993367096,  972.88664989,  1316.4
1588.99879993,  70874.4,  65865.3,  640.993386452,  972.886809614,  1317.65
1589.01923442,  70887.0,  65878.6,  640.993406353,  972.886678117,  1317.05
1589.03966881,  70884.0,  65874.4,  640.993222313,  972.886786991,  1316.98
1589.0601034,  70887.7,  65879.0,  640.993406769,  972.886803933,  1316.55
1589.08053789,  70883.0,  65877.0,  640.99346639,  972.88675091,  1317.18
1589.10097248,  70892.9,  65886.1,  640.993272787,  972.886855591,  1317.69
1589.12140688,  70895.1,  65890.0,  640.993481366,  972.88683861,  1317.3
1589.14184137,  70886.7,  65881.8,  640.993259044,  972.886732563,  1317.03
1589.16227586,  70872.2,  65870.0,  640.993201901,  972.88652821,  1314.34
1589.18271035,  70891.8,  65889.2,  640.993353123,  972.886839601,  1315.54
1589.20314474,  70879.5,  65878.8,  640.99352256,  972.886764744,  1317.1
1589.22357934,  70882.0,  65881.7,  640.993625129,  972.886530403,  1316.04
1589.24401383,  70886.7,  65886.6,  640.99350128,  972.886688977,  1316.6
1589.26444842,  70878.6,  65879.9,  640.993495492,  972.886558922,  1315.41
1589.28488281,  70887.3,  65888.3,  640.993349952,  972.886827504,  1315.72
1589.30531731,  70882.4,  65885.2,  640.993265575,  972.886726409,  1314.56
1589.3257519,  70886.0,  65889.4,  640.993489026,  972.886782084,  1314.39
1589.34618629,  70890.8,  65895.1,  640.993755587,  972.886606297,  1315.42
1589.36662078,  70879.3,  65884.4,  640.993513061,  972.886491885,  1315.4
1589.38705538,  70882.1,  65888.8,  640.993618772,  972.886562689,  1313.91
1589.40748977,  70870.2,  65876.0,  640.993334632,  972.886482198,  1314.23
1589.42792426,  70868.0,  65876.3,  640.993290735,  972.886644074,  1313.87
1589.44835885,  70902.9,  65909.1,  640.993700642,  972.88618351,  1312.9
1589.46879335,  70880.6,  65888.9,  640.993475441,  972.886728459,  1314.26
1589.48922784,  70891.3,  65897.5,  640.993661904,  972.886517671,  1313.59
1589.50966233,  70868.6,  65879.5,  640.993410865,  972.886463827,  1313.59
1589.53009683,  70883.9,  65893.0,  640.993635137,  972.886770284,  1313.59
1589.55053132,  70860.4,  65870.2,  640.993652891,  972.886483315,  1314.33
1589.57096581,  70894.5,  65900.9,  640.993305963,  972.886651337,  1313.19
1589.59140031,  70883.2,  65893.9,  640.993666011,  972.886640018,  1312.6
1589.6118349,  70866.5,  65876.6,  640.993422365,  972.886499222,  1314.44
1589.63226929,  70882.4,  65894.1,  640.993432217,  972.886392141,  1314.05
1589.65270379,  70884.9,  65896.7,  640.993520619,  972.886460644,  1313.21
1589.67313838,  70902.2,  65912.9,  640.99356354,  972.886381051,  1314.03
1589.69357277,  70861.0,  65875.7,  640.993356629,  972.886649352,  1314.51
1589.71400737,  70869.6,  65884.5,  640.993439566,  972.886321289,  1312.76
1589.73444186,  70887.1,  65900.2,  640.993498892,  972.886383815,  1312.03
1589.75487626,  70875.7,  65890.3,  640.993173025,  972.886417972,  1311.48
1589.77531085,  70891.7,  65905.9,  640.994024789,  972.886607702,  1311.42
1589.79574534,  70876.9,  65892.6,  640.993661396,  972.886589493,  1311.67
1589.81617974,  70878.5,  65893.5,  640.993803444,  972.886618759,  1312.41
1589.85704873,  70892.9,  65908.1,  640.993269069,  972.886685693,  1313.71
1589.87748332,  70882.0,  65898.0,  640.993706269,  972.886475456,  1312.42
1589.89791782,  70881.9,  65897.8,  640.993662459,  972.886427682,  1311.37
1589.91835221,  70880.0,  65896.8,  640.993442805,  972.886548685,  1310.87
1589.9387868,  70884.6,  65901.7,  640.993760394,  972.8861398,  1311.04
1589.9592213,  70880.9,  65899.4,  640.993610319,  972.886350636,  1311.39
1589.97965569,  70873.3,  65891.7,  640.993842398,  972.886238323,  1311.42
1590.00009029,  70892.4,  65907.8,  640.993362774,  972.886019098,  1312.64
1590.02052478,  70873.3,  65891.0,  640.993516881,  972.886130504,  1311.35
1590.04095928,  70879.9,  65897.2,  640.993506806,  972.886280183,  1311.76
1590.06139377,  70892.3,  65909.7,  640.993732116,  972.886170972,  1310.7
1590.08182827,  70879.0,  65897.8,  640.993666142,  972.886431129,  1310.78
1590.10226286,  70866.9,  65886.7,  640.993737024,  972.886128188,  1310.47
1590.12269726,  70875.2,  65894.6,  640.993568911,  972.885978173,  1310.52
1590.14313175,  70888.8,  65907.5,  640.99326366,  972.886281844,  1311.37
1590.16356635,  70875.3,  65895.3,  640.993445538,  972.88623778,  1310.84
1590.18400084,  70868.3,  65889.1,  640.993904563,  972.886110581,  1310.49
1590.20443524,  70877.8,  65896.9,  640.993424758,  972.886311887,  1312.04
1590.22486983,  70886.4,  65906.2,  640.993847909,  972.886308933,  1310.86
1590.24530433,  70877.1,  65896.9,  640.99371082,  972.886286742,  1311.57
1590.26573873,  70898.1,  65917.3,  640.993578925,  972.886094864,  1310.44
1590.28617332,  70898.0,  65916.4,  640.993521163,  972.886196466,  1310.22
1590.30660782,  70868.6,  65891.5,  640.993272791,  972.886284616,  1309.28
1590.32704241,  70876.3,  65897.4,  640.993652512,  972.886174112,  1309.59
1590.34747681,  70873.0,  65896.0,  640.993632879,  972.886477199,  1309.63
1590.36791131,  70870.0,  65891.8,  640.99387075,  972.886175258,  1309.71
1590.3883459,  70869.6,  65892.1,  640.993779829,  972.885952658,  1308.35
1590.4087803,  70881.9,  65905.1,  640.993510342,  972.886242881,  1310.48
1590.42921479,  70873.2,  65897.6,  640.993388906,  972.886370247,  1309.08
1590.44964929,  70889.8,  65913.0,  640.993445448,  972.886091828,  1308.38
1590.47008379,  70860.2,  65886.1,  640.993635898,  972.88635049,  1309.65
1590.49051838,  70866.6,  65892.3,  640.993752593,  972.8862941,  1308.95
1590.51095278,  70878.7,  65903.1,  640.993682981,  972.886176029,  1309.01
1590.53138728,  70882.0,  65906.1,  640.993734307,  972.886060444,  1308.19
1590.55182187,  70872.4,  65897.9,  640.99357236,  972.886061219,  1308.98
1590.57225627,  70883.1,  65908.3,  640.993722347,  972.886126838,  1308.45
1590.59269076,  70877.2,  65903.3,  640.993778771,  972.885933181,  1309.25
1590.61312536,  70885.7,  65910.8,  640.993814774,  972.88609894,  1308.06
1590.63355976,  70881.8,  65908.4,  640.993945798,  972.886056439,  1308.55
1590.65399426,  70881.8,  65908.1,  640.993870352,  972.886142877,  1308.24
1590.67442885,  70895.6,  65920.2,  640.993659593,  972.886182551,  1309.37
1590.69486335,  70868.6,  65897.1,  640.993884678,  972.886133248,  1309.82
1590.71529785,  70863.8,  65891.9,  640.993708027,  972.885975802,  1307.58
1590.73573234,  70870.1,  65896.7,  640.99362385,  972.886274065,  1309.7
1590.75616684,  70863.9,  65892.0,  640.993922739,  972.885917003,  1309.35
1590.77660134,  70882.4,  65909.0,  640.993902476,  972.886013082,  1309.46
1590.79703584,  70865.0,  65895.2,  640.993710938,  972.886074077,  1308.92
1590.81747033,  70876.4,  65904.7,  640.993690951,  972.88598832,  1309.18
1590.83790493,  70871.3,  65899.7,  640.993750844,  972.886074211,  1306.99
1590.85833933,  70883.5,  65912.2,  640.993601977,  972.886072435,  1307.98
1590.87877383,  70874.2,  65903.2,  640.993918302,  972.885855595,  1308.94
1590.89920842,  70868.8,  65898.2,  640.99394603,  972.88621522,  1307.76
1590.91964282,  70869.1,  65898.6,  640.993574325,  972.886271166,  1308.66
1590.94007742,  70859.2,  65891.2,  640.993874523,  972.885841361,  1307.45
1590.96051192,  70856.4,  65887.7,  640.99355558,  972.886053767,  1307.1
1590.98094631,  70860.5,  65878.6,  640.994887783,  972.88551794,  1307.59
1591.00138091,  70855.0,  65878.9,  640.993674723,  972.885900315,  1307.76
