RA (J2000),Dec (J2000)
ra,dec
19 24 19.733,+36 52 51.10
19 23 38.393,+37 04 41.56
19 22 20.618,+37 12 58.36
19 04 58.185,+37 23 03.05
19 29 17.275,+37 21 54.07
19 29 38.796,+37 20 12.84
19 29 48.718,+37 18 05.83
19 21 44.686,+37 28 29.60
19 22 08.095,+37 27 26.93
19 31 26.631,+37 27 26.92
19 06 41.693,+37 35 04.56
19 30 01.728,+37 30 21.96
19 03 50.820,+37 37 03.72
19 20 44.085,+37 37 47.06
19 23 01.111,+37 40 14.30
19 23 16.767,+37 39 59.51
19 06 52.452,+37 46 08.15
19 21 06.660,+37 43 03.36
19 22 03.060,+37 47 03.30
19 24 55.080,+37 46 31.76
19 31 54.574,+37 47 31.96
19 04 05.544,+37 53 55.93
19 05 12.516,+37 50 56.87
19 22 17.613,+37 53 08.41
19 28 04.399,+37 49 41.70
19 30 52.181,+37 50 55.57
19 31 45.405,+37 49 02.86
19 02 22.214,+37 55 29.93
19 08 59.760,+37 55 21.25
19 22 33.631,+37 58 26.00
19 24 28.752,+37 58 58.73
19 28 30.605,+37 54 53.82
19 29 21.216,+37 59 46.18
19 04 57.319,+38 01 14.63
19 22 50.467,+38 02 58.06
19 26 04.356,+38 00 13.00
19 26 27.993,+38 02 05.21
19 26 54.998,+38 04 12.07
19 28 28.416,+38 01 10.52
19 28 35.153,+38 01 45.70
19 29 22.392,+38 02 59.35
19 30 28.920,+38 05 03.23
19 32 14.748,+38 05 43.94
19 32 52.915,+38 02 11.94
19 36 31.428,+38 05 05.03
19 06 04.867,+38 11 30.95
19 08 31.721,+38 06 26.86
19 10 09.267,+38 09 22.32
19 22 44.076,+38 06 58.18
19 23 57.449,+38 06 51.70
19 28 37.380,+38 08 16.87
19 32 03.391,+38 10 41.02
19 36 37.041,+38 11 27.28
19 03 36.717,+38 12 08.17
19 04 06.974,+38 14 39.80
19 05 36.437,+38 13 06.31
19 06 15.214,+38 13 54.55
19 07 22.764,+38 17 58.16
19 09 15.703,+38 12 00.54
19 09 57.223,+38 13 51.56
19 18 45.994,+38 15 52.81
19 19 49.548,+38 13 06.67
19 22 36.170,+38 13 18.30
19 23 06.497,+38 12 55.87
19 24 28.083,+38 12 50.11
19 27 40.802,+38 13 10.13
19 30 07.073,+38 16 58.26
19 38 29.501,+38 15 14.08
19 01 04.735,+38 23 12.08
19 01 58.368,+38 21 24.23
19 05 35.913,+38 23 06.76
19 18 49.236,+38 20 59.42
19 18 55.102,+38 19 19.49
19 19 57.180,+38 21 44.10
19 23 01.349,+38 21 56.20
19 23 48.403,+38 22 48.76
19 24 19.512,+38 20 47.00
19 26 26.390,+38 23 41.86
19 31 35.966,+38 22 12.11
19 01 21.513,+38 28 14.27
19 10 27.341,+38 28 52.82
19 13 07.755,+38 27 34.34
19 18 07.802,+38 26 27.46
19 18 23.966,+38 24 21.67
19 19 07.841,+38 25 04.08
19 19 27.607,+38 27 51.34
19 30 45.554,+38 25 57.68
19 31 12.406,+38 26 32.14
19 36 01.390,+38 27 57.13
19 03 39.996,+38 34 19.85
19 07 35.885,+38 34 56.35
19 13 23.047,+38 33 34.13
19 13 39.742,+38 32 26.95
19 13 57.598,+38 31 24.46
19 22 49.642,+38 35 40.34
19 23 02.741,+38 31 55.20
19 38 11.503,+38 33 14.90
19 38 13.017,+38 34 59.92
19 38 52.135,+38 30 37.84
19 40 50.117,+38 32 27.10
19 08 50.139,+38 40 29.93
19 12 20.398,+38 41 16.98
19 25 29.033,+38 38 36.42
19 29 56.158,+38 38 55.54
19 38 44.213,+38 36 02.20
19 41 02.436,+38 38 02.36
19 42 02.822,+38 39 32.94
19 12 28.531,+38 44 51.68
19 25 34.594,+38 43 21.07
19 34 12.626,+38 47 39.44
19 35 31.639,+38 44 26.99
19 41 49.646,+38 45 41.15
19 42 09.931,+38 46 30.94
18 58 50.015,+38 53 09.74
19 12 48.506,+38 52 12.72
19 22 43.853,+38 51 01.19
19 25 55.034,+38 50 13.34
19 26 30.790,+38 51 48.74
19 27 54.343,+38 53 18.92
19 37 35.885,+38 51 10.37
19 38 46.260,+38 51 32.47
19 40 27.369,+38 53 43.04
19 41 26.273,+38 48 46.01
19 41 36.542,+38 48 43.60
19 42 09.838,+38 52 08.83
19 42 34.370,+38 52 48.72
19 10 05.146,+38 54 38.70
19 16 20.028,+38 58 13.76
19 25 37.345,+38 54 52.16
19 26 24.710,+38 58 32.66
19 42 07.970,+38 56 10.90
19 43 13.102,+38 59 04.49
19 02 26.971,+39 03 05.98
19 03 42.564,+39 00 10.04
19 08 50.683,+39 03 32.51
19 12 40.241,+39 03 33.77
19 23 00.345,+39 03 48.82
19 25 01.334,+39 05 47.29
19 29 37.245,+39 02 11.04
19 29 59.402,+39 03 17.57
19 35 45.586,+39 04 30.68
19 37 14.553,+39 02 58.92
19 38 24.094,+39 04 58.87
19 40 08.076,+39 02 19.46
19 43 47.136,+39 01 47.71
19 44 42.271,+39 01 39.40
19 45 00.088,+39 03 34.78
19 00 37.553,+39 11 23.57
19 03 35.086,+39 10 07.72
19 03 55.800,+39 06 30.82
19 11 00.830,+39 10 15.31
19 15 44.211,+39 07 43.25
19 16 37.474,+39 08 37.36
19 26 08.563,+39 07 36.23
19 43 28.665,+39 09 31.72
18 58 47.481,+39 12 27.67
19 09 44.525,+39 16 54.80
19 24 35.345,+39 17 12.80
19 27 45.720,+39 13 54.98
19 30 06.653,+39 15 21.60
19 33 51.038,+39 14 17.34
19 36 41.011,+39 15 17.89
19 39 03.691,+39 16 49.87
19 41 09.521,+39 13 54.05
18 58 33.302,+39 21 18.65
19 02 19.380,+39 22 27.48
19 15 31.848,+39 22 50.56
19 16 23.354,+39 22 20.86
19 33 12.963,+39 22 23.84
19 38 01.272,+39 23 57.08
19 45 39.470,+39 22 29.60
19 07 10.586,+39 28 37.56
19 14 22.527,+39 29 22.63
19 29 12.437,+39 25 07.57
19 36 24.339,+39 29 32.46
19 39 20.021,+39 29 06.76
19 40 02.208,+39 27 51.05
19 41 52.387,+39 29 46.86
19 43 00.701,+39 29 55.90
19 01 56.136,+39 31 31.15
19 02 06.334,+39 33 14.44
19 19 01.881,+39 33 35.89
19 20 22.262,+39 31 51.96
19 26 24.509,+39 31 41.52
19 35 43.097,+39 31 53.00
19 35 44.789,+39 32 25.55
19 36 10.109,+39 35 01.46
19 49 27.581,+39 32 15.29
19 50 22.608,+39 32 31.81
18 56 35.246,+39 36 12.85
19 01 05.415,+39 36 52.78
19 01 17.698,+39 38 29.36
19 08 54.355,+39 39 33.73
19 14 05.122,+39 36 56.88
19 28 16.305,+39 36 50.82
19 31 38.868,+39 39 04.86
19 33 51.593,+39 38 22.49
19 34 59.928,+39 40 40.98
19 41 45.110,+39 39 05.83
19 49 56.676,+39 41 21.88
19 16 15.845,+39 45 52.70
19 18 41.136,+39 42 26.75
19 19 33.173,+39 45 38.16
19 27 52.788,+39 42 01.15
19 33 09.295,+39 43 53.65
19 33 16.891,+39 45 30.96
19 36 34.728,+39 44 02.87
19 36 37.224,+39 43 21.40
19 48 18.749,+39 45 46.94
19 49 34.461,+39 44 11.26
19 50 19.428,+39 44 39.52
18 57 19.183,+39 52 20.32
19 08 29.868,+39 53 50.03
19 15 42.401,+39 48 42.44
19 19 14.863,+39 49 31.26
19 31 34.162,+39 50 31.24
19 33 09.158,+39 49 48.25
19 40 20.964,+39 53 57.16
19 45 22.634,+39 51 32.54
19 48 35.978,+39 49 04.01
19 49 16.176,+39 52 40.69
19 50 18.113,+39 48 24.48
19 50 52.747,+39 51 52.60
19 05 04.272,+39 57 20.81
19 14 47.568,+39 56 58.34
19 18 28.498,+39 57 24.37
19 21 15.782,+39 55 02.50
19 21 40.910,+39 58 16.50
19 32 57.924,+39 58 45.26
19 35 17.947,+39 59 33.68
19 36 30.567,+39 55 28.42
19 41 08.390,+39 57 57.17
18 58 32.758,+40 04 09.12
19 05 37.582,+40 04 55.20
19 19 04.608,+40 01 15.92
19 20 32.899,+40 01 44.72
19 23 03.744,+40 02 11.58
19 23 14.762,+40 00 02.84
19 24 33.053,+40 04 31.30
19 41 34.145,+40 03 15.01
19 42 00.338,+40 02 19.90
19 49 05.815,+40 02 06.76
19 51 18.895,+40 03 12.67
19 55 39.257,+40 04 22.19
18 55 25.649,+40 10 37.74
18 56 42.799,+40 06 19.66
18 56 44.614,+40 09 42.01
19 07 35.897,+40 07 25.50
19 07 36.799,+40 06 50.36
19 08 43.747,+40 09 27.29
19 26 16.613,+40 10 53.08
19 39 29.076,+40 09 03.35
19 48 31.245,+40 11 30.19
19 50 11.261,+40 06 07.27
19 54 05.688,+40 07 23.92
19 54 58.037,+40 06 25.81
19 55 25.658,+40 11 10.43
19 12 23.539,+40 14 36.20
19 12 44.446,+40 16 51.64
19 17 07.550,+40 17 54.82
19 17 31.294,+40 13 16.86
19 24 02.232,+40 16 56.28
19 32 42.391,+40 12 55.84
19 35 18.218,+40 15 12.20
19 39 42.504,+40 14 13.27
19 42 23.109,+40 14 43.51
19 53 54.425,+40 13 14.23
18 58 12.922,+40 20 21.37
19 01 08.299,+40 20 22.24
19 11 27.449,+40 21 51.16
19 14 08.506,+40 18 42.80
19 20 23.976,+40 23 11.69
19 20 59.683,+40 18 40.79
19 22 30.130,+40 20 17.23
19 24 38.218,+40 18 33.80
19 24 48.154,+40 22 02.06
19 25 40.639,+40 19 04.84
19 36 47.573,+40 19 41.48
19 41 46.846,+40 20 26.48
19 13 56.105,+40 29 22.60
19 24 02.400,+40 26 40.31
19 34 53.374,+40 26 47.72
19 42 00.253,+40 24 36.81
18 55 00.807,+40 34 51.46
19 11 34.365,+40 31 48.86
19 13 11.563,+40 35 36.85
19 15 13.044,+40 33 19.91
19 16 35.242,+40 31 19.24
19 35 20.647,+40 35 22.70
19 40 06.960,+40 35 54.35
19 42 06.477,+40 35 47.00
19 48 29.438,+40 30 11.09
19 57 35.885,+40 33 11.38
19 58 25.397,+40 30 14.11
19 59 26.318,+40 33 50.22
19 00 12.593,+40 36 42.05
19 03 49.008,+40 39 35.93
19 11 54.684,+40 38 20.90
19 13 23.470,+40 39 40.93
19 22 32.174,+40 36 57.92
19 24 18.096,+40 38 58.78
19 39 44.702,+40 37 01.09
19 46 41.318,+40 37 30.04
19 54 55.099,+40 36 20.63
19 56 36.593,+40 39 45.54
19 59 26.114,+40 37 35.58
19 59 42.547,+40 37 14.56
19 01 27.699,+40 47 34.48
19 17 42.461,+40 44 44.92
19 22 28.937,+40 43 13.30
19 29 24.019,+40 43 45.98
19 40 21.120,+40 46 28.92
19 47 50.311,+40 46 55.78
19 50 46.982,+40 45 59.33
18 59 33.247,+40 49 55.13
19 12 02.913,+40 49 25.21
19 15 54.439,+40 51 13.39
19 24 07.253,+40 50 10.07
19 24 17.729,+40 49 01.78
19 37 54.876,+40 49 54.05
19 39 19.248,+40 53 58.88
19 41 36.002,+40 52 08.69
19 41 53.088,+40 52 09.44
19 46 34.190,+40 48 53.35
19 47 36.252,+40 52 35.69
19 50 44.074,+40 49 21.65
19 56 31.766,+40 49 34.07
19 56 36.312,+40 52 41.30
19 58 55.357,+40 49 34.78
19 11 01.882,+40 54 25.60
19 14 47.583,+40 56 26.56
19 15 03.038,+40 57 38.84
19 17 59.779,+40 54 41.15
19 22 56.510,+40 56 59.82
19 23 09.063,+40 59 36.17
19 28 52.925,+40 58 28.60
19 32 25.555,+40 56 49.85
19 47 24.612,+40 59 26.27
19 49 13.769,+40 54 29.16
19 58 46.495,+40 59 09.71
18 56 06.698,+41 04 50.30
19 05 14.215,+41 02 15.58
19 23 37.243,+41 00 16.99
19 27 48.953,+41 03 33.70
19 29 27.938,+41 04 56.35
19 30 44.201,+41 01 12.36
19 31 47.184,+41 02 11.69
19 32 00.027,+41 02 25.40
19 45 37.344,+41 00 30.42
19 58 59.926,+41 00 32.40
19 15 03.427,+41 06 59.22
19 30 15.276,+41 10 01.52
19 46 42.091,+41 09 53.17
19 48 56.462,+41 08 43.58
19 54 24.360,+41 10 39.79
18 55 48.161,+41 15 40.54
19 13 41.472,+41 13 07.61
19 22 21.262,+41 14 17.92
19 34 09.775,+41 17 52.73
19 50 17.786,+41 12 10.22
19 51 21.247,+41 12 59.65
19 54 59.148,+41 12 39.96
19 56 21.185,+41 15 13.97
18 54 05.616,+41 18 35.21
18 57 23.666,+41 19 09.80
19 02 49.831,+41 23 00.89
19 15 12.487,+41 23 26.45
19 18 39.331,+41 20 24.32
19 21 20.858,+41 20 19.43
19 22 40.238,+41 22 47.96
19 25 52.644,+41 22 35.26
19 27 14.969,+41 18 00.83
19 29 58.044,+41 20 31.38
19 47 10.514,+41 20 06.86
18 49 13.404,+41 24 52.31
19 01 09.710,+41 24 53.89
19 15 10.541,+41 24 44.60
19 21 21.794,+41 24 18.76
19 22 28.961,+41 29 44.16
19 27 53.160,+41 24 12.02
19 29 27.355,+41 27 47.88
19 31 26.590,+41 29 58.34
19 34 10.862,+41 27 53.53
19 37 04.498,+41 25 43.25
19 37 31.591,+41 29 55.57
19 43 45.007,+41 29 45.10
19 48 23.907,+41 24 46.55
19 48 25.452,+41 28 18.62
18 51 40.752,+41 34 26.76
18 58 46.711,+41 33 51.01
19 07 59.832,+41 33 35.03
19 15 14.078,+41 34 20.14
19 17 22.870,+41 35 51.65
19 19 38.673,+41 33 01.33
19 20 31.958,+41 35 19.50
19 31 46.330,+41 34 50.30
19 32 03.773,+41 33 04.64
19 36 46.085,+41 34 44.76
19 51 52.176,+41 30 21.64
19 18 24.533,+41 41 53.66
19 30 14.638,+41 37 24.10
19 34 15.154,+41 37 18.52
19 37 10.049,+41 41 20.98
19 37 58.613,+41 41 30.34
19 56 19.442,+41 41 40.42
19 57 20.227,+41 38 32.60
19 06 40.769,+41 42 35.28
19 06 50.295,+41 45 44.42
19 06 56.921,+41 47 53.34
19 20 49.582,+41 47 42.94
19 24 28.452,+41 45 38.74
19 25 14.551,+41 47 17.23
19 29 57.159,+41 44 37.43
19 31 07.708,+41 45 56.25
19 31 21.149,+41 44 55.50
19 31 29.381,+41 46 49.84
19 32 25.709,+41 45 44.50
19 32 40.341,+41 43 23.27
19 34 52.070,+41 45 20.27
19 51 46.601,+41 42 07.96
19 54 00.552,+41 42 27.65
19 54 26.256,+41 42 07.56
18 53 37.226,+41 49 41.05
18 55 37.229,+41 49 28.16
18 59 16.839,+41 50 09.20
19 07 13.044,+41 53 55.54
19 08 43.238,+41 52 00.34
19 08 57.945,+41 53 52.33
19 19 38.290,+41 51 54.68
19 20 19.857,+41 48 04.10
19 24 34.951,+41 48 36.29
19 25 50.311,+41 48 13.54
19 27 01.092,+41 53 10.82
19 27 36.327,+41 49 39.90
19 29 46.503,+41 48 36.90
19 33 25.289,+41 53 19.79
19 36 20.237,+41 52 40.22
19 47 38.045,+41 51 57.49
19 47 49.327,+41 52 26.98
19 51 58.279,+41 48 45.76
19 52 37.366,+41 48 56.09
19 53 21.862,+41 49 13.19
19 09 43.385,+41 57 08.17
19 18 32.914,+41 54 40.68
19 19 53.079,+41 59 16.84
19 25 46.066,+41 55 41.59
19 26 02.383,+41 58 41.92
19 26 23.565,+41 58 44.69
19 27 28.423,+41 58 22.15
19 32 20.213,+41 56 22.81
19 38 51.091,+41 57 57.13
19 55 23.472,+41 59 46.90
19 19 22.349,+42 05 01.93
19 24 56.016,+42 04 39.11
19 27 33.722,+42 03 02.63
19 42 43.709,+42 04 33.28
19 49 10.848,+42 00 42.05
18 59 11.259,+42 07 14.74
19 14 55.147,+42 08 51.32
19 36 15.422,+42 10 07.10
19 42 36.874,+42 09 15.05
19 44 02.081,+42 06 13.32
19 51 03.686,+42 11 28.25
19 54 29.112,+42 11 01.03
18 56 01.879,+42 13 34.72
19 05 02.832,+42 17 45.06
19 05 59.772,+42 12 24.08
19 09 36.482,+42 16 49.55
19 15 50.263,+42 13 06.46
19 22 52.826,+42 12 56.41
19 31 21.598,+42 14 51.04
19 34 16.651,+42 12 58.82
19 41 30.744,+42 12 11.12
19 52 49.808,+42 12 04.08
18 44 58.053,+42 23 03.44
18 54 41.194,+42 18 19.44
18 57 14.942,+42 19 59.05
19 14 50.906,+42 23 00.20
19 16 37.589,+42 21 00.29
19 25 29.402,+42 22 08.72
19 27 58.423,+42 19 16.28
19 28 47.211,+42 22 38.78
19 30 59.294,+42 22 47.75
19 34 53.486,+42 23 20.00
19 36 02.290,+42 19 30.40
19 52 12.888,+42 19 04.37
19 54 00.005,+42 22 01.63
18 46 45.108,+42 29 55.93
19 07 56.277,+42 26 11.22
19 11 00.506,+42 26 28.28
19 13 49.469,+42 29 31.27
19 15 18.804,+42 26 19.21
19 22 35.024,+42 25 57.03
19 23 02.098,+42 24 59.26
19 23 16.975,+42 27 09.90
19 24 03.660,+42 27 35.50
19 24 50.033,+42 26 55.25
19 30 08.813,+42 25 44.29
19 32 53.210,+42 27 40.57
19 35 08.628,+42 24 40.32
19 35 24.306,+42 27 14.92
18 46 24.420,+42 31 29.17
18 50 55.594,+42 32 50.86
19 08 36.730,+42 32 11.36
19 09 07.167,+42 30 47.38
19 10 12.643,+42 33 03.20
19 10 26.681,+42 33 37.04
19 11 43.354,+42 30 13.03
19 25 00.314,+42 30 27.72
19 31 01.507,+42 31 26.72
19 31 03.583,+42 31 16.43
19 42 48.787,+42 32 18.20
19 46 21.821,+42 34 59.48
19 48 28.781,+42 35 53.59
18 48 14.717,+42 41 44.34
19 03 29.935,+42 36 34.49
19 04 51.230,+42 37 56.96
19 09 58.425,+42 37 18.05
19 11 00.996,+42 41 21.12
19 14 29.090,+42 41 39.91
19 23 39.780,+42 36 05.65
19 29 27.780,+42 39 50.54
19 33 44.647,+42 37 07.61
19 35 06.528,+42 41 52.04
18 42 53.878,+42 47 14.24
18 47 22.980,+42 43 06.60
18 53 04.534,+42 43 02.86
19 29 45.108,+42 45 19.15
19 32 28.298,+42 46 50.66
19 45 19.673,+42 43 10.63
19 47 19.154,+42 43 38.42
19 15 16.889,+42 52 23.48
19 29 53.208,+42 50 16.55
19 44 45.835,+42 51 26.32
19 49 36.062,+42 51 30.46
19 50 56.604,+42 49 13.98
18 54 16.955,+42 59 00.38
19 05 07.584,+42 56 23.64
19 11 13.546,+42 56 07.98
19 12 25.380,+42 58 43.64
19 12 29.573,+42 58 02.32
19 14 47.983,+42 56 22.49
19 33 31.245,+42 54 50.65
19 34 02.222,+42 58 39.11
19 35 44.851,+42 57 41.62
19 40 14.602,+42 56 54.13
19 43 25.137,+42 58 40.58
19 45 53.395,+42 57 50.69
19 48 22.539,+42 56 11.90
19 52 43.632,+42 57 50.62
19 01 34.874,+43 00 15.34
19 04 07.363,+43 01 11.89
19 04 47.050,+43 05 31.81
19 09 34.942,+43 04 31.15
19 10 12.878,+43 05 07.84
19 13 23.748,+43 04 04.01
19 27 14.580,+43 01 09.19
19 43 40.044,+43 02 17.38
19 04 53.772,+43 07 44.08
19 06 32.314,+43 09 04.36
19 11 13.733,+43 11 19.61
19 11 36.686,+43 08 31.34
19 11 46.567,+43 11 28.07
19 15 18.118,+43 09 39.82
19 30 29.765,+43 10 00.77
19 32 19.205,+43 10 31.84
19 32 50.258,+43 06 36.61
19 33 00.094,+43 08 40.74
19 39 43.862,+43 08 44.66
19 40 15.312,+43 07 33.56
19 40 17.734,+43 07 43.43
19 42 18.363,+43 11 25.17
19 44 28.990,+43 10 00.80
19 47 32.880,+43 07 47.42
19 48 43.510,+43 07 34.86
19 48 44.767,+43 10 32.09
19 49 32.362,+43 07 39.54
19 51 14.400,+43 08 36.92
19 51 17.122,+43 11 43.40
18 47 35.575,+43 15 01.15
19 08 53.275,+43 14 32.50
19 24 02.237,+43 14 57.84
19 30 01.426,+43 17 59.93
19 33 27.403,+43 16 28.56
19 44 12.271,+43 14 31.92
19 48 00.972,+43 17 16.33
19 49 54.137,+43 12 19.76
19 01 26.079,+43 18 04.75
19 04 46.178,+43 18 57.78
19 09 03.864,+43 22 40.40
19 25 24.797,+43 23 41.86
19 32 38.256,+43 19 31.08
19 40 31.675,+43 20 50.89
19 42 09.290,+43 23 37.43
19 46 20.830,+43 22 35.98
18 43 33.137,+43 24 06.12
18 46 46.697,+43 27 24.08
19 09 00.166,+43 28 40.62
19 13 06.300,+43 28 19.27
19 13 07.582,+43 24 57.85
19 19 39.756,+43 28 35.65
19 24 32.397,+43 29 46.75
19 43 44.433,+43 28 41.56
19 44 26.592,+43 27 06.30
19 45 48.175,+43 26 46.79
19 46 55.965,+43 25 22.44
19 47 14.280,+43 27 03.06
19 48 33.110,+43 27 04.25
19 50 06.537,+43 29 05.86
19 51 08.366,+43 25 57.94
19 51 13.762,+43 27 43.02
18 44 26.818,+43 32 42.14
18 49 28.298,+43 32 14.57
18 49 53.959,+43 30 42.16
18 50 21.144,+43 31 52.93
18 51 07.889,+43 33 58.03
18 53 00.259,+43 35 04.24
18 59 09.473,+43 33 49.50
19 08 56.655,+43 31 04.22
19 09 33.192,+43 33 20.63
19 18 46.498,+43 35 40.67
19 38 59.613,+43 33 52.60
19 48 57.768,+43 33 46.19
19 51 35.698,+43 31 10.06
19 51 36.233,+43 32 21.52
19 56 52.279,+43 30 14.83
18 41 39.434,+43 37 11.86
18 42 41.026,+43 38 46.18
18 47 16.260,+43 41 20.22
19 08 01.865,+43 40 39.86
19 08 28.740,+43 37 37.52
19 12 33.938,+43 41 08.88
19 13 05.042,+43 36 34.09
19 37 40.274,+43 41 04.60
19 42 08.856,+43 39 49.61
19 50 50.679,+43 40 22.80
19 58 36.146,+43 41 46.64
18 50 40.980,+43 45 17.86
19 09 08.527,+43 44 28.36
19 10 23.105,+43 45 48.46
19 11 49.399,+43 44 32.60
19 12 14.726,+43 44 44.95
19 22 05.347,+43 46 07.28
19 48 20.873,+43 45 25.60
19 54 45.302,+43 44 48.62
18 39 43.783,+43 49 28.88
18 50 22.510,+43 48 13.21
18 52 50.431,+43 49 42.28
19 00 51.422,+43 51 10.87
19 11 32.467,+43 48 53.68
19 13 43.757,+43 51 07.09
19 19 32.009,+43 51 24.08
19 20 09.019,+43 52 34.07
19 22 54.660,+43 49 05.70
19 23 39.631,+43 51 58.54
19 41 26.858,+43 52 59.74
19 54 52.128,+43 51 27.86
18 47 49.097,+43 58 50.20
19 06 50.376,+43 56 29.65
19 28 03.518,+43 58 41.84
19 38 08.278,+43 56 11.90
19 38 16.502,+43 54 01.48
19 38 23.239,+43 55 50.38
19 43 46.610,+43 55 09.62
20 01 52.668,+43 54 38.63
18 44 16.970,+44 04 07.03
18 47 01.363,+44 03 09.68
19 20 28.022,+44 03 50.11
19 21 22.018,+44 00 39.71
19 38 32.925,+44 05 56.33
19 41 59.942,+44 02 46.82
19 44 18.888,+44 01 25.28
19 57 32.102,+44 03 16.85
19 28 01.118,+44 07 20.50
19 31 25.262,+44 09 42.62
19 40 56.150,+44 06 49.18
19 53 38.606,+44 07 36.73
19 55 28.690,+44 08 11.08
20 02 31.455,+44 11 02.47
20 04 51.996,+44 11 46.36
18 52 15.881,+44 13 33.02
19 17 21.538,+44 12 47.45
19 19 20.225,+44 17 38.44
19 19 44.522,+44 17 33.18
19 22 00.158,+44 12 34.81
19 22 29.222,+44 14 10.64
19 27 44.179,+44 13 52.61
19 45 08.107,+44 15 43.09
19 56 51.946,+44 13 24.13
20 02 31.025,+44 12 28.08
18 49 42.802,+44 19 58.76
18 56 55.073,+44 22 32.16
19 00 37.077,+44 22 08.08
19 04 16.978,+44 20 52.55
19 38 43.039,+44 19 26.47
19 43 21.367,+44 19 56.53
20 00 24.223,+44 23 55.82
20 04 10.586,+44 18 48.28
20 04 50.150,+44 21 57.64
20 05 34.289,+44 20 09.78
20 05 36.588,+44 23 39.05
20 05 54.182,+44 19 11.14
20 06 01.886,+44 22 09.16
18 49 05.657,+44 24 13.75
18 59 59.136,+44 29 55.79
19 17 48.881,+44 25 25.82
19 18 23.530,+44 28 56.33
19 25 05.388,+44 29 01.86
19 29 27.883,+44 26 09.71
19 49 05.035,+44 25 58.84
19 56 37.154,+44 25 54.73
19 56 37.850,+44 25 18.23
19 57 58.234,+44 27 43.06
20 02 50.114,+44 29 48.77
20 04 42.754,+44 26 10.14
20 04 48.687,+44 24 34.81
18 56 55.226,+44 33 08.32
19 02 35.606,+44 31 36.23
19 03 50.282,+44 30 39.46
19 15 47.354,+44 30 35.64
19 18 59.494,+44 33 43.74
19 42 43.788,+44 33 27.68
19 53 40.906,+44 33 22.07
19 53 42.720,+44 35 42.65
19 55 03.778,+44 32 26.59
19 55 30.180,+44 33 05.90
19 56 19.668,+44 33 20.45
19 56 36.269,+44 35 48.95
19 57 32.472,+44 33 47.56
19 57 33.041,+44 30 26.96
19 59 49.769,+44 33 22.39
20 00 11.686,+44 35 48.01
20 01 16.320,+44 32 06.40
18 46 49.488,+44 38 04.62
18 58 32.390,+44 40 36.26
19 03 59.606,+44 38 20.78
19 04 36.161,+44 41 29.94
19 04 48.161,+44 38 51.79
19 05 12.264,+44 37 48.18
19 16 55.769,+44 41 58.02
19 28 33.456,+44 40 21.86
19 34 15.110,+44 40 00.19
19 42 30.019,+44 39 07.49
19 58 22.702,+44 36 30.02
18 54 07.349,+44 45 42.66
19 01 15.576,+44 43 34.25
19 03 53.590,+44 44 10.82
19 04 57.720,+44 47 47.18
19 18 15.319,+44 42 24.80
19 26 29.498,+44 42 37.44
19 37 00.686,+44 43 08.98
19 51 39.168,+44 44 02.54
19 53 46.918,+44 43 17.44
19 54 33.314,+44 47 25.62
19 55 51.830,+44 47 42.86
19 56 21.732,+44 42 10.76
20 00 15.578,+44 44 58.49
20 02 05.889,+44 46 27.01
20 03 42.638,+44 47 00.20
20 03 58.541,+44 42 13.90
20 06 04.055,+44 47 03.49
18 53 40.250,+44 49 15.71
19 00 08.532,+44 48 37.04
19 00 38.369,+44 53 19.36
19 01 09.070,+44 53 27.85
19 17 32.083,+44 49 33.35
19 21 23.138,+44 49 03.04
19 22 19.310,+44 52 49.10
19 32 56.100,+44 53 52.22
19 33 01.786,+44 52 56.24
19 55 59.894,+44 53 03.73
19 56 21.372,+44 52 53.87
19 56 55.877,+44 50 16.94
19 59 25.332,+44 52 31.40
20 00 00.233,+44 49 42.60
20 00 41.717,+44 51 26.14
20 02 01.975,+44 53 54.02
20 04 00.941,+44 53 08.12
18 53 51.003,+44 59 03.05
18 58 37.262,+44 55 15.24
18 58 41.198,+44 57 51.12
19 08 31.023,+44 57 50.08
19 08 58.140,+44 58 51.71
19 21 37.901,+44 57 50.18
19 24 28.839,+44 59 03.41
19 39 07.095,+44 59 24.58
19 40 12.730,+44 59 38.90
19 46 09.197,+44 59 09.82
19 51 31.198,+44 57 20.66
19 53 44.659,+44 54 52.81
19 53 46.188,+44 54 39.28
19 57 27.698,+44 55 38.78
19 57 51.663,+44 55 52.50
20 00 17.035,+44 54 19.01
20 03 58.065,+44 59 47.04
18 53 18.453,+45 04 44.90
18 59 11.263,+45 05 56.72
18 59 48.173,+45 00 32.08
19 16 44.815,+45 02 14.71
19 17 01.123,+45 03 18.76
19 27 40.829,+45 03 48.35
19 46 33.108,+45 00 47.27
19 56 19.190,+45 03 02.88
19 58 37.771,+45 03 04.57
20 03 43.588,+45 05 29.64
18 56 28.834,+45 06 30.31
18 57 12.999,+45 11 59.35
19 19 23.894,+45 10 04.55
19 24 15.365,+45 10 19.31
19 32 50.031,+45 11 18.98
19 35 32.950,+45 11 22.34
19 36 39.777,+45 10 10.56
19 37 09.754,+45 06 26.71
19 40 09.218,+45 08 41.06
19 40 52.598,+45 10 44.80
19 46 27.458,+45 06 16.24
19 50 55.985,+45 10 44.54
19 54 56.942,+45 06 27.65
20 00 33.847,+45 06 48.67
20 00 43.743,+45 10 27.34
20 00 59.537,+45 06 33.52
20 00 59.649,+45 07 43.50
20 01 10.150,+45 09 04.54
20 03 12.129,+45 09 53.89
18 58 18.106,+45 12 40.43
19 17 41.277,+45 14 01.90
19 34 53.037,+45 17 53.56
19 56 11.602,+45 13 24.06
19 56 38.613,+45 13 49.98
19 00 22.356,+45 20 02.15
19 02 26.323,+45 21 16.31
19 22 32.916,+45 22 51.92
19 32 30.682,+45 21 49.32
19 33 31.185,+45 18 49.86
19 35 11.638,+45 23 44.20
19 41 50.561,+45 22 56.35
19 43 11.294,+45 22 23.48
19 43 52.536,+45 22 28.16
19 53 39.754,+45 18 41.69
19 57 58.306,+45 20 33.29
19 35 17.055,+45 27 09.83
19 39 24.011,+45 27 34.69
19 51 29.671,+45 27 57.38
20 01 13.426,+45 27 36.79
20 02 03.418,+45 24 21.78
20 02 31.790,+45 29 37.93
20 02 43.462,+45 25 11.96
20 03 33.679,+45 24 12.35
18 51 48.686,+45 35 35.84
19 14 11.602,+45 34 59.12
19 25 10.632,+45 33 09.68
19 44 33.977,+45 35 59.93
19 55 57.401,+45 31 38.46
19 56 56.979,+45 34 51.67
19 57 20.556,+45 31 16.00
19 57 25.404,+45 33 05.51
19 57 45.408,+45 33 35.24
19 58 12.806,+45 31 19.38
19 58 35.976,+45 35 33.94
20 02 54.096,+45 35 45.99
18 52 54.444,+45 41 51.79
18 55 10.039,+45 41 32.75
19 02 20.827,+45 36 52.20
19 22 12.773,+45 40 27.88
19 37 28.495,+45 37 07.02
19 56 49.599,+45 38 43.69
19 57 11.782,+45 41 46.46
19 58 35.126,+45 41 40.06
20 00 08.518,+45 41 29.98
20 00 30.319,+45 38 00.78
20 00 58.433,+45 39 19.12
20 01 57.446,+45 37 15.56
19 03 29.887,+45 47 50.21
19 10 22.454,+45 43 18.66
19 43 44.412,+45 46 50.05
19 53 49.649,+45 45 30.60
19 58 33.871,+45 44 16.40
19 58 43.848,+45 42 40.79
18 54 08.345,+45 50 02.94
18 56 24.209,+45 50 50.64
19 01 24.192,+45 49 47.86
19 10 29.095,+45 51 53.21
19 14 57.057,+45 48 04.72
19 22 26.112,+45 50 49.85
19 24 12.650,+45 50 06.47
19 31 25.217,+45 52 17.80
19 41 26.545,+45 48 43.71
19 41 26.866,+45 53 53.12
19 44 05.273,+45 53 58.06
19 44 22.790,+45 53 51.94
19 56 51.461,+45 53 12.37
18 55 05.933,+45 54 38.99
18 57 46.692,+45 54 53.53
19 02 28.369,+45 57 41.43
19 13 00.041,+45 59 28.72
19 34 37.478,+45 55 09.77
19 49 26.871,+45 57 48.78
19 56 25.795,+45 55 40.15
19 58 13.944,+45 57 50.51
20 01 59.085,+45 56 56.54
19 00 11.995,+46 05 05.82
19 02 51.874,+46 02 37.28
19 30 29.794,+46 02 43.22
19 58 57.720,+46 05 11.58
18 49 28.615,+46 06 23.15
19 08 30.998,+46 08 07.08
19 36 47.215,+46 09 49.03
19 37 26.465,+46 10 07.36
19 51 05.246,+46 06 45.76
19 51 19.193,+46 11 13.78
18 48 28.231,+46 13 06.13
18 58 27.305,+46 16 49.94
18 59 09.840,+46 17 05.82
18 59 41.914,+46 17 20.54
19 01 34.070,+46 14 34.94
19 02 46.450,+46 14 48.19
19 49 10.524,+46 12 49.10
19 59 35.174,+46 15 10.33
20 01 09.305,+46 16 07.28
19 08 26.945,+46 22 50.74
19 14 54.989,+46 18 14.98
19 15 05.685,+46 21 59.72
19 18 04.810,+46 21 59.76
19 29 16.728,+46 20 43.12
19 29 28.644,+46 19 11.57
19 30 35.100,+46 19 13.26
19 48 57.115,+46 21 12.02
19 53 59.561,+46 18 21.10
18 50 53.991,+46 26 58.99
19 00 38.794,+46 25 45.23
19 02 23.117,+46 25 15.42
19 19 08.181,+46 26 56.98
19 27 25.341,+46 24 12.10
19 27 42.945,+46 24 58.07
19 32 37.327,+46 27 20.12
19 47 57.941,+46 25 15.53
19 50 36.290,+46 25 10.09
19 52 57.634,+46 28 54.41
18 50 13.042,+46 30 32.58
18 54 00.007,+46 32 03.70
19 34 59.811,+46 33 55.04
19 35 15.890,+46 33 54.83
19 36 17.705,+46 32 06.83
19 40 37.776,+46 30 19.51
19 48 29.215,+46 32 31.31
19 54 43.769,+46 34 49.91
18 46 20.892,+46 38 06.36
19 09 46.020,+46 41 07.22
19 13 56.637,+46 41 40.13
19 15 17.616,+46 36 52.67
19 21 07.154,+46 36 54.54
19 21 42.898,+46 37 21.40
19 30 21.023,+46 36 32.19
19 38 06.732,+46 36 30.67
19 38 07.508,+46 38 42.65
19 39 43.618,+46 40 46.52
19 57 25.687,+46 38 43.62
18 55 29.556,+46 44 33.94
19 08 01.615,+46 46 02.78
19 08 14.100,+46 47 43.51
19 15 26.246,+46 44 04.88
19 31 44.849,+46 42 30.64
19 32 49.387,+46 46 02.89
19 46 22.879,+46 43 23.56
19 49 02.544,+46 45 44.39
19 58 20.772,+46 45 55.94
18 54 59.325,+46 48 52.42
19 12 08.179,+46 51 09.11
19 14 30.998,+46 53 01.90
19 14 40.017,+46 48 40.10
19 19 15.607,+46 52 20.89
19 47 07.517,+46 53 00.46
19 48 23.760,+46 50 07.40
19 49 16.284,+46 51 12.56
19 53 04.843,+46 51 49.10
19 58 38.513,+46 49 43.07
20 00 12.423,+46 51 14.18
18 44 24.139,+46 54 32.58
18 52 45.890,+46 56 02.69
18 57 06.811,+46 59 29.62
19 07 21.554,+46 57 11.59
19 08 47.109,+46 55 34.03
19 38 03.650,+46 54 02.45
19 38 48.588,+46 58 33.38
19 45 34.233,+46 58 03.65
19 48 52.307,+46 54 39.89
19 50 18.917,+46 54 44.06
19 51 02.307,+46 59 32.75
19 59 25.858,+46 55 25.18
19 04 27.833,+47 01 48.43
19 16 08.767,+47 01 11.50
19 33 29.434,+47 03 28.37
19 40 22.118,+47 05 36.92
19 45 38.498,+47 03 34.96
19 54 28.531,+47 01 43.61
18 47 10.186,+47 10 05.48
18 51 33.168,+47 10 43.54
19 13 02.724,+47 08 10.82
19 20 50.731,+47 06 35.93
19 35 52.542,+47 08 25.86
19 46 32.491,+47 11 15.94
18 44 26.095,+47 13 25.64
19 09 35.441,+47 16 55.13
19 44 03.386,+47 15 02.70
19 44 23.489,+47 14 27.64
19 44 47.306,+47 17 05.89
19 50 01.469,+47 12 04.14
19 55 25.032,+47 12 52.06
19 56 15.249,+47 13 35.18
19 58 24.077,+47 13 49.04
18 42 08.205,+47 22 09.08
19 30 05.515,+47 22 41.70
19 36 26.369,+47 21 11.52
19 44 23.287,+47 19 50.34
19 44 34.349,+47 19 07.18
19 50 57.600,+47 18 54.54
18 43 33.722,+47 28 49.73
18 53 53.585,+47 27 07.13
18 54 02.400,+47 28 27.41
18 58 02.383,+47 25 10.85
19 07 50.621,+47 29 47.72
19 10 29.275,+47 28 51.38
19 10 45.799,+47 27 33.80
19 13 54.225,+47 26 50.06
19 15 14.153,+47 29 02.36
19 23 28.368,+47 27 44.24
19 24 21.144,+47 25 11.06
19 24 52.159,+47 25 48.76
19 26 31.550,+47 24 29.23
19 37 08.911,+47 24 16.42
19 54 40.728,+47 26 20.65
18 40 09.562,+47 35 16.51
19 02 02.314,+47 35 54.92
19 16 06.387,+47 31 51.20
19 27 47.880,+47 34 05.92
19 28 33.506,+47 31 18.52
19 44 26.750,+47 34 49.66
19 47 59.950,+47 33 37.80
19 50 57.490,+47 34 33.60
19 52 51.855,+47 32 42.11
19 55 15.797,+47 30 49.93
19 56 10.483,+47 35 50.71
19 57 28.459,+47 31 23.92
18 45 53.842,+47 40 26.18
18 51 54.778,+47 37 47.75
18 58 09.084,+47 41 30.16
19 09 01.625,+47 41 26.38
19 17 23.460,+47 40 25.79
19 24 11.052,+47 40 24.42
19 24 41.417,+47 38 26.48
19 27 23.950,+47 41 49.49
18 53 53.736,+47 43 50.02
18 54 13.673,+47 45 49.03
19 29 28.810,+47 43 11.96
19 44 02.206,+47 46 56.24
19 47 16.934,+47 46 46.78
19 53 35.419,+47 43 58.44
19 54 50.249,+47 45 10.12
18 49 36.398,+47 49 07.28
19 00 42.526,+47 51 21.53
19 03 37.047,+47 50 11.76
19 17 25.094,+47 53 25.04
19 27 58.565,+47 48 43.34
19 34 36.463,+47 50 14.03
19 34 53.551,+47 51 12.74
19 47 08.371,+47 48 43.99
19 48 14.145,+47 48 32.29
19 48 58.925,+47 51 56.56
19 52 08.921,+47 48 52.60
19 54 50.215,+47 50 24.07
18 43 15.211,+47 59 38.40
19 17 07.181,+47 58 44.94
19 26 28.493,+47 58 11.68
19 26 36.262,+47 54 20.02
19 43 05.016,+47 57 32.62
19 45 06.898,+47 59 18.89
19 45 27.914,+47 56 46.43
19 47 13.541,+47 57 36.43
19 48 38.830,+47 55 36.37
19 49 01.466,+47 54 50.69
19 51 21.262,+47 56 34.26
18 46 50.815,+48 01 23.23
19 03 13.255,+48 05 50.32
19 23 11.196,+48 03 34.88
19 27 09.331,+48 01 14.84
19 28 23.189,+48 04 50.99
19 35 57.915,+48 03 37.37
19 36 34.766,+48 00 51.66
19 46 20.657,+48 01 07.10
19 47 32.556,+48 03 43.09
18 49 40.423,+48 07 13.94
18 59 38.861,+48 08 52.22
19 05 58.894,+48 10 07.00
19 28 03.346,+48 10 20.42
19 29 53.213,+48 11 55.57
19 34 46.610,+48 09 48.49
19 46 26.158,+48 08 59.03
18 55 20.438,+48 15 12.56
19 04 25.918,+48 13 57.58
19 07 21.809,+48 17 21.12
19 14 09.129,+48 13 43.90
19 28 39.569,+48 16 27.62
19 26 03.250,+48 21 46.51
19 28 05.830,+48 18 44.10
19 28 12.033,+48 23 42.14
19 28 44.702,+48 23 27.78
19 31 15.531,+48 18 52.70
19 36 17.438,+48 18 09.22
18 46 28.717,+48 28 40.02
19 00 57.439,+48 24 41.54
19 14 39.468,+48 24 44.93
19 15 10.138,+48 28 16.25
19 19 27.926,+48 25 49.51
19 20 41.698,+48 29 28.54
19 28 31.022,+48 28 29.06
19 28 49.149,+48 25 04.37
19 35 53.157,+48 24 32.18
18 48 00.077,+48 32 31.99
18 49 05.369,+48 35 57.26
18 52 45.739,+48 33 20.66
19 04 47.820,+48 32 35.95
19 20 53.330,+48 31 01.52
19 25 06.845,+48 32 58.96
19 30 29.076,+48 35 54.78
19 31 01.663,+48 31 50.92
19 32 48.735,+48 34 23.27
19 35 38.340,+48 33 43.49
19 42 42.202,+48 30 08.32
19 53 50.155,+48 32 57.62
19 08 47.583,+48 38 36.74
19 11 06.768,+48 40 48.61
19 21 08.169,+48 36 29.52
18 51 34.966,+48 43 41.30
19 05 44.796,+48 42 23.22
19 20 38.412,+48 47 07.33
19 22 18.142,+48 47 09.17
19 39 31.092,+48 42 07.24
19 52 38.777,+48 47 32.06
19 04 04.608,+48 52 00.26
19 04 05.110,+48 51 11.27
19 12 25.788,+48 50 21.16
19 18 56.549,+48 51 00.72
19 24 29.633,+48 49 56.89
19 27 19.800,+48 48 55.94
19 38 54.343,+48 49 54.44
19 41 48.228,+48 49 42.17
19 42 12.115,+48 49 03.18
19 45 22.238,+48 53 50.17
19 05 24.785,+48 59 37.25
19 11 14.921,+48 56 34.76
19 27 24.242,+48 55 39.76
19 28 37.834,+48 59 27.10
19 42 38.995,+48 55 12.25
19 48 01.282,+48 59 43.51
19 48 07.133,+48 59 29.15
18 56 40.987,+49 03 43.09
19 04 12.353,+49 04 15.82
19 04 18.566,+49 03 42.88
19 27 04.649,+49 04 30.60
19 27 17.690,+49 00 08.39
19 29 02.201,+49 01 20.03
19 43 40.267,+49 03 33.98
19 00 04.428,+49 10 19.70
19 47 39.115,+49 10 06.38
19 48 34.757,+49 09 47.12
19 07 13.661,+49 12 04.18
19 07 18.242,+49 16 52.61
19 27 32.810,+49 15 23.55
19 32 39.139,+49 17 42.68
19 37 22.289,+49 14 48.66
19 39 11.333,+49 12 50.04
19 41 54.701,+49 15 02.27
19 50 58.087,+49 14 39.70
19 51 02.409,+49 16 44.58
18 58 00.271,+49 21 12.64
18 58 43.486,+49 23 26.70
19 02 55.687,+49 20 06.68
19 05 40.625,+49 18 20.81
19 25 06.029,+49 20 25.91
19 29 35.004,+49 18 23.65
19 49 44.753,+49 23 52.40
19 50 54.787,+49 19 49.37
19 06 48.686,+49 26 33.47
19 25 21.550,+49 26 58.31
19 29 38.306,+49 29 48.44
19 41 49.049,+49 24 09.14
19 42 57.408,+49 29 30.08
19 04 55.798,+49 31 33.60
19 26 15.756,+49 35 34.01
19 26 29.638,+49 30 56.16
19 39 33.843,+49 31 57.76
19 41 22.620,+49 30 13.36
19 49 27.461,+49 31 35.80
19 50 16.356,+49 30 15.05
19 51 05.249,+49 33 21.28
19 51 55.709,+49 35 57.77
18 58 19.805,+49 41 04.52
19 14 16.570,+49 41 15.43
19 35 50.466,+49 37 09.52
19 40 33.739,+49 39 22.18
19 44 48.161,+49 37 31.15
19 02 12.801,+49 46 05.59
19 04 50.542,+49 43 21.54
19 15 33.660,+49 42 27.00
19 17 02.086,+49 42 53.68
19 19 39.552,+49 42 34.27
19 28 37.951,+49 42 49.25
19 41 32.676,+49 44 19.97
19 42 56.621,+49 43 51.24
19 44 08.887,+49 42 26.68
19 44 27.802,+49 44 50.24
19 45 48.809,+49 47 11.58
19 03 07.607,+49 53 42.61
19 08 20.198,+49 50 50.96
19 09 38.402,+49 49 47.21
19 21 49.522,+49 52 46.34
19 37 38.830,+49 52 08.69
19 38 28.416,+49 53 06.18
19 47 25.234,+49 52 27.37
19 02 59.683,+49 58 11.96
19 08 18.993,+49 55 45.88
19 13 45.022,+49 57 47.77
19 35 45.818,+49 55 49.22
19 39 13.620,+49 57 45.86
19 45 59.494,+49 55 00.30
19 46 29.784,+49 57 22.07
19 47 35.827,+49 54 58.74
19 05 50.938,+50 04 04.55
19 48 07.305,+50 03 20.59
19 19 08.721,+50 07 05.92
19 22 10.065,+50 06 11.38
19 23 56.856,+50 08 17.05
19 24 36.831,+50 11 02.29
19 46 41.282,+50 09 00.40
19 15 25.007,+50 16 46.64
19 16 11.762,+50 12 04.43
19 17 46.550,+50 16 17.36
19 18 15.430,+50 16 13.98
19 18 32.707,+50 17 47.58
19 18 33.782,+50 17 00.64
19 44 56.522,+50 17 16.73
19 45 08.830,+50 17 18.92
19 05 38.033,+50 22 53.51
19 44 27.181,+50 23 43.58
19 45 37.649,+50 23 30.66
19 46 57.566,+50 21 25.85
19 02 17.758,+50 25 03.72
19 35 12.223,+50 25 05.45
19 35 33.389,+50 27 51.34
19 04 19.632,+50 33 21.67
19 11 46.608,+50 32 42.86
19 16 29.892,+50 34 36.70
19 35 23.508,+50 31 37.99
19 42 28.123,+50 34 37.45
19 42 33.473,+50 33 00.04
19 14 24.532,+50 37 18.42
19 18 16.013,+50 36 09.11
19 21 35.349,+50 39 21.28
19 23 08.117,+50 37 31.15
19 41 51.787,+50 41 49.49
19 04 34.212,+50 43 13.73
19 18 31.442,+50 47 10.14
19 22 37.682,+50 44 54.13
19 42 16.858,+50 46 29.39
19 43 04.411,+50 47 30.19
19 43 32.251,+50 43 39.00
19 44 07.310,+50 43 47.78
19 09 37.207,+50 52 51.10
19 22 03.072,+50 52 29.68
19 25 57.897,+50 54 23.44
19 39 45.579,+50 57 13.43
19 45 57.766,+50 54 21.10
19 21 08.370,+51 02 00.89
19 44 22.380,+51 04 56.64
19 43 49.224,+51 10 45.44
19 18 21.737,+51 15 55.22
19 23 24.996,+51 15 10.80
19 24 38.134,+51 15 53.64
19 43 59.426,+51 14 27.20
19 45 11.254,+51 14 18.31
19 14 37.359,+51 26 58.02
19 21 54.857,+51 26 11.04
19 15 07.430,+51 41 34.44
19 21 56.328,+51 43 42.78
19 22 49.236,+51 54 34.42
19 22 10.834,+52 03 29.45

